date,region_id,type_id,average,lowest,highest,volume,order_count
2017-11-26,10000001,20,180,180,180,155699,17
2017-11-26,10000001,34,4.25,4.25,5,23678488,59
2017-11-26,10000001,35,5.1,5.1,5.1,32623392,24
2017-11-26,10000001,36,53.02,53.02,53.02,40903,24
2017-11-26,10000001,37,39,39,39,678898,13
2017-11-26,10000001,38,300.05,300.05,300.05,3997,18
2017-11-26,10000001,39,1595.85,1595.85,1595.85,74759,8
2017-11-26,10000001,40,1992,1992,1992,20697,14
2017-11-26,10000001,44,13000,13000,13000,5000,1
2017-11-26,10000001,184,0.01,0.01,0.01,200,2
2017-11-26,10000001,185,21.45,21.45,21.45,1000,1
2017-11-26,10000001,193,51,51,51,12000,1
2017-11-26,10000001,199,3.01,3.01,3.01,200,1
2017-11-26,10000001,203,0.02,0.02,0.02,1,1
2017-11-26,10000001,205,190,190,190,9603,2
2017-11-26,10000001,206,3.42,3.42,3.42,43,1
2017-11-26,10000001,207,55,55,55,600,1
2017-11-26,10000001,210,8.5,8.5,8.5,3900,4
2017-11-26,10000001,211,10.1,10.1,10.1,5700,3
2017-11-26,10000001,212,16,16,16,6600,4
2017-11-26,10000001,213,0.01,0.01,0.01,800,2
2017-11-26,10000001,216,410,410,410,129,2
2017-11-26,10000001,221,2.13,2.13,2.13,100,1
2017-11-26,10000001,222,20,20,34,9713,6
2017-11-26,10000001,230,64.11,64.11,64.11,3100,2
2017-11-26,10000001,239,10,10,10,3,2
2017-11-26,10000001,240,100.91,100.91,100.91,2,2
2017-11-26,10000001,241,263.19,1.29,787,9,2
2017-11-26,10000001,242,1.94,1.94,1.94,3,3
2017-11-26,10000001,243,1.14,1.14,1.14,3,3
2017-11-26,10000001,244,1.02,1.02,1.02,3,3
2017-11-26,10000001,245,1.62,1.62,1.62,3,2
2017-11-26,10000001,246,0.34,0.34,0.34,3,3
2017-11-26,10000001,266,0.03,0.03,0.03,900,2
2017-11-26,10000001,377,16000,16000,16000,4,1
2017-11-26,10000001,380,900000,900000,900000,1,1
2017-11-26,10000001,400,520000,520000,520000,1,1
2017-11-26,10000001,434,126667.72,126667.72,126667.72,1,1
2017-11-26,10000001,438,3999999,3999999,3999999,6,1
2017-11-26,10000001,439,45000,45000,45000,1,1
2017-11-26,10000001,440,3086620.39,323240.77,5850000.01,2,2
2017-11-26,10000001,444,25000,25000,25000,1,1
2017-11-26,10000001,447,150000,150000,150000,1,1
2017-11-26,10000001,448,2109333.33,2100000,2114000,3,2
2017-11-26,10000001,482,2348880.29,1922200.72,2450000.02,5,3
2017-11-26,10000001,533,44000,44000,44000,25,1
2017-11-26,10000001,578,207999.63,199999,210000,8,4
2017-11-26,10000001,582,250000,250000,250000,1,1
2017-11-26,10000001,586,800000,800000,800000,2,2
2017-11-26,10000001,587,484107.14,468214.28,500000,2,2
2017-11-26,10000001,588,50000,50000,50000,1,1
2017-11-26,10000001,602,300000,300000,300000,1,1
2017-11-26,10000001,603,355000,355000,355000,2,2
2017-11-26,10000001,607,319500.01,150000.02,489000,2,2
2017-11-26,10000001,608,462000,249000,675000,2,2
2017-11-26,10000001,609,300000,300000,300000,1,1
2017-11-26,10000001,621,9500000,9500000,9500000,1,1
2017-11-26,10000001,622,9000000,9000000,9000000,1,1
2017-11-26,10000001,623,8000.01,8000.01,8000.01,1,1
2017-11-26,10000001,626,7217200.08,2050000.59,11995999,5,5
2017-11-26,10000001,627,9292999.5,7000000,11585999,2,2
2017-11-26,10000001,628,8750000,5000000,12500000,2,2
2017-11-26,10000001,629,8000000,7000000,9000000,2,2
2017-11-26,10000001,648,1100,1100,1100,3,3
2017-11-26,10000001,649,2370000,2000000,2740000,2,2
2017-11-26,10000001,650,1980089.5,1800000,2160179,2,2
2017-11-26,10000001,652,2125000,1950000,2300000,2,2
2017-11-26,10000001,654,1000,1000,1000,1,1
2017-11-26,10000001,655,1950000,1950000,1950000,1,1
2017-11-26,10000001,656,1224999,949998.99,1499999,2,2
2017-11-26,10000001,657,1450299.8,1500,1875000,5,5
2017-11-26,10000001,672,17663.38,100,20000,14,10
2017-11-26,10000001,1224,38,38,38,16754,2
2017-11-26,10000001,1227,125,125,125,30000,3
2017-11-26,10000001,1228,1.04,1.04,1.04,131779,5
2017-11-26,10000001,1230,10.5,5,13,1209829,9
2017-11-26,10000001,1236,1027333.33,1000000,1041000,3,2
2017-11-26,10000001,1266,800000,800000,800000,2,2
2017-11-26,10000001,1286,500000,500000,500000,1,1
2017-11-26,10000001,1306,600000,600000,600000,2,2
2017-11-26,10000001,1317,8999.99,8999.99,8999.99,4,1
2017-11-26,10000001,1318,1250000,1250000,1250000,1,1
2017-11-26,10000001,1319,1157437.5,874000,1171000,24,10
2017-11-26,10000001,1335,580000,580000,580000,1,1
2017-11-26,10000001,1403,50000,50000,50000,4,1
2017-11-26,10000001,1405,1022231.38,1000420,1070000,34,11
2017-11-26,10000001,1422,1490500,1469999.99,1511000,2,2
2017-11-26,10000001,1541,1610000,1610000,1610000,1,1
2017-11-26,10000001,1952,710009,220018,1200000,2,2
2017-11-26,10000001,1998,100000,100000,100000,1,1
2017-11-26,10000001,2038,1852000,1852000,1852000,1,1
2017-11-26,10000001,2046,11657.5,11000,14945,12,3
2017-11-26,10000001,2048,725348.18,573000,750000,23,8
2017-11-26,10000001,2073,1,1,1,1253861,3
2017-11-26,10000001,2161,337500,285000,390000,2,2
2017-11-26,10000001,2173,28546.88,500,50000,32,5
2017-11-26,10000001,2175,1300000,1300000,1300000,1,1
2017-11-26,10000001,2183,33981.16,21999,44500,9,4
2017-11-26,10000001,2185,1144603.98,1114053.34,1149000.09,17,4
2017-11-26,10000001,2203,8902.85,810,15000,75,17
2017-11-26,10000001,2205,645000,645000,645000,5,1
2017-11-26,10000001,2254,225000,150000,299999.99,2,2
2017-11-26,10000001,2267,1,1,1,413432,2
2017-11-26,10000001,2268,1,1,1,1532246,3
2017-11-26,10000001,2272,1,1,1,55277532,7
2017-11-26,10000001,2281,2510299.8,331000,4200000,10,7
2017-11-26,10000001,2286,1,1,1,327936,1
2017-11-26,10000001,2288,1,1,1,361421,1
2017-11-26,10000001,2295,199999.99,199999.99,199999.99,1,1
2017-11-26,10000001,2301,1580333.34,111000,2315000.01,3,3
2017-11-26,10000001,2305,1,1,1,93960,1
2017-11-26,10000001,2308,1,1,1,126042,1
2017-11-26,10000001,2310,1,1,1,871985,2
2017-11-26,10000001,2311,1,1,1,95594,1
2017-11-26,10000001,2331,91833.17,50000,300999,6,2
2017-11-26,10000001,2349,152.42,152.42,152.42,11,1
2017-11-26,10000001,2361,1.06,1.06,1.06,14,1
2017-11-26,10000001,2364,1399710,1399420,1400000,2,2
2017-11-26,10000001,2400,425,425,425,2680,1
2017-11-26,10000001,2406,2499000,2499000,2499000,1,1
2017-11-26,10000001,2444,58000,58000,58000,3,1
2017-11-26,10000001,2454,2999,2999,2999,106,19
2017-11-26,10000001,2456,493083.53,400000,499996.88,34,9
2017-11-26,10000001,2464,5000,3499.99,6500,10,2
2017-11-26,10000001,2466,555000,555000,555000,3,2
2017-11-26,10000001,2486,5606.09,4999.99,9000,41,8
2017-11-26,10000001,2488,339607.65,300000,470000,51,3
2017-11-26,10000001,2495,799000,799000,799000,3,3
2017-11-26,10000001,2505,799000.09,799000.09,799000.09,2,2
2017-11-26,10000001,2508,4.3,4.3,4.3,100,1
2017-11-26,10000001,2512,1,1,1,100,1
2017-11-26,10000001,2514,1.47,1.47,1.47,100,1
2017-11-26,10000001,2516,0.03,0.03,0.03,600,3
2017-11-26,10000001,2524,268333.37,243000.07,299999.99,9,8
2017-11-26,10000001,2525,299999.99,299999.99,299999.99,1,1
2017-11-26,10000001,2531,306000,112000,500000,2,2
2017-11-26,10000001,2533,150000,150000,150000,1,1
2017-11-26,10000001,2534,246888.92,243000.08,299999.99,9,8
2017-11-26,10000001,2537,75000,75000,75000,2,1
2017-11-26,10000001,2539,112000,112000,112000,1,1
2017-11-26,10000001,2549,265800,243000,299999.99,5,4
2017-11-26,10000001,2550,212000,150000,243000,3,2
2017-11-26,10000001,2551,243000,243000,243000,1,1
2017-11-26,10000001,2553,1124500.02,278000.04,1971000,4,3
2017-11-26,10000001,2605,500000,500000,500000,3,1
2017-11-26,10000001,2629,705.01,705.01,705.01,3500,2
2017-11-26,10000001,2870,1000.09,1000.09,1000.09,2,1
2017-11-26,10000001,2873,600000,600000,600000,6,1
2017-11-26,10000001,2889,950000,950000,950000,2,1
2017-11-26,10000001,3098,921428.57,900000,950000,7,3
2017-11-26,10000001,3162,780000,780000,780000,7,1
2017-11-26,10000001,3184,2999000.09,2999000.09,2999000.09,1,1
2017-11-26,10000001,3244,1533268.66,1500000,1735270.32,7,3
2017-11-26,10000001,3301,299000,299000,299000,1,1
2017-11-26,10000001,3306,2199000,2199000,2199000,1,1
2017-11-26,10000001,3322,299000,299000,299000,1,1
2017-11-26,10000001,3325,999000,999000,999000,1,1
2017-11-26,10000001,3326,599000,599000,599000,1,1
2017-11-26,10000001,3328,499000,499000,499000,1,1
2017-11-26,10000001,3331,599000,599000,599000,1,1
2017-11-26,10000001,3334,1499000,1499000,1499000,1,1
2017-11-26,10000001,3335,2399000.09,2399000.09,2399000.09,1,1
2017-11-26,10000001,3338,7999000,7999000,7999000,1,1
2017-11-26,10000001,3340,800000,800000,800000,1,1
2017-11-26,10000001,3341,699000,699000,699000,1,1
2017-11-26,10000001,3342,800000,800000,800000,1,1
2017-11-26,10000001,3348,570000.87,570000.87,570000.87,1,1
2017-11-26,10000001,3355,1799000,1799000,1799000,1,1
2017-11-26,10000001,3356,1999000,1999000,1999000,1,1
2017-11-26,10000001,3357,849000,849000,849000,1,1
2017-11-26,10000001,3385,149000.09,149000.09,149000.09,1,1
2017-11-26,10000001,3405,888000,888000,888000,2,2
2017-11-26,10000001,3410,2370000.87,2370000.87,2370000.87,1,1
2017-11-26,10000001,3416,1499000,1499000,1499000,1,1
2017-11-26,10000001,3431,148000,148000,148000,1,1
2017-11-26,10000001,3434,399000,399000,399000,1,1
2017-11-26,10000001,3438,6585000.65,6585000.65,6585000.65,1,1
2017-11-26,10000001,3440,799000.09,799000.09,799000.09,1,1
2017-11-26,10000001,3441,1998000,1998000,1998000,1,1
2017-11-26,10000001,3442,4499000,4499000,4499000,4,4
2017-11-26,10000001,3451,65143.11,65143.11,65143.11,1,1
2017-11-26,10000001,3452,399000,399000,399000,1,1
2017-11-26,10000001,3467,512499.48,512499.48,512499.48,10,1
2017-11-26,10000001,3504,3000000,3000000,3000000,2,2
2017-11-26,10000001,3608,2910000.03,2910000.03,2910000.03,1,1
2017-11-26,10000001,3645,120.09,120.09,120.09,7460,4
2017-11-26,10000001,3683,420,420,420,4000,1
2017-11-26,10000001,3689,4000.01,4000.01,4000.01,363,1
2017-11-26,10000001,3707,2116.67,2100,2200,24,2
2017-11-26,10000001,3713,12068.08,12067.98,12068.32,58,3
2017-11-26,10000001,3721,705,705,705,8,8
2017-11-26,10000001,3756,55000000,55000000,55000000,1,1
2017-11-26,10000001,3777,1294.27,1294.27,1294.27,10,1
2017-11-26,10000001,3818,2501.25,2.5,5000,20,2
2017-11-26,10000001,3826,1500,1500,1500,10,1
2017-11-26,10000001,3829,90851.52,60000,98700,33,8
2017-11-26,10000001,3831,2074499.51,1149000.02,2999999,4,3
2017-11-26,10000001,3841,112003.14,112003.14,112003.14,2,2
2017-11-26,10000001,3888,112003.91,112003.91,112003.91,1,1
2017-11-26,10000001,3894,25999999,25999999,25999999,1,1
2017-11-26,10000001,3895,25999999,25999999,25999999,1,1
2017-11-26,10000001,4025,140238.93,20716.8,200000,3,2
2017-11-26,10000001,4027,237999.5,200000,275999,2,2
2017-11-26,10000001,4051,21300.13,21300.13,21300.13,500,1
2017-11-26,10000001,4246,21899.99,21899.99,21899.99,5000,2
2017-11-26,10000001,4247,20000,20000,20000,6080,5
2017-11-26,10000001,4254,3999995,3999995,3999995,1,1
2017-11-26,10000001,4258,2000000,2000000,2000000,1,1
2017-11-26,10000001,4310,10200000,10200000,10200000,1,1
2017-11-26,10000001,4312,35000,35000,35000,100,1
2017-11-26,10000001,4393,110000,100000,150000,6,3
2017-11-26,10000001,4403,600000,600000,600000,2,1
2017-11-26,10000001,4405,1696200,1375500.02,1909999.99,5,2
2017-11-26,10000001,4409,35000,35000,35000,9,1
2017-11-26,10000001,4471,10,10,10,1,1
2017-11-26,10000001,4477,42.99,42.99,42.99,3,2
2017-11-26,10000001,4529,18000,18000,18000,1,1
2017-11-26,10000001,4533,243333.02,221666.01,265000.02,2,2
2017-11-26,10000001,4573,125000,125000,125000,1,1
2017-11-26,10000001,4575,155000.5,155000.5,155000.5,1,1
2017-11-26,10000001,4787,37066.67,12000,49600,3,2
2017-11-26,10000001,5007,1.21,1.21,1.21,1,1
2017-11-26,10000001,5089,0.01,0.01,0.01,3,3
2017-11-26,10000001,5137,9.97,9.97,9.97,2,2
2017-11-26,10000001,5141,560000,560000,560000,2,1
2017-11-26,10000001,5239,140695.11,139000,189432.89,7,4
2017-11-26,10000001,5321,0.01,0.01,0.01,1,1
2017-11-26,10000001,5340,890000.03,890000.03,890000.03,2,2
2017-11-26,10000001,5365,1020000.01,1020000.01,1020000.01,2,2
2017-11-26,10000001,5403,344504.98,9.97,688999.99,2,2
2017-11-26,10000001,5439,89000,89000,89000,1,1
2017-11-26,10000001,5443,975000,975000,975000,1,1
2017-11-26,10000001,5445,115.33,115.33,115.33,1,1
2017-11-26,10000001,5533,300000,300000,300000,3,1
2017-11-26,10000001,5599,225000,225000,225000,1,1
2017-11-26,10000001,5945,400000,400000,400000,1,1
2017-11-26,10000001,5955,4.98,4.98,4.98,1,1
2017-11-26,10000001,5971,114757.51,78010,225000.04,4,4
2017-11-26,10000001,5973,446166.53,14500.1,724499.5,6,6
2017-11-26,10000001,5975,35003.74,4.99,140000,4,2
2017-11-26,10000001,6001,110000,110000,110000,1,1
2017-11-26,10000001,6003,2052.38,5,43000,21,3
2017-11-26,10000001,6005,41,41,41,2,1
2017-11-26,10000001,6131,111111,111111,111111,1,1
2017-11-26,10000001,6160,46999.56,46999.56,46999.56,1,1
2017-11-26,10000001,6176,150000,150000,150000,1,1
2017-11-26,10000001,6296,294000.01,294000.01,294000.01,2,2
2017-11-26,10000001,6325,391000.03,391000.03,391000.03,1,1
2017-11-26,10000001,6527,119711.13,100000,139422.26,2,2
2017-11-26,10000001,6865,1390000.67,1390000.67,1390000.67,3,1
2017-11-26,10000001,7003,0.01,0.01,0.01,6,1
2017-11-26,10000001,7247,1790000,1790000,1790000,2,1
2017-11-26,10000001,7249,500000,500000,500000,5,1
2017-11-26,10000001,7539,4484,4484,4484,1,1
2017-11-26,10000001,7579,2191000.03,2191000.03,2191000.03,3,1
2017-11-26,10000001,7581,460000.03,460000.03,460000.03,2,2
2017-11-26,10000001,7625,980000.63,980000.63,980000.63,3,1
2017-11-26,10000001,8089,49000.52,49000.52,49000.52,2,1
2017-11-26,10000001,8177,8.54,8.54,8.54,1,1
2017-11-26,10000001,8433,742000,740000,750000,5,2
2017-11-26,10000001,8517,5249999.5,4999999,5500000,2,2
2017-11-26,10000001,8529,598000,598000,598000,3,1
2017-11-26,10000001,8748,490000.01,490000.01,490000.01,2,1
2017-11-26,10000001,9127,25891.47,25891.47,25891.47,2,2
2017-11-26,10000001,9207,760000.01,760000.01,760000.01,5,1
2017-11-26,10000001,9411,17858.82,17858.82,17858.82,2,1
2017-11-26,10000001,9417,12501.95,12501.95,12501.95,1,1
2017-11-26,10000001,9580,353000.03,353000.03,353000.03,4,1
2017-11-26,10000001,9608,0.01,0.01,0.01,1,1
2017-11-26,10000001,9622,0.01,0.01,0.01,1,1
2017-11-26,10000001,9632,304668.13,16004.37,449000.01,3,3
2017-11-26,10000001,9646,0.01,0.01,0.01,1,1
2017-11-26,10000001,9668,5,5,5,2,2
2017-11-26,10000001,9772,5,5,5,1,1
2017-11-26,10000001,9826,385.87,385.87,385.87,107,1
2017-11-26,10000001,9830,13000,13000,13000,500,1
2017-11-26,10000001,9836,12000,12000,12000,8000,1
2017-11-26,10000001,9899,16000000,16000000,16000000,1,1
2017-11-26,10000001,9941,9999999,9999999,9999999,1,1
2017-11-26,10000001,9942,11722998.8,9999999,13445998.6,2,2
2017-11-26,10000001,9943,12872248.65,12872248.65,12872248.65,1,1
2017-11-26,10000001,9947,3500000,3500000,3500000,2,1
2017-11-26,10000001,9950,4300000,4100000,4499999.99,2,2
2017-11-26,10000001,10190,1303000,1303000,1303000,2,1
2017-11-26,10000001,10216,21999999.5,21999999,22000000,2,2
2017-11-26,10000001,10221,20000000,20000000,20000000,1,1
2017-11-26,10000001,10850,1308000,1308000,1308000,1,1
2017-11-26,10000001,10858,15000,15000,15000,1,1
2017-11-26,10000001,10998,81493.44,78899.99,94030.32,12,4
2017-11-26,10000001,11105,640000.01,400000,880000.02,4,3
2017-11-26,10000001,11129,26569.85,15187.5,175000.03,13,13
2017-11-26,10000001,11132,20182.64,15000,44000,11,7
2017-11-26,10000001,11134,81477.6,29999.5,94444.5,10,10
2017-11-26,10000001,11135,50000,50000,50000,2,2
2017-11-26,10000001,11172,9100000.01,9100000.01,9100000.01,1,1
2017-11-26,10000001,11176,39000000,39000000,39000000,1,1
2017-11-26,10000001,11184,39400000,39400000,39400000,1,1
2017-11-26,10000001,11186,39000000,38000000,40000000,2,2
2017-11-26,10000001,11196,44989989,44989989,44989989,1,1
2017-11-26,10000001,11202,40000000,40000000,40000000,1,1
2017-11-26,10000001,11207,1699000,1699000,1699000,1,1
2017-11-26,10000001,11267,230000,230000,230000,1,1
2017-11-26,10000001,11269,1021004.98,1021004.98,1021004.98,1,1
2017-11-26,10000001,11285,3158.55,3158.55,3158.55,20,1
2017-11-26,10000001,11287,2000,2000,2000,345,1
2017-11-26,10000001,11294,200000,200000,200000,1,1
2017-11-26,10000001,11296,800000,800000,800000,1,1
2017-11-26,10000001,11297,475000.22,475000.22,475000.22,1,1
2017-11-26,10000001,11309,500000,500000,500000,2,1
2017-11-26,10000001,11317,611333.33,334000,750000,3,2
2017-11-26,10000001,11341,17000,17000,17000,1,1
2017-11-26,10000001,11349,400000.01,400000.01,400000.01,1,1
2017-11-26,10000001,11370,2952748.01,2405496.02,3500000,2,2
2017-11-26,10000001,11399,10088.04,10088.04,10088.04,700,1
2017-11-26,10000001,11433,14999000,14999000,14999000,1,1
2017-11-26,10000001,11445,14999000.09,14999000.09,14999000.09,1,1
2017-11-26,10000001,11446,1150000,1150000,1150000,5,1
2017-11-26,10000001,11447,14999000,14999000,14999000,1,1
2017-11-26,10000001,11451,14999000.09,14999000.09,14999000.09,1,1
2017-11-26,10000001,11452,16849500.5,14999000.09,18700000.9,2,2
2017-11-26,10000001,11455,14999000.09,14999000.09,14999000.09,1,1
2017-11-26,10000001,11482,500,500,500,100,1
2017-11-26,10000001,11486,500,500,500,500,1
2017-11-26,10000001,11530,501,501,501,48,1
2017-11-26,10000001,11533,501,501,501,39,1
2017-11-26,10000001,11535,501,501,501,80,1
2017-11-26,10000001,11536,501,501,501,45,1
2017-11-26,10000001,11537,757.31,757.31,757.31,5,1
2017-11-26,10000001,11539,3702.43,3702.43,3702.43,3,1
2017-11-26,10000001,11541,10000.01,10000.01,10000.01,431,1
2017-11-26,10000001,11544,501,501,501,10,1
2017-11-26,10000001,11547,3001,3001,3001,5,1
2017-11-26,10000001,11548,3001,3001,3001,3,1
2017-11-26,10000001,11549,3001.11,3001.11,3001.11,4,1
2017-11-26,10000001,11550,3001,3001,3001,6,1
2017-11-26,10000001,11551,501,501,501,34,1
2017-11-26,10000001,11552,501,501,501,70,1
2017-11-26,10000001,11554,3150.08,3150.08,3150.08,6,1
2017-11-26,10000001,11558,1500,1500,1500,779,2
2017-11-26,10000001,11563,431666.67,235000,825000.01,3,3
2017-11-26,10000001,11577,6900000.01,6900000.01,6900000.01,2,1
2017-11-26,10000001,11578,7542592.33,6000000,8313888.5,3,3
2017-11-26,10000001,11640,1790249.87,1499999.95,3500000,8,5
2017-11-26,10000001,11691,502,502,502,140,1
2017-11-26,10000001,11692,501,501,501,64,1
2017-11-26,10000001,11694,1559.16,1559.16,1559.16,1,1
2017-11-26,10000001,11957,215000000,215000000,215000000,1,1
2017-11-26,10000001,11969,210000000,210000000,210000000,1,1
2017-11-26,10000001,11985,85000000.01,85000000.01,85000000.01,1,1
2017-11-26,10000001,11987,70000000.01,70000000.01,70000000.01,1,1
2017-11-26,10000001,12032,290000,290000,290000,1,1
2017-11-26,10000001,12038,41800000.01,41800000.01,41800000.01,1,1
2017-11-26,10000001,12052,260000,260000,260000,1,1
2017-11-26,10000001,12057,350000,350000,350000,1,1
2017-11-26,10000001,12076,412650.06,412650.06,412650.06,3,1
2017-11-26,10000001,12098,67999000.09,67999000.09,67999000.09,1,1
2017-11-26,10000001,12190,570000.88,570000.88,570000.88,1,1
2017-11-26,10000001,12198,1200000,1200000,1200000,7,1
2017-11-26,10000001,12206,6899898,6899898,6899898,1,1
2017-11-26,10000001,12207,16989989,16989989,16989989,1,1
2017-11-26,10000001,12210,1099000,1099000,1099000,2,2
2017-11-26,10000001,12305,19700000.87,19700000.87,19700000.87,1,1
2017-11-26,10000001,12441,746000,746000,746000,1,1
2017-11-26,10000001,12484,5222000,5222000,5222000,1,1
2017-11-26,10000001,12485,4299000,4299000,4299000,2,2
2017-11-26,10000001,12486,4799000,4799000,4799000,1,1
2017-11-26,10000001,12487,4987000.86,4987000.86,4987000.86,1,1
2017-11-26,10000001,12614,79,79,79,19577,2
2017-11-26,10000001,12803,300,300,300,1440,1
2017-11-26,10000001,12805,400,400,400,1585,1
2017-11-26,10000001,12836,80000,80000,80000,414,1
2017-11-26,10000001,13261,26989989,26989989,26989989,3,1
2017-11-26,10000001,13279,699000,699000,699000,3,3
2017-11-26,10000001,13283,10000,10000,10000,1,1
2017-11-26,10000001,13284,406500,62000,751000,2,2
2017-11-26,10000001,13286,10000,10000,10000,1,1
2017-11-26,10000001,13287,356000,47000,665000,2,2
2017-11-26,10000001,15331,1150,1150,1150,326,64
2017-11-26,10000001,15479,4499999.95,4499999.95,4499999.95,1,1
2017-11-26,10000001,15508,36234.85,33939.39,37000,4,2
2017-11-26,10000001,15510,43454.29,31500,56560,7,3
2017-11-26,10000001,15625,4500,4500,4500,4,4
2017-11-26,10000001,15627,15000,15000,15000,3,3
2017-11-26,10000001,15628,20000,20000,20000,5,5
2017-11-26,10000001,15630,61000,61000,61000,1,1
2017-11-26,10000001,15660,30000,30000,30000,1,1
2017-11-26,10000001,16069,299999.95,299999.95,299999.95,1,1
2017-11-26,10000001,16227,350000,350000,350000,1,1
2017-11-26,10000001,16231,19000000,19000000,19000000,1,1
2017-11-26,10000001,16242,708333.33,500000,750000,12,4
2017-11-26,10000001,16262,165000,165000,165000,1017,4
2017-11-26,10000001,16272,399,399,399,1014612,4
2017-11-26,10000001,16273,199,198.99,199,134084,59
2017-11-26,10000001,16274,950,794.99,2500,64611,8
2017-11-26,10000001,16275,550,550,550,381,1
2017-11-26,10000001,16278,2100000,2100000,2100000,2,1
2017-11-26,10000001,16281,669000,669000,669000,1,1
2017-11-26,10000001,16297,1,1,1,1,1
2017-11-26,10000001,16307,0.01,0.01,0.01,2,1
2017-11-26,10000001,16311,25000,25000,25000,1,1
2017-11-26,10000001,16323,0.01,0.01,0.01,2,1
2017-11-26,10000001,16325,0.01,0.01,0.01,2,1
2017-11-26,10000001,16327,0.01,0.01,0.01,1,1
2017-11-26,10000001,16347,0.01,0.01,0.01,1,1
2017-11-26,10000001,16519,115909.11,0.01,255000.04,11,7
2017-11-26,10000001,16523,1054.22,1054.22,1054.22,6,1
2017-11-26,10000001,16527,462000,462000,462000,4,2
2017-11-26,10000001,16598,17490000.82,17490000.82,17490000.82,1,1
2017-11-26,10000001,17136,1.15,1.15,1.15,2,1
2017-11-26,10000001,17366,86017.5,16502,400000,6,5
2017-11-26,10000001,17368,2599800,2599800,2599800,5,3
2017-11-26,10000001,17444,239.09,239.09,239.09,67,1
2017-11-26,10000001,17445,279.59,279.59,279.59,99,1
2017-11-26,10000001,17452,137.72,137.72,137.72,6655,3
2017-11-26,10000001,17453,155.04,155.04,155.04,101625,5
2017-11-26,10000001,17459,39,39,39,51339,5
2017-11-26,10000001,17463,18.01,18.01,18.01,109732,2
2017-11-26,10000001,17464,18.26,18.26,18.26,26650,1
2017-11-26,10000001,17470,13.4,13.4,13.4,1026782,8
2017-11-26,10000001,17471,13.9,13.9,13.9,234163,1
2017-11-26,10000001,17709,99000000,99000000,99000000,1,1
2017-11-26,10000001,17843,32000000.11,32000000.11,32000000.11,2,1
2017-11-26,10000001,17887,1200,1200,1200,351495,13
2017-11-26,10000001,17888,880,880,880,91685,6
2017-11-26,10000001,17889,790,790,790,174290,6
2017-11-26,10000001,17893,85003.6,85003.6,85003.6,2,1
2017-11-26,10000001,17894,138007.59,138007.59,138007.59,2,1
2017-11-26,10000001,17895,123010.45,123010.45,123010.45,4,2
2017-11-26,10000001,17912,101042.91,101000.01,101100.11,14,6
2017-11-26,10000001,17920,125000000.12,125000000.12,125000000.12,1,1
2017-11-26,10000001,17938,66666.68,13000,93500.02,3,3
2017-11-26,10000001,17939,60000,60000,60000,5,1
2017-11-26,10000001,18039,750000,750000,750000,1,1
2017-11-26,10000001,18049,450000,450000,450000,1,1
2017-11-26,10000001,18600,469000,469000,469000,10,1
2017-11-26,10000001,18602,850450,850450,850450,10,1
2017-11-26,10000001,18604,370540,370540,370540,10,1
2017-11-26,10000001,18639,27500,25000,30000,2,2
2017-11-26,10000001,18640,60000,60000,60000,2,1
2017-11-26,10000001,19400,11000,11000,11000,9,3
2017-11-26,10000001,19401,20000,20000,20000,1,1
2017-11-26,10000001,19402,40000,40000,40000,1,1
2017-11-26,10000001,19403,60000,60000,60000,1,1
2017-11-26,10000001,19404,180000,180000,180000,11,8
2017-11-26,10000001,19405,360000,360000,360000,6,5
2017-11-26,10000001,19406,600000,600000,600000,6,5
2017-11-26,10000001,19407,1200000,1200000,1200000,10,7
2017-11-26,10000001,19408,2100000,2100000,2100000,2,1
2017-11-26,10000001,19416,43200000,43200000,43200000,3,3
2017-11-26,10000001,19417,51680000,51680000,51680000,3,3
2017-11-26,10000001,19418,61200000,61200000,61200000,2,2
2017-11-26,10000001,19419,80000000,80000000,80000000,19,5
2017-11-26,10000001,19420,101640000,101640000,101640000,2,1
2017-11-26,10000001,19421,133837000,133837000,133837000,5,3
2017-11-26,10000001,19806,1500000,1500000,1500000,2,1
2017-11-26,10000001,19921,125000,125000,125000,1,1
2017-11-26,10000001,20115,1000,1000,1000,62,1
2017-11-26,10000001,20185,650000000,650000000,650000000,1,1
2017-11-26,10000001,20342,64999000,64999000,64999000,1,1
2017-11-26,10000001,20418,130000,130000,130000,2,1
2017-11-26,10000001,20423,20000,20000,20000,89,1
2017-11-26,10000001,20424,20002,20002,20002,29,1
2017-11-26,10000001,21085,10,10,10,1,1
2017-11-26,10000001,21096,2303246.44,616555.27,2750000,22,16
2017-11-26,10000001,21611,54999000,54999000,54999000,1,1
2017-11-26,10000001,21640,150018.6,150018.6,150018.6,20,1
2017-11-26,10000001,21802,47998999.97,47998999.97,47998999.97,1,1
2017-11-26,10000001,21857,120,120,120,1,1
2017-11-26,10000001,22175,66857.14,50000,148000,7,6
2017-11-26,10000001,22177,54766.21,50000,97795.9,9,5
2017-11-26,10000001,22229,588799.07,588799.07,588799.07,23,1
2017-11-26,10000001,22291,655272.29,112302.01,999999.99,7,4
2017-11-26,10000001,22460,59999999.98,59999999.98,59999999.98,1,1
2017-11-26,10000001,22536,399999.98,399999.98,399999.98,1,1
2017-11-26,10000001,22541,20999000,20999000,20999000,1,1
2017-11-26,10000001,22542,143572.41,105001.73,195000,7,6
2017-11-26,10000001,22576,45999,45999,45999,2,1
2017-11-26,10000001,22778,349997,349997,349997,1,1
2017-11-26,10000001,22806,399000,399000,399000,1,1
2017-11-26,10000001,22807,299000,299000,299000,1,1
2017-11-26,10000001,22808,299000,299000,299000,1,1
2017-11-26,10000001,22809,499000,499000,499000,1,1
2017-11-26,10000001,22961,960.01,960.01,960.01,400,1
2017-11-26,10000001,23009,800.01,800.01,800.01,1500,1
2017-11-26,10000001,23025,795.89,795.89,795.89,4735,3
2017-11-26,10000001,23059,3500000,3500000,3500000,10,1
2017-11-26,10000001,23087,37000,37000,37000,1,1
2017-11-26,10000001,23149,1000000,1000000,1000000,1,1
2017-11-26,10000001,23527,816666.68,800000,820000.01,6,6
2017-11-26,10000001,23561,148999.99,148999.99,148999.99,1,1
2017-11-26,10000001,23594,1899000,1899000,1899000,1,1
2017-11-26,10000001,23606,399000,399000,399000,3,3
2017-11-26,10000001,24241,3999000,3999000,3999000,1,1
2017-11-26,10000001,24242,5999499,5999000,5999998,2,2
2017-11-26,10000001,24270,35999000.09,35999000.09,35999000.09,1,1
2017-11-26,10000001,24348,1339333.33,136000,1500000,6,4
2017-11-26,10000001,24395,698000.01,698000.01,698000.01,1,1
2017-11-26,10000001,24417,1850000,1850000,1850000,1,1
2017-11-26,10000001,24427,2099000,2099000,2099000,1,1
2017-11-26,10000001,24438,1,1,1,1,1
2017-11-26,10000001,24507,630.01,630.01,630.01,1300,1
2017-11-26,10000001,24509,700,700,700,3500,2
2017-11-26,10000001,24511,698,698,698,1500,1
2017-11-26,10000001,24513,648,648,648,3100,2
2017-11-26,10000001,24517,550,550,550,2000,1
2017-11-26,10000001,24568,21999000,21999000,21999000,1,1
2017-11-26,10000001,24694,160000000,160000000,160000000,1,1
2017-11-26,10000001,24702,29833333.33,28000000,30000000,6,4
2017-11-26,10000001,25266,3286000,3254000,3349999.99,6,2
2017-11-26,10000001,25544,24000000,24000000,24000000,1,1
2017-11-26,10000001,25588,7109.52,7109.52,7109.52,63,4
2017-11-26,10000001,25589,2702.97,2700.2,2750.01,36,8
2017-11-26,10000001,25590,89301.65,89301.64,89301.66,115,16
2017-11-26,10000001,25591,166002.57,166002.57,166002.57,3,2
2017-11-26,10000001,25592,6000.27,6000.27,6000.27,121,14
2017-11-26,10000001,25593,2262.57,2006.9,5501.01,41,8
2017-11-26,10000001,25594,24689.19,22502.13,33000.01,48,11
2017-11-26,10000001,25595,12114.37,12002.4,13038.16,37,7
2017-11-26,10000001,25596,50000,50000,50000,221,6
2017-11-26,10000001,25597,3881.14,3547.42,4771.07,88,3
2017-11-26,10000001,25598,8016.29,8016.29,8016.29,234,14
2017-11-26,10000001,25599,935.54,935.54,935.54,173,14
2017-11-26,10000001,25600,24000.05,24000.05,24000.05,240,14
2017-11-26,10000001,25601,2522.96,2522.96,2522.96,561,18
2017-11-26,10000001,25602,11606.22,11606.22,11606.22,69,1
2017-11-26,10000001,25603,28863.47,25002.11,42700,55,14
2017-11-26,10000001,25604,12011.22,12011.22,12011.22,4,4
2017-11-26,10000001,25605,18438.48,16438.47,37300,210,19
2017-11-26,10000001,25607,50001.61,50001.61,50001.61,28,2
2017-11-26,10000001,25608,211105.62,211105.62,211105.62,22,1
2017-11-26,10000001,25609,280000.01,280000.01,280000.01,1,1
2017-11-26,10000001,25614,420006.51,420006.51,420006.51,1,1
2017-11-26,10000001,25617,305001.58,305001.58,305001.59,32,2
2017-11-26,10000001,25619,470006.05,470006.05,470006.05,10,2
2017-11-26,10000001,25620,26020.59,26020.59,26020.59,5,1
2017-11-26,10000001,25622,700000,700000,700000,6,1
2017-11-26,10000001,25624,2700104.25,2700104.25,2700104.25,4,1
2017-11-26,10000001,25625,2301000.95,2301000.95,2301000.95,1,1
2017-11-26,10000001,25861,109853.87,100.01,119000.03,13,7
2017-11-26,10000001,25918,39900000,39900000,39900000,1,1
2017-11-26,10000001,26255,2399000,2399000,2399000,1,1
2017-11-26,10000001,26258,85000.09,85000.09,85000.09,1,1
2017-11-26,10000001,26914,31244,31244,31244,2,1
2017-11-26,10000001,26929,1999993,1999993,1999993,1,1
2017-11-26,10000001,27321,1187.01,1187.01,1187.01,1300,3
2017-11-26,10000001,27327,1299.02,1299.02,1299.02,1000,2
2017-11-26,10000001,27333,1199.01,1199.01,1199.01,1000,2
2017-11-26,10000001,27413,2334,2334,2334,2000,1
2017-11-26,10000001,27441,1499.99,1499.99,1499.99,3500,2
2017-11-26,10000001,27902,399000,399000,399000,1,1
2017-11-26,10000001,27911,31999000.08,31999000.08,31999000.08,1,1
2017-11-26,10000001,27918,1280101.23,200303.67,1820000.01,3,2
2017-11-26,10000001,27936,17999000,17999000,17999000,1,1
2017-11-26,10000001,28270,425089.1,425089.1,425089.1,1,1
2017-11-26,10000001,28362,200000,200000,200000,107,1
2017-11-26,10000001,28363,12005.99,12005.99,12005.99,23,1
2017-11-26,10000001,28576,912499.24,800000,949998.99,4,4
2017-11-26,10000001,28606,612333333.33,528500000,780000000,3,3
2017-11-26,10000001,28646,8900000,8900000,8900000,1,1
2017-11-26,10000001,28668,29000,29000,29000,372,2
2017-11-26,10000001,28848,10200000000,10200000000,10200000000,1,1
2017-11-26,10000001,29001,22854.18,17708.34,28000.02,4,4
2017-11-26,10000001,29009,23000,23000,23000,2,1
2017-11-26,10000001,29248,580375,580375,580375,1,1
2017-11-26,10000001,30013,7499.99,0.01,9000,103,8
2017-11-26,10000001,30028,105000,105000,105000,5,1
2017-11-26,10000001,30486,765000,765000,765000,8,1
2017-11-26,10000001,30488,619165.83,618999,620000,48,5
2017-11-26,10000001,30744,200000,200000,200000,7481,11
2017-11-26,10000001,30745,500000,500000,500000,6830,12
2017-11-26,10000001,30746,1500000,1500000,1500000,3115,9
2017-11-26,10000001,30747,5000000,5000000,5000000,1612,9
2017-11-26,10000001,30836,1970000,1970000,1970000,2,1
2017-11-26,10000001,30997,835500.01,820000,851000.02,2,2
2017-11-26,10000001,31009,990000,990000,990000,1,1
2017-11-26,10000001,31011,3290000.01,3290000.01,3290000.01,1,1
2017-11-26,10000001,31021,500000,500000,500000,1,1
2017-11-26,10000001,31033,450000,450000,450000,1,1
2017-11-26,10000001,31047,2666666.67,2500000,3000000,3,2
2017-11-26,10000001,31055,2300000,2300000,2300000,2,2
2017-11-26,10000001,31063,875000,875000,875000,1,1
2017-11-26,10000001,31065,3000000,3000000,3000000,1,1
2017-11-26,10000001,31083,750000,750000,750000,3,1
2017-11-26,10000001,31119,2230000,1900000,2450000,5,2
2017-11-26,10000001,31153,488000.01,488000.01,488000.01,1,1
2017-11-26,10000001,31155,2300000.01,2300000.01,2300000.01,2,2
2017-11-26,10000001,31159,510000.01,350000,590000.01,6,3
2017-11-26,10000001,31161,2799420,2799420,2799420,1,1
2017-11-26,10000001,31165,8500000,8500000,8500000,4,1
2017-11-26,10000001,31171,9950000.01,9950000.01,9950000.01,1,1
2017-11-26,10000001,31183,7499999.99,7499999.99,7499999.99,1,1
2017-11-26,10000001,31201,325000,325000,325000,1,1
2017-11-26,10000001,31213,181000,181000,181000,4,3
2017-11-26,10000001,31250,250000,250000,250000,1,1
2017-11-26,10000001,31358,1905000,1905000,1905000,1,1
2017-11-26,10000001,31364,5999999.99,5999999.99,5999999.99,1,1
2017-11-26,10000001,31372,1500000,1500000,1500000,1,1
2017-11-26,10000001,31538,1425000.01,1400000,1450000.01,2,2
2017-11-26,10000001,31586,985000.01,985000.01,985000.01,1,1
2017-11-26,10000001,31620,1139999.5,999999,1280000,2,2
2017-11-26,10000001,31716,90000,90000,90000,1,1
2017-11-26,10000001,31718,382500,370000,395000,4,4
2017-11-26,10000001,31722,3759999.48,3599998.94,3920000.01,2,2
2017-11-26,10000001,31730,3999993,3999993,3999993,1,1
2017-11-26,10000001,31740,125000,125000,125000,1,1
2017-11-26,10000001,31752,203333.33,180000,390000,9,3
2017-11-26,10000001,31754,391000.02,391000.02,391000.02,1,1
2017-11-26,10000001,31758,4997999.99,4997999.99,4997999.99,1,1
2017-11-26,10000001,31788,544999.5,439999,650000,2,2
2017-11-26,10000001,31802,2800000,2800000,2800000,3,1
2017-11-26,10000001,31870,500000,500000,500000,10,1
2017-11-26,10000001,31882,3499998.98,3499998.98,3499998.98,3,2
2017-11-26,10000001,32006,44545.56,15000.17,90000,33,2
2017-11-26,10000001,32014,250000,250000,250000,15,1
2017-11-26,10000001,32043,2900000,2900000,2900000,3,1
2017-11-26,10000001,32787,34970.83,29950,42000,12,4
2017-11-26,10000001,32818,750000,750000,750000,1,1
2017-11-26,10000001,32872,2400000,2400000,2400000,1,1
2017-11-26,10000001,32880,171600.11,125000,219999.99,15,11
2017-11-26,10000001,33011,110000,110000,110000,1,1
2017-11-26,10000001,33076,1799999.99,1799999.99,1799999.99,1,1
2017-11-26,10000001,33078,2899000,2899000,2899000,1,1
2017-11-26,10000001,33091,1999000.09,1999000.09,1999000.09,1,1
2017-11-26,10000001,33098,1699000,1699000,1699000,1,1
2017-11-26,10000001,33138,1500000,1500000,1500000,1,1
2017-11-26,10000001,33139,2000000,2000000,2000000,1,1
2017-11-26,10000001,33140,27836883.55,27836883.55,27836883.55,4,4
2017-11-26,10000001,33141,23997792.66,23997792.03,23997794.53,4,2
2017-11-26,10000001,33176,250000,250000,250000,1,1
2017-11-26,10000001,33177,600000,600000,600000,1,1
2017-11-26,10000001,33178,175000,175000,175000,1,1
2017-11-26,10000001,33179,600000,600000,600000,1,1
2017-11-26,10000001,33180,212500,175000,250000,2,2
2017-11-26,10000001,33181,600000,600000,600000,1,1
2017-11-26,10000001,33195,312.14,312.14,312.14,58,4
2017-11-26,10000001,33199,2800000,2800000,2800000,1,1
2017-11-26,10000001,33201,2100000,2100000,2100000,1,1
2017-11-26,10000001,33271,60000,60000,60000,1,1
2017-11-26,10000001,33468,75000000,75000000,75000000,1,1
2017-11-26,10000001,33470,105000545.43,105000545.43,105000545.43,1,1
2017-11-26,10000001,33474,2100000,2100000,2100000,1,1
2017-11-26,10000001,33475,8204000,7000000,8800000,5,5
2017-11-26,10000001,33699,2199000,2199000,2199000,1,1
2017-11-26,10000001,33820,650000000,650000000,650000000,1,1
2017-11-26,10000001,33890,770000,650000,890000,2,2
2017-11-26,10000001,34201,70075.13,65100.17,85000,4,2
2017-11-26,10000001,34202,646000.85,646000.85,646000.85,1,1
2017-11-26,10000001,34203,385007.2,385007.2,385007.2,3,2
2017-11-26,10000001,34204,663894.61,663894.61,663894.61,1,1
2017-11-26,10000001,34205,175005.61,175005.6,175005.61,2,2
2017-11-26,10000001,34206,195005.16,195005.16,195005.16,3,2
2017-11-26,10000001,34208,750000.01,750000.01,750000.01,1,1
2017-11-26,10000001,34317,19000000.01,19000000.01,19000000.01,1,1
2017-11-26,10000001,34496,5000000,5000000,5000000,1,1
2017-11-26,10000001,35656,228201,125000,675000,5,5
2017-11-26,10000001,35657,4.99,4.99,4.99,2,2
2017-11-26,10000001,35658,86666.67,80000,100000,3,3
2017-11-26,10000001,35659,200249.55,198999,400000,4,4
2017-11-26,10000001,35660,170000,170000,170000,1,1
2017-11-26,10000001,37457,12000000.01,12000000.01,12000000.01,1,1
2017-11-26,10000001,37458,300000,300000,300000,1,1
2017-11-26,10000001,37605,1300000,1300000,1300000,1,1
2017-11-26,10000001,40334,17000,17000,17000,20,1
2017-11-26,10000001,40520,808800000,808800000,808800000,4,4
2017-11-26,10000001,40573,194999000,194999000,194999000,1,1
2017-11-26,10000001,41032,300000,300000,300000,1,1
2017-11-26,10000001,41230,1500000,1500000,1500000,1,1
2017-11-26,10000001,41489,100000,100000,100000,50,1
2017-11-26,10000001,41594,5000000,5000000,5000000,1,1
2017-11-26,10000001,41595,5000000,5000000,5000000,1,1
2017-11-26,10000001,41596,5000000,5000000,5000000,1,1
2017-11-26,10000001,41597,5000000,5000000,5000000,1,1
2017-11-26,10000001,42529,1390000,1390000,1390000,1,1
2017-11-26,10000001,42696,2000,2000,2000,95,1
2017-11-26,10000001,42829,600,600,600,416905,4
2017-11-26,10000001,42830,1255,1255,1255,156,1
2017-11-26,10000001,43551,4200000,4200000,4200000,1,1
2017-11-26,10000001,43694,70000000,70000000,70000000,5,1
2017-11-26,10000001,43699,249999.99,249999.99,249999.99,2,1
2017-11-26,10000001,43702,175000.09,175000.09,175000.09,1,1
2017-11-26,10000001,44992,3030014.04,3030014.04,3030014.04,2355,9
2017-11-26,10000001,45635,173000000,173000000,173000000,4,3
2017-11-26,10000001,46008,8759000,2508000,10000000,10,9
2017-11-26,10000001,46152,14999000,14999000,14999000,1,1
2017-11-26,10000001,46153,20999000,20999000,20999000,1,1
2017-11-26,10000001,46154,24999000.09,24999000.09,24999000.09,1,1
2017-11-26,10000001,46155,34999000,34999000,34999000,2,2
2017-11-26,10000001,46156,35999000,35999000,35999000,1,1
2017-11-26,10000001,46350,10000000,10000000,10000000,2,2
2017-11-26,10000001,46352,10000000,10000000,10000000,2,2
2017-11-26,10000001,46357,10000000,10000000,10000000,2,2
2017-11-26,10000001,46359,10000000,10000000,10000000,2,2
2017-11-26,10000001,46361,10000000,10000000,10000000,3,3
2017-11-26,10000001,46712,6500000,6500000,6500000,1,1
2017-11-26,10000002,18,61,61,61,15149579,176
2017-11-26,10000002,19,3227.08,3227.08,3227.08,475,7
2017-11-26,10000002,20,223.07,222.94,269.97,2217721,149
2017-11-26,10000002,21,474.99,474.99,474.99,10310,12
2017-11-26,10000002,22,2721,2720,3500,13169,34
2017-11-26,10000002,34,4.8,4.77,4.81,17945728131,2229
2017-11-26,10000002,35,4.98,4.9,5.12,3704459608,1753
2017-11-26,10000002,36,65.58,65,65.94,1137281696,1564
2017-11-26,10000002,37,42,41.29,43.61,355030203,1339
2017-11-26,10000002,38,317,300.52,318,128631281,1319
2017-11-26,10000002,39,964.65,925.45,969.74,45762384,1274
2017-11-26,10000002,40,1100,1038.06,1119,25122134,1241
2017-11-26,10000002,41,14.99,14.99,14.99,4673,11
2017-11-26,10000002,42,1561.43,1561.43,1566.05,1684,52
2017-11-26,10000002,43,308.94,305.56,355.39,99720,71
2017-11-26,10000002,44,12299.21,11626.01,12299.99,642590,127
2017-11-26,10000002,45,34,34,34,729,55
2017-11-26,10000002,178,1.63,1.63,1.63,125688,112
2017-11-26,10000002,179,5.28,5.28,5.28,53442,112
2017-11-26,10000002,180,5.38,5.38,5.38,101988,123
2017-11-26,10000002,181,5.56,5.56,5.56,248223,132
2017-11-26,10000002,182,7.1,5.51,7.24,257178,125
2017-11-26,10000002,183,13.33,13.33,13.33,3915470,150
2017-11-26,10000002,184,18.2,18.13,18.2,1636122,165
2017-11-26,10000002,185,21.03,20.55,22.4,4602741,241
2017-11-26,10000002,186,5.25,5.25,5.25,157951,74
2017-11-26,10000002,187,20.98,17.16,21.75,39227,78
2017-11-26,10000002,188,15.44,15.44,15.44,31840,73
2017-11-26,10000002,189,39.44,39.44,39.44,802715,76
2017-11-26,10000002,190,34,33.44,46.84,357108,105
2017-11-26,10000002,191,33.32,33.32,33.32,1901447,107
2017-11-26,10000002,192,66.43,65.97,66.99,1618442,145
2017-11-26,10000002,193,64,64,64,3116310,134
2017-11-26,10000002,194,14.69,14.69,14.69,56602,64
2017-11-26,10000002,195,17.34,17.34,17.34,31653,42
2017-11-26,10000002,196,34,34,34,532099,53
2017-11-26,10000002,197,186.52,186.52,186.52,1401388,75
2017-11-26,10000002,198,184.26,184.26,184.26,715763,84
2017-11-26,10000002,199,197.42,197.42,197.42,3990305,96
2017-11-26,10000002,200,252.18,252.18,252.18,2617906,84
2017-11-26,10000002,201,211.97,199.99,213.96,3143411,98
2017-11-26,10000002,202,273.76,273.7,273.78,1548572,165
2017-11-26,10000002,203,211.99,194.8,219,1627907,178
2017-11-26,10000002,204,208.88,208.88,208.88,1781897,165
2017-11-26,10000002,205,204.9,155.3,204.97,567697,127
2017-11-26,10000002,206,25.3,17.04,25.4,633065,244
2017-11-26,10000002,207,50.5,50.39,50.52,1293761,277
2017-11-26,10000002,208,82.94,82.9,83.56,7681113,305
2017-11-26,10000002,209,48.5,48.5,48.5,3810858,395
2017-11-26,10000002,210,13,12.4,15.3,11217643,511
2017-11-26,10000002,211,19.3,16.56,19.44,2666159,399
2017-11-26,10000002,212,26.1,25.48,26.1,5692549,376
2017-11-26,10000002,213,18.62,15.05,18.65,2367015,327
2017-11-26,10000002,215,4.37,4.37,4.37,2003490,369
2017-11-26,10000002,216,2.1,2.06,6.89,333101,305
2017-11-26,10000002,217,7.77,6.33,7.77,726411,326
2017-11-26,10000002,218,7.49,7.49,7.5,636879,305
2017-11-26,10000002,219,8.41,8.41,8.41,558186,281
2017-11-26,10000002,220,7.47,7.47,7.47,399483,316
2017-11-26,10000002,221,11.99,11.99,11.99,1253800,291
2017-11-26,10000002,222,20.95,20.94,22,6738971,849
2017-11-26,10000002,223,24.66,21.08,24.7,1460706,214
2017-11-26,10000002,224,30.89,30.89,30.89,265394,177
2017-11-26,10000002,225,34.43,34.43,46.55,7435906,216
2017-11-26,10000002,226,35.48,35.47,35.49,401745,176
2017-11-26,10000002,227,63.35,63.35,63.35,588293,182
2017-11-26,10000002,228,50,38.91,59.79,713380,196
2017-11-26,10000002,229,25.38,25.38,25.38,807958,175
2017-11-26,10000002,230,61.87,61,61.92,3506279,384
2017-11-26,10000002,231,18.79,18.79,18.79,261911,91
2017-11-26,10000002,232,38.43,38.43,38.43,555315,90
2017-11-26,10000002,233,21.64,21.64,21.67,135230,101
2017-11-26,10000002,234,23.19,23.19,23.19,240629,93
2017-11-26,10000002,235,46.38,46.38,46.38,509142,77
2017-11-26,10000002,236,71.62,71.62,71.62,2161550,91
2017-11-26,10000002,237,66.41,66.41,66.41,170086,78
2017-11-26,10000002,238,168.98,165.25,169,673300,137
2017-11-26,10000002,239,2894.99,2894.99,2894.99,681,133
2017-11-26,10000002,240,368.99,368.99,368.99,332,129
2017-11-26,10000002,241,231.62,231.62,231.62,1818,125
2017-11-26,10000002,242,1099.99,1099.99,1099.99,714,131
2017-11-26,10000002,243,286.78,286.78,286.78,722,105
2017-11-26,10000002,244,718.1,718.06,718.11,257,110
2017-11-26,10000002,245,989.98,519.87,1000,658,126
2017-11-26,10000002,246,4225.88,1824.17,4266.87,965,190
2017-11-26,10000002,247,3101.7,3101.45,19996,422,87
2017-11-26,10000002,248,420.24,420.22,420.24,253,83
2017-11-26,10000002,249,2097.2,2097.2,2097.2,527,70
2017-11-26,10000002,250,6499.62,3650.09,6499.98,685,96
2017-11-26,10000002,251,532.16,532.06,1786.89,288,70
2017-11-26,10000002,252,1902.29,1902.28,1902.3,220,74
2017-11-26,10000002,253,3312.19,3312.19,3312.19,539,90
2017-11-26,10000002,254,6012.7,6012.7,6012.7,2715,125
2017-11-26,10000002,255,30225.64,30225.64,30225.64,1417,61
2017-11-26,10000002,256,17500.19,17500.19,17500.19,237,53
2017-11-26,10000002,257,4007.22,4007.1,4007.39,407,50
2017-11-26,10000002,258,3225.43,3222.3,17999.97,437,56
2017-11-26,10000002,259,10615.73,10615.73,10615.76,341,54
2017-11-26,10000002,260,31100,31100,31100,2103,51
2017-11-26,10000002,261,27501.23,27501.23,27501.23,490,57
2017-11-26,10000002,262,65203.96,65200.55,65205.01,685,73
2017-11-26,10000002,263,100,100,100,81578,46
2017-11-26,10000002,264,639.92,639.92,639.92,18254,47
2017-11-26,10000002,266,7.15,7.15,7.15,2186692,269
2017-11-26,10000002,267,146.71,146.71,146.71,829409,107
2017-11-26,10000002,269,12.11,12.11,12.11,148802,133
2017-11-26,10000002,377,7989.99,7989.99,7989.99,585,187
2017-11-26,10000002,380,469985,430000.07,469987,643,305
2017-11-26,10000002,393,8853.6,6000,9047.88,74,39
2017-11-26,10000002,394,183898.87,165000,183898.88,266,113
2017-11-26,10000002,399,11500,8809.64,11500,218,138
2017-11-26,10000002,400,276713.45,212217.87,276718,255,137
2017-11-26,10000002,421,13410571.39,11936999.98,13999999.95,7,6
2017-11-26,10000002,434,51999.86,51886.98,51999.98,1108,340
2017-11-26,10000002,438,2737836.16,2737836.16,2737836.16,1142,465
2017-11-26,10000002,439,11990,7130.01,12999.98,1061,344
2017-11-26,10000002,440,4582099,4500000,4582125.97,741,397
2017-11-26,10000002,442,13999.99,13999.99,14000,160,98
2017-11-26,10000002,443,17000,17000,17000,135,18
2017-11-26,10000002,444,4769.95,4769.95,4769.95,409,93
2017-11-26,10000002,447,61999.99,61999.99,62000,1742,86
2017-11-26,10000002,448,1779663,1779596.38,1779668,2670,1263
2017-11-26,10000002,450,6986.02,1250,8877.96,81,13
2017-11-26,10000002,451,9140.9,504.51,13190,43,20
2017-11-26,10000002,452,10999.98,2105,13000,104,29
2017-11-26,10000002,453,17391.71,3250,27997.99,14,9
2017-11-26,10000002,454,39823.6,9270,99795,82,20
2017-11-26,10000002,455,20000,20000,20000,3,1
2017-11-26,10000002,456,66450.6,65001.21,67899.99,2,2
2017-11-26,10000002,457,115500,99000,165000,20,9
2017-11-26,10000002,458,180000.34,105020.7,184998.98,32,7
2017-11-26,10000002,459,170001.37,66004.16,175000,35,11
2017-11-26,10000002,460,301537.86,162001.02,318979.96,9,3
2017-11-26,10000002,461,429571.55,292001,452499.98,7,4
2017-11-26,10000002,462,1134243.6,1099989,1700000,33,16
2017-11-26,10000002,464,356901.6,356901.6,356901.6,4,1
2017-11-26,10000002,482,1000995.97,1000995,1000996.95,638,208
2017-11-26,10000002,483,13999,10001.13,17877.98,686,189
2017-11-26,10000002,484,7779,7779,7779,1169,57
2017-11-26,10000002,485,17773.83,17773.83,17773.83,261,12
2017-11-26,10000002,486,16999.47,16999.47,16999.47,1312,32
2017-11-26,10000002,487,7991.48,4032.37,26987.48,93,9
2017-11-26,10000002,488,39989.96,39989.96,39989.96,2756,39
2017-11-26,10000002,489,14246.15,7777.06,36887.95,18,5
2017-11-26,10000002,490,92636.92,85026.01,99000,48,8
2017-11-26,10000002,491,209497.96,209497.96,209497.96,190,13
2017-11-26,10000002,492,150761.96,86001.2,154000,21,2
2017-11-26,10000002,493,175000.27,175000.27,175000.27,146,13
2017-11-26,10000002,494,126000.62,126000.62,126000.62,1,1
2017-11-26,10000002,496,814756.95,814756.88,814757.16,19,3
2017-11-26,10000002,497,1250000.04,1250000.04,1250000.04,1,1
2017-11-26,10000002,499,6998.87,6998.87,6998.99,1138,168
2017-11-26,10000002,501,56887.98,56887.98,56887.98,389,45
2017-11-26,10000002,503,51106.38,45000,59986.91,36,8
2017-11-26,10000002,506,1160000.88,550001.1,3599999.99,5,3
2017-11-26,10000002,508,125001,125001,125001,2,1
2017-11-26,10000002,509,3830308.73,2020123.17,6545587.07,5,4
2017-11-26,10000002,518,2988000,2988000,2988000,2,1
2017-11-26,10000002,519,1194494.39,1103006.11,1194606.98,3537,752
2017-11-26,10000002,520,40000,40000,40000,1124,60
2017-11-26,10000002,521,3133496.62,1400507.05,3999991.41,3,3
2017-11-26,10000002,522,2829001.74,770004.01,8995999.93,4,4
2017-11-26,10000002,523,10487.99,5850.01,10488,174,85
2017-11-26,10000002,524,22983.95,9500.01,44998.69,31,18
2017-11-26,10000002,526,48579.94,48488.81,48579.95,356,126
2017-11-26,10000002,527,1003399.98,961000,1003708.11,2437,732
2017-11-26,10000002,529,16947.77,16947.77,16947.77,9,2
2017-11-26,10000002,530,17058.43,2575,19900,49,25
2017-11-26,10000002,533,49999.98,49999.98,49999.98,303,26
2017-11-26,10000002,561,5999.94,5999.94,5999.94,938,100
2017-11-26,10000002,562,11977.89,4000.03,18997.89,172,63
2017-11-26,10000002,563,20666,20600,25000,101,40
2017-11-26,10000002,564,29794.99,29789.99,29800,1784,98
2017-11-26,10000002,565,38946.98,29900,38999.99,514,103
2017-11-26,10000002,566,126495.63,126495.63,126495.63,115,13
2017-11-26,10000002,567,31883.67,11050.12,40997.99,23,11
2017-11-26,10000002,568,234998.98,229999.99,238550.63,201,25
2017-11-26,10000002,569,184000,184000,184000,190,12
2017-11-26,10000002,570,310000,259999,327999.95,153,30
2017-11-26,10000002,573,1632200.78,1632200.78,1632200.78,635,16
2017-11-26,10000002,574,1019739.13,947645.87,1199972.28,7,3
2017-11-26,10000002,577,41359.02,10000.46,49000,39,26
2017-11-26,10000002,578,79010.04,79009.93,94990,1115,428
2017-11-26,10000002,580,31650.02,19301.59,43998.73,12,9
2017-11-26,10000002,581,34822.77,33998.91,75000,34,10
2017-11-26,10000002,582,199764.3,51000.02,201001,81,53
2017-11-26,10000002,583,334990,325002.15,334991,263,144
2017-11-26,10000002,584,388998.89,371000.22,398999.95,213,59
2017-11-26,10000002,585,390000,390000,390000,388,71
2017-11-26,10000002,586,440426.82,298078.7,466365.77,46,39
2017-11-26,10000002,587,361450,361449.98,361500,154,80
2017-11-26,10000002,588,28744.87,116.13,32000,33,30
2017-11-26,10000002,589,379998.99,379998.99,379999.97,226,60
2017-11-26,10000002,590,417593.64,400000,418989.95,68,18
2017-11-26,10000002,591,485748,446022.61,489999.83,63,17
2017-11-26,10000002,592,235400.07,210001.03,244998.97,47,24
2017-11-26,10000002,593,466432.91,466432.9,467432.93,358,139
2017-11-26,10000002,594,479996.59,479995.99,499997.98,238,76
2017-11-26,10000002,596,29808.44,10000,32000.05,47,45
2017-11-26,10000002,597,400003.34,400003.34,400003.34,668,53
2017-11-26,10000002,598,427662.63,349000.03,430000,92,27
2017-11-26,10000002,599,356139.96,108060.82,364999.93,58,12
2017-11-26,10000002,601,40000,40000,89996.41,2156,166
2017-11-26,10000002,602,389998.98,389998.69,389999.98,232,131
2017-11-26,10000002,603,360000,360000,360000,315,171
2017-11-26,10000002,605,444444.44,428000,444999.98,295,222
2017-11-26,10000002,606,30000,30000,30000,102,81
2017-11-26,10000002,607,472999.71,464999.99,472999.71,305,146
2017-11-26,10000002,608,389998.95,389998,389998.96,214,112
2017-11-26,10000002,609,372989.03,372989.03,372989.03,115,34
2017-11-26,10000002,615,654952001.45,502428002.67,959999999,3,3
2017-11-26,10000002,620,8288156.29,8288156.29,8288156.29,143,45
2017-11-26,10000002,621,9338998.99,8437457.01,9339997.9,297,184
2017-11-26,10000002,622,9399999.98,9299999.99,9399999.99,105,53
2017-11-26,10000002,623,9595973.95,9595973.95,9595975.7,113,82
2017-11-26,10000002,624,9327159.19,8659559.69,9490211.29,76,45
2017-11-26,10000002,625,7271359.5,6500000.06,7399996.29,79,20
2017-11-26,10000002,626,9499333.99,9489335.84,9499335.96,198,113
2017-11-26,10000002,627,9099000,9033955.5,9299999.98,111,73
2017-11-26,10000002,628,7772302.64,7700300.1,7993753,50,33
2017-11-26,10000002,629,9002868.89,8202123.06,9189998.99,58,40
2017-11-26,10000002,630,7840010.34,7600000.03,7889999.71,41,22
2017-11-26,10000002,631,7415093.72,7000000,7582551.07,73,26
2017-11-26,10000002,632,8190291.03,7888837.99,8599992.22,82,39
2017-11-26,10000002,633,7771426.62,7200000,7900000,21,11
2017-11-26,10000002,634,7293519.44,6908900.05,7494638.59,44,31
2017-11-26,10000002,638,152211705.97,146000000.06,155999972.49,66,63
2017-11-26,10000002,639,150850875.48,143510000.48,151799842.85,20,18
2017-11-26,10000002,640,144812146.23,135099199.01,153899993.77,16,13
2017-11-26,10000002,641,149771451.56,142004012.62,151999996.98,42,40
2017-11-26,10000002,642,156199902.8,152999999.97,174999000,10,10
2017-11-26,10000002,643,173702191.45,172999992,175994399,32,30
2017-11-26,10000002,644,149543747.29,130210000.19,155999994.93,24,21
2017-11-26,10000002,645,157583442.34,146100021.81,160999789.66,69,65
2017-11-26,10000002,648,511111,505000,684999.99,107,98
2017-11-26,10000002,649,1277999.99,1277999.95,1278499.99,125,109
2017-11-26,10000002,650,1158271.59,887016.89,1298894.19,80,60
2017-11-26,10000002,651,1779824.43,800009.33,1999999.92,17,12
2017-11-26,10000002,652,1515418.99,1401000.04,1689997.98,31,28
2017-11-26,10000002,653,927026.3,550000.14,972995,33,29
2017-11-26,10000002,654,1116430.58,806161.98,1249866.47,30,29
2017-11-26,10000002,655,1144722.19,1010012.56,1169985.97,93,66
2017-11-26,10000002,656,1209549.3,1000002.59,1322999.99,62,47
2017-11-26,10000002,657,1449877.84,1448000,1449877.85,129,111
2017-11-26,10000002,672,10750.17,10750.17,12494.78,408,228
2017-11-26,10000002,683,2550000,2550000,2550000,38,8
2017-11-26,10000002,684,2150000,2150000,2150000,8,8
2017-11-26,10000002,685,2350000,2349999.98,2350000,6,6
2017-11-26,10000002,686,80500000,80499999.98,80500000,6,5
2017-11-26,10000002,687,82500000,82500000,82500000,10,7
2017-11-26,10000002,689,2140500,2100000,2288000,94,26
2017-11-26,10000002,690,2993800,2990000,2999500,5,5
2017-11-26,10000002,691,2999925,2999888,2999999,6,6
2017-11-26,10000002,692,89999967.74,89999965,89999975.97,4,4
2017-11-26,10000002,785,92720,92720,92720,11,7
2017-11-26,10000002,786,51571.43,1000,60000,7,7
2017-11-26,10000002,788,337055.15,333333,355665.9,6,6
2017-11-26,10000002,790,999960,999960,999960,4,4
2017-11-26,10000002,803,5000000,5000000,5000000,8,8
2017-11-26,10000002,804,3071428.57,3000000,4000000,14,14
2017-11-26,10000002,805,4000000,4000000,4000000,10,10
2017-11-26,10000002,806,2636363.63,2500000,4000000,11,11
2017-11-26,10000002,807,699999.99,699999.98,700000,7,7
2017-11-26,10000002,808,900000,900000,900000,11,11
2017-11-26,10000002,809,798913.07,775000.66,800000,23,13
2017-11-26,10000002,810,750000,749999.98,750000,15,15
2017-11-26,10000002,811,131538.46,70000,150000,39,31
2017-11-26,10000002,812,160000,160000,160000,19,19
2017-11-26,10000002,813,180000,179999.98,180000,15,15
2017-11-26,10000002,814,140000,139999.98,140000,11,10
2017-11-26,10000002,819,45090.91,20000,66000,11,6
2017-11-26,10000002,820,65625,60000,75000,8,6
2017-11-26,10000002,821,122666.65,89999.98,188000,3,3
2017-11-26,10000002,822,131543,131543,131543,2,2
2017-11-26,10000002,823,173703.5,170000,200000,8,8
2017-11-26,10000002,825,799999.5,600000,999999,2,2
2017-11-26,10000002,826,938200,937000,940000,5,5
2017-11-26,10000002,827,1249999.91,1249999.91,1249999.91,1,1
2017-11-26,10000002,828,1659506,1658764.99,1660000,5,5
2017-11-26,10000002,831,9299555,9299555,9299555,2,2
2017-11-26,10000002,833,17500000,17000000,18000000,2,2
2017-11-26,10000002,835,140000,140000,140000,2,2
2017-11-26,10000002,836,122000,122000,122000,2,2
2017-11-26,10000002,837,159555,159555,159555,2,2
2017-11-26,10000002,838,158555,158555,158555,1,1
2017-11-26,10000002,839,777000,777000,777000,1,1
2017-11-26,10000002,840,979999.99,979999.98,980000,3,3
2017-11-26,10000002,841,1599999.99,1599999.97,1600000,2,2
2017-11-26,10000002,842,1238300,1238300,1238300,3,3
2017-11-26,10000002,843,5000000,5000000,5000000,1,1
2017-11-26,10000002,845,4071429.4,4000000,4100001.16,7,2
2017-11-26,10000002,846,9298555,9298555,9298555,3,3
2017-11-26,10000002,848,15920000,15920000,15920000,1,1
2017-11-26,10000002,879,20000,20000,20000,5,5
2017-11-26,10000002,880,147499.75,30000,499998.99,4,4
2017-11-26,10000002,881,154999.73,40000,499998.9,4,4
2017-11-26,10000002,882,99997.5,50000,249990,4,4
2017-11-26,10000002,883,68666.67,60000,99000,9,5
2017-11-26,10000002,884,84520.33,70000,99000,6,6
2017-11-26,10000002,885,309999.75,80000,999999,4,4
2017-11-26,10000002,886,108666.67,100000,140000,15,9
2017-11-26,10000002,887,80000,80000,80000,5,5
2017-11-26,10000002,888,179998.69,179995,179999.92,4,4
2017-11-26,10000002,889,165000,165000,165000,6,6
2017-11-26,10000002,890,557867.98,557867.98,557867.98,5,5
2017-11-26,10000002,891,250000,235000,300000,13,9
2017-11-26,10000002,892,286158.81,286155,286185.45,16,7
2017-11-26,10000002,893,325000,325000,325000,15,6
2017-11-26,10000002,894,2339391.99,600000,3498989.98,5,4
2017-11-26,10000002,895,858079.74,856632.7,858803.26,3,3
2017-11-26,10000002,896,987943.67,987943.67,987943.67,2,2
2017-11-26,10000002,897,737976.78,737976.78,737976.78,2,2
2017-11-26,10000002,898,934190.84,300000,1145387.66,4,4
2017-11-26,10000002,899,1019980.91,300000.02,1379971.36,3,3
2017-11-26,10000002,900,614599.98,100000,749999.97,5,5
2017-11-26,10000002,901,1393326.66,1389989.98,1400000.01,3,3
2017-11-26,10000002,902,2262835.82,100000,2983781,4,4
2017-11-26,10000002,936,3150000,3150000,3150000,8,3
2017-11-26,10000002,937,2670000,2669999.98,2670000,6,2
2017-11-26,10000002,938,2990000,2990000,2990000,4,3
2017-11-26,10000002,939,2399999.98,2399999.98,2399999.98,2,2
2017-11-26,10000002,940,3280833.33,3280000,3290000,12,8
2017-11-26,10000002,941,3100000,3100000,3100000,5,5
2017-11-26,10000002,944,3039991.8,2974990,3299998.99,5,4
2017-11-26,10000002,945,2815000,2800000,2890000,84,16
2017-11-26,10000002,946,2437499.13,2399999,2700000,8,4
2017-11-26,10000002,949,2850000,2850000,2850000,13,8
2017-11-26,10000002,950,2850000,2850000,2850000,6,5
2017-11-26,10000002,952,2750000,2750000,2750000,20,16
2017-11-26,10000002,954,3307000,3300000,3370000,10,10
2017-11-26,10000002,955,2200000.25,2199999.99,2200000.4,8,8
2017-11-26,10000002,956,3020000,3020000,3020000,3,3
2017-11-26,10000002,967,50000,50000,50000,21,21
2017-11-26,10000002,968,83499999.93,83499999.8,83500000,3,3
2017-11-26,10000002,969,87999951.59,87999951.54,87999951.64,2,2
2017-11-26,10000002,970,87992664.58,87992664.58,87992664.58,2,2
2017-11-26,10000002,971,88999963,88999950,88999965,7,7
2017-11-26,10000002,972,89999970.68,89999970.11,89999970.9,4,4
2017-11-26,10000002,973,87892588.34,87892588.34,87892588.34,1,1
2017-11-26,10000002,974,87096875.93,87096874.72,87096876,4,4
2017-11-26,10000002,975,84714257.13,83999999.95,84999960,7,6
2017-11-26,10000002,976,99998994.11,99998994.06,99998994.16,2,2
2017-11-26,10000002,977,81500000,81500000,81500000,3,3
2017-11-26,10000002,978,88789434.75,88789434.75,88789434.75,2,2
2017-11-26,10000002,979,88998928.42,88998927.25,88998929,3,3
2017-11-26,10000002,983,3487500,3487500,3487500,3,3
2017-11-26,10000002,984,7425000,7424999.98,7425000,7,7
2017-11-26,10000002,985,3198110,3198109.98,3198110,7,7
2017-11-26,10000002,986,4800000,4800000,4800000,5,5
2017-11-26,10000002,987,9680000,9680000,9680000,5,5
2017-11-26,10000002,988,3333999.98,3333999.98,3333999.98,3,3
2017-11-26,10000002,989,4600000,4600000,4600000,10,10
2017-11-26,10000002,990,6990000,6990000,6990000,15,15
2017-11-26,10000002,991,6159091.09,2750002,6500000,11,11
2017-11-26,10000002,992,11999000,11998999.98,11999000,10,10
2017-11-26,10000002,1010,49920,49920,49920,14,13
2017-11-26,10000002,1026,87360,87360,87360,3,2
2017-11-26,10000002,1032,91160,91160,91160,2,2
2017-11-26,10000002,1067,385300,316360,730000,12,9
2017-11-26,10000002,1072,67000,67000,67000,7,7
2017-11-26,10000002,1074,16943.18,1000,17000,88,6
2017-11-26,10000002,1075,19880,19840,20000,4,4
2017-11-26,10000002,1076,65250,30000,77000,8,8
2017-11-26,10000002,1079,394240,394240,394240,4,4
2017-11-26,10000002,1096,463222.22,463000,465000,9,5
2017-11-26,10000002,1099,300000,300000,300000,3,3
2017-11-26,10000002,1100,499980,499980,499980,1,1
2017-11-26,10000002,1102,224880,224880,224880,6,6
2017-11-26,10000002,1106,460032,395040,720000,5,5
2017-11-26,10000002,1109,366399.83,199680,1199999,6,6
2017-11-26,10000002,1112,20000,20000,20000,1,1
2017-11-26,10000002,1113,120000,60000,150000,3,3
2017-11-26,10000002,1114,139500,90000,189000,2,2
2017-11-26,10000002,1115,240000,240000,240000,4,4
2017-11-26,10000002,1116,150000,150000,150000,4,4
2017-11-26,10000002,1117,600000,600000,600000,2,2
2017-11-26,10000002,1119,1200000,1200000,1200000,2,2
2017-11-26,10000002,1120,900000,899999.98,900000,43,43
2017-11-26,10000002,1121,1500000,1500000,1500000,45,45
2017-11-26,10000002,1122,6000000,6000000,6000000,1,1
2017-11-26,10000002,1126,9000000,9000000,9000000,1,1
2017-11-26,10000002,1128,694206.63,281240,3997939.75,9,8
2017-11-26,10000002,1129,999999,999999,999999,16,15
2017-11-26,10000002,1130,20000,20000,20000,10,10
2017-11-26,10000002,1131,30000,30000,30000,9,8
2017-11-26,10000002,1132,36454.55,1000,40000,11,11
2017-11-26,10000002,1133,49999.99,49999.98,50000,5,5
2017-11-26,10000002,1134,60000,60000,60000,8,7
2017-11-26,10000002,1135,70000,70000,70000,5,5
2017-11-26,10000002,1136,80000,80000,80000,6,6
2017-11-26,10000002,1137,100000,99999.98,100000,31,29
2017-11-26,10000002,1138,80000,80000,80000,7,7
2017-11-26,10000002,1139,110000,110000,110000,4,4
2017-11-26,10000002,1140,150000,150000,150000,5,5
2017-11-26,10000002,1141,175000,174999.98,175000,5,5
2017-11-26,10000002,1142,225000,225000,225000,8,8
2017-11-26,10000002,1143,275000,275000,275000,6,6
2017-11-26,10000002,1144,325000,325000,325000,6,6
2017-11-26,10000002,1145,400000,400000,400000,17,17
2017-11-26,10000002,1146,199999.99,199999.98,200000,3,3
2017-11-26,10000002,1147,300000,300000,300000,3,3
2017-11-26,10000002,1148,399999.99,399999.98,400000,3,3
2017-11-26,10000002,1149,500000,500000,500000,3,3
2017-11-26,10000002,1150,600000,600000,600000,4,4
2017-11-26,10000002,1151,700000,699999.98,700000,5,5
2017-11-26,10000002,1152,800000,800000,800000,7,7
2017-11-26,10000002,1153,1000000,999999.98,1000000,10,10
2017-11-26,10000002,1154,30941.18,1000,49000,17,6
2017-11-26,10000002,1155,19250,1000,28000,4,4
2017-11-26,10000002,1156,15333.33,10000,18000,3,3
2017-11-26,10000002,1157,12500,12500,12500,3,3
2017-11-26,10000002,1158,55000,55000,55000,3,3
2017-11-26,10000002,1159,212400,2000,220000,5,5
2017-11-26,10000002,1160,37000,35000,38000,3,3
2017-11-26,10000002,1161,280000,280000,280000,4,4
2017-11-26,10000002,1162,320000,320000,320000,2,2
2017-11-26,10000002,1163,213000,213000,213000,2,2
2017-11-26,10000002,1164,180000,180000,180000,2,2
2017-11-26,10000002,1165,125000,125000,125000,2,2
2017-11-26,10000002,1166,190000,190000,190000,3,3
2017-11-26,10000002,1167,444000,444000,444000,2,2
2017-11-26,10000002,1168,444000,444000,444000,3,3
2017-11-26,10000002,1169,552000,552000,552000,3,3
2017-11-26,10000002,1170,3333000,3333000,3333000,4,4
2017-11-26,10000002,1171,2100000,2100000,2100000,3,3
2017-11-26,10000002,1172,1400000,1400000,1400000,3,3
2017-11-26,10000002,1173,1250000,1250000,1250000,2,2
2017-11-26,10000002,1174,1620000,1620000,1620000,4,4
2017-11-26,10000002,1175,2930000,2930000,2930000,4,4
2017-11-26,10000002,1176,3700000,3700000,3700000,4,4
2017-11-26,10000002,1177,4550000,4550000,4550000,4,4
2017-11-26,10000002,1178,220000,100000,340000,4,4
2017-11-26,10000002,1179,250000,250000,250000,4,3
2017-11-26,10000002,1182,18994.63,18994.63,18994.63,602,137
2017-11-26,10000002,1183,517999.98,517999.97,518044.4,515,282
2017-11-26,10000002,1185,17634.97,17634.97,17634.97,104,34
2017-11-26,10000002,1192,210001.09,210001.09,210001.09,8,3
2017-11-26,10000002,1195,33851.88,33851.88,33851.88,675,94
2017-11-26,10000002,1196,444000,444000,444000,1,1
2017-11-26,10000002,1197,0.02,0.02,0.02,1,1
2017-11-26,10000002,1198,228420.26,110036.78,559894.12,19,8
2017-11-26,10000002,1201,58000.54,58000.52,66999.24,3709,173
2017-11-26,10000002,1202,2649.83,2649.83,2649.83,12,3
2017-11-26,10000002,1204,499999.5,499999,500000,2,2
2017-11-26,10000002,1208,41352,29440,89000,5,5
2017-11-26,10000002,1210,416640,416640,416640,2,2
2017-11-26,10000002,1212,7731664.11,7731664.11,7731664.11,1,1
2017-11-26,10000002,1214,5000000,5000000,5000000,8,8
2017-11-26,10000002,1216,180000,180000,180000,6,6
2017-11-26,10000002,1218,1498600,1498600,1498600,1,1
2017-11-26,10000002,1220,45000,45000,45000,8,8
2017-11-26,10000002,1221,9000000,9000000,9000000,3,3
2017-11-26,10000002,1223,4651.2,4651.2,4651.2,20966,16
2017-11-26,10000002,1224,45.1,45.1,45.13,28712416,157
2017-11-26,10000002,1225,3545.1,3545.1,3545.1,420,8
2017-11-26,10000002,1226,313.39,313.39,313.39,76258,32
2017-11-26,10000002,1227,107.99,85.99,114.96,1049905,78
2017-11-26,10000002,1228,18.36,18.36,18.36,9418934,192
2017-11-26,10000002,1229,1505.05,1505.05,1505.05,11092,15
2017-11-26,10000002,1230,14.64,14.64,14.64,41553959,356
2017-11-26,10000002,1231,613,520.42,615,42747,22
2017-11-26,10000002,1232,1020.04,1020.04,1020.04,1017,8
2017-11-26,10000002,1236,734899.97,690002.03,734999.99,1222,430
2017-11-26,10000002,1240,11999998.95,11999998.95,11999998.95,6,3
2017-11-26,10000002,1242,504666.16,414666.66,534665.99,4,2
2017-11-26,10000002,1244,19999.94,8126.01,19999.95,436,130
2017-11-26,10000002,1245,279984,249980,400000,5,5
2017-11-26,10000002,1246,11756.25,7800.02,25000,60,31
2017-11-26,10000002,1247,41600,41600,41600,4,4
2017-11-26,10000002,1248,733987.71,729999.99,733987.73,694,220
2017-11-26,10000002,1254,6509.86,575,7499,7,6
2017-11-26,10000002,1255,41600,41600,41600,1,1
2017-11-26,10000002,1256,565999.94,450000,613999.89,38,23
2017-11-26,10000002,1264,24999,24999,24999,6,4
2017-11-26,10000002,1265,50580,49740,51420,2,2
2017-11-26,10000002,1266,134198.75,100004.81,147997.97,60,29
2017-11-26,10000002,1274,7825.47,308.1,37999,10,9
2017-11-26,10000002,1275,1199999.78,1199999.78,1199999.78,1,1
2017-11-26,10000002,1276,659998.92,100004.77,939995.3,21,10
2017-11-26,10000002,1284,4999.99,4999.99,4999.99,3,2
2017-11-26,10000002,1285,1779488,1779488,1779488,1,1
2017-11-26,10000002,1286,66690.63,50026.77,200000,39,9
2017-11-26,10000002,1294,39998,39998,39998,2,1
2017-11-26,10000002,1295,895266.06,893998.17,895900,3,3
2017-11-26,10000002,1296,42671.52,15008.66,97997.99,27,16
2017-11-26,10000002,1304,14999.91,14999.91,14999.91,101,35
2017-11-26,10000002,1305,116120,74680,199000,6,6
2017-11-26,10000002,1306,279998.99,279996.99,280000,1198,347
2017-11-26,10000002,1315,788978.09,100200,999999.99,18,7
2017-11-26,10000002,1317,1968.97,1968.97,1968.97,6699,233
2017-11-26,10000002,1318,678320,16640,2000000,6,6
2017-11-26,10000002,1319,500160.1,450956.12,500181.86,5886,982
2017-11-26,10000002,1333,37721.34,18757.66,39998.91,17,10
2017-11-26,10000002,1334,125000,125000,125000,3,3
2017-11-26,10000002,1335,322636.37,322636.35,322636.37,1526,327
2017-11-26,10000002,1351,657002.16,657002.14,657002.17,2,2
2017-11-26,10000002,1353,5109.75,1002.65,6498,60,40
2017-11-26,10000002,1354,99200,99200,99200,5,4
2017-11-26,10000002,1355,703999,703999,703999,649,207
2017-11-26,10000002,1401,2782666.33,11000.24,4999999,9,5
2017-11-26,10000002,1403,35999.98,25000,36411.98,403,172
2017-11-26,10000002,1404,54380,54380,54380,7,6
2017-11-26,10000002,1405,529658.65,528999,529658.68,5884,1436
2017-11-26,10000002,1419,7999089.93,7999089.93,7999089.93,1,1
2017-11-26,10000002,1422,741495,741492.97,741499,794,213
2017-11-26,10000002,1436,1329991,1000040.83,1329992,106,75
2017-11-26,10000002,1445,8999.73,8999.73,8999.73,489,65
2017-11-26,10000002,1446,97440,97440,97440,4,4
2017-11-26,10000002,1447,641986,641899.02,641998,2362,325
2017-11-26,10000002,1537,4917666.66,253000.04,7249999.97,3,2
2017-11-26,10000002,1539,8853.96,8853.96,8853.96,1385,70
2017-11-26,10000002,1540,99200,99200,99200,5,5
2017-11-26,10000002,1541,1099996.99,1050001,1099997,1824,411
2017-11-26,10000002,1547,42602.88,20102.89,50102.87,8,8
2017-11-26,10000002,1548,1000000,1000000,1000000,1,1
2017-11-26,10000002,1549,426999.94,399999.99,429999.93,10,4
2017-11-26,10000002,1551,29066.88,20000.32,71900,6,6
2017-11-26,10000002,1553,499999,499999,499999,72,7
2017-11-26,10000002,1557,99998.9,99998.9,99998.9,13,1
2017-11-26,10000002,1559,1200000.08,1100000.07,1999999,154,12
2017-11-26,10000002,1563,36830.6,10000.2,99969.33,13,9
2017-11-26,10000002,1565,881411.83,250000.9,997885,26,13
2017-11-26,10000002,1800,49000029.67,49000029.67,49000029.67,1,1
2017-11-26,10000002,1808,54999.99,54999.98,64996.99,268,101
2017-11-26,10000002,1809,380000,380000,380000,3,3
2017-11-26,10000002,1810,19.95,19.95,19.99,1068490,219
2017-11-26,10000002,1811,150000,149999.98,150000,10,10
2017-11-26,10000002,1814,1.68,1.68,1.68,57173,135
2017-11-26,10000002,1815,140000,140000,140000,4,4
2017-11-26,10000002,1816,26.98,26.98,26.98,199969,134
2017-11-26,10000002,1817,160000,160000,160000,9,9
2017-11-26,10000002,1818,72.97,72.97,72.97,3754874,189
2017-11-26,10000002,1819,750000,750000,750000,6,6
2017-11-26,10000002,1820,49.88,49,49.89,117337,145
2017-11-26,10000002,1821,900000,900000,900000,3,3
2017-11-26,10000002,1822,6.64,6.61,13.42,53479,142
2017-11-26,10000002,1823,700000,700000,700000,2,2
2017-11-26,10000002,1824,44.42,44.42,44.42,1074230,158
2017-11-26,10000002,1825,800000,800000,800000,5,5
2017-11-26,10000002,1826,258.98,258.98,258.98,2463734,92
2017-11-26,10000002,1827,3000000,3000000,3000000,5,5
2017-11-26,10000002,1828,153.15,152.76,331.88,70300,80
2017-11-26,10000002,1829,5000000,5000000,5000000,5,5
2017-11-26,10000002,1830,125.65,125.61,125.79,43726,76
2017-11-26,10000002,1831,2500000,2500000,2500000,2,2
2017-11-26,10000002,1832,141.09,140.93,199.77,66972,85
2017-11-26,10000002,1833,4000000,4000000,4000000,3,3
2017-11-26,10000002,1855,946501.51,410021.66,1185649.88,93,68
2017-11-26,10000002,1875,14499.98,14499.98,14499.98,415,40
2017-11-26,10000002,1876,90000,90000,90000,8,8
2017-11-26,10000002,1877,1169882.89,1057165.06,1169882.99,3305,404
2017-11-26,10000002,1893,3249988.4,3249988.4,3249988.4,3,2
2017-11-26,10000002,1944,1310639.56,1099999.06,1397995,64,53
2017-11-26,10000002,1945,6047961.67,6022000,6099885,3,3
2017-11-26,10000002,1948,86582,86582,86582,266,12
2017-11-26,10000002,1949,15731.44,0.01,18353.35,7,3
2017-11-26,10000002,1951,832336.13,501004.2,1495000,3,3
2017-11-26,10000002,1952,1294770.89,1294674,1294774.89,3062,622
2017-11-26,10000002,1955,52110.75,52110.75,52110.75,1211,16
2017-11-26,10000002,1956,56122,5900.21,63999.93,59,11
2017-11-26,10000002,1957,20880.91,20880.91,20880.91,162,28
2017-11-26,10000002,1958,15924.83,10001.08,26999.68,66,10
2017-11-26,10000002,1963,72822.01,8002.22,98749.93,7,4
2017-11-26,10000002,1964,1485000,1001008.02,1486000,110,36
2017-11-26,10000002,1968,51268.61,2000,69998,69,12
2017-11-26,10000002,1969,1698998,1698998,1698998,367,83
2017-11-26,10000002,1973,19500,19500,19500,502,71
2017-11-26,10000002,1977,13453.72,12989.99,15999.95,89,70
2017-11-26,10000002,1978,1316887.3,1300000,1316962,1002,331
2017-11-26,10000002,1986,33888.88,10011,50000,103,25
2017-11-26,10000002,1987,991993.99,900000,991994,487,125
2017-11-26,10000002,1998,31240.38,28980,94000,43,35
2017-11-26,10000002,1999,1094999.95,1094000,1096998,1356,452
2017-11-26,10000002,2006,8730300.27,8672123,9088721.01,70,45
2017-11-26,10000002,2007,85999910,85999910,85999910,4,4
2017-11-26,10000002,2018,96766.93,96766.93,96766.93,121,18
2017-11-26,10000002,2019,250000,250000,250000,3,3
2017-11-26,10000002,2020,201879.94,201879.94,201879.95,455,23
2017-11-26,10000002,2021,999999,999999,999999,4,3
2017-11-26,10000002,2024,1229993,1229862.8,1229994,506,230
2017-11-26,10000002,2026,109999999.91,109999999.91,109999999.91,1,1
2017-11-26,10000002,2027,219999999.96,219999999.96,219999999.96,1,1
2017-11-26,10000002,2028,459998989.41,459998989.41,459998989.41,1,1
2017-11-26,10000002,2030,666999994.89,666999994.89,666999994.89,1,1
2017-11-26,10000002,2032,499992.95,465000.44,499993.73,2556,619
2017-11-26,10000002,2038,1039010,1039009.69,1049996.61,272,171
2017-11-26,10000002,2040,91666671.67,75000015.2,99999999.9,3,3
2017-11-26,10000002,2041,162048000.24,106144002.75,189999998.99,3,3
2017-11-26,10000002,2042,216633332.49,216599999.19,216699999.09,3,3
2017-11-26,10000002,2043,268999999.32,268999999.31,268999999.32,2,2
2017-11-26,10000002,2044,433998899.98,433998899.97,433998899.98,2,2
2017-11-26,10000002,2046,14978.97,14978.93,14978.97,20789,538
2017-11-26,10000002,2047,70000,50000,550000,25,15
2017-11-26,10000002,2048,493930.98,491000,493990.51,11714,3592
2017-11-26,10000002,2050,297608339.19,292875000,309999999.18,33,30
2017-11-26,10000002,2053,140999999.53,140999999.53,140999999.53,2,2
2017-11-26,10000002,2054,230999998.63,230999998.63,230999998.63,1,1
2017-11-26,10000002,2055,269999986.86,269999986.86,269999986.86,1,1
2017-11-26,10000002,2073,1.5,1.5,1.5,11896809,13
2017-11-26,10000002,2078,52977617,40000002,56999997.97,5,5
2017-11-26,10000002,2082,191160462.65,180004099.09,203999992.78,56,50
2017-11-26,10000002,2103,2000,2000,2000,14,3
2017-11-26,10000002,2104,384839.74,333124.14,539985.74,16,8
2017-11-26,10000002,2108,20713.64,16944.99,77470.71,27,12
2017-11-26,10000002,2109,1576998,1576998,1576998.52,243,63
2017-11-26,10000002,2117,2049849.97,2049848.97,2079850,169,66
2017-11-26,10000002,2161,313993.3,282001.06,327989.91,46,18
2017-11-26,10000002,2162,2458000,2458000,2458000,3,2
2017-11-26,10000002,2173,18025.44,18025.44,18025.44,2552,240
2017-11-26,10000002,2174,1769903.86,1769888,1769999,7,7
2017-11-26,10000002,2175,1049694.83,985150,1049775.3,3518,318
2017-11-26,10000002,2178,14199,14199,14199,2000,2
2017-11-26,10000002,2180,99994.87,99994.87,99994.87,35000,14
2017-11-26,10000002,2183,20250.82,20063.61,22950.21,6623,461
2017-11-26,10000002,2184,1999999.98,1999999.96,1999999.98,8,8
2017-11-26,10000002,2185,999000,991120.79,1000000,9814,702
2017-11-26,10000002,2188,9997,9997,9997,6152,4
2017-11-26,10000002,2193,94803.2,75003.87,94803.25,3525,164
2017-11-26,10000002,2194,6000000,6000000,6000000,8,8
2017-11-26,10000002,2195,2084999,2083988,2084999,4432,188
2017-11-26,10000002,2203,3202.13,3202.13,3202.13,22139,389
2017-11-26,10000002,2204,208500,208000,209999.99,12,9
2017-11-26,10000002,2205,467733.26,467700,467733.29,6835,697
2017-11-26,10000002,2254,99999.99,99999.99,99999.99,248,88
2017-11-26,10000002,2267,2.7,2.53,2.96,35589833,31
2017-11-26,10000002,2268,2.16,2.16,2.16,18945261,24
2017-11-26,10000002,2270,6.07,6.04,8.39,24581926,18
2017-11-26,10000002,2272,2.71,2.71,2.71,10210384,13
2017-11-26,10000002,2281,2698999.98,2698997.92,2709992.99,6072,1832
2017-11-26,10000002,2286,6.38,6.38,6.39,11880748,9
2017-11-26,10000002,2287,5.66,5.66,5.66,6072156,8
2017-11-26,10000002,2288,1.3,1.3,1.31,6524469,8
2017-11-26,10000002,2289,32847.75,23105.04,83997,25,10
2017-11-26,10000002,2290,853666.66,750000,905500,3,3
2017-11-26,10000002,2291,47727.26,30000.09,64999.99,33,27
2017-11-26,10000002,2292,776666.67,750000,790000,3,3
2017-11-26,10000002,2293,99999.97,75080.21,99999.97,103,63
2017-11-26,10000002,2294,963428.57,750000,999000,7,7
2017-11-26,10000002,2295,78953.57,21003.12,119999.98,42,29
2017-11-26,10000002,2296,897428.57,750000,922000,7,7
2017-11-26,10000002,2297,1370034.58,1370034.55,1396800,231,63
2017-11-26,10000002,2299,1879282.32,1610001.71,1879282.35,421,158
2017-11-26,10000002,2301,2194958.6,2194736.2,2194958.85,1051,445
2017-11-26,10000002,2303,1878999.99,1721001.14,1879997.09,468,189
2017-11-26,10000002,2305,6.15,6.15,6.15,6915,1
2017-11-26,10000002,2306,6.32,6.32,6.32,29807994,23
2017-11-26,10000002,2307,4.07,4.07,4.07,9839503,9
2017-11-26,10000002,2308,2.21,2.21,2.21,9714066,13
2017-11-26,10000002,2309,3.84,3.83,4.81,16154202,16
2017-11-26,10000002,2310,1.42,1.38,1.43,7060666,10
2017-11-26,10000002,2311,5.5,5.5,5.5,4306452,6
2017-11-26,10000002,2312,12960.27,12913.01,13396,264430,58
2017-11-26,10000002,2317,11239.88,11199,11943,322629,88
2017-11-26,10000002,2319,8202.22,8202.11,9298.88,277302,85
2017-11-26,10000002,2321,18800,16790,18800,171093,37
2017-11-26,10000002,2327,19743.19,18000,19999.99,180204,44
2017-11-26,10000002,2328,9702.13,9702.1,10237.55,171127,58
2017-11-26,10000002,2329,9060.41,9060.37,9947,395604,71
2017-11-26,10000002,2331,17999.65,17999.65,17999.65,1051,32
2017-11-26,10000002,2332,97440,97440,97440,3,3
2017-11-26,10000002,2333,1264999.87,1200000,1264999.92,454,226
2017-11-26,10000002,2341,756723.95,669944.1,839999.83,28,17
2017-11-26,10000002,2344,70001.58,70001.54,76997.8,9888,23
2017-11-26,10000002,2345,104989.91,104989.91,104989.91,4541,11
2017-11-26,10000002,2346,87999.92,76205.06,87999.97,23435,54
2017-11-26,10000002,2348,127900,127000.08,134999.99,38499,67
2017-11-26,10000002,2349,114082.09,112000,114082.09,13584,33
2017-11-26,10000002,2351,108979,108977.98,108980,14849,59
2017-11-26,10000002,2352,111000,111000,111000,30031,69
2017-11-26,10000002,2354,103003.27,103003.13,103004.08,11725,17
2017-11-26,10000002,2355,366777.72,101000.01,400000,18,13
2017-11-26,10000002,2358,117984,114988.97,118000,21732,28
2017-11-26,10000002,2360,94900,94900,94900,23050,32
2017-11-26,10000002,2361,135200,127000.81,138700,16217,27
2017-11-26,10000002,2363,33460.86,19000.04,40476.97,44,24
2017-11-26,10000002,2364,1212000,1209000,1212999.89,1814,504
2017-11-26,10000002,2366,137999,137999,137999,3737,11
2017-11-26,10000002,2367,140280.4,140280.38,147499.75,34101,59
2017-11-26,10000002,2389,549,509,582,3247859,74
2017-11-26,10000002,2390,562,471.9,567.33,1757623,67
2017-11-26,10000002,2392,789.98,705.45,799,1478687,45
2017-11-26,10000002,2393,364,340,384.01,2364450,86
2017-11-26,10000002,2395,831.8,831.63,877,2673554,74
2017-11-26,10000002,2396,386.94,351.74,388.74,2287144,84
2017-11-26,10000002,2397,870,826.12,902,2972556,54
2017-11-26,10000002,2398,431.25,431.2,449,2814149,118
2017-11-26,10000002,2399,618.13,618.07,682.96,2414348,75
2017-11-26,10000002,2400,420,413.1,446.99,2317851,91
2017-11-26,10000002,2401,880.02,879.59,880.02,3397220,87
2017-11-26,10000002,2403,7500000,7500000,7500000,149,77
2017-11-26,10000002,2404,1184929,1184900,1184933.14,1858,349
2017-11-26,10000002,2406,1000000,1000000,1000000,316,129
2017-11-26,10000002,2410,1098796.13,1000011,1098995,1735,224
2017-11-26,10000002,2420,5097000,4700000.02,5098384.96,409,115
2017-11-26,10000002,2436,1997994.76,1995998,1997998.73,1400,127
2017-11-26,10000002,2444,42449,37150.8,44986.9,3704,224
2017-11-26,10000002,2445,7000000,7000000,7000000,9,9
2017-11-26,10000002,2446,1810749,1810748,1839976.9,2732,351
2017-11-26,10000002,2454,3197.98,3086.85,3199.95,14968,853
2017-11-26,10000002,2455,247732.2,53000,257980,20,20
2017-11-26,10000002,2456,373330.7,371900,373334,11109,1240
2017-11-26,10000002,2463,6204.52,6201.26,6894.99,157818,68
2017-11-26,10000002,2464,3015,2400.02,3186.3,8715,385
2017-11-26,10000002,2465,354699.99,156000,439999.99,20,20
2017-11-26,10000002,2466,499999.99,437061.38,509950,2681,317
2017-11-26,10000002,2476,44489.94,44000,44489.95,3197,169
2017-11-26,10000002,2477,4000000,4000000,4000000,11,8
2017-11-26,10000002,2478,1699993.75,1699992.96,1699995,1316,122
2017-11-26,10000002,2486,7469.87,7469.87,7469.87,21278,434
2017-11-26,10000002,2487,412999.99,412999.99,413000,17,16
2017-11-26,10000002,2488,414174.9,413997.95,414194.62,15263,1301
2017-11-26,10000002,2495,500000,500000,500000,357,120
2017-11-26,10000002,2505,500000,500000,500000,312,122
2017-11-26,10000002,2506,186.98,186.97,190.97,892435,115
2017-11-26,10000002,2507,7000000,7000000,7000000,4,4
2017-11-26,10000002,2508,220.06,220.06,271.81,280036,93
2017-11-26,10000002,2509,9999999.75,9999999,10000000,4,4
2017-11-26,10000002,2510,267.94,171.02,268.13,124758,102
2017-11-26,10000002,2511,8000000,8000000,8000000,3,3
2017-11-26,10000002,2512,8.04,8.04,8.04,314458,201
2017-11-26,10000002,2513,35000,35000,35000,4,4
2017-11-26,10000002,2514,5.74,4.64,5.89,3121050,223
2017-11-26,10000002,2515,40000,40000,40000,5,5
2017-11-26,10000002,2516,6.49,6.49,6.65,2193298,213
2017-11-26,10000002,2517,50000,50000,50000,5,5
2017-11-26,10000002,2524,98999.72,95672.91,497000,713,116
2017-11-26,10000002,2525,98990.95,94435.65,98990.96,212,50
2017-11-26,10000002,2529,13088.95,7100.01,19799,19,15
2017-11-26,10000002,2530,390000,390000,390000,1,1
2017-11-26,10000002,2531,500000,500000,500000,189,43
2017-11-26,10000002,2533,98499.89,98499.89,98499.89,207,54
2017-11-26,10000002,2534,228993.97,91631.78,248998.9,357,89
2017-11-26,10000002,2537,15960.86,2778.01,21659.92,67,51
2017-11-26,10000002,2538,390000,390000,390000,3,3
2017-11-26,10000002,2539,1095898.97,900053.07,1095899.59,353,199
2017-11-26,10000002,2545,12600.64,8100.05,18998.99,24,20
2017-11-26,10000002,2546,280000,280000,280000,2,2
2017-11-26,10000002,2547,719999.99,525004.92,769997,201,103
2017-11-26,10000002,2549,159580.97,92382.25,159599,343,75
2017-11-26,10000002,2550,106999.87,96628.94,106999.97,258,79
2017-11-26,10000002,2551,100000,100000,100000,680,57
2017-11-26,10000002,2553,1049905.98,1049599,1049906,1266,491
2017-11-26,10000002,2559,1549999.95,1488356.87,1549999.99,337,100
2017-11-26,10000002,2563,2999090.86,2999072.99,2999090.93,296,108
2017-11-26,10000002,2567,2655171.63,2600999,2655171.8,422,116
2017-11-26,10000002,2571,1699992.95,1699992.95,1699992.95,375,95
2017-11-26,10000002,2575,1900000,1900000,1900000,565,101
2017-11-26,10000002,2589,186303931.74,178000033.47,191000004.38,51,48
2017-11-26,10000002,2603,8996.98,8996.97,8997,1667,150
2017-11-26,10000002,2604,114975.99,16640,999999.92,10,6
2017-11-26,10000002,2605,317911,317663.55,317925.08,5348,1489
2017-11-26,10000002,2613,157.28,157.16,157.68,1747108,215
2017-11-26,10000002,2621,694.5,694.5,694.5,2017136,96
2017-11-26,10000002,2629,519.98,519.98,519.98,3029141,217
2017-11-26,10000002,2637,520.62,520.6,520.63,224590,30
2017-11-26,10000002,2647,117.48,117.3,117.49,100188,34
2017-11-26,10000002,2655,330.98,330.98,330.98,80609,18
2017-11-26,10000002,2679,107.93,100,112.62,5184254,214
2017-11-26,10000002,2735,500000000,500000000,500000000,1,1
2017-11-26,10000002,2739,50000000,50000000,50000000,6,6
2017-11-26,10000002,2779,125000000,125000000,125000000,1,1
2017-11-26,10000002,2801,1343.71,1343.7,1343.72,69624,22
2017-11-26,10000002,2811,2298.92,2298.9,2298.95,81440,41
2017-11-26,10000002,2817,54.16,54.07,54.2,804710,116
2017-11-26,10000002,2823,50000000,50000000,50000000,1,1
2017-11-26,10000002,2863,9116808.81,7300000,10999979.91,15,12
2017-11-26,10000002,2865,4113954.42,3500125.21,4299968.68,86,11
2017-11-26,10000002,2867,2223000,2115104.48,2224997.97,8888,131
2017-11-26,10000002,2868,2699986.96,2669496.16,2847999.2,10503,137
2017-11-26,10000002,2869,1189999.98,1184999.94,1190999.95,13704,135
2017-11-26,10000002,2870,1138749,1100002.75,1138988.95,10137,161
2017-11-26,10000002,2871,1664496.82,1664496.75,1664496.83,9839,129
2017-11-26,10000002,2872,2342799.99,2300000.19,2539999.89,11537,168
2017-11-26,10000002,2873,699999.98,689896.11,762790.91,2947,183
2017-11-26,10000002,2875,1544000,1543000,1594999.99,17937,155
2017-11-26,10000002,2876,2526015.71,2386039.15,2526018.09,14451,223
2017-11-26,10000002,2881,487997.9,486999.96,487999,1188,125
2017-11-26,10000002,2889,639799.99,629080.02,639998.96,1833,235
2017-11-26,10000002,2897,1488900,1488000,1549998.5,632,113
2017-11-26,10000002,2905,665768.99,665768.99,665768.99,306,38
2017-11-26,10000002,2913,1796467.75,1508001.85,1800000,999,137
2017-11-26,10000002,2921,1229900,1065004.15,1229999.87,165,48
2017-11-26,10000002,2929,3699999,3699998,3788998.77,711,98
2017-11-26,10000002,2937,1649999.99,1649999.99,1649999.99,767,89
2017-11-26,10000002,2945,2360610.53,1880894.41,3400000,19,5
2017-11-26,10000002,2948,819967975.38,779839900.15,829999994.01,5,3
2017-11-26,10000002,2953,3499873,3499873,3499873,123,16
2017-11-26,10000002,2961,4999900,4851000.03,5182796,452,56
2017-11-26,10000002,2969,1999000,1998000,2049999.9,755,145
2017-11-26,10000002,2977,1049999.72,1040993.85,1063293.49,2844,238
2017-11-26,10000002,2985,2496648.38,1910121,2770589,40,8
2017-11-26,10000002,2993,646700,600000,646702,347,41
2017-11-26,10000002,2998,64001655.1,59075972.78,66975972.65,44,41
2017-11-26,10000002,3001,379992.92,379992.92,379992.92,326,62
2017-11-26,10000002,3009,2697316,1403102.6,3199991,91,29
2017-11-26,10000002,3017,708208.97,510002,869892.44,69,29
2017-11-26,10000002,3025,1639997.89,1490022.83,1647991,224,55
2017-11-26,10000002,3033,941994,941993.95,941994,1354,135
2017-11-26,10000002,3039,520079999.95,520079999.95,520079999.95,1,1
2017-11-26,10000002,3041,649993.95,533111.4,649994,744,122
2017-11-26,10000002,3049,2145870.67,2011628.01,2481477.8,28,5
2017-11-26,10000002,3057,5499793.46,5000002.24,5499999.97,529,119
2017-11-26,10000002,3065,4699996,4699996,4699996,357,41
2017-11-26,10000002,3074,1014972.92,1014972.92,1014972.92,2540,153
2017-11-26,10000002,3077,6250000,6250000,6250000,1,1
2017-11-26,10000002,3080,6399997.38,6399996.99,6399997.65,5,5
2017-11-26,10000002,3081,118999898.95,118999898.95,118999898.95,1,1
2017-11-26,10000002,3082,2373979.55,2299997.98,2399999.87,2695,206
2017-11-26,10000002,3084,690833324.4,685000000,691999988.9,6,6
2017-11-26,10000002,3085,2126116.13,2126116.13,2126116.13,1,1
2017-11-26,10000002,3087,520000000,520000000,520000000,1,1
2017-11-26,10000002,3088,6344700,6344700,6344700,2,2
2017-11-26,10000002,3090,5338999.98,5338999.98,5338999.98,1084,74
2017-11-26,10000002,3092,597999972.64,597999970.78,597999974.5,2,2
2017-11-26,10000002,3093,14999987.93,14999987.93,14999987.93,2,2
2017-11-26,10000002,3094,160000000,160000000,160000000,3,3
2017-11-26,10000002,3098,497980,480004.15,497984.95,1192,92
2017-11-26,10000002,3106,1669000,1669000,1669000,212,34
2017-11-26,10000002,3114,2213812.97,2150000,2222221,58,11
2017-11-26,10000002,3117,11999999.99,11999999.99,12000000,7,7
2017-11-26,10000002,3119,604090741.92,555000021.22,644448957.99,9,9
2017-11-26,10000002,3122,3458947.36,3268105.28,3670994.99,38,12
2017-11-26,10000002,3125,10584343,4953029.11,13399999.95,3,3
2017-11-26,10000002,3126,119999999.99,119999999.99,119999999.99,1,1
2017-11-26,10000002,3128,8999999.17,8999999.16,8999999.17,2,2
2017-11-26,10000002,3129,129999999.99,129999999.99,129999999.99,1,1
2017-11-26,10000002,3130,1674999,1601299.23,1699992.12,969,120
2017-11-26,10000002,3133,6000000,5999999.99,6000000,4,4
2017-11-26,10000002,3134,134999999.99,134999999.99,134999999.99,1,1
2017-11-26,10000002,3136,5999999.99,5999999.99,5999999.99,3,3
2017-11-26,10000002,3137,120999999.46,120999999.46,120999999.46,2,2
2017-11-26,10000002,3138,1943000,1745126.14,1945072.99,562,84
2017-11-26,10000002,3140,619985948.55,619985948.55,619985948.55,1,1
2017-11-26,10000002,3141,7899999.91,7899999.89,7899999.99,5,2
2017-11-26,10000002,3142,129999999.98,129999999.98,129999999.98,1,1
2017-11-26,10000002,3143,600000000,600000000,600000000,1,1
2017-11-26,10000002,3144,7399998,7399997.99,7399998,6,6
2017-11-26,10000002,3146,1800091.83,1600114.38,1800093.92,1003,160
2017-11-26,10000002,3149,9499996.35,9499996.35,9499996.35,1,1
2017-11-26,10000002,3150,176999998.87,176999998.87,176999998.87,1,1
2017-11-26,10000002,3154,4491999.99,4116005.41,4493999.95,147,21
2017-11-26,10000002,3159,724999877.92,724999877.92,724999877.92,1,1
2017-11-26,10000002,3162,549999,548995,549999,442,56
2017-11-26,10000002,3165,7999998.89,7999998.89,7999998.89,1,1
2017-11-26,10000002,3168,9999999.99,9999999.99,9999999.99,1,1
2017-11-26,10000002,3170,716045.19,628045.13,717994.58,880,113
2017-11-26,10000002,3176,5850502.44,1101005.33,10599999.55,2,2
2017-11-26,10000002,3177,121949999.66,121949999.66,121949999.66,1,1
2017-11-26,10000002,3178,806586.97,750001,806639.74,3666,320
2017-11-26,10000002,3184,1600000,1600000,1675000,120,82
2017-11-26,10000002,3186,4589992,4261000.53,4589993.99,583,95
2017-11-26,10000002,3190,8499999.99,8499999.99,8500000,5,5
2017-11-26,10000002,3192,694987999.55,694987999.55,694987999.55,1,1
2017-11-26,10000002,3193,7000000.51,4500000.97,11999999.59,9,5
2017-11-26,10000002,3194,123054898.95,123054898.91,123054898.99,2,2
2017-11-26,10000002,3195,632666570.3,624999309,636500200.95,3,3
2017-11-26,10000002,3198,639999958.86,639999958.86,639999958.86,1,1
2017-11-26,10000002,3204,7498996.84,7498996.83,7498996.85,4,4
2017-11-26,10000002,3205,10000000,10000000,10000000,1,1
2017-11-26,10000002,3206,4000000,4000000,4000000,1,1
2017-11-26,10000002,3210,119499999.78,119499999.78,119499999.78,1,1
2017-11-26,10000002,3213,714250000,714000000,714500000,2,2
2017-11-26,10000002,3214,657499999.5,645000000,669999998.99,2,2
2017-11-26,10000002,3215,649999999.99,649999999.97,650000000,3,3
2017-11-26,10000002,3218,362632367.61,359999999.9,364999996,22,17
2017-11-26,10000002,3221,899999999.99,899999999.99,899999999.99,1,1
2017-11-26,10000002,3222,6999899.99,6999899.99,6999899.99,1,1
2017-11-26,10000002,3225,7999999.97,7999999.97,7999999.97,1,1
2017-11-26,10000002,3228,8999999.61,8999999.61,8999999.61,7,3
2017-11-26,10000002,3229,99879999.98,99879999.98,99879999.98,1,1
2017-11-26,10000002,3231,5736998.98,5736998.98,5736998.98,1,1
2017-11-26,10000002,3237,8122939.56,7989996.92,8388824.85,6,6
2017-11-26,10000002,3238,100000000,100000000,100000000,2,2
2017-11-26,10000002,3239,594994828.96,594990994.09,594999999,7,7
2017-11-26,10000002,3240,7258759.55,7258759.55,7258759.55,2,2
2017-11-26,10000002,3242,48483,48483,48483,957,69
2017-11-26,10000002,3243,394240,394240,394240,2,2
2017-11-26,10000002,3244,1624922.94,1624865.94,1624928,2643,1089
2017-11-26,10000002,3246,748798868.24,748798867.73,748798868.74,2,2
2017-11-26,10000002,3253,1250069.74,1000074.39,4999999.97,16,2
2017-11-26,10000002,3256,6494857.88,6494857.86,6494857.89,198,63
2017-11-26,10000002,3257,89898997.47,89897996.26,89899998.68,4,4
2017-11-26,10000002,3265,5775000,5775000,5775000,198,55
2017-11-26,10000002,3266,97124498.56,96999999.79,97249994.53,12,11
2017-11-26,10000002,3276,849990499.99,849990000,849990999.97,2,2
2017-11-26,10000002,3285,1446868.06,1101200.02,1497147,63,14
2017-11-26,10000002,3293,11492.99,11492.99,11492.99,143,59
2017-11-26,10000002,3296,28998,28990,28998,109,51
2017-11-26,10000002,3297,3597.99,3597.99,3597.99,1315,100
2017-11-26,10000002,3300,24682.92,8000.01,28999.99,41,8
2017-11-26,10000002,3301,24998.97,20000,25000,312,61
2017-11-26,10000002,3302,28898.96,20000,28898.96,366,91
2017-11-26,10000002,3303,26998.94,20000,26998.94,286,70
2017-11-26,10000002,3304,191939.93,100000,191976.06,169,136
2017-11-26,10000002,3305,148990.74,100000,148991.64,127,81
2017-11-26,10000002,3306,100000,100000,178989.99,152,77
2017-11-26,10000002,3307,2000000,2000000,2000000,149,76
2017-11-26,10000002,3308,2136732.34,2000000,2288527.99,67,62
2017-11-26,10000002,3309,2255554.9,2000000,2499998,90,55
2017-11-26,10000002,3310,45898.99,45898.99,45898.99,224,44
2017-11-26,10000002,3311,99877.22,99877.22,99877.22,137,34
2017-11-26,10000002,3312,64997.98,64997.98,64997.98,133,34
2017-11-26,10000002,3315,968250.12,650001,1034999.97,52,47
2017-11-26,10000002,3316,69154.16,15000,70000,89,44
2017-11-26,10000002,3317,105000.01,105000.01,105000.01,151,41
2017-11-26,10000002,3318,64999.99,25000,69481.63,173,28
2017-11-26,10000002,3319,29998.8,29998.8,29998.8,177,25
2017-11-26,10000002,3320,10000,10000,10000,1263,118
2017-11-26,10000002,3321,33868.87,20000,33868.88,467,177
2017-11-26,10000002,3322,25000,25000,25000,144,45
2017-11-26,10000002,3323,43998.72,43998.7,43998.72,166,89
2017-11-26,10000002,3324,109999.97,109999.79,109999.97,129,118
2017-11-26,10000002,3325,400000,400000,470115.99,101,75
2017-11-26,10000002,3326,380113.34,350000,438831.61,92,78
2017-11-26,10000002,3327,11413.65,5551.01,11999.92,22,4
2017-11-26,10000002,3328,49999,40000,50000,349,189
2017-11-26,10000002,3329,40000,40000,40000,707,138
2017-11-26,10000002,3330,77985.73,40000,77995.86,271,159
2017-11-26,10000002,3331,40000,40000,40000,605,123
2017-11-26,10000002,3332,500000,500000,500000,327,174
2017-11-26,10000002,3333,500000,500000,500000,462,110
2017-11-26,10000002,3334,500000,500000,500000,455,192
2017-11-26,10000002,3335,500000,500000,500000,393,105
2017-11-26,10000002,3336,4000000,4000000,4000000,249,122
2017-11-26,10000002,3337,4000000,4000000,4000000,301,91
2017-11-26,10000002,3338,4000000,4000000,4000000,218,106
2017-11-26,10000002,3339,4000000,4000000,4000000,408,88
2017-11-26,10000002,3340,449967,300000,449998.9,155,106
2017-11-26,10000002,3341,300000,300000,300000,108,49
2017-11-26,10000002,3342,333364.6,300000,399733.7,81,61
2017-11-26,10000002,3343,300000,300000,300000,113,51
2017-11-26,10000002,3345,5560000000,5500000000,5799999999.98,5,5
2017-11-26,10000002,3346,5619999999.97,5500000000,5799999999.93,5,5
2017-11-26,10000002,3347,5574999999.99,5500000000,5799999999.97,4,4
2017-11-26,10000002,3348,25000,20000,35000,3462,181
2017-11-26,10000002,3349,131172.89,75000,749994,98,27
2017-11-26,10000002,3350,100000,100000,100000,321,56
2017-11-26,10000002,3351,516284.52,400000,799935,86,48
2017-11-26,10000002,3352,418676.58,400000,529988.97,53,26
2017-11-26,10000002,3354,2841449.05,2500000,2969621.78,44,43
2017-11-26,10000002,3355,23000,20000,34987.94,215,192
2017-11-26,10000002,3356,60000,60000,60000,175,123
2017-11-26,10000002,3357,180000,180000,180000,137,89
2017-11-26,10000002,3358,144588.89,100000,218932.99,44,36
2017-11-26,10000002,3359,200000,200000,200000,189,129
2017-11-26,10000002,3361,200000,200000,200000,206,71
2017-11-26,10000002,3363,20000,20000,20000,1127,119
2017-11-26,10000002,3368,46166.65,40000,58499.92,9,9
2017-11-26,10000002,3373,1032316.85,1000000,1555510.94,33,16
2017-11-26,10000002,3380,10003.11,10003.11,10003.11,106,30
2017-11-26,10000002,3385,50000,50000,91988.44,152,92
2017-11-26,10000002,3386,7055.23,5000,14250,9,4
2017-11-26,10000002,3387,150000,148999.99,207899.9,147,117
2017-11-26,10000002,3388,174226.12,47001.13,246999.5,84,62
2017-11-26,10000002,3389,394990,280000,394991.87,101,59
2017-11-26,10000002,3392,19842.39,8008.34,22995.97,51,13
2017-11-26,10000002,3393,40000,30000,42999.99,138,106
2017-11-26,10000002,3394,44893.08,1100.03,47999.91,51,36
2017-11-26,10000002,3395,97915.21,80000,109999.86,47,40
2017-11-26,10000002,3396,2107373.07,2000000,2499999,41,19
2017-11-26,10000002,3397,1000000,1000000,1000000,127,43
2017-11-26,10000002,3398,26082191.27,25000000,29988657.51,30,14
2017-11-26,10000002,3400,104474999,104299999,104999999,4,4
2017-11-26,10000002,3402,20083.25,19000,20999.85,24,6
2017-11-26,10000002,3403,300000,300000,300000,188,50
2017-11-26,10000002,3405,25000,25000,25000,407,179
2017-11-26,10000002,3406,399964.55,300000,399964.65,112,56
2017-11-26,10000002,3408,15351286.1,11252505.51,16989998.16,14,14
2017-11-26,10000002,3409,350000,350000,350000,141,66
2017-11-26,10000002,3410,450000,450000,450000,230,115
2017-11-26,10000002,3411,75000,75000,75000,147,40
2017-11-26,10000002,3412,450000,450000,450000,152,27
2017-11-26,10000002,3413,19999.88,19998.99,28999.97,109,16
2017-11-26,10000002,3416,35000,35000,35000,523,141
2017-11-26,10000002,3417,40000,40000,40000,191,45
2017-11-26,10000002,3418,170000,170000,170000,237,44
2017-11-26,10000002,3419,152123.9,171.43,184859.97,46,32
2017-11-26,10000002,3420,210000,210000,210000,239,40
2017-11-26,10000002,3421,130000,130000,130000,332,146
2017-11-26,10000002,3422,80000,80000,80000,125,120
2017-11-26,10000002,3423,75000,75000,75000,443,185
2017-11-26,10000002,3424,75308.1,16380.11,82999.61,67,34
2017-11-26,10000002,3425,91998.19,84000,94986.93,76,38
2017-11-26,10000002,3426,14263.35,2500.01,14987,93,15
2017-11-26,10000002,3427,149995.63,120000,149997.56,113,35
2017-11-26,10000002,3428,141649.04,88000,179999.98,68,34
2017-11-26,10000002,3429,97609.1,63428.24,119201.9,70,37
2017-11-26,10000002,3430,500000,500000,500000,138,86
2017-11-26,10000002,3431,75000,75000,75000,142,33
2017-11-26,10000002,3432,101455.35,100000,101999.97,54,28
2017-11-26,10000002,3433,153589.52,100000,198885.82,99,95
2017-11-26,10000002,3434,80000,80000,80000,184,112
2017-11-26,10000002,3435,83676.1,12001.02,84987.51,60,31
2017-11-26,10000002,3436,19698.77,8102,26997.68,99,34
2017-11-26,10000002,3437,41487.96,40000,44998.93,46,35
2017-11-26,10000002,3438,40900,40899.99,40900,148,115
2017-11-26,10000002,3439,200000,200000,200000,326,78
2017-11-26,10000002,3440,220000,220000,220000,524,76
2017-11-26,10000002,3441,380000,380000,380000,441,142
2017-11-26,10000002,3442,500000,500000,500000,459,186
2017-11-26,10000002,3443,20000,20000,20000,160,42
2017-11-26,10000002,3444,119988.73,100000,120000,1134,95
2017-11-26,10000002,3446,100000,100000,100000,164,145
2017-11-26,10000002,3447,8145465.84,7500000,9488925,43,32
2017-11-26,10000002,3449,20000,20000,20000,154,15
2017-11-26,10000002,3450,22431.08,113.33,23487.77,61,30
2017-11-26,10000002,3451,59495,30000,59495.5,150,128
2017-11-26,10000002,3452,44996.82,40000,44996.91,246,206
2017-11-26,10000002,3453,48971.97,48971.97,48971.97,103,47
2017-11-26,10000002,3454,340000,340000,340000,166,52
2017-11-26,10000002,3455,57014.35,30000,79999.72,62,40
2017-11-26,10000002,3456,10700000,10000000,10700000,141,101
2017-11-26,10000002,3465,240644.34,133564.06,247895.5,18,14
2017-11-26,10000002,3466,66343.74,21004.55,74853.94,48,23
2017-11-26,10000002,3467,8999,8999,8999,231,48
2017-11-26,10000002,3469,2380010.4,300018.77,5499997.85,5,3
2017-11-26,10000002,3477,196399976.74,196399976.74,196399976.74,1,1
2017-11-26,10000002,3478,608333336.71,515000005.06,795000000,3,3
2017-11-26,10000002,3479,10199999.92,10199999.91,10199999.92,2,2
2017-11-26,10000002,3482,584999997,584999997,584999997,1,1
2017-11-26,10000002,3488,749997.89,749997.89,749997.89,432,86
2017-11-26,10000002,3496,1998898.98,1899999.95,1998986.88,313,138
2017-11-26,10000002,3504,2255977.98,2199999.98,2255977.99,361,170
2017-11-26,10000002,3512,1342895.55,1234570.6,1342998.96,244,67
2017-11-26,10000002,3520,1619992.97,1587999.99,1619994.99,599,142
2017-11-26,10000002,3528,57899,57899,57899,497,46
2017-11-26,10000002,3529,400000,400000,400000,4,4
2017-11-26,10000002,3530,1229989.99,1229989,1229989.99,924,385
2017-11-26,10000002,3532,12944399.78,12321000,16998995.51,15,10
2017-11-26,10000002,3534,623422267.04,580900201.7,638999999.92,9,8
2017-11-26,10000002,3536,162841174.89,138288213.37,175199998.9,22,15
2017-11-26,10000002,3538,66133.72,51110.15,78899,50,18
2017-11-26,10000002,3539,800000,800000,800000,2,2
2017-11-26,10000002,3540,1629994.9,1629994.9,1629994.97,180,76
2017-11-26,10000002,3542,351932916.48,335204009.21,363480986.61,74,62
2017-11-26,10000002,3544,329337472.32,285383012.89,333333333.29,24,15
2017-11-26,10000002,3551,24130.93,6003.06,31141.88,34,29
2017-11-26,10000002,3552,498.98,440.25,498.99,989,19
2017-11-26,10000002,3553,500000,500000,500000,6,5
2017-11-26,10000002,3554,1245.98,929.03,1245.98,4562,58
2017-11-26,10000002,3555,1282456.28,1000000,1988596.97,7,6
2017-11-26,10000002,3556,13999779.73,13999779.73,13999779.73,1,1
2017-11-26,10000002,3563,112999995.07,112999995.07,112999995.07,1,1
2017-11-26,10000002,3565,275000145.63,275000145.62,275000145.63,3,3
2017-11-26,10000002,3566,17738.45,17738.45,17738.45,462,32
2017-11-26,10000002,3567,112500,112500,112500,3,3
2017-11-26,10000002,3568,979889.7,979787.67,979889.75,892,419
2017-11-26,10000002,3571,289607029.07,285000000,291900620.57,12,6
2017-11-26,10000002,3573,309699993.4,309699992.87,309699994.91,10,9
2017-11-26,10000002,3575,184521500.62,176362000.83,208999999.95,4,4
2017-11-26,10000002,3576,86226.22,75000.26,89499.88,49,8
2017-11-26,10000002,3577,1601719.77,702580,3399999.32,3,3
2017-11-26,10000002,3578,2564050.99,2563996.24,2564051.21,295,177
2017-11-26,10000002,3581,10354163.07,8800024.85,12499896.64,24,22
2017-11-26,10000002,3586,14999.98,14999.98,14999.98,17,6
2017-11-26,10000002,3587,49960,49960,49960,5,5
2017-11-26,10000002,3588,497998,497998,497998,227,11
2017-11-26,10000002,3596,16513.45,14979.79,29109.98,35,9
2017-11-26,10000002,3597,124700,124700,124700,5,5
2017-11-26,10000002,3598,700235,700231.07,934765.99,185,30
2017-11-26,10000002,3606,34048.52,8194.09,42999.99,4,4
2017-11-26,10000002,3607,312440,312440,312440,3,3
2017-11-26,10000002,3608,1199999.95,1160000.09,1288943.5,151,38
2017-11-26,10000002,3616,27241907.7,24858375.33,27800000,38,26
2017-11-26,10000002,3617,24659510,24659510,24659510,4,3
2017-11-26,10000002,3618,144969994.98,144969994.89,144969995.3,22,8
2017-11-26,10000002,3643,111.04,69.44,111.47,439302,44
2017-11-26,10000002,3645,502.37,440.77,502.4,3779887,274
2017-11-26,10000002,3647,235,225.1,290.35,173496,39
2017-11-26,10000002,3651,200,200,200,612,292
2017-11-26,10000002,3653,62461.5,21000.01,69999.95,13,7
2017-11-26,10000002,3655,1173631.04,757779.11,1649974.38,12,10
2017-11-26,10000002,3663,51500.16,3500.35,111999.97,9,5
2017-11-26,10000002,3664,6109973.32,6109973.32,6109973.32,2,2
2017-11-26,10000002,3665,626676.33,460012.25,960004.49,6,4
2017-11-26,10000002,3673,94.86,94.76,94.86,807216,54
2017-11-26,10000002,3683,402.47,402.43,422.4,4989988,167
2017-11-26,10000002,3685,530,498.86,530,583903,42
2017-11-26,10000002,3687,850,763.25,860.75,321290,110
2017-11-26,10000002,3689,9800.01,9700.11,10073.84,1544728,213
2017-11-26,10000002,3691,11008,11005.84,11008.93,175516,50
2017-11-26,10000002,3693,13464.69,13464.67,13465.79,214041,57
2017-11-26,10000002,3695,10386.99,9070.01,10389,129243,46
2017-11-26,10000002,3697,21025.02,21024,22361.99,236822,60
2017-11-26,10000002,3699,57,57,57,957875,18
2017-11-26,10000002,3703,1000.2,1000.2,1000.2,597,38
2017-11-26,10000002,3705,1000.59,1000.59,1000.59,882,60
2017-11-26,10000002,3707,2902.14,2902.14,2902.14,1951,45
2017-11-26,10000002,3709,1060.09,1060.09,1060.09,732,47
2017-11-26,10000002,3711,5020.6,5020.6,5020.6,170,14
2017-11-26,10000002,3713,7000.14,7000.13,9871.9,519,25
2017-11-26,10000002,3715,116.42,116.42,116.42,71959,72
2017-11-26,10000002,3717,182.95,182.95,183.62,414654,91
2017-11-26,10000002,3719,999.03,999.03,999.03,845,40
2017-11-26,10000002,3721,6000,6000,6000,2,1
2017-11-26,10000002,3723,2603,2602,100000.13,146,11
2017-11-26,10000002,3725,13951.24,13940.94,15044.97,365596,79
2017-11-26,10000002,3731,519999.03,400000,699997.43,10,10
2017-11-26,10000002,3732,8705882.23,8000000,11999999,17,8
2017-11-26,10000002,3756,53999999,51000000,54870003.04,196,153
2017-11-26,10000002,3766,354056.67,310000,364999.99,53,12
2017-11-26,10000002,3767,2455555.33,2400000,2499999,9,6
2017-11-26,10000002,3771,505.83,505.83,505.83,217,33
2017-11-26,10000002,3773,682.74,660.69,687.83,939564,17
2017-11-26,10000002,3775,13758.32,13714.24,13999,210643,55
2017-11-26,10000002,3777,2786.86,2786.86,2786.86,12002,71
2017-11-26,10000002,3779,869.99,830.5,888,3364014,66
2017-11-26,10000002,3806,16422.79,1500.05,49998.96,78,3
2017-11-26,10000002,3810,5602,5601,7399.95,16022,83
2017-11-26,10000002,3812,159,159,159,320102,87
2017-11-26,10000002,3814,34.61,34.61,34.62,1018199,64
2017-11-26,10000002,3818,1007.99,1007.99,1007.99,142,13
2017-11-26,10000002,3820,1873.15,12.9,2002.51,92,8
2017-11-26,10000002,3822,2497.99,2497.99,2497.99,2825,73
2017-11-26,10000002,3824,1000.15,1000.15,1000.15,412,32
2017-11-26,10000002,3826,1002.52,1002.52,1002.52,802,46
2017-11-26,10000002,3828,11552.14,11552.07,12367,458795,243
2017-11-26,10000002,3829,32999,32997.99,37900,2258,355
2017-11-26,10000002,3830,124740,124740,124740,27,27
2017-11-26,10000002,3831,744798.05,660000,744998,3303,729
2017-11-26,10000002,3839,53898.97,53800,53898.99,558,94
2017-11-26,10000002,3840,312420,312419.99,312420,11,9
2017-11-26,10000002,3841,1243709.98,1242986.64,1243760,4430,1181
2017-11-26,10000002,3887,32000,15001.44,34898.94,102,74
2017-11-26,10000002,3888,1249000,1100003,1249998.94,744,356
2017-11-26,10000002,3893,27082682.53,25000000,29299999.99,60,32
2017-11-26,10000002,3894,28230386.97,25000016.63,30098544,55,31
2017-11-26,10000002,3895,22998969,22997999.99,22999951.48,137,84
2017-11-26,10000002,3897,4799999.99,4799999.99,4799999.99,1,1
2017-11-26,10000002,3898,15799999.73,14800001.65,15869974.93,422,106
2017-11-26,10000002,3937,113000.18,80000.33,178999.87,3,3
2017-11-26,10000002,3938,2700000,2700000,2700000,1,1
2017-11-26,10000002,3939,1999989.57,1999989.57,1999989.57,4,1
2017-11-26,10000002,3941,117999.96,117999.96,117999.96,1,1
2017-11-26,10000002,3942,2980000,2980000,2980000,1,1
2017-11-26,10000002,3943,1398999.98,1398999.98,1398999.99,9,3
2017-11-26,10000002,3947,248733.94,153036.65,270000,11,5
2017-11-26,10000002,3948,3030000,3030000,3030000,1,1
2017-11-26,10000002,3949,1203961.22,716175.8,1979983.85,57,11
2017-11-26,10000002,3953,308721.51,90005.01,333996,58,7
2017-11-26,10000002,3954,3118977.78,3118977.78,3118977.78,2,2
2017-11-26,10000002,3955,1085483.46,955349.25,1399974.89,82,15
2017-11-26,10000002,3958,70000000.01,55000000.01,85000000,2,2
2017-11-26,10000002,3962,107146369.16,106989996,114996999.98,59,24
2017-11-26,10000002,3966,13899997.99,13899997.99,13899997.99,1,1
2017-11-26,10000002,3977,41000.31,41000.31,41000.31,13,2
2017-11-26,10000002,3978,3000000,3000000,3000000,1,1
2017-11-26,10000002,3979,1826373.76,1130007.73,1841989.89,92,10
2017-11-26,10000002,3981,236737.16,52500.07,249896.95,15,5
2017-11-26,10000002,3982,3200000,3200000,3200000,1,1
2017-11-26,10000002,3983,2927013.55,2927013.55,2927013.55,152,21
2017-11-26,10000002,3986,7999999.99,7999999.99,7999999.99,5,1
2017-11-26,10000002,3987,186000.03,186000.03,186000.03,1,1
2017-11-26,10000002,3988,3400000,3400000,3400000,2,2
2017-11-26,10000002,3989,3298653.85,3298653.85,3298653.85,138,20
2017-11-26,10000002,3993,325699.43,232726,333333,32,7
2017-11-26,10000002,3994,3600000,3600000,3600000,1,1
2017-11-26,10000002,3995,1739999,1739999,1739999,331,44
2017-11-26,10000002,4002,639999988.48,639999988.48,639999988.48,1,1
2017-11-26,10000002,4009,9699399999.95,9699399999.95,9699399999.95,1,1
2017-11-26,10000002,4020,20002.02,20002.02,20002.03,26,25
2017-11-26,10000002,4025,37491.06,37490.01,37750,2083,656
2017-11-26,10000002,4027,99999.96,80640.42,103997.86,2649,815
2017-11-26,10000002,4033,49000000,49000000,49000000,1,1
2017-11-26,10000002,4051,20093.2,20092.69,20093.39,1593046,292
2017-11-26,10000002,4054,20000.01,20000.01,20000.01,1,1
2017-11-26,10000002,4122,74500000,74500000,74500000,1,1
2017-11-26,10000002,4124,39000000,39000000,39000000,1,1
2017-11-26,10000002,4136,486998.99,486998.99,486998.99,2,1
2017-11-26,10000002,4138,20000.01,20000.01,20000.01,1,1
2017-11-26,10000002,4141,779889.99,779889.99,779889.99,3,3
2017-11-26,10000002,4142,3260.32,3260.32,3260.32,1,1
2017-11-26,10000002,4144,700008.2,100008.29,1000008.16,3,3
2017-11-26,10000002,4147,3364333.19,1700951.84,3998000,29,8
2017-11-26,10000002,4165,18000000,18000000,18000000,2,2
2017-11-26,10000002,4166,1000.03,1000.03,1000.03,1,1
2017-11-26,10000002,4168,1000000,1000000,1000000,1,1
2017-11-26,10000002,4169,42248877.96,42248877.96,42248877.96,1,1
2017-11-26,10000002,4170,2249999.99,2249999.99,2249999.99,1,1
2017-11-26,10000002,4171,119599.99,10000,694999.93,25,25
2017-11-26,10000002,4172,13999990.33,13999989,13999993,3,3
2017-11-26,10000002,4178,0.01,0.01,0.01,1,1
2017-11-26,10000002,4191,24000000,24000000,24000000,1,1
2017-11-26,10000002,4196,168000.16,168000.16,168000.16,1,1
2017-11-26,10000002,4198,100,100,100,20,20
2017-11-26,10000002,4200,970000.09,100000.18,1840000,2,2
2017-11-26,10000002,4216,249099999,249099999,249099999,1,1
2017-11-26,10000002,4225,1001.02,1001.02,1001.04,26,25
2017-11-26,10000002,4232,28999999.99,28999999.99,28999999.99,1,1
2017-11-26,10000002,4234,849999,849999,849999,1,1
2017-11-26,10000002,4235,750000,750000,750000,1,1
2017-11-26,10000002,4237,4999999.9,4999999.9,4999999.9,1,1
2017-11-26,10000002,4238,10000.01,10000.01,10000.01,1,1
2017-11-26,10000002,4239,50000,50000,50000,1,1
2017-11-26,10000002,4242,288999.67,207000.01,408000,15,10
2017-11-26,10000002,4246,20237.16,20237.16,20237.16,634180,153
2017-11-26,10000002,4247,20337.48,20337.14,20337.67,515203,131
2017-11-26,10000002,4248,5017104.94,4500101.93,5119998.96,55,26
2017-11-26,10000002,4250,2000000,1910019.43,2188999.95,402,145
2017-11-26,10000002,4254,1079997.97,965006.1,1079999.95,577,179
2017-11-26,10000002,4256,2950001.25,2950000.14,2950002.1,214,31
2017-11-26,10000002,4258,2068699.94,2000000,2200000,553,169
2017-11-26,10000002,4260,1159998.96,1159998.96,1159998.96,232,94
2017-11-26,10000002,4292,97965071.87,87009263.95,99999999.99,42,37
2017-11-26,10000002,4294,87349854.27,81080009.94,87899955.07,37,21
2017-11-26,10000002,4299,1499999,1499999,1499999,2,1
2017-11-26,10000002,4302,70120749.97,66096356.8,70993430.54,36,26
2017-11-26,10000002,4306,61643513.45,57010023.01,63870010,40,29
2017-11-26,10000002,4308,66525943.08,59272745.51,67999997.46,32,24
2017-11-26,10000002,4309,673967418,673967418,673967418,1,1
2017-11-26,10000002,4310,59699997.49,59000000,59699998.98,126,84
2017-11-26,10000002,4311,619981727.24,619981727.24,619981727.24,1,1
2017-11-26,10000002,4312,20879.77,19512,20998.63,844823,139
2017-11-26,10000002,4313,10380000,10380000,10380000,13,13
2017-11-26,10000002,4314,10379041.63,10379000,10379999,24,12
2017-11-26,10000002,4315,9945691.63,5000801,10370000,24,16
2017-11-26,10000002,4316,10379554.38,10379554,10379555,21,16
2017-11-26,10000002,4345,389730960.93,375025992.56,395019999,28,23
2017-11-26,10000002,4346,659727918.04,600632800.22,675002111,5,5
2017-11-26,10000002,4347,1033167570.66,945015241.76,1049999998.24,73,65
2017-11-26,10000002,4348,523858517.27,509553885.68,549551602.01,21,18
2017-11-26,10000002,4349,315999998.5,296000003.3,319999986.93,233,198
2017-11-26,10000002,4358,49007,49007,49007,563,34
2017-11-26,10000002,4383,1598999.99,1500062.7,1599998.88,528,312
2017-11-26,10000002,4385,4798997.97,4798997.97,4798997.97,154,113
2017-11-26,10000002,4391,109998.94,100244,109999.99,168,90
2017-11-26,10000002,4393,62776.83,62776.83,62776.83,1687,166
2017-11-26,10000002,4394,1998502.81,1998502.79,1998502.83,12,11
2017-11-26,10000002,4395,443665.74,440000.97,443865.79,514,175
2017-11-26,10000002,4396,849999.78,750000,1199999,9,9
2017-11-26,10000002,4397,1256036.83,1000005.26,1549999,58,20
2017-11-26,10000002,4398,1250000,1250000,1250000,1,1
2017-11-26,10000002,4399,6062166.88,4943393.54,6089998.95,90,52
2017-11-26,10000002,4401,23799999.97,23799999.96,23799999.99,5,5
2017-11-26,10000002,4403,350000,349999.99,399999.97,1908,388
2017-11-26,10000002,4405,1243521.63,1242981.39,1243553.92,6071,1279
2017-11-26,10000002,4409,56001,56001,56001.18,252,24
2017-11-26,10000002,4411,657777.19,600000,799997.98,90,40
2017-11-26,10000002,4435,3128.39,3128.32,8999.92,1059,264
2017-11-26,10000002,4471,22997.97,4000.2,30509.92,958,278
2017-11-26,10000002,4477,10000.15,10000.15,10000.19,2706,351
2017-11-26,10000002,4529,1575,1575,1575.01,418,165
2017-11-26,10000002,4531,2525,2525,2525,284,118
2017-11-26,10000002,4533,99999,65000.01,159999.82,166,115
2017-11-26,10000002,4535,12172.85,3525,55000,63,51
2017-11-26,10000002,4569,14153.04,14153.04,14153.09,304,107
2017-11-26,10000002,4571,8501.03,8105.1,57998.95,305,56
2017-11-26,10000002,4573,118905.97,114988.87,119984.84,441,138
2017-11-26,10000002,4575,21432.23,10001,73777.64,72,45
2017-11-26,10000002,4609,21007.04,21007.04,21007.04,403,87
2017-11-26,10000002,4611,25178.09,25178.09,25178.09,564,81
2017-11-26,10000002,4613,22009.23,22009.23,22009.23,564,110
2017-11-26,10000002,4615,23277.02,23277.02,23277.02,338,90
2017-11-26,10000002,4787,6020.21,6020.2,6021.2,1390,373
2017-11-26,10000002,4829,10884.37,3100,32000,97,50
2017-11-26,10000002,4831,1701.78,1701.78,1701.78,732,164
2017-11-26,10000002,4833,164989.97,102003.04,164991.56,545,300
2017-11-26,10000002,4835,2273.64,2273.64,2273.64,412,128
2017-11-26,10000002,4871,30000,26710.1,30000,1214,242
2017-11-26,10000002,5007,7153.49,1126.11,11126.06,98,47
2017-11-26,10000002,5009,3060,3060,3060,505,175
2017-11-26,10000002,5011,297000.74,220001.25,298659.98,493,226
2017-11-26,10000002,5013,987.16,986,987.21,365,148
2017-11-26,10000002,5047,22149.68,22149,22150.33,762,85
2017-11-26,10000002,5049,52016.21,52016.21,52016.21,748,90
2017-11-26,10000002,5051,45665.2,45665.14,45670.03,895,153
2017-11-26,10000002,5053,58711.27,58711.27,58711.29,743,95
2017-11-26,10000002,5087,2506.07,2506.07,2506.07,111,65
2017-11-26,10000002,5089,2051.13,2051.13,2051.13,728,237
2017-11-26,10000002,5091,1620.05,1620.04,1620.05,118,64
2017-11-26,10000002,5093,1652.06,1652.06,1652.06,1268,314
2017-11-26,10000002,5137,3125,3125,3125,1570,405
2017-11-26,10000002,5141,4799.01,4799,11799.98,1430,373
2017-11-26,10000002,5175,8304.43,2811.99,50000,32,22
2017-11-26,10000002,5177,4103.91,2800,43800,64,36
2017-11-26,10000002,5179,211530.39,95037.02,274979.21,93,31
2017-11-26,10000002,5181,16245.83,1012.5,45000,27,16
2017-11-26,10000002,5215,20362.61,5206.05,39000,84,47
2017-11-26,10000002,5217,3113.05,3113.05,3113.05,80,48
2017-11-26,10000002,5219,98163.41,85000.87,128996.99,92,48
2017-11-26,10000002,5221,134785.16,16507.5,259998.95,79,28
2017-11-26,10000002,5239,5002.36,5002.35,8998.96,1141,300
2017-11-26,10000002,5245,3777.79,3777.79,3777.87,1113,249
2017-11-26,10000002,5279,2501.23,2501.17,2501.36,662,191
2017-11-26,10000002,5281,5050.11,5050.11,5050.11,640,170
2017-11-26,10000002,5282,5020.09,5020.09,5020.09,696,194
2017-11-26,10000002,5299,8722.01,8722.01,8722.01,457,154
2017-11-26,10000002,5301,5066,5066,5066.01,577,186
2017-11-26,10000002,5302,16125,16125,16125,840,228
2017-11-26,10000002,5319,6125.03,6125,6126,456,162
2017-11-26,10000002,5320,3185.1,3185.06,73014,608,220
2017-11-26,10000002,5321,6275,6275,6275,536,177
2017-11-26,10000002,5322,6520,6520,6520,534,189
2017-11-26,10000002,5339,7071.22,7071.22,7071.22,589,171
2017-11-26,10000002,5340,7602.08,7602.08,7602.08,174,84
2017-11-26,10000002,5342,8003.82,8003.82,8003.82,203,78
2017-11-26,10000002,5361,7810,7810,7810,390,144
2017-11-26,10000002,5363,1265.02,1265.02,1265.02,361,130
2017-11-26,10000002,5365,11000.07,11000.07,11000.07,237,83
2017-11-26,10000002,5399,13003.01,13003.01,13003.01,1581,386
2017-11-26,10000002,5403,20555.02,20555.02,20555.02,1603,267
2017-11-26,10000002,5405,20600.02,20600,24281.99,1697,397
2017-11-26,10000002,5439,12700,12401.01,17349,2011,575
2017-11-26,10000002,5443,106999,91059.05,106999.95,1851,521
2017-11-26,10000002,5445,17800.01,17800.01,18200,1796,458
2017-11-26,10000002,5493,35503.61,35503.49,53995,532,155
2017-11-26,10000002,5533,31508.03,31507.99,57502.82,731,269
2017-11-26,10000002,5599,37998.96,37998.96,37998.96,837,177
2017-11-26,10000002,5631,5250.06,5250,5300,427,149
2017-11-26,10000002,5647,10626.02,10626.02,10626.02,140,50
2017-11-26,10000002,5649,3100.12,3100.11,3100.12,135,57
2017-11-26,10000002,5683,123106.07,123106.07,123106.07,91,43
2017-11-26,10000002,5693,2110.46,691.54,40000,54,38
2017-11-26,10000002,5697,122051.05,122051.05,122051.05,752,118
2017-11-26,10000002,5719,72051.01,72049.47,72052,78,34
2017-11-26,10000002,5721,120048,120048,120048.02,456,120
2017-11-26,10000002,5723,118125,118125,118125.02,325,92
2017-11-26,10000002,5743,2239.37,2122.05,4999.95,74,45
2017-11-26,10000002,5745,3001.03,3001.02,3003,273,122
2017-11-26,10000002,5747,2607,2607,2608,205,87
2017-11-26,10000002,5755,117999.99,111319.03,118886.31,1851,133
2017-11-26,10000002,5757,60085.7,60085.39,60090.17,982,157
2017-11-26,10000002,5759,85111.01,85110.02,99998.99,977,112
2017-11-26,10000002,5839,1420002.05,1300003.36,1430012,1846,729
2017-11-26,10000002,5849,90002.34,90002.12,115994.88,636,207
2017-11-26,10000002,5865,1200.01,1200.01,1200.01,205,81
2017-11-26,10000002,5867,3125,3125,3125,268,100
2017-11-26,10000002,5869,850.02,850.02,850.02,537,180
2017-11-26,10000002,5871,750.16,750.16,750.16,151,72
2017-11-26,10000002,5933,69999.51,69999.51,69999.53,1448,201
2017-11-26,10000002,5945,365001.15,358169.3,397098,5378,331
2017-11-26,10000002,5955,71004.08,70017.14,97998.89,3745,323
2017-11-26,10000002,5971,42499,27014.48,42987.87,2370,812
2017-11-26,10000002,5973,449999.94,390071.19,508999.99,5590,1766
2017-11-26,10000002,5975,29998.52,20504.75,50000,3490,714
2017-11-26,10000002,6001,21093.99,21093.26,42994.98,1920,761
2017-11-26,10000002,6003,4020.01,4020,12000,1085,485
2017-11-26,10000002,6005,14250,14250,14250,5466,423
2017-11-26,10000002,6073,9201.45,9201.42,9203.01,680,243
2017-11-26,10000002,6131,2300.07,2300.07,2300.07,741,266
2017-11-26,10000002,6135,2125.01,2125.01,2125.07,240,73
2017-11-26,10000002,6159,4704,4702.11,24994.99,1428,302
2017-11-26,10000002,6160,16002.01,16001.04,28059.45,2850,575
2017-11-26,10000002,6173,6099.21,6099.19,19994.85,518,222
2017-11-26,10000002,6176,2122.56,2122.56,2122.56,1158,246
2017-11-26,10000002,6296,6999.96,5025.05,7499.99,3467,309
2017-11-26,10000002,6325,6905,6905,6905,291,118
2017-11-26,10000002,6437,9034.2,9032.25,39998.83,341,166
2017-11-26,10000002,6439,3651.2,3651.2,3651.2,348,139
2017-11-26,10000002,6441,3800,3800,3800,174,98
2017-11-26,10000002,6443,3061.08,3061.08,3061.08,408,175
2017-11-26,10000002,6485,2250.01,2250.01,2250.01,927,283
2017-11-26,10000002,6527,1600,1600,1600.01,943,263
2017-11-26,10000002,6569,6002.01,6002,6002.01,912,336
2017-11-26,10000002,6631,16933.4,1999.01,19999.69,79,45
2017-11-26,10000002,6633,3003.5,3000.02,25000,154,64
2017-11-26,10000002,6635,301999.99,275045.68,303999.94,173,79
2017-11-26,10000002,6637,40231.45,2911.02,99999.99,83,44
2017-11-26,10000002,6671,11535.89,11256,17500,74,46
2017-11-26,10000002,6673,2510,2510,2510,121,64
2017-11-26,10000002,6675,600003.21,600003.16,699999.79,119,51
2017-11-26,10000002,6677,15127.54,15127.53,33987.57,102,37
2017-11-26,10000002,6715,18551.86,5206.01,48999.99,92,53
2017-11-26,10000002,6717,6077.05,6077.05,6077.06,135,77
2017-11-26,10000002,6719,889997.98,818297.61,889999.98,199,68
2017-11-26,10000002,6721,61798.68,34002.59,95000,99,38
2017-11-26,10000002,6757,54915.42,25068.15,233999.99,14,13
2017-11-26,10000002,6759,31400.46,3000.11,74000.99,10,8
2017-11-26,10000002,6761,1998449.78,1605999.58,1999999.97,54,32
2017-11-26,10000002,6763,105200,100800,250000,11,11
2017-11-26,10000002,6805,141669.82,70003.78,500000,24,11
2017-11-26,10000002,6807,58309.29,23082.1,149900,18,12
2017-11-26,10000002,6809,9797496.72,8000079.77,12055555.56,45,19
2017-11-26,10000002,6811,623324.65,90,1012846.3,52,19
2017-11-26,10000002,6859,185437.94,45000,419500,40,19
2017-11-26,10000002,6861,10002.68,10002.33,10002.95,34,26
2017-11-26,10000002,6863,2999999.93,2606319.32,3199999.89,134,52
2017-11-26,10000002,6865,499997.94,499997.94,499997.94,111,32
2017-11-26,10000002,6919,38919.47,38756.05,39101,93,42
2017-11-26,10000002,6921,42000.01,42000.01,42000.01,117,55
2017-11-26,10000002,6923,406115.59,406115.56,406115.6,190,44
2017-11-26,10000002,6925,62272.56,51040.31,95996.7,100,43
2017-11-26,10000002,6959,56545.25,56545.2,57000,104,64
2017-11-26,10000002,6961,62500.6,62001.15,63000,158,70
2017-11-26,10000002,6963,377000,231011.04,377000,317,87
2017-11-26,10000002,6965,33118.99,25107.08,127500,77,45
2017-11-26,10000002,6999,56004.25,56004.25,56004.25,137,48
2017-11-26,10000002,7001,69969.23,69969.23,69969.23,154,52
2017-11-26,10000002,7003,78201.01,78201.01,78201.01,135,56
2017-11-26,10000002,7005,70001.27,70001.27,70001.27,153,48
2017-11-26,10000002,7043,170125.01,170124.29,170125.49,267,75
2017-11-26,10000002,7045,151004.2,151004.2,151004.2,182,61
2017-11-26,10000002,7047,175000,175000,175000,150,56
2017-11-26,10000002,7049,178019.24,178019.23,178019.27,152,68
2017-11-26,10000002,7083,263758,260032,265000,4,4
2017-11-26,10000002,7085,206006,206006,207500,246,61
2017-11-26,10000002,7087,270001.28,221002.52,270001.47,682,77
2017-11-26,10000002,7089,831772.88,372500,889181.99,9,2
2017-11-26,10000002,7123,284021.09,284021.09,284021.09,145,48
2017-11-26,10000002,7125,201025.83,201025.77,202000.17,491,96
2017-11-26,10000002,7127,350000.02,262276,350000.04,150,61
2017-11-26,10000002,7131,301000.19,252000,301000.24,972,97
2017-11-26,10000002,7167,245001.05,245001.01,275001.1,134,56
2017-11-26,10000002,7169,357026.16,357026.02,357027.03,226,68
2017-11-26,10000002,7171,60232,60123.79,345000,163,46
2017-11-26,10000002,7173,304002.61,304002.05,304003,81,36
2017-11-26,10000002,7247,1500000,1500000,1500000,158,67
2017-11-26,10000002,7249,10125.01,10001.08,60000,113,74
2017-11-26,10000002,7251,50000,50000,50000,764,111
2017-11-26,10000002,7253,84999.99,68251.52,84999.99,111,53
2017-11-26,10000002,7287,439999.94,401076.22,470073.29,1046,271
2017-11-26,10000002,7289,10001.57,10001.55,37000,628,183
2017-11-26,10000002,7291,6230.12,6230.12,6230.12,677,186
2017-11-26,10000002,7293,94898.99,20122.18,94999.93,923,183
2017-11-26,10000002,7327,290000.51,290000.41,364999.92,151,79
2017-11-26,10000002,7329,9668.22,7517.68,20000,75,44
2017-11-26,10000002,7331,10993.24,7701,29999.99,95,65
2017-11-26,10000002,7333,15698.45,11994.67,23999.99,74,45
2017-11-26,10000002,7367,1261799.92,1095000.19,1264800.06,1644,284
2017-11-26,10000002,7369,82500.01,82500,85000,530,163
2017-11-26,10000002,7371,27503.02,27002.41,27504.61,654,174
2017-11-26,10000002,7373,11250.66,10080.64,149997.99,463,145
2017-11-26,10000002,7407,111423.75,66505.11,500000,59,33
2017-11-26,10000002,7409,82120.02,82120.01,82120.03,75,40
2017-11-26,10000002,7411,51256.05,51003.52,75000,95,41
2017-11-26,10000002,7413,15851.77,15025.7,48025.62,40,22
2017-11-26,10000002,7447,325011.34,325011.2,475000,540,115
2017-11-26,10000002,7449,386299.84,360311.13,386299.94,1761,94
2017-11-26,10000002,7451,271041.56,271022.68,379998.95,2356,105
2017-11-26,10000002,7453,252118.69,252118.57,252118.78,815,77
2017-11-26,10000002,7487,519997.99,428500,519999.97,176,56
2017-11-26,10000002,7489,3562,3561.16,44999.98,111,55
2017-11-26,10000002,7491,5289.47,2752,29186.54,92,51
2017-11-26,10000002,7493,99499.99,57277.69,99499.99,113,50
2017-11-26,10000002,7535,320000.02,300009,419999.98,231,94
2017-11-26,10000002,7537,10004.68,10003.41,10006,218,57
2017-11-26,10000002,7539,3002.05,3002.04,3002.13,202,59
2017-11-26,10000002,7541,58499.79,30007.88,59999.85,292,70
2017-11-26,10000002,7579,1200032.69,1200031.81,1569997.88,399,153
2017-11-26,10000002,7581,96000.01,95001.96,129998.95,340,113
2017-11-26,10000002,7583,59989.46,59989.46,59989.46,583,99
2017-11-26,10000002,7585,360007.85,360007.65,369007.56,396,119
2017-11-26,10000002,7619,1889955.91,1889955.91,1889955.92,125,44
2017-11-26,10000002,7621,91039.1,89999.99,199900,97,34
2017-11-26,10000002,7623,36631.61,25501,50000,61,29
2017-11-26,10000002,7625,132835.8,111119.39,169999.97,73,40
2017-11-26,10000002,7663,296999.26,217925.58,296999.99,247,92
2017-11-26,10000002,7665,23923.2,23923.12,144999.99,113,34
2017-11-26,10000002,7667,35113.32,35113.32,35113.32,104,45
2017-11-26,10000002,7669,47000.05,44086,67999.99,129,42
2017-11-26,10000002,7703,425006.16,425006.04,488998.91,275,96
2017-11-26,10000002,7705,56010.01,56010.01,56010.01,161,51
2017-11-26,10000002,7707,44998.98,5000.35,48999.98,456,56
2017-11-26,10000002,7709,60000.34,60000.34,60000.34,126,35
2017-11-26,10000002,7743,179998.2,179998.16,179998.24,88,42
2017-11-26,10000002,7745,180004,180004,180004,120,54
2017-11-26,10000002,7747,183001,183001,183001,116,48
2017-11-26,10000002,7749,68095.86,53048.04,75003,89,37
2017-11-26,10000002,7783,263005.65,263004.53,1000099.94,271,66
2017-11-26,10000002,7785,254034,254034,254034,333,55
2017-11-26,10000002,7787,251002.1,251002.1,251002.1,443,60
2017-11-26,10000002,7789,235021.69,235021.69,235021.69,238,37
2017-11-26,10000002,7827,205137.01,205137.01,205138.01,143,54
2017-11-26,10000002,7829,211145,211144.05,211150,116,49
2017-11-26,10000002,7831,204037,204036,255997.96,206,55
2017-11-26,10000002,7833,2143775.03,542455,2399986.24,29,3
2017-11-26,10000002,7997,61500.98,12001,61500.98,444,98
2017-11-26,10000002,8001,9999.96,9999.96,9999.96,392,79
2017-11-26,10000002,8007,188999.95,188999.94,199999.98,2483,199
2017-11-26,10000002,8023,3008.06,3008.04,3008.07,354,136
2017-11-26,10000002,8025,2012.96,2012.96,2013,235,99
2017-11-26,10000002,8027,1289999.99,1160000.74,1293999.45,1284,328
2017-11-26,10000002,8089,422000,368899.75,449999.98,5819,559
2017-11-26,10000002,8091,71001.18,71001.17,82499.92,931,253
2017-11-26,10000002,8101,6004,6004,6004,677,168
2017-11-26,10000002,8103,7126.07,7126.07,7250,306,112
2017-11-26,10000002,8105,1387631,1250025.07,1387991.99,1218,271
2017-11-26,10000002,8113,11500,11001,25000,679,74
2017-11-26,10000002,8115,10501.02,10501.02,10501.02,420,66
2017-11-26,10000002,8117,158865.81,120000.01,158886.82,1168,243
2017-11-26,10000002,8133,2250,2155.02,10154.95,275,103
2017-11-26,10000002,8135,19999.98,19999.98,19999.98,1395,119
2017-11-26,10000002,8175,2576.18,2576.14,37999.99,777,170
2017-11-26,10000002,8177,1000.12,1000.12,1000.12,595,161
2017-11-26,10000002,8225,18027.42,18027.35,25998.85,648,220
2017-11-26,10000002,8263,17505.03,17500,69999.97,1404,274
2017-11-26,10000002,8295,1750,1750,1750,215,82
2017-11-26,10000002,8297,1850,1850,1850,514,130
2017-11-26,10000002,8335,9250,9161.04,9250,435,170
2017-11-26,10000002,8337,3250,3250,3250,296,111
2017-11-26,10000002,8419,50002.1,50002.1,50002.1,692,139
2017-11-26,10000002,8427,42001.26,42001.12,95899.97,387,224
2017-11-26,10000002,8433,604000,576004,759999.94,1138,379
2017-11-26,10000002,8521,173986.77,115024.1,173997.62,865,331
2017-11-26,10000002,8529,87994.2,55247.38,88766.54,1860,483
2017-11-26,10000002,8531,12935.23,12935.2,12935.23,334,155
2017-11-26,10000002,8535,19310.32,19310.32,19310.32,316,165
2017-11-26,10000002,8537,16205,16205,16205,698,163
2017-11-26,10000002,8579,35000,116,73945,720,165
2017-11-26,10000002,8583,4323.16,4323.14,4326.15,839,162
2017-11-26,10000002,8585,12000.01,11806.01,34699.87,673,172
2017-11-26,10000002,8635,156002,156002,156003,1034,123
2017-11-26,10000002,8639,153045,153045,153046,870,129
2017-11-26,10000002,8641,155115.88,155113.02,194998.97,1191,154
2017-11-26,10000002,8748,6895.79,6784.5,21999,523,229
2017-11-26,10000002,8759,6461338.66,6100000,6796980.71,35,25
2017-11-26,10000002,8785,291426.53,83163,338999.99,62,21
2017-11-26,10000002,8787,95004.26,95004.24,95004.31,11,10
2017-11-26,10000002,8789,1464402.02,741139.15,1889999.85,27,10
2017-11-26,10000002,8815,230000,76004.4,230000.82,184,56
2017-11-26,10000002,8817,7250,7250,7250,122,53
2017-11-26,10000002,8819,3250.05,3250.05,3250.05,165,44
2017-11-26,10000002,8821,40800.46,21500.07,72999.99,98,51
2017-11-26,10000002,8863,700000.41,700000.4,700000.41,328,103
2017-11-26,10000002,8865,300000,300000,300000,557,83
2017-11-26,10000002,8867,79999.99,79999.99,79999.99,311,60
2017-11-26,10000002,8869,105091.64,105091.64,105091.66,269,80
2017-11-26,10000002,8903,310000.01,300000,384898.76,160,62
2017-11-26,10000002,8905,52505.43,15009.84,90000,200,47
2017-11-26,10000002,8907,18060.35,18060.35,18060.35,124,35
2017-11-26,10000002,8909,50257,50256.19,284999.96,130,49
2017-11-26,10000002,9071,490839.62,160220,799999.99,48,17
2017-11-26,10000002,9073,2200.99,2200,2201.26,9,9
2017-11-26,10000002,9091,11000,11000,11000,28,11
2017-11-26,10000002,9093,136647.09,2800.04,380000,17,8
2017-11-26,10000002,9127,3426792.92,3274798.09,3728999.87,73,33
2017-11-26,10000002,9129,19351.32,19351.16,19351.35,17,12
2017-11-26,10000002,9131,145290.34,15554.28,288000,42,11
2017-11-26,10000002,9133,241245.35,117521,369800,47,27
2017-11-26,10000002,9135,369000,280001.03,369999.92,281,88
2017-11-26,10000002,9137,42127,42127,42127,117,34
2017-11-26,10000002,9139,27597.22,27597.22,27597.22,103,33
2017-11-26,10000002,9141,56805.55,36002.32,178998.79,97,35
2017-11-26,10000002,9207,105000,101216.06,205000,120,53
2017-11-26,10000002,9209,50030.86,50030.86,50030.86,131,35
2017-11-26,10000002,9211,51143.47,51143.47,51143.47,104,31
2017-11-26,10000002,9213,74800.39,50004.79,455000,98,27
2017-11-26,10000002,9247,74817,55206.57,75225.55,49,27
2017-11-26,10000002,9249,76282.87,76281.03,76283.81,61,25
2017-11-26,10000002,9251,74575.09,10998.99,75412,77,33
2017-11-26,10000002,9253,73532.01,0.02,75694.71,35,20
2017-11-26,10000002,9287,170191.9,170187.71,170193.42,26,15
2017-11-26,10000002,9289,165055.62,165055,165056,82,31
2017-11-26,10000002,9291,151034.06,151034.04,151034.09,79,37
2017-11-26,10000002,9293,136006.88,136005.6,136011.1,46,22
2017-11-26,10000002,9327,638510.62,635999.97,638510.64,380,76
2017-11-26,10000002,9329,231028.1,231028.1,231028.1,197,55
2017-11-26,10000002,9331,232103,232103,232103,165,44
2017-11-26,10000002,9333,55502.86,55502.86,235504.7,145,46
2017-11-26,10000002,9367,419397.13,343009.51,594992.15,99,41
2017-11-26,10000002,9369,275029.07,275028.01,275030.01,96,47
2017-11-26,10000002,9371,291008.04,291008.02,291008.06,72,34
2017-11-26,10000002,9377,195061.9,173016.69,279008.02,44,25
2017-11-26,10000002,9411,2699999.98,1466698.15,2866620.98,174,70
2017-11-26,10000002,9413,119999.94,35051.03,119999.95,233,49
2017-11-26,10000002,9415,419999.97,107126.12,420000,207,65
2017-11-26,10000002,9417,809040.01,570052.72,809040.05,217,58
2017-11-26,10000002,9451,2099999.67,1800001.34,2099999.93,519,114
2017-11-26,10000002,9453,68708.25,68708.25,68708.25,234,43
2017-11-26,10000002,9455,64510.23,64510.23,64510.23,152,35
2017-11-26,10000002,9457,400004.53,400004.03,498999.2,385,66
2017-11-26,10000002,9491,4988999.93,4534215.17,4999999.91,1538,161
2017-11-26,10000002,9493,357023.07,357023.07,357023.07,882,59
2017-11-26,10000002,9495,216257.1,216257.03,216257.1,702,45
2017-11-26,10000002,9497,513327.09,513326.99,999992.17,878,119
2017-11-26,10000002,9521,4053.02,4053.02,4053.02,532,188
2017-11-26,10000002,9556,1650.37,1650.37,1650.37,323,134
2017-11-26,10000002,9562,45466665.06,38400001.25,48999996.98,6,6
2017-11-26,10000002,9566,38700051.45,15300128.83,54299999.9,5,5
2017-11-26,10000002,9568,7504.04,7504.02,7504.04,335,157
2017-11-26,10000002,9570,12800010.22,8000017.74,19999998.94,5,5
2017-11-26,10000002,9574,890888.3,890888.3,890888.3,1,1
2017-11-26,10000002,9580,31003.04,31003.01,109998.85,496,230
2017-11-26,10000002,9582,4008.09,4008.07,4008.11,415,157
2017-11-26,10000002,9608,15001.02,15001.02,15001.02,564,246
2017-11-26,10000002,9622,18052.14,18052.08,18052.17,1045,336
2017-11-26,10000002,9632,241100,240144.06,255999.99,2526,723
2017-11-26,10000002,9646,16505.01,16505,16505.06,726,252
2017-11-26,10000002,9660,16512.42,16512.41,16512.44,643,279
2017-11-26,10000002,9668,190008.08,190007.56,224799.96,2508,176
2017-11-26,10000002,9670,5001,5000,8584.99,945,178
2017-11-26,10000002,9678,242505.05,242505.03,269997.99,888,134
2017-11-26,10000002,9680,81372.94,17033.66,269999.97,99,65
2017-11-26,10000002,9728,207026,207022.02,207031,963,243
2017-11-26,10000002,9734,250003,250003,250003,203,86
2017-11-26,10000002,9744,5003.03,5003.03,5003.03,116,60
2017-11-26,10000002,9762,176965.15,176057.02,178000.17,181,70
2017-11-26,10000002,9772,219999.96,200000.31,233994.49,1999,150
2017-11-26,10000002,9784,5601,5601,5601,531,174
2017-11-26,10000002,9800,203013.19,203013.18,203015,608,191
2017-11-26,10000002,9808,268998.99,245200.32,269997.97,1394,143
2017-11-26,10000002,9826,215,215,215,40094,767
2017-11-26,10000002,9828,823.3,822.55,909.88,2367537,79
2017-11-26,10000002,9830,12402.01,12400,12999.96,459931,77
2017-11-26,10000002,9832,9302,9102.1,9834.99,1198482,163
2017-11-26,10000002,9834,92443.98,92404.44,92443.98,173522,174
2017-11-26,10000002,9836,11796.99,11304.19,11804.2,826390,112
2017-11-26,10000002,9838,11802.13,11800.03,12700,517732,121
2017-11-26,10000002,9840,12380.06,12370.01,13324,422899,127
2017-11-26,10000002,9842,18999.99,18511,19005.93,392527,160
2017-11-26,10000002,9844,2527.28,2527.28,2527.28,1178,1
2017-11-26,10000002,9846,115000,115000,115000,27473,27
2017-11-26,10000002,9848,86034.01,86020.12,90998.78,456570,327
2017-11-26,10000002,9850,496.49,496.37,496.63,486938,35
2017-11-26,10000002,9852,53,53,53,132158,27
2017-11-26,10000002,9899,9799999.85,9779000,9901110.38,351,209
2017-11-26,10000002,9941,8845554.98,8844443.99,8885554.97,458,236
2017-11-26,10000002,9942,10103965.17,9115001.09,10103995.17,603,217
2017-11-26,10000002,9943,10498998.8,10497999.82,10498999.76,418,230
2017-11-26,10000002,9944,72899,69997.99,72899.99,614,164
2017-11-26,10000002,9945,249940,249939.98,249940,7,7
2017-11-26,10000002,9947,2498929,2220230.63,2599995,36,16
2017-11-26,10000002,9950,2099999,2099999,2099999,1699,117
2017-11-26,10000002,9956,9574999.99,8756000.13,9575999.96,322,171
2017-11-26,10000002,9957,21328134.62,18730453.64,21695999.89,24,23
2017-11-26,10000002,10039,7100.92,255.8,11990,79,63
2017-11-26,10000002,10040,3360,3360,3360,11,10
2017-11-26,10000002,10151,8077895.88,7611001,8610001.98,19,9
2017-11-26,10000002,10152,21598997.77,21598997.77,21598997.77,4,1
2017-11-26,10000002,10155,7999999.96,7999499.99,7999999.99,238,64
2017-11-26,10000002,10156,22999999.04,22899999.99,22999999.98,121,56
2017-11-26,10000002,10164,439090.91,439000,440000.04,11,2
2017-11-26,10000002,10165,5999988.47,5999988.47,5999988.47,1,1
2017-11-26,10000002,10188,8899989.99,8899989.99,8899989.99,1,1
2017-11-26,10000002,10190,1222550.77,1222397.89,1222554,5317,854
2017-11-26,10000002,10204,650833.07,605000,799999.88,30,9
2017-11-26,10000002,10208,20398999.99,19955555,20491000,510,272
2017-11-26,10000002,10209,119999998.32,117056500.85,120856000,145,116
2017-11-26,10000002,10212,19998036.35,19998036.35,19998036.35,495,263
2017-11-26,10000002,10213,120994969.4,119499982.01,120994972.99,117,92
2017-11-26,10000002,10216,23500001.1,20991999,23900001.01,530,276
2017-11-26,10000002,10217,119999000,119499999.69,119999997.15,102,91
2017-11-26,10000002,10221,21192998.95,21011111,21292330.57,483,279
2017-11-26,10000002,10222,117397997.7,117397997.12,117398495,119,101
2017-11-26,10000002,10225,20847999.96,19999999.98,20849999.96,305,170
2017-11-26,10000002,10226,116238309.79,114118999.98,118000000.09,71,66
2017-11-26,10000002,10228,19081022.49,17515001.85,19499990.32,32,22
2017-11-26,10000002,10244,22355097.4,17211903.62,26199995,14,11
2017-11-26,10000002,10246,7894.98,4999.99,12999.98,4401,213
2017-11-26,10000002,10247,21837851.27,19986000,29985996.84,27,14
2017-11-26,10000002,10250,984998.79,984875.66,984999.97,2104,201
2017-11-26,10000002,10629,7369.99,7369.99,7369.99,670,50
2017-11-26,10000002,10630,30000,30000,30000,3,3
2017-11-26,10000002,10631,431936.98,395500,431937.01,2305,327
2017-11-26,10000002,10678,29998.98,9005.39,29999.98,309,108
2017-11-26,10000002,10679,90000,90000,90000,1,1
2017-11-26,10000002,10680,648897.08,582000.19,648994.88,602,88
2017-11-26,10000002,10688,2306.01,2306.01,3306,347,144
2017-11-26,10000002,10690,3700.69,3700.67,3700.7,438,181
2017-11-26,10000002,10692,3111,3104.17,3499,263,126
2017-11-26,10000002,10694,198999.99,173150.23,199399.85,639,187
2017-11-26,10000002,10836,32808.57,16000.02,58879.99,97,53
2017-11-26,10000002,10837,364640,364640,364640,4,3
2017-11-26,10000002,10838,65497.42,40000.24,90000,10,10
2017-11-26,10000002,10839,1458560,1458560,1458560,3,2
2017-11-26,10000002,10840,89002.01,89002.01,89002.01,1,1
2017-11-26,10000002,10841,5854720,5854720,5854720,1,1
2017-11-26,10000002,10842,2078388.83,2030295.21,2398168.68,54,35
2017-11-26,10000002,10850,567998.5,496002.21,569996,337,166
2017-11-26,10000002,10858,1279997.99,1070000,1279998,139,74
2017-11-26,10000002,10866,7023.04,7023.04,7023.04,344,97
2017-11-26,10000002,10868,10043.19,10043.18,10043.19,249,85
2017-11-26,10000002,10870,8406.17,8406.17,8406.17,406,118
2017-11-26,10000002,10872,7350.42,7350.35,24395,442,153
2017-11-26,10000002,10874,7604.14,7604.1,7604.15,265,72
2017-11-26,10000002,10876,31011,31011,31011,425,72
2017-11-26,10000002,10878,7601.05,7601.05,7601.05,353,70
2017-11-26,10000002,10880,30510.17,30510.16,30510.17,449,91
2017-11-26,10000002,10882,50006,50005.06,68999.95,613,85
2017-11-26,10000002,10884,75014,75014,75014,523,86
2017-11-26,10000002,10886,60013,60013,60013,482,92
2017-11-26,10000002,10888,51000.02,51000.01,51000.02,531,84
2017-11-26,10000002,10998,27998,26999.99,27999.97,4866,528
2017-11-26,10000002,11082,877770.76,877770.76,877770.76,101,51
2017-11-26,10000002,11083,1887144.37,1879879.59,1999756.98,33,33
2017-11-26,10000002,11084,1893017.18,1532752.05,1999999.99,88,54
2017-11-26,10000002,11105,337999.94,268810.3,340889.99,1131,316
2017-11-26,10000002,11129,12100,12100,12100,453,134
2017-11-26,10000002,11130,148987.87,50000,198481.8,6,6
2017-11-26,10000002,11132,17350.06,17350.06,17350.06,113,43
2017-11-26,10000002,11133,342708.67,50000,489063,3,3
2017-11-26,10000002,11134,11550.01,11550.01,11550.01,729,161
2017-11-26,10000002,11135,193923.75,50000,337847.51,4,4
2017-11-26,10000002,11172,38500048.15,38000000,50999999.94,123,65
2017-11-26,10000002,11174,41472434.45,40000000,44999984.95,91,44
2017-11-26,10000002,11176,34955704.58,31900000.16,35498999.87,72,58
2017-11-26,10000002,11178,35999978.94,35999898,35999981.99,167,91
2017-11-26,10000002,11182,31860810.51,28205022.29,32999999.95,31,25
2017-11-26,10000002,11184,31611991.94,27000004.32,32113944,50,30
2017-11-26,10000002,11186,34122000,34122000,34122000,260,87
2017-11-26,10000002,11188,30661269.59,26223700.05,31199999.8,40,34
2017-11-26,10000002,11190,38350810.1,21675001.72,46999997.85,15,13
2017-11-26,10000002,11192,36343198.07,32509001.17,36999999.59,75,64
2017-11-26,10000002,11194,32345620.94,30200000,33799999.94,27,19
2017-11-26,10000002,11196,33989895.12,32033000,35898998,392,113
2017-11-26,10000002,11198,40999998.83,40999997.99,41001009.45,163,87
2017-11-26,10000002,11200,32789925.95,28034011.46,33213000,65,46
2017-11-26,10000002,11202,35899998.43,35899998.39,35899999.58,164,119
2017-11-26,10000002,11207,500000,500000,500000,362,186
2017-11-26,10000002,11215,997500,997500,997500,1,1
2017-11-26,10000002,11218,750000,750000,750000,2,2
2017-11-26,10000002,11219,589998.69,300206.8,589998.7,143,24
2017-11-26,10000002,11225,380000.01,10000.02,750000,2,2
2017-11-26,10000002,11227,98000,98000,98000,4,4
2017-11-26,10000002,11228,750000,750000,750000,2,2
2017-11-26,10000002,11229,708102.01,708101.73,944999.59,239,70
2017-11-26,10000002,11235,193837.5,25350.01,250000,4,2
2017-11-26,10000002,11237,50083.33,13000,57500,6,3
2017-11-26,10000002,11238,750000,750000,750000,2,2
2017-11-26,10000002,11239,478250.77,361000.27,500000,47,25
2017-11-26,10000002,11247,75000,75000,75000,2,2
2017-11-26,10000002,11248,750000,750000,750000,3,3
2017-11-26,10000002,11249,727205.16,686001.22,975997.77,73,23
2017-11-26,10000002,11255,10000.01,10000.01,10000.01,2,2
2017-11-26,10000002,11257,77666.66,30000.01,172999.95,3,3
2017-11-26,10000002,11258,750000,750000,750000,1,1
2017-11-26,10000002,11259,917996.68,600100.58,917997,213,31
2017-11-26,10000002,11265,6511441.46,3608123.34,8446986.87,5,5
2017-11-26,10000002,11267,195000,194999.99,195000,274,63
2017-11-26,10000002,11268,1125000,1000000,1500000,4,4
2017-11-26,10000002,11269,799998,798898.99,800000,3636,960
2017-11-26,10000002,11277,71117.06,27500.01,90979.82,17,16
2017-11-26,10000002,11278,2655555,2655555,2655555,1,1
2017-11-26,10000002,11279,579572.96,125991.99,1295989,38,11
2017-11-26,10000002,11280,7112500,7000000,7225000,2,2
2017-11-26,10000002,11283,1795,1755,1990.19,12155,34
2017-11-26,10000002,11284,1600000,1000000,1750000,5,5
2017-11-26,10000002,11285,3158.7,3158.55,3158.71,23685,94
2017-11-26,10000002,11286,3062125,2500000,3998999.99,8,8
2017-11-26,10000002,11287,6397.78,6397.78,6397.78,7608,66
2017-11-26,10000002,11288,4519131.12,3750000,4999815.23,13,11
2017-11-26,10000002,11289,4599.87,4598.98,4730,49599,161
2017-11-26,10000002,11290,6429500,5000000,7858999.99,4,4
2017-11-26,10000002,11293,21588.08,4018.82,25499.18,24,13
2017-11-26,10000002,11295,164310.32,59000.48,171998.93,45,14
2017-11-26,10000002,11296,933332.67,800000,999999,3,3
2017-11-26,10000002,11297,228520.86,122001.86,239995.91,75,30
2017-11-26,10000002,11299,433721.49,300000.71,448998.98,18,9
2017-11-26,10000002,11300,4000000,4000000,4000000,1,1
2017-11-26,10000002,11301,82032.59,57646.67,88999.99,9,8
2017-11-26,10000002,11302,2100000,2100000,2100000,1,1
2017-11-26,10000002,11303,69363.59,24000.02,74000,22,8
2017-11-26,10000002,11304,3650000,3650000,3650000,1,1
2017-11-26,10000002,11305,145090.95,52000.14,180000,11,11
2017-11-26,10000002,11306,3100000,3100000,3100000,1,1
2017-11-26,10000002,11309,173501.51,173501.51,173501.52,1887,355
2017-11-26,10000002,11311,112500,110000,115500.9,996,205
2017-11-26,10000002,11317,316000.03,316000.03,316000.03,1066,209
2017-11-26,10000002,11319,300100.04,300100.04,300100.04,1656,180
2017-11-26,10000002,11325,499999.99,475000.08,540998.94,1990,340
2017-11-26,10000002,11327,464007.02,464007.02,465000,1487,184
2017-11-26,10000002,11341,12004.02,12004.01,12004.02,476,167
2017-11-26,10000002,11343,12000.2,12000.2,12000.23,534,176
2017-11-26,10000002,11349,44400.87,44400.01,91182.95,740,208
2017-11-26,10000002,11351,50007,50007,50007,714,163
2017-11-26,10000002,11355,1801.08,1801.08,1801.08,804,10
2017-11-26,10000002,11356,2589997.94,2589997.94,2589997.94,3,3
2017-11-26,10000002,11357,23180.22,5604.15,27941.99,10,8
2017-11-26,10000002,11358,4370165.99,4370165.99,4370165.99,1,1
2017-11-26,10000002,11359,45747.74,9000,57996.99,4,2
2017-11-26,10000002,11360,2919995.16,2919995.16,2919995.16,2,2
2017-11-26,10000002,11365,35989971.14,29010005.41,49499987.99,33,18
2017-11-26,10000002,11370,1478900.01,1478891.99,1538991.37,1627,640
2017-11-26,10000002,11371,29647911.56,26001000.09,34499960,61,31
2017-11-26,10000002,11377,39889999.9,39889999.9,39949999.8,134,76
2017-11-26,10000002,11379,33534806.84,30700750.04,35000750,41,31
2017-11-26,10000002,11381,37003531.98,33218001.01,38997998.97,29,19
2017-11-26,10000002,11387,33131924.75,30890330.02,33999998,32,18
2017-11-26,10000002,11393,28732153.85,25002017.77,29478963,18,12
2017-11-26,10000002,11395,520725.56,500000,645869.97,54,38
2017-11-26,10000002,11396,17207.12,17207.12,17207.12,391,4
2017-11-26,10000002,11399,8625.35,8602.07,9224.87,2671696,576
2017-11-26,10000002,11400,28512390.26,27003000,29101096,27,20
2017-11-26,10000002,11433,9272136.1,5079999.02,11108991.99,36,35
2017-11-26,10000002,11441,7119113.12,5560002,7469997.57,34,33
2017-11-26,10000002,11442,10347310.27,10000000,10999876.92,19,17
2017-11-26,10000002,11443,10084407.2,10000000,10886766.24,32,31
2017-11-26,10000002,11444,4481083.18,4000005.07,4599999.98,37,36
2017-11-26,10000002,11445,3109804.6,2900004.96,3899989.11,51,37
2017-11-26,10000002,11446,10208638.18,10000000,10997945,98,52
2017-11-26,10000002,11447,9005064.44,7050113.01,10000000,39,34
2017-11-26,10000002,11448,10120422.76,10000000,11199862.39,60,27
2017-11-26,10000002,11449,10424460.48,10000000,11999988.56,56,24
2017-11-26,10000002,11450,3921107.58,3046289.48,4399999.92,41,36
2017-11-26,10000002,11451,7598309.39,6467740.05,8967729.95,34,26
2017-11-26,10000002,11452,10167606.24,10000000,11499811.97,60,29
2017-11-26,10000002,11453,10506557.02,10000000,11989699.44,49,31
2017-11-26,10000002,11454,4936259.42,4849999.79,10000000,46,43
2017-11-26,10000002,11455,9456798.45,7916318.81,9890032.38,27,26
2017-11-26,10000002,11457,231.04,231.04,231.04,300,3
2017-11-26,10000002,11459,100.12,100.12,100.12,5500,7
2017-11-26,10000002,11460,258.05,258.05,258.05,100,1
2017-11-26,10000002,11461,361.06,361.06,361.06,344,5
2017-11-26,10000002,11462,210.03,210.03,210.03,400,4
2017-11-26,10000002,11463,129.01,129.01,129.01,205,3
2017-11-26,10000002,11464,200,200,200,200,2
2017-11-26,10000002,11465,994.99,994.99,994.99,2300,5
2017-11-26,10000002,11466,128.02,128.02,128.02,305,4
2017-11-26,10000002,11467,162.51,162.51,162.51,500,5
2017-11-26,10000002,11475,310.92,310.92,310.92,71497,96
2017-11-26,10000002,11476,212.53,212.53,212.53,54956,37
2017-11-26,10000002,11478,223.51,223.51,223.51,63475,113
2017-11-26,10000002,11481,395.84,395.84,395.85,29492,111
2017-11-26,10000002,11482,249.98,249.98,249.98,34434,56
2017-11-26,10000002,11483,259.86,258.51,399.83,40544,95
2017-11-26,10000002,11484,256.98,256.98,256.98,36957,69
2017-11-26,10000002,11486,334.88,334.88,334.88,15987,91
2017-11-26,10000002,11488,140799.98,31000.08,174999.96,25,15
2017-11-26,10000002,11489,298877.75,298875,298877.76,150,43
2017-11-26,10000002,11496,12500.01,12500.01,12500.01,1227,37
2017-11-26,10000002,11529,10748612.96,10000000,12499776.72,38,22
2017-11-26,10000002,11530,59390.85,59390.85,59390.86,23283,66
2017-11-26,10000002,11531,57896,57895.98,57899.97,15886,91
2017-11-26,10000002,11532,54700,54700,54700,35820,28
2017-11-26,10000002,11533,59449.96,59399,59485,21262,49
2017-11-26,10000002,11534,40498,40497.98,40694.99,61191,91
2017-11-26,10000002,11535,39499.98,38630.96,39499.99,24000,80
2017-11-26,10000002,11536,40098.86,39999.99,40098.91,22692,43
2017-11-26,10000002,11537,41000,39000,41097.99,18351,33
2017-11-26,10000002,11538,69900,69899.99,69977.81,72367,73
2017-11-26,10000002,11539,78999,77988.66,89998.99,100476,73
2017-11-26,10000002,11540,89466.94,89466.94,89466.94,92570,93
2017-11-26,10000002,11541,77874.3,72201.99,77879.46,295245,173
2017-11-26,10000002,11542,12448.39,12448.39,12448.39,199597,52
2017-11-26,10000002,11543,16689.65,16689.65,16689.65,159099,48
2017-11-26,10000002,11544,15982.96,15981.98,16986.74,148425,46
2017-11-26,10000002,11545,16000.53,15601.9,18394.45,642610,119
2017-11-26,10000002,11547,187679.78,187679.74,187684.56,9951,103
2017-11-26,10000002,11548,178792.49,178792.49,178792.49,15598,47
2017-11-26,10000002,11549,187969.04,187968.42,187969.04,25325,47
2017-11-26,10000002,11550,181894.9,181889.94,181898.95,20241,53
2017-11-26,10000002,11551,62005,62004.98,66697.99,37270,46
2017-11-26,10000002,11552,76665.81,76665.81,76665.81,20147,36
2017-11-26,10000002,11553,83998.99,78005.17,86499.89,104402,110
2017-11-26,10000002,11554,74800,74799.01,74900,42405,71
2017-11-26,10000002,11555,58266.85,58266.85,58266.85,22281,50
2017-11-26,10000002,11556,57979.88,57979.87,57987.92,39414,89
2017-11-26,10000002,11557,58788.88,58778.86,58789.93,24230,37
2017-11-26,10000002,11558,60099.89,59999.99,60099.98,25733,74
2017-11-26,10000002,11561,114631.52,114631.52,114631.52,120,70
2017-11-26,10000002,11562,3500000,3500000,3500000,2,2
2017-11-26,10000002,11563,199103.37,171103.59,199999,2086,376
2017-11-26,10000002,11564,1855384.61,1499999.99,1920000,13,9
2017-11-26,10000002,11566,120000,120000,120000,355,141
2017-11-26,10000002,11569,469878.58,400000,789990,86,33
2017-11-26,10000002,11572,400000,400000,400000,151,26
2017-11-26,10000002,11574,2370565.2,2000000,2476956,47,42
2017-11-26,10000002,11577,4024998.87,3701123.6,4024999.96,1104,452
2017-11-26,10000002,11578,6310319.99,5902123.08,6310321.92,2119,1127
2017-11-26,10000002,11579,3500000,3500000,3500000,368,179
2017-11-26,10000002,11584,118886.97,75000,118887.97,136,112
2017-11-26,10000002,11585,185803.23,3221,219000,13,4
2017-11-26,10000002,11612,599999,599999,599999,4,4
2017-11-26,10000002,11613,99940,99940,99940,14,14
2017-11-26,10000002,11614,298240,298240,298240,4,3
2017-11-26,10000002,11616,144000,144000,144000,4,4
2017-11-26,10000002,11617,1433313.33,299940,2000000,3,3
2017-11-26,10000002,11619,249965.71,149960,850000,7,6
2017-11-26,10000002,11620,98700,98700,98700,169,9
2017-11-26,10000002,11621,99000,99000,99000,8,8
2017-11-26,10000002,11628,1389800,1389800,1389800,5,5
2017-11-26,10000002,11629,444999.89,444999.89,444999.89,2,2
2017-11-26,10000002,11630,1046666.59,200000,1469999.89,3,3
2017-11-26,10000002,11631,1234999.3,1234999,1234999.89,3,3
2017-11-26,10000002,11632,500000,199999.99,800000,4,4
2017-11-26,10000002,11634,190000,190000,190000,5,5
2017-11-26,10000002,11640,729998.93,729998.8,729998.98,1159,319
2017-11-26,10000002,11642,1499999.99,1449995,1500000,193,79
2017-11-26,10000002,11644,2497898.9,2220025.03,2498000,479,143
2017-11-26,10000002,11646,2100200.14,2100200.14,2100200.14,482,168
2017-11-26,10000002,11648,1886997.96,1829999.77,1886997.97,490,146
2017-11-26,10000002,11688,37998.97,36999.96,37999.73,16993,51
2017-11-26,10000002,11689,44088.82,41011,44997.93,72819,90
2017-11-26,10000002,11690,35994.81,35994.81,35994.81,23917,33
2017-11-26,10000002,11691,42498.99,41999.85,42499.57,46639,51
2017-11-26,10000002,11692,26499.34,26499.34,26499.34,10,1
2017-11-26,10000002,11693,32969.8,32969.8,32969.8,16151,20
2017-11-26,10000002,11694,29999.99,29999.99,29999.99,7804,12
2017-11-26,10000002,11695,38398.98,38398.98,38398.98,13886,23
2017-11-26,10000002,11724,16000.44,16000.44,16000.44,274,19
2017-11-26,10000002,11725,13706.33,13706.33,13706.33,530,20
2017-11-26,10000002,11732,1981.28,1981.28,1981.28,11,7
2017-11-26,10000002,11733,1651.2,1651.2,1651.2,725,16
2017-11-26,10000002,11734,8402.27,8402.27,8402.27,1,1
2017-11-26,10000002,11735,1001.31,1001.31,1001.31,515,19
2017-11-26,10000002,11736,7971.4,7971.4,7971.4,686,16
2017-11-26,10000002,11737,274.63,274.62,274.63,25,10
2017-11-26,10000002,11738,4000.02,4000.02,4000.02,12,8
2017-11-26,10000002,11739,800.15,800.15,800.15,57,8
2017-11-26,10000002,11740,4130.12,4130.12,4130.12,22,12
2017-11-26,10000002,11741,2248.89,0.01,2300,45,11
2017-11-26,10000002,11746,100.02,100.02,100.02,100,1
2017-11-26,10000002,11798,1799918.61,1799918.61,1799918.61,1,1
2017-11-26,10000002,11803,499980,499980,499980,4,4
2017-11-26,10000002,11855,200,200,200,1228593,37
2017-11-26,10000002,11857,1199999,1199999,1199999,1,1
2017-11-26,10000002,11859,397106.67,282640,420000,12,7
2017-11-26,10000002,11870,392137.14,282640,422000,14,9
2017-11-26,10000002,11872,511052.31,364560,555000,13,8
2017-11-26,10000002,11873,376937.14,364560,379000,14,9
2017-11-26,10000002,11876,1459998.99,1459998.99,1459998.99,3,3
2017-11-26,10000002,11877,1198997.99,1198997.99,1198997.99,1,1
2017-11-26,10000002,11878,2543119,586240,4499998,2,2
2017-11-26,10000002,11879,1097999.99,1097999.99,1097999.99,1,1
2017-11-26,10000002,11880,1096998.98,1096998.98,1096998.98,1,1
2017-11-26,10000002,11881,1586256.99,1586256.99,1586256.99,1,1
2017-11-26,10000002,11882,959000,959000,959000,1,1
2017-11-26,10000002,11884,1088999.99,1088999.99,1088999.99,1,1
2017-11-26,10000002,11885,900000,900000,900000,2,2
2017-11-26,10000002,11886,909994.51,20000.01,1799989,2,2
2017-11-26,10000002,11887,290439.99,282640,291999.99,12,7
2017-11-26,10000002,11889,316790.77,282640,323000,13,8
2017-11-26,10000002,11890,409422.86,282640,444000,14,10
2017-11-26,10000002,11891,293600,282640,296888,13,8
2017-11-26,10000002,11944,88998.96,88998.96,88998.96,110,12
2017-11-26,10000002,11957,267543055.82,262999999.8,278675000,22,20
2017-11-26,10000002,11959,285693127.82,260900000,289999989.95,14,12
2017-11-26,10000002,11961,283694355.72,242030486.62,289030442.99,36,30
2017-11-26,10000002,11963,263262564.6,244003889.37,264304434,39,30
2017-11-26,10000002,11965,244942719.37,222007003.32,271700715.89,13,13
2017-11-26,10000002,11969,271416664.46,242000000,279999996,12,12
2017-11-26,10000002,11971,254450616.8,223004445.46,262544443,27,26
2017-11-26,10000002,11978,243310918.19,230002109.48,250600028.8,29,28
2017-11-26,10000002,11985,260883267.13,246000000.66,264889443.51,35,25
2017-11-26,10000002,11987,240643449.64,226008067.17,248214339.02,46,30
2017-11-26,10000002,11989,199312746.42,186207151.99,202940000,9,9
2017-11-26,10000002,11993,261867418.81,251987457.71,272944443.95,70,45
2017-11-26,10000002,11995,349392067.15,323700013.35,363699997.95,14,13
2017-11-26,10000002,11999,252518481.3,231644439.06,255127774.45,9,9
2017-11-26,10000002,12003,156999993.44,155000000,157999988.26,6,5
2017-11-26,10000002,12005,282449199.27,266000091.98,286888875,75,74
2017-11-26,10000002,12011,223219907.57,209000000.07,246888877.92,8,8
2017-11-26,10000002,12013,407364436.49,351101020.54,413999999.91,14,14
2017-11-26,10000002,12015,164666660.7,156010000.22,168994990.94,3,3
2017-11-26,10000002,12017,427665876.12,371000007.46,435386221.96,25,20
2017-11-26,10000002,12019,263042213.54,220020001.21,269999996.96,29,20
2017-11-26,10000002,12021,405282031.7,376000000.12,415004002.06,14,14
2017-11-26,10000002,12023,275383062.12,275382000,275384000,16,15
2017-11-26,10000002,12032,37399998.76,34750015.71,37999999.16,238,96
2017-11-26,10000002,12034,32601000.02,32600000.09,36699899.74,170,67
2017-11-26,10000002,12038,39064937.81,35101111.07,39799595.13,89,58
2017-11-26,10000002,12042,30146964.81,27499958.9,31499955.72,15,13
2017-11-26,10000002,12044,35314909.01,32313656.23,36495988,46,31
2017-11-26,10000002,12049,25767.28,14000.01,38888,55,8
2017-11-26,10000002,12052,157895.99,157895.99,157895.99,147,89
2017-11-26,10000002,12053,1690940,1581880,1800000,6,5
2017-11-26,10000002,12054,811311,705047.58,896020,38,31
2017-11-26,10000002,12055,8143133.33,7909400,8260000,3,3
2017-11-26,10000002,12056,43696.96,36001.21,43696.97,184,121
2017-11-26,10000002,12057,322560,322559.98,322560,5,5
2017-11-26,10000002,12058,3129999.97,2742288.25,3130038,793,496
2017-11-26,10000002,12066,281470.25,250238.68,294900,53,29
2017-11-26,10000002,12067,1612800,1612800,1612800,2,2
2017-11-26,10000002,12068,4560899,4560898.9,4560899,221,135
2017-11-26,10000002,12076,5999900,5770005.4,6000000,562,299
2017-11-26,10000002,12084,10219601.2,10200000,10219620.41,166,99
2017-11-26,10000002,12092,1000000,1000000,1000000,228,129
2017-11-26,10000002,12093,4000000,4000000,4000000,141,85
2017-11-26,10000002,12095,4638844.96,4000000,4782490.77,36,35
2017-11-26,10000002,12096,29599891.17,28000000,32298986.98,70,48
2017-11-26,10000002,12098,20000000,20000000,20000000,129,52
2017-11-26,10000002,12102,4099999.07,3500093.41,4100084.78,149,59
2017-11-26,10000002,12108,617387.76,617387.76,617387.76,105,5
2017-11-26,10000002,12109,3499999.99,3499999.98,3500000,3,3
2017-11-26,10000002,12110,14079.69,13005,26975.97,65,6
2017-11-26,10000002,12179,41499988.35,40000000,42999976.8,10,10
2017-11-26,10000002,12180,462274.87,375000,538436.96,82,49
2017-11-26,10000002,12181,409280.35,350000,466998.89,77,46
2017-11-26,10000002,12182,420952.19,325000,497997.99,76,45
2017-11-26,10000002,12183,421811.81,275000,549885.99,71,39
2017-11-26,10000002,12184,376754.26,250000,499987.94,71,39
2017-11-26,10000002,12185,298837.37,225000,351109,66,31
2017-11-26,10000002,12186,291016.15,200000,344330.92,77,34
2017-11-26,10000002,12187,216235.89,175000,268542.99,56,30
2017-11-26,10000002,12188,190749.93,150000,234984.97,61,36
2017-11-26,10000002,12189,451770.16,400000,649987.86,72,35
2017-11-26,10000002,12190,178595.05,125000,219986.89,50,35
2017-11-26,10000002,12191,141075.62,75000,159987.93,47,33
2017-11-26,10000002,12192,134277.48,52092.79,199000,104,33
2017-11-26,10000002,12193,93839.28,50000,144117.85,46,37
2017-11-26,10000002,12194,401350.54,300000,499998.93,74,43
2017-11-26,10000002,12195,98301.82,25000,144755.81,52,36
2017-11-26,10000002,12196,307766.88,300000,329999,43,30
2017-11-26,10000002,12198,989997.9,989997.9,989997.9,450,54
2017-11-26,10000002,12199,3729627.67,2803612.22,3999956.69,86,22
2017-11-26,10000002,12200,12241000,12240999.99,12241000,126,22
2017-11-26,10000002,12201,1059996.96,1059996.96,1059996.96,214,43
2017-11-26,10000002,12202,3047683.92,3045000.02,3780000,43,38
2017-11-26,10000002,12203,8160107.43,8148987.97,8199996.91,63,31
2017-11-26,10000002,12204,4473903.88,2002015.05,4499943.83,42,24
2017-11-26,10000002,12205,8878827.44,6000100.01,8998774,25,19
2017-11-26,10000002,12206,2778910.32,2778910.32,2778910.32,105,54
2017-11-26,10000002,12207,6300002.02,6300002,6350000,117,24
2017-11-26,10000002,12208,7677192.09,4001514.52,7899989.65,35,34
2017-11-26,10000002,12209,7806639.99,6279005.02,9499998.94,81,34
2017-11-26,10000002,12210,797994.73,797994.73,797994.73,101,50
2017-11-26,10000002,12211,3099717.84,3099689.68,3099789.69,46,42
2017-11-26,10000002,12212,11359247.8,9500000,11978996.97,24,23
2017-11-26,10000002,12213,1225643.41,300106.01,1250000,39,36
2017-11-26,10000002,12214,1849999.96,1849999.96,1849999.96,198,34
2017-11-26,10000002,12215,15925503.4,8998878.19,19999988.75,27,18
2017-11-26,10000002,12217,83300,83300,83300,1,1
2017-11-26,10000002,12218,799999.98,799999.98,799999.98,1,1
2017-11-26,10000002,12219,21871212.5,17303153.93,26999998.9,7,6
2017-11-26,10000002,12220,28929997,28929997,28929997,1,1
2017-11-26,10000002,12221,2449999.92,2449999.92,2449999.92,193,16
2017-11-26,10000002,12223,44999945,44999945,44999945,2,2
2017-11-26,10000002,12225,64012.49,64012.48,64012.49,3,2
2017-11-26,10000002,12235,249999985.5,249999985.49,249999985.5,2,2
2017-11-26,10000002,12236,231933327.66,216000000.98,239899991.01,3,3
2017-11-26,10000002,12237,27784726.96,7354186.51,37999997,12,10
2017-11-26,10000002,12238,17999997.95,17999997.95,17999997.95,3,3
2017-11-26,10000002,12239,31110076.11,28933017.92,31980899.37,7,7
2017-11-26,10000002,12243,1500000,1500000,1500000,31,5
2017-11-26,10000002,12250,299000,299000,299000,1,1
2017-11-26,10000002,12257,71201.87,2500.11,89888,14,13
2017-11-26,10000002,12258,2112666.67,1975200,2800000,6,6
2017-11-26,10000002,12259,4049999.98,3571001.05,4050000,150,93
2017-11-26,10000002,12261,185005.69,61017.07,247000,3,3
2017-11-26,10000002,12262,9876000,9876000,9876000,2,2
2017-11-26,10000002,12263,6671094.54,6499999.98,6999977,52,27
2017-11-26,10000002,12265,69038.75,15020.03,76888,39,11
2017-11-26,10000002,12266,1498799.87,998400,2999999.49,4,4
2017-11-26,10000002,12267,3900000,3100314.09,3999999.9,502,229
2017-11-26,10000002,12269,349789.3,349789.29,349789.3,36,7
2017-11-26,10000002,12270,4996740,4996740,4996740,2,2
2017-11-26,10000002,12271,7129988.56,7129988.49,7129998.7,301,133
2017-11-26,10000002,12274,81098.94,80887.94,81099.94,408,183
2017-11-26,10000002,12275,444844.45,10000.01,499200,9,9
2017-11-26,10000002,12297,23749695.5,23749695,23749696,2,2
2017-11-26,10000002,12300,73999982,73999982,73999982,2,2
2017-11-26,10000002,12301,147999697.33,147999694,147999699,3,3
2017-11-26,10000002,12302,499999.95,499999.95,499999.95,2,1
2017-11-26,10000002,12304,100415.98,100414.23,100416.03,31,7
2017-11-26,10000002,12305,100000,100000,100000,751,185
2017-11-26,10000002,12344,122149.03,87013.3,128948.67,75,21
2017-11-26,10000002,12345,1000000,1000000,1000000,4,4
2017-11-26,10000002,12346,1499900,1498999.99,1499997.99,413,56
2017-11-26,10000002,12354,858050.22,471101.43,1244999,16,2
2017-11-26,10000002,12355,10000000,10000000,10000000,1,1
2017-11-26,10000002,12356,2785535.42,2616136.53,2885997.97,35,7
2017-11-26,10000002,12365,120000,120000,120000,254,143
2017-11-26,10000002,12366,120000,120000,120000,328,144
2017-11-26,10000002,12367,120000,120000,120000,728,138
2017-11-26,10000002,12441,80000,80000,80000,507,148
2017-11-26,10000002,12442,100000,100000,100000,557,141
2017-11-26,10000002,12478,1089197.2,1089197.2,1089197.2,5,1
2017-11-26,10000002,12484,2050128.34,2050128.33,2050128.34,584,98
2017-11-26,10000002,12485,2799998.79,2782979.73,2799998.81,137,99
2017-11-26,10000002,12486,2899995.87,2899995.87,2899995.87,915,107
2017-11-26,10000002,12487,2739949.46,2120015.04,2739949.52,175,106
2017-11-26,10000002,12528,25084.54,25014.41,26977.99,56,28
2017-11-26,10000002,12529,1250010.42,1250010.42,1250010.45,5,5
2017-11-26,10000002,12530,5013.81,5013.81,5013.81,330,35
2017-11-26,10000002,12531,5003.51,5003.51,5003.51,29,13
2017-11-26,10000002,12532,1252083.25,1111111,2250000,16,8
2017-11-26,10000002,12533,100020.66,100020.66,100020.66,70,18
2017-11-26,10000002,12535,9100,9100,9100,290,23
2017-11-26,10000002,12536,257038.81,257038.43,257038.83,35,10
2017-11-26,10000002,12537,713204.12,600999,754999.98,54,13
2017-11-26,10000002,12538,39999,39999,39999,502,41
2017-11-26,10000002,12539,493124.99,250000,638999.99,72,14
2017-11-26,10000002,12540,6001.21,6001.21,6001.21,131,16
2017-11-26,10000002,12541,88203.79,10102,154997.97,76,21
2017-11-26,10000002,12542,3969511.33,1560703.18,4975000,83,50
2017-11-26,10000002,12543,159995.97,115000,159998.98,158,55
2017-11-26,10000002,12544,210100,210090.03,210100.02,120,28
2017-11-26,10000002,12545,10210.03,10210.03,10210.03,74,22
2017-11-26,10000002,12546,64280.42,50000.01,79988.86,42,15
2017-11-26,10000002,12547,1752000.85,1752000.85,1752000.85,1,1
2017-11-26,10000002,12548,116000,116000,116000,28,15
2017-11-26,10000002,12549,294726.09,237999.99,464904.4,24,13
2017-11-26,10000002,12550,7006,7006,7006,6,4
2017-11-26,10000002,12551,60000,60000,60000,37,10
2017-11-26,10000002,12557,88896.43,88895.97,88896.53,1832,107
2017-11-26,10000002,12559,141095.79,127000.15,141096.07,2379,124
2017-11-26,10000002,12563,68882.2,68882.12,68882.98,1147,104
2017-11-26,10000002,12565,74891.62,74800,74981.62,1118,91
2017-11-26,10000002,12608,59.99,59.98,61,869482,205
2017-11-26,10000002,12612,53.82,53.69,53.82,6933033,364
2017-11-26,10000002,12614,37.08,32.13,37.11,1810858,232
2017-11-26,10000002,12618,34.78,34.78,34.78,1554476,174
2017-11-26,10000002,12620,47.26,47.26,47.26,1309419,134
2017-11-26,10000002,12625,45.88,45.88,45.88,2000131,218
2017-11-26,10000002,12631,47.44,47.44,47.44,2604344,101
2017-11-26,10000002,12633,41.16,41.16,41.16,1615746,104
2017-11-26,10000002,12709,41220.29,5250.01,48285,90,42
2017-11-26,10000002,12710,1494999.99,1494999.99,1494999.99,2,2
2017-11-26,10000002,12729,182129491.68,170012023.36,187799997.98,35,31
2017-11-26,10000002,12731,291381781.1,260000006.39,301999999.72,23,23
2017-11-26,10000002,12733,179063352.44,165620088.2,182896998,18,16
2017-11-26,10000002,12735,189332407,175000000.03,192844443.97,18,17
2017-11-26,10000002,12743,203277270.37,190400001.46,203999999.99,40,40
2017-11-26,10000002,12745,340926771.54,310000000.88,347799997.65,33,31
2017-11-26,10000002,12747,243227019.63,226362013.01,248533000,20,20
2017-11-26,10000002,12753,260196104.02,241201000.56,263234444,29,28
2017-11-26,10000002,12761,629.9,629.89,692.65,264871,29
2017-11-26,10000002,12765,566.48,566.48,566.48,61722,13
2017-11-26,10000002,12767,314.87,280.96,314.88,340721,88
2017-11-26,10000002,12771,277.99,250.45,278.01,594592,87
2017-11-26,10000002,12773,170.21,163.95,170.22,760004,146
2017-11-26,10000002,12775,479.49,479.44,512.68,1597938,82
2017-11-26,10000002,12777,158.95,158.95,158.95,1850632,147
2017-11-26,10000002,12779,629,629,629,1455412,79
2017-11-26,10000002,12785,79.87,79,79.87,858907,161
2017-11-26,10000002,12787,317.43,317.43,317.43,1642673,73
2017-11-26,10000002,12789,93.21,93.17,113.16,3763805,255
2017-11-26,10000002,12791,229.42,229.42,229.42,1921487,114
2017-11-26,10000002,12801,222.72,222.7,222.73,1376503,122
2017-11-26,10000002,12803,191.85,191.84,191.86,562575,28
2017-11-26,10000002,12805,161.01,160.5,188.33,1859569,161
2017-11-26,10000002,12807,318.17,318.17,318.17,301773,39
2017-11-26,10000002,12814,265104.46,265103.31,339896.05,3840,144
2017-11-26,10000002,12816,411987.7,399999.97,411987.82,997,71
2017-11-26,10000002,12818,297999.49,295999.16,299265.21,1400,130
2017-11-26,10000002,12820,444099.98,399999.99,444384.45,2142,89
2017-11-26,10000002,12822,269999.87,238555.42,497999.42,913,61
2017-11-26,10000002,12824,518992.99,518992.99,518993.49,344,23
2017-11-26,10000002,12826,188469.19,188469.19,188469.2,507,50
2017-11-26,10000002,12828,420984.92,420984.87,420984.95,1165,32
2017-11-26,10000002,12836,74100,70005,74102.92,29840,50
2017-11-26,10000002,12865,2899.99,2899.99,2899.99,6913,11
2017-11-26,10000002,13000,113333333.33,100000000,119999999.99,3,3
2017-11-26,10000002,13001,2209870.71,2154935,2209870.86,414,194
2017-11-26,10000002,13003,2310008.95,2200000,2310009.01,498,281
2017-11-26,10000002,13119,138.27,138.27,138.27,554250,57
2017-11-26,10000002,13166,20927161.13,16000735.77,30999999.63,15,10
2017-11-26,10000002,13209,48087688.01,42000000.01,51123198.79,9,9
2017-11-26,10000002,13216,19689000,18004036.78,19689999.99,272,85
2017-11-26,10000002,13217,24982342.92,16023514.38,29461757.2,3,3
2017-11-26,10000002,13218,18666666.7,16000000.07,23999999.95,3,3
2017-11-26,10000002,13219,23200066.2,17000666.08,24999999,10,9
2017-11-26,10000002,13220,992351.9,300000.08,1369997.99,17,14
2017-11-26,10000002,13221,23199999.17,23199998.99,23199999.87,5,4
2017-11-26,10000002,13222,25799998.6,24000000,26999999,5,5
2017-11-26,10000002,13223,420250.85,301005.32,587993.66,24,15
2017-11-26,10000002,13224,1577032.97,1100001.82,1999332.99,31,20
2017-11-26,10000002,13225,2971827.16,1331991.08,3298910.01,20,17
2017-11-26,10000002,13226,22199992.9,22199992.88,22199992.92,9,6
2017-11-26,10000002,13228,20000000,20000000,20000000,1,1
2017-11-26,10000002,13229,22999999.97,22999999.93,23000000,5,5
2017-11-26,10000002,13230,32999124.04,32998999,32999997.8,8,4
2017-11-26,10000002,13231,22994953.97,16000907.94,29989000,4,4
2017-11-26,10000002,13232,17899996,17899995.71,17899996.14,3,3
2017-11-26,10000002,13233,19779999.93,19779999.92,19779999.93,9,5
2017-11-26,10000002,13234,26666664.99,26666664.99,26666664.99,1,1
2017-11-26,10000002,13237,18470557.97,17500001,19747967.95,28,21
2017-11-26,10000002,13238,180930.68,82000.06,378986.92,6,6
2017-11-26,10000002,13240,19711648.95,18151001.06,19999998,40,36
2017-11-26,10000002,13242,25500718.12,25500666.22,25500718.16,123,40
2017-11-26,10000002,13243,1912500.51,1820001.03,2004999.99,18,18
2017-11-26,10000002,13244,20389104.58,19000001.04,20501000,67,46
2017-11-26,10000002,13245,8071423.46,7000000,9499988.09,7,6
2017-11-26,10000002,13246,8221916.72,6000563.15,9998999.98,9,9
2017-11-26,10000002,13247,25600001.23,16000005.91,28800000,4,4
2017-11-26,10000002,13248,25274928.95,17701000.74,26399984.99,16,16
2017-11-26,10000002,13249,19248192.74,18400000.43,19999999.24,83,39
2017-11-26,10000002,13250,19000006.62,19000001.97,19100000.01,134,26
2017-11-26,10000002,13251,30999998.47,30999998.47,30999998.47,1,1
2017-11-26,10000002,13252,3828181.82,3640000.01,4199999.95,22,18
2017-11-26,10000002,13253,88998.89,88998.88,209999.99,219,21
2017-11-26,10000002,13254,23739999.94,23739999.94,23739999.94,1,1
2017-11-26,10000002,13255,24994606.03,14573030.15,27500000,5,5
2017-11-26,10000002,13256,19118667.81,17685005.22,19499999.97,60,37
2017-11-26,10000002,13257,3492451.82,3150498.03,3789999.99,39,30
2017-11-26,10000002,13258,2062268.26,980019.04,2894984.95,22,21
2017-11-26,10000002,13259,19716669.7,19715898.56,20263665.84,256,52
2017-11-26,10000002,13260,18101001,18101001,18101001,132,26
2017-11-26,10000002,13261,19971000,18352054.51,19971999.99,396,76
2017-11-26,10000002,13262,148970.15,101.52,744444,10,8
2017-11-26,10000002,13263,19181387.64,17000005.5,19817998.99,51,34
2017-11-26,10000002,13265,17216000.03,17216000.02,17216000.03,4,4
2017-11-26,10000002,13267,16060,16060,16060,862,48
2017-11-26,10000002,13278,123394.71,100000,139999.99,38,34
2017-11-26,10000002,13279,250000,250000,250000,306,118
2017-11-26,10000002,13283,31525.21,11000.02,51990,62,47
2017-11-26,10000002,13284,857623.22,520000,949985.87,34,32
2017-11-26,10000002,13285,460777.96,219496.67,667999.9,49,39
2017-11-26,10000002,13286,12676.36,10000,17665.13,47,37
2017-11-26,10000002,13287,707032.38,560000.17,799999.99,51,40
2017-11-26,10000002,13320,50000,50000,50000,820,20
2017-11-26,10000002,13321,749970,749970,749970,7,7
2017-11-26,10000002,13774,3841551.29,1372808.38,4899583.96,10,7
2017-11-26,10000002,13775,20419088.06,20418588.16,20419587.96,2,2
2017-11-26,10000002,13776,6499992.5,5999992,6999992.99,2,2
2017-11-26,10000002,13777,7299045.24,7299045.24,7299045.24,1,1
2017-11-26,10000002,13780,23101120.1,23101119.73,23101120.23,4,4
2017-11-26,10000002,13784,51999996.55,40000000.13,63999992.96,2,2
2017-11-26,10000002,13785,68746440.24,48000000,81000004,8,8
2017-11-26,10000002,13788,1521815.13,1514000,1523378.16,6,2
2017-11-26,10000002,13799,19195748.67,6391498,32499999.99,6,6
2017-11-26,10000002,13801,11003871.38,11003871.38,11003871.38,1,1
2017-11-26,10000002,13813,2373332.44,1360000.03,2499998.99,9,2
2017-11-26,10000002,13815,45263159.88,40033000,48998988.91,12,6
2017-11-26,10000002,13820,700010.29,700010.29,700010.29,2,2
2017-11-26,10000002,13825,18497000,18497000,18497000,3,3
2017-11-26,10000002,13827,11139031.12,11139031.12,11139031.12,1,1
2017-11-26,10000002,13828,32000787.05,32000787.05,32000787.05,2,2
2017-11-26,10000002,13830,6134081.28,4502244.06,6949999.89,3,2
2017-11-26,10000002,13831,1500000,1499999.88,1500000.01,9,6
2017-11-26,10000002,13832,22999999.87,22999999.8,22999999.92,6,6
2017-11-26,10000002,13833,5750112.87,3500115.58,6500111.96,4,4
2017-11-26,10000002,13834,44677061.1,44000000,52241999.99,18,8
2017-11-26,10000002,13856,86.97,86.97,86.97,150835,30
2017-11-26,10000002,13865,1790800,1000000,2976999.99,5,5
2017-11-26,10000002,13866,4000000.02,4000000.02,4000000.02,3,1
2017-11-26,10000002,13870,2784415.4,900019.69,5799448.53,13,12
2017-11-26,10000002,13873,18862541.2,14398398.57,21647499.99,13,13
2017-11-26,10000002,13876,3515503.94,1516806.31,4979999.99,8,5
2017-11-26,10000002,13878,10000002,10000002,10000002,1,1
2017-11-26,10000002,13881,3500007.33,2000048.09,4999966.71,12,5
2017-11-26,10000002,13884,4878485.38,2797808.96,7999799.94,5,4
2017-11-26,10000002,13885,20870622.71,13500097.99,24900000,17,14
2017-11-26,10000002,13886,1133378.14,1133378.14,1133378.14,1,1
2017-11-26,10000002,13887,1252774.31,1252774.3,1252774.31,2,2
2017-11-26,10000002,13888,13984467.15,13984467.15,13984467.15,3,1
2017-11-26,10000002,13889,9999511.66,9999494.99,9999595,6,2
2017-11-26,10000002,13891,70736443.94,57484000,83988887.88,16,11
2017-11-26,10000002,13892,19762647.17,14526129.01,24998998,12,7
2017-11-26,10000002,13894,529976,529976,529976,1,1
2017-11-26,10000002,13918,4000.01,4000.01,4000.01,2,2
2017-11-26,10000002,13919,18346454.6,18346454.6,18346454.6,1,1
2017-11-26,10000002,13920,52878640.4,51578090.56,55999960,17,9
2017-11-26,10000002,13921,49738083.78,39000000,51694429.91,7,5
2017-11-26,10000002,13922,66300098.17,60000224.82,68400063.35,20,18
2017-11-26,10000002,13923,5836640.02,5836632.95,5836700.2,19,8
2017-11-26,10000002,13924,8784629.9,8406999.98,9249999.96,27,16
2017-11-26,10000002,13925,40905358.2,40905358.19,40905358.2,2,2
2017-11-26,10000002,13926,39421188.11,27653237.44,40655879.89,14,11
2017-11-26,10000002,13927,30633859.44,24900000,34999999.99,18,14
2017-11-26,10000002,13929,44377894.74,42200150.81,51999999.59,18,10
2017-11-26,10000002,13931,10000000,10000000,10000000,1,1
2017-11-26,10000002,13933,10595940.33,9989903.03,10999997.81,10,6
2017-11-26,10000002,13935,93866937.38,84992772.24,94699999.95,12,11
2017-11-26,10000002,13937,92875125.93,86939857.7,95927848.63,34,31
2017-11-26,10000002,13939,97541250.35,91006708.52,104999998.88,13,13
2017-11-26,10000002,13941,64225502.34,63000000,68098998.95,45,31
2017-11-26,10000002,13943,65654000.52,62229014.34,68898995.57,35,26
2017-11-26,10000002,13945,86002189.47,80004000.12,87588299.59,37,30
2017-11-26,10000002,13947,3750020.06,2800091.63,4269976.95,17,16
2017-11-26,10000002,13948,4508332.85,3199999.03,6199999.7,18,18
2017-11-26,10000002,13949,12600027.79,8500104.3,13999999.96,15,14
2017-11-26,10000002,13951,3977546,3000002.88,5924999.9,9,9
2017-11-26,10000002,13952,5200010.38,5200010.38,5200010.38,1,1
2017-11-26,10000002,13953,5726850.66,5000040.07,6390000.93,12,11
2017-11-26,10000002,13954,4527999.84,2219999.08,7990000.95,5,5
2017-11-26,10000002,13955,5827778.16,4000000,7290000.64,9,8
2017-11-26,10000002,13956,25621084.47,21760100.01,26999987.64,19,14
2017-11-26,10000002,13957,24909662.65,21600401.07,27889996.99,19,18
2017-11-26,10000002,13958,38000012.39,38000012.38,38000012.41,4,3
2017-11-26,10000002,13959,114958617.33,89889910.07,129999929.42,8,8
2017-11-26,10000002,13960,83353824.52,75030737.28,99999999,3,3
2017-11-26,10000002,13963,24429666.67,24429000,24430000,3,3
2017-11-26,10000002,13964,22997308.53,10000641.73,48990642.15,3,3
2017-11-26,10000002,13965,15400570.97,13670262.32,16998953.99,25,25
2017-11-26,10000002,13966,9822794.64,4776675.89,27776676.24,41,33
2017-11-26,10000002,13967,1401894.35,1269868.03,1929999.99,15,14
2017-11-26,10000002,13968,3679968.11,3410467.61,3999999.95,35,31
2017-11-26,10000002,13969,244537253.89,231996000.66,251988885.79,37,36
2017-11-26,10000002,13970,1728566.09,1100603.64,2099994.5,43,35
2017-11-26,10000002,13972,3597450.06,3139696.37,3799999.98,49,26
2017-11-26,10000002,13974,7404074.31,6287315.5,8000000,56,31
2017-11-26,10000002,13976,3483888.76,2850012.17,3895998.99,51,30
2017-11-26,10000002,13978,3675771.68,3183523.75,3700200,52,33
2017-11-26,10000002,13980,2988988,2988988,2988988,123,38
2017-11-26,10000002,13982,2762882.61,2250075.24,2999324.98,75,41
2017-11-26,10000002,13984,3731462.63,2599999.06,4487972,46,28
2017-11-26,10000002,13986,2842611.77,2475017.71,2919999.99,23,6
2017-11-26,10000002,13988,1700022.07,1300025.33,4299995.99,9,9
2017-11-26,10000002,13990,2300002.29,1500003.44,3900000,3,3
2017-11-26,10000002,13992,2944443.89,2100000.01,2999999,36,10
2017-11-26,10000002,13994,3810717.94,2500006.95,4500006.76,14,11
2017-11-26,10000002,13995,1382920.17,1200000.01,2097499.21,12,9
2017-11-26,10000002,13996,1100326.39,450326.77,1750326,2,2
2017-11-26,10000002,13997,1496428.52,900000,1739999.98,28,17
2017-11-26,10000002,13998,34043602.02,30020381.18,34999999.9,26,23
2017-11-26,10000002,13999,286003.8,286002,286005.6,4,4
2017-11-26,10000002,14001,7700000.34,7090000.37,7800194.81,112,59
2017-11-26,10000002,14003,6798728.69,5000048.17,7898203.98,92,66
2017-11-26,10000002,14005,250000,250000,250000,1,1
2017-11-26,10000002,14007,173621.91,60125.05,198000,40,19
2017-11-26,10000002,14009,178280,70000,430999.99,25,15
2017-11-26,10000002,14011,690004.29,230009.08,1149999.5,4,4
2017-11-26,10000002,14013,83499.56,56233.26,178000,31,17
2017-11-26,10000002,14015,58088.43,58087.97,58088.47,14,13
2017-11-26,10000002,14017,126013.6,126013.6,126013.6,2,2
2017-11-26,10000002,14019,78029.42,78029.42,78029.42,10,7
2017-11-26,10000002,14021,290700.98,77340.27,599999.58,22,16
2017-11-26,10000002,14025,105161.22,86000,314000,31,15
2017-11-26,10000002,14027,154914.28,136000.01,224999.96,35,24
2017-11-26,10000002,14029,408394.03,344525.71,599998.98,8,7
2017-11-26,10000002,14031,259286.64,230001,640000,14,9
2017-11-26,10000002,14033,16299741.45,12599568.57,18799998.92,10,9
2017-11-26,10000002,14035,639241.32,355999.01,979000.97,22,21
2017-11-26,10000002,14037,3628294.05,2500011.85,6448999.46,7,6
2017-11-26,10000002,14039,606934.99,333792.05,733000.95,19,15
2017-11-26,10000002,14041,28119342.03,28000028,28999999.48,15,15
2017-11-26,10000002,14043,8114609.28,7019999.03,9399999.9,30,29
2017-11-26,10000002,14045,45069226.28,40500002.76,46999985.99,13,13
2017-11-26,10000002,14047,36740925.74,34954509,37889990.63,49,45
2017-11-26,10000002,14049,522857.14,500000,599999.97,21,16
2017-11-26,10000002,14051,117221.88,100000,177498.48,9,8
2017-11-26,10000002,14053,100000,100000,100000,16,12
2017-11-26,10000002,14055,131997.73,100000,219993.99,15,13
2017-11-26,10000002,14057,204411.76,200000,237500,17,14
2017-11-26,10000002,14059,3127409.57,3000028.27,3418099.46,14,14
2017-11-26,10000002,14061,3444543.17,3300000,3699991.3,11,11
2017-11-26,10000002,14063,2055887.25,1300751.24,2260000.78,66,30
2017-11-26,10000002,14065,2532802.01,1250000.14,3439999.99,35,29
2017-11-26,10000002,14067,10723352.62,6999999.22,11868999.87,17,15
2017-11-26,10000002,14068,46301633.4,40002450.1,58900000,3,3
2017-11-26,10000002,14069,4603009.11,3670678.82,7399999.99,4,2
2017-11-26,10000002,14070,34473991.84,28333528,34999990.84,51,43
2017-11-26,10000002,14072,41940001.56,40000003.23,44499999.92,75,62
2017-11-26,10000002,14074,14596679.13,12700446.27,15999999.95,51,47
2017-11-26,10000002,14076,245095.33,177007.76,430000,11,10
2017-11-26,10000002,14078,525691.11,450303.27,549999.98,82,20
2017-11-26,10000002,14080,357549.96,261015.71,743685.48,20,14
2017-11-26,10000002,14082,724309.95,653006.76,807992.96,26,24
2017-11-26,10000002,14084,2049989,2049985.97,2053194.94,154,42
2017-11-26,10000002,14086,288140.74,254093.22,543494.28,17,11
2017-11-26,10000002,14088,363237.25,355000.01,387998.98,24,18
2017-11-26,10000002,14090,378985.34,352118.55,405000.83,79,27
2017-11-26,10000002,14092,297399.09,283155.21,322000,23,18
2017-11-26,10000002,14094,449930.59,382025,680000,22,19
2017-11-26,10000002,14096,832442.13,794999,1200000,54,32
2017-11-26,10000002,14098,301834.14,230000.02,489999.95,18,14
2017-11-26,10000002,14100,62857089.98,56000001.29,64998964.95,18,16
2017-11-26,10000002,14102,17679962.37,15555940.02,19499998.97,22,20
2017-11-26,10000002,14104,43226506.08,40123123.1,46409916.85,8,8
2017-11-26,10000002,14106,44666664.59,44000000,44999996.89,3,3
2017-11-26,10000002,14108,31056890.18,25253622.03,33899997.88,10,10
2017-11-26,10000002,14110,19759674.46,17889511.69,23500000,3,3
2017-11-26,10000002,14112,17261457.13,15011278.05,19874999.99,13,13
2017-11-26,10000002,14114,56258666.79,39688100.01,60688000.16,12,12
2017-11-26,10000002,14116,94176420.52,91399899.61,98999999.95,17,17
2017-11-26,10000002,14118,77001353.64,44002709.28,109999998,2,2
2017-11-26,10000002,14120,92545944.07,91499999.5,93999999,11,11
2017-11-26,10000002,14122,29800200.2,22000501,34999999.77,5,5
2017-11-26,10000002,14124,25985352.56,21276700.06,32992991.88,11,10
2017-11-26,10000002,14126,15649997.5,15000000,16299994.99,2,2
2017-11-26,10000002,14127,23728041,22000723.75,24803002.98,30,24
2017-11-26,10000002,14128,5198853.9,4550499.2,5699992.99,57,34
2017-11-26,10000002,14130,7574566.51,7152340.36,7967999.95,29,25
2017-11-26,10000002,14134,46449950.26,38000301.07,49999990.31,34,29
2017-11-26,10000002,14136,49604350.57,45163950.4,50999997.94,31,29
2017-11-26,10000002,14140,20542872.46,19000596.37,21999979,35,32
2017-11-26,10000002,14142,20348265.51,15600925.99,21799999,20,17
2017-11-26,10000002,14144,54993665.17,29302085.8,74303333.16,11,8
2017-11-26,10000002,14146,37404337.54,36754800.64,39499996.83,40,22
2017-11-26,10000002,14148,35000000,35000000,35000000,1,1
2017-11-26,10000002,14150,58810931.26,19000000.12,65000000,16,13
2017-11-26,10000002,14152,3271958.92,2951408.03,3388887.8,26,23
2017-11-26,10000002,14154,4177091.16,3753045.3,4199999.92,20,15
2017-11-26,10000002,14156,15456495.47,15456490.93,15456500,2,2
2017-11-26,10000002,14158,10625888.05,7900999.19,11989998.98,9,8
2017-11-26,10000002,14160,34350072.97,21000301.1,38799996.9,4,4
2017-11-26,10000002,14162,26048000,26048000,26048000.01,3,2
2017-11-26,10000002,14164,63400000.31,61000000.46,77799999.55,7,6
2017-11-26,10000002,14166,63660034.55,49000125.66,70989989,3,3
2017-11-26,10000002,14168,40360877.27,30506666.08,44749995.98,32,30
2017-11-26,10000002,14170,46918716.79,38045153.06,49999998.73,11,10
2017-11-26,10000002,14172,9402826.55,6501128.85,10805085.62,25,21
2017-11-26,10000002,14174,14083799.6,12555064.57,15247889.94,24,24
2017-11-26,10000002,14176,30000003.86,29999999.9,30000010.41,8,8
2017-11-26,10000002,14178,20604251.82,18809984.01,21800000,5,5
2017-11-26,10000002,14184,9456680.87,7185021.62,10592510.5,3,3
2017-11-26,10000002,14186,15550007.64,12100015.29,19000000,4,4
2017-11-26,10000002,14188,148863875.99,115115224.57,154999995.01,13,10
2017-11-26,10000002,14190,143270122.83,134851391.48,145992990,13,12
2017-11-26,10000002,14192,45413667.25,42700007.53,45999999.99,6,5
2017-11-26,10000002,14194,40000000,40000000,40000000,4,3
2017-11-26,10000002,14202,11468164.44,10456785.5,11999976.04,18,12
2017-11-26,10000002,14204,51105741.57,41001000.56,55999983.65,72,34
2017-11-26,10000002,14206,50192477.1,37005481.98,54999999.99,21,11
2017-11-26,10000002,14208,88561715.8,85400119.47,98046575.56,4,4
2017-11-26,10000002,14210,24925366.47,18433666.07,25960000,10,8
2017-11-26,10000002,14214,510000.37,510000.37,510000.37,2,1
2017-11-26,10000002,14220,16976411.48,14200003.35,19670426.17,8,8
2017-11-26,10000002,14222,12499930.26,10000001,16999789.78,6,6
2017-11-26,10000002,14226,150005.59,150005.59,150005.59,2,2
2017-11-26,10000002,14228,1293999.96,1289999.98,1299999.93,5,5
2017-11-26,10000002,14230,37648266.93,35071171.17,38999999.65,31,28
2017-11-26,10000002,14234,17448503.59,16300012,18456998.23,20,18
2017-11-26,10000002,14236,34506998.42,33000001.5,35900000,30,28
2017-11-26,10000002,14238,157127920.95,153000039.71,159999998.01,34,29
2017-11-26,10000002,14240,11299015.36,9334864.98,12000497.74,19,13
2017-11-26,10000002,14242,119869204.65,112000000.48,128996499.8,24,24
2017-11-26,10000002,14244,114941032.71,110100000.99,117299500.4,30,29
2017-11-26,10000002,14246,54238447.89,50800001.96,56999939.98,36,34
2017-11-26,10000002,14248,115628554.87,111123000.04,120898688.81,33,30
2017-11-26,10000002,14250,89232336.08,80001310.28,98499990.55,22,21
2017-11-26,10000002,14252,99019276.96,98499981.97,192789995.95,41,37
2017-11-26,10000002,14254,93560480.43,91200006.98,95299999,16,15
2017-11-26,10000002,14256,47701883.75,45250000,49453979.87,41,38
2017-11-26,10000002,14258,100086898.38,95000000.24,103999999.96,29,27
2017-11-26,10000002,14260,65029121.75,58601310.08,66600509.6,14,14
2017-11-26,10000002,14262,85460917.37,80000031.61,89888885.18,27,24
2017-11-26,10000002,14264,76452940.5,68310505.23,84352989.89,19,19
2017-11-26,10000002,14266,48525093.55,37240923.47,52094999.91,57,35
2017-11-26,10000002,14268,96463205.13,92500077.54,99000000,40,38
2017-11-26,10000002,14270,60950030.56,58922784.39,64999957,17,16
2017-11-26,10000002,14272,1001.6,1001.31,59999.99,211,95
2017-11-26,10000002,14274,77001.18,77001.18,77001.18,146,71
2017-11-26,10000002,14276,55000,54000.18,55000,126,65
2017-11-26,10000002,14278,875512.54,875512.37,1149999.55,274,110
2017-11-26,10000002,14280,345688.11,339004.08,352021.03,91,41
2017-11-26,10000002,14282,240309.51,240129.15,241015.49,59,38
2017-11-26,10000002,14284,473894.66,461038.02,542000,37,25
2017-11-26,10000002,14286,899778,899778,899778.72,143,31
2017-11-26,10000002,14292,206.54,206.54,206.54,205,91
2017-11-26,10000002,14295,4525470.6,4200040.56,4969976.83,47,29
2017-11-26,10000002,14296,4502350.86,4200000,4750000,57,30
2017-11-26,10000002,14297,4611000.06,4250000,4700000,50,33
2017-11-26,10000002,14298,4897412.36,4325001.09,5724990.57,58,37
2017-11-26,10000002,14299,3872400.73,3600075.04,3999982.91,47,37
2017-11-26,10000002,14343,2650040.62,2600075.63,3499525.18,18,12
2017-11-26,10000002,14358,506,506,506,165,8
2017-11-26,10000002,14405,1799999997.99,1799999997.99,1799999997.99,1,1
2017-11-26,10000002,14504,1200000000,1200000000,1200000000,1,1
2017-11-26,10000002,14597,325326405.52,325326405.52,325326405.52,1,1
2017-11-26,10000002,14626,3760000000,3200000000,5100000000,5,5
2017-11-26,10000002,14640,750000000,700000000,800000000,2,2
2017-11-26,10000002,14648,6499915099.1,6499911198.19,6499919000,2,2
2017-11-26,10000002,14956,300000000,300000000,300000000,1,1
2017-11-26,10000002,14968,349000000,349000000,349000000,1,1
2017-11-26,10000002,15084,799999999.5,799999999,800000000,2,2
2017-11-26,10000002,15086,998997000,998997000,998997000,1,1
2017-11-26,10000002,15142,1625000000,1550000000,1700000000,2,2
2017-11-26,10000002,15156,3723414153.47,3723413865.21,3723414730,3,3
2017-11-26,10000002,15158,5999999999.99,5999999999.99,5999999999.99,1,1
2017-11-26,10000002,15316,505.77,505.77,505.77,167,7
2017-11-26,10000002,15317,16198.14,16196.1,16199,133410,43
2017-11-26,10000002,15331,1369.11,1369,1369.15,139836,1933
2017-11-26,10000002,15457,1224249.72,1000006.22,1597988.88,8,4
2017-11-26,10000002,15458,4166669.68,3500003.01,5500003.01,3,2
2017-11-26,10000002,15459,25999999.94,25999999.94,25999999.94,1,1
2017-11-26,10000002,15460,3999927.67,2000000.01,4999929,21,7
2017-11-26,10000002,15461,7000003.3,4000008.31,8999999.96,5,3
2017-11-26,10000002,15463,2358462.43,2200000,2450021.01,86,19
2017-11-26,10000002,15464,7238100.01,7238000.61,7999999.98,101,19
2017-11-26,10000002,15465,22222787.73,22000000.12,23999960.42,17,15
2017-11-26,10000002,15466,2898897.94,2898897.94,2898897.94,172,42
2017-11-26,10000002,15477,7454324.07,7000000,7989995.93,68,21
2017-11-26,10000002,15478,18079277.77,16000000.95,19742700.43,9,5
2017-11-26,10000002,15479,3799857.92,3799857.9,3799857.93,260,96
2017-11-26,10000002,15480,13999499.94,12000000.15,13999570.3,161,57
2017-11-26,10000002,15508,30997.92,30997.92,30997.92,2604,140
2017-11-26,10000002,15509,1999994.93,1999994.93,1999994.93,8,8
2017-11-26,10000002,15510,29209.44,29209.44,29209.44,2341,87
2017-11-26,10000002,15511,1579996,1579996,1579996,9,9
2017-11-26,10000002,15587,4500,4500,4500,3472,163
2017-11-26,10000002,15588,8000,8000,8000,1401,113
2017-11-26,10000002,15589,15000,15000,15000,943,143
2017-11-26,10000002,15590,20001.46,20001.46,20001.46,1351,125
2017-11-26,10000002,15591,30000,30000,30000,215,56
2017-11-26,10000002,15592,1029998.99,952621.54,1029999.85,2778,174
2017-11-26,10000002,15593,109000,100005.05,109999.86,5587,160
2017-11-26,10000002,15594,2109990.06,1810005.05,2119000,1943,96
2017-11-26,10000002,15596,2333.14,2333.14,2333.14,161,34
2017-11-26,10000002,15597,4905.23,4905.23,4905.23,116,55
2017-11-26,10000002,15598,8290.79,8209.23,14000,71,22
2017-11-26,10000002,15599,34993.99,34993.99,34993.99,2876,55
2017-11-26,10000002,15600,588999.97,588999.97,591034,3754,55
2017-11-26,10000002,15601,892000,892000,892000,3566,58
2017-11-26,10000002,15602,110096.41,110096.41,110096.41,3930,45
2017-11-26,10000002,15604,2310558.18,2309551.28,2800559.86,793,23
2017-11-26,10000002,15605,2100805.36,2100800.31,2100805.37,991,26
2017-11-26,10000002,15607,2410.01,2410.01,2410.01,270,30
2017-11-26,10000002,15608,406.06,406.03,406.12,383,55
2017-11-26,10000002,15609,8999,8999,8999,411,17
2017-11-26,10000002,15610,301006.13,301006.07,321003,301,30
2017-11-26,10000002,15611,5191.54,506.05,25000,67,14
2017-11-26,10000002,15612,49999,18500.58,53998.97,375,39
2017-11-26,10000002,15613,428100,427000,428100,4135,52
2017-11-26,10000002,15614,137600,127001,145597,3124,52
2017-11-26,10000002,15615,2259981.91,2250000,2259999.99,2206,63
2017-11-26,10000002,15620,7500,7500,7500,9,1
2017-11-26,10000002,15621,24500.01,24500.01,24500.01,2,1
2017-11-26,10000002,15622,34500.02,34500.02,34500.02,7,2
2017-11-26,10000002,15623,24506,24506,24506,9,3
2017-11-26,10000002,15625,4500,4500,4500,1811,79
2017-11-26,10000002,15626,8000,8000,8000,2037,70
2017-11-26,10000002,15627,15000,15000,15000,244,48
2017-11-26,10000002,15628,20000,20000,20000,1049,89
2017-11-26,10000002,15629,25000,25000,25000,890,66
2017-11-26,10000002,15630,490000,490000,504999.99,2027,88
2017-11-26,10000002,15631,344999,296001.99,345999.96,4348,99
2017-11-26,10000002,15632,1938283.06,1691294.01,1944999.99,2181,75
2017-11-26,10000002,15634,5000.01,5000,5000.01,2,2
2017-11-26,10000002,15637,30000,30000,30000,2,2
2017-11-26,10000002,15640,21000,21000,21000,4,3
2017-11-26,10000002,15641,65500,65500,65500,3,3
2017-11-26,10000002,15642,19000,19000,19000,2,2
2017-11-26,10000002,15643,605401.38,605401.38,605401.38,10,4
2017-11-26,10000002,15646,50000,50000,50000,688,111
2017-11-26,10000002,15650,2000000,2000000,2000000,1,1
2017-11-26,10000002,15653,14100.05,14100.05,14100.05,2,2
2017-11-26,10000002,15654,2001.07,2001.07,2001.07,2,2
2017-11-26,10000002,15656,104909.01,96016.48,154997.99,3319,63
2017-11-26,10000002,15657,100005.11,100005.11,100005.11,2,2
2017-11-26,10000002,15659,20000,20000,20000,2,2
2017-11-26,10000002,15660,30000,30000,30000,1399,85
2017-11-26,10000002,15661,1748905.33,1679019.1,1748923.28,5413,92
2017-11-26,10000002,15669,2569000,2522000.05,2578888.99,1577,39
2017-11-26,10000002,15670,1040001.71,1040001.71,1040001.71,2,2
2017-11-26,10000002,15671,648355.01,550000.06,733998.89,45,7
2017-11-26,10000002,15672,47923.08,9000.01,95000,13,6
2017-11-26,10000002,15673,1091899.96,806005,1091900,4771,88
2017-11-26,10000002,15674,18456.12,150.17,20000,90,17
2017-11-26,10000002,15675,57693836.29,55003327.51,59999997.96,13,12
2017-11-26,10000002,15677,45333356.04,43000034.08,49999999.97,6,3
2017-11-26,10000002,15681,94799922.95,93700000,94800000,540,227
2017-11-26,10000002,15683,92297159.89,87113184.27,95999999.59,12,11
2017-11-26,10000002,15685,536663.33,56000,1497990,3,3
2017-11-26,10000002,15687,101013.33,101013.33,101013.33,2,2
2017-11-26,10000002,15693,14166666.64,12499999.99,14999999.97,3,3
2017-11-26,10000002,15699,946887.88,946887.88,946887.88,1,1
2017-11-26,10000002,15701,999999.53,999999.53,999999.53,1,1
2017-11-26,10000002,15705,5125000.05,5125000.05,5125000.05,5,3
2017-11-26,10000002,15707,2279890.01,2279890,2279890.01,2,2
2017-11-26,10000002,15709,9261603.58,8005040.26,9889885.24,3,3
2017-11-26,10000002,15713,3035940,3035940,3035940,1,1
2017-11-26,10000002,15717,2761684.43,2761684.43,2761684.43,2,2
2017-11-26,10000002,15721,1401335.54,602003.32,2999999.97,3,3
2017-11-26,10000002,15723,6216015.99,1500059.83,9389980.14,5,5
2017-11-26,10000002,15725,26339999.79,20000000.06,27899999.97,10,8
2017-11-26,10000002,15727,4264519.54,450880.03,5789998.93,7,7
2017-11-26,10000002,15729,31243949.99,31189980,31243994.92,549,285
2017-11-26,10000002,15731,500000.03,500000.03,500000.03,1,1
2017-11-26,10000002,15733,226000.33,226000.33,226000.33,1,1
2017-11-26,10000002,15735,8833330.63,1499995.9,12499998,3,3
2017-11-26,10000002,15739,17109642.48,16703385.41,19002332.9,92,32
2017-11-26,10000002,15741,5000025.02,5000025.02,5000025.02,1,1
2017-11-26,10000002,15743,30397129.57,17000511.26,70586984.5,4,4
2017-11-26,10000002,15744,1887431.38,1202003.33,5999999,7,4
2017-11-26,10000002,15747,30880140,30880140,30880140,1,1
2017-11-26,10000002,15749,69999978,69999978,69999978,1,1
2017-11-26,10000002,15753,42236291.27,36562317.14,44997996.56,19,18
2017-11-26,10000002,15755,121000526.95,121000520.26,121000530.3,3,2
2017-11-26,10000002,15757,26173734.83,21129960.06,29999999.68,8,8
2017-11-26,10000002,15759,33333321.98,33333321.98,33333321.98,1,1
2017-11-26,10000002,15761,16300369.03,16300369.03,16300369.03,1,1
2017-11-26,10000002,15764,89009179.24,72703155.02,92684737.69,22,22
2017-11-26,10000002,15766,26361062.79,25561070.62,27716981.11,121,87
2017-11-26,10000002,15770,44611448.66,32913423.81,50198867,42,31
2017-11-26,10000002,15780,9422851.72,6200417.18,10496995.86,8,7
2017-11-26,10000002,15784,28999999.88,28999999.87,28999999.88,2,2
2017-11-26,10000002,15786,30033333.11,15900001.32,37099999,6,5
2017-11-26,10000002,15788,18339591.21,15009386.99,24999999.65,6,6
2017-11-26,10000002,15790,18499003.19,18399990.01,19699998,49,36
2017-11-26,10000002,15792,148257380.2,140223007.16,159999998.08,32,27
2017-11-26,10000002,15796,10300014,10300014,10300014,1,1
2017-11-26,10000002,15798,29571548.58,25000121.34,41000116.73,7,7
2017-11-26,10000002,15802,99999999,99999998.99,99999999,2,2
2017-11-26,10000002,15804,67113529.02,50050671.27,97050554.46,14,14
2017-11-26,10000002,15806,92202523.29,87405035.26,99999995.43,226,118
2017-11-26,10000002,15810,71385870.93,68068068.12,71999999.95,69,34
2017-11-26,10000002,15813,46328054.96,37880092.27,58999998.99,5,4
2017-11-26,10000002,15814,2000098.01,2000098.01,2000098.01,2,1
2017-11-26,10000002,15816,506000.33,506000.33,506000.33,1,1
2017-11-26,10000002,15823,3200242,3200242,3200242,2,2
2017-11-26,10000002,15824,798353.35,798353.35,798353.35,1,1
2017-11-26,10000002,15828,5402572.25,805152.5,9999992,2,2
2017-11-26,10000002,15836,2633333.31,2000000,2949999.97,3,3
2017-11-26,10000002,15843,13999985,13999985,13999985,5,1
2017-11-26,10000002,15845,10714325.16,10714325.16,10714325.16,1,1
2017-11-26,10000002,15847,11013911.01,11013911.01,11013911.01,1,1
2017-11-26,10000002,15848,512102.01,512102.01,512102.01,1,1
2017-11-26,10000002,15854,28002813.21,28002813.21,28002813.21,1,1
2017-11-26,10000002,15858,35001008.33,35001008.33,35001008.33,1,1
2017-11-26,10000002,15860,20071183.01,20071183,20071183.01,4,2
2017-11-26,10000002,15862,77999995.9,77999995.82,77999995.92,4,4
2017-11-26,10000002,15865,3319288.66,3319288.66,3319288.66,1,1
2017-11-26,10000002,15871,2568882.42,917361.21,2698995,13,9
2017-11-26,10000002,15872,2703171.51,1016016.96,2999947.61,5,5
2017-11-26,10000002,15877,29900000,29899999.99,29900000,2,2
2017-11-26,10000002,15879,4249999.91,3500000.01,4999999.81,2,2
2017-11-26,10000002,15881,20187427.37,12505154.27,24995988.82,8,7
2017-11-26,10000002,15885,48910216.13,33910216.16,93910216.04,4,4
2017-11-26,10000002,15887,47998793.53,47998732.43,47998997,176,137
2017-11-26,10000002,15889,46888691.23,46888603.51,46888775.25,134,98
2017-11-26,10000002,15891,113300028.39,111287890.89,120449998.49,129,93
2017-11-26,10000002,15893,119110863.16,114989000,125748989.97,17,17
2017-11-26,10000002,15895,89552999,89552999,89552999,120,54
2017-11-26,10000002,15897,148283383.54,100000102.48,157900000,6,6
2017-11-26,10000002,15898,6827508.5,5200012.32,7430009.82,4,4
2017-11-26,10000002,15899,149999999.96,149999999.95,149999999.96,2,2
2017-11-26,10000002,15900,68902532.22,57505084,80299980.43,4,4
2017-11-26,10000002,15905,74713447.33,73173139.02,78999899.9,12,12
2017-11-26,10000002,15907,95000000,95000000,95000000,1,1
2017-11-26,10000002,15909,21800050.09,19500000.01,24100099.73,10,8
2017-11-26,10000002,15911,1807266.66,800000,2310899.99,3,3
2017-11-26,10000002,15913,5676134.11,2004613.92,6899974.17,4,4
2017-11-26,10000002,15915,2346682.91,420029.51,6199989.71,3,3
2017-11-26,10000002,15921,9998578,9998578,9998578,1,1
2017-11-26,10000002,15925,524999.11,50000.21,999998,4,3
2017-11-26,10000002,15931,96000040.81,88000122.52,99999999.96,3,3
2017-11-26,10000002,15935,2791995.55,2791995.55,2791995.55,2,2
2017-11-26,10000002,15939,91832307.55,90000000,93975000,13,4
2017-11-26,10000002,15947,108000165.48,108000165.48,108000165.48,1,1
2017-11-26,10000002,15949,10001.29,10001.29,10001.29,1,1
2017-11-26,10000002,15955,148000000,148000000,148000000,1,1
2017-11-26,10000002,15957,10285448.66,5034556,11699986.16,18,15
2017-11-26,10000002,15963,114000000,114000000,114993999.94,143,68
2017-11-26,10000002,15965,67681535.23,63650000,68890998.99,26,20
2017-11-26,10000002,15992,18539.05,18539,18540,478,28
2017-11-26,10000002,15993,18000.02,18000.02,18000.02,9,2
2017-11-26,10000002,15994,25900,25900,25900,3736,116
2017-11-26,10000002,15996,10274.37,10005.8,28000,67,27
2017-11-26,10000002,15997,30000,30000,30000,94,31
2017-11-26,10000002,15998,50000,50000,50000,766,38
2017-11-26,10000002,15999,48998.99,48998.99,48999,302,16
2017-11-26,10000002,16000,9001,7001.09,9002.02,216,21
2017-11-26,10000002,16001,22765.81,18000.02,28998,30,6
2017-11-26,10000002,16002,52005,52005,52005,632,98
2017-11-26,10000002,16003,153336289.67,132009121.25,163999873.88,3,3
2017-11-26,10000002,16004,155040971.03,154999998.99,156368747.5,27,26
2017-11-26,10000002,16006,149780102.19,119520751.95,164909777.31,3,3
2017-11-26,10000002,16008,6288856.54,4300640.57,6998915.93,19,16
2017-11-26,10000002,16009,151899981.62,123100111.67,161499938.26,4,4
2017-11-26,10000002,16047,9013390.35,9013347.49,9013447.5,7,2
2017-11-26,10000002,16050,17999996.36,17999996.36,17999996.36,2,1
2017-11-26,10000002,16052,9524000,9524000,9524000,1,1
2017-11-26,10000002,16053,3800002.02,3800002.02,3800002.02,1,1
2017-11-26,10000002,16061,74031399.21,74031399.21,74031399.21,2,2
2017-11-26,10000002,16062,46711390.9,44500000,47484999.99,55,23
2017-11-26,10000002,16064,91100080.35,75200185.41,106999979.58,20,15
2017-11-26,10000002,16065,16246630,15100744.11,18109659.73,8,8
2017-11-26,10000002,16067,21286423.58,10000993.28,49499998.95,14,4
2017-11-26,10000002,16068,40673839.86,23001125.25,50000000,26,22
2017-11-26,10000002,16069,85000,85000,94999.97,113,102
2017-11-26,10000002,16118,45001.55,45001.55,45001.55,281,30
2017-11-26,10000002,16119,150.36,150.36,150.36,256,25
2017-11-26,10000002,16120,33017.47,33017.47,33017.47,56,8
2017-11-26,10000002,16121,60001.76,60001.76,60001.76,85,7
2017-11-26,10000002,16122,145008.18,145008.18,145008.27,45,8
2017-11-26,10000002,16123,190011.98,190011.98,190011.98,36,8
2017-11-26,10000002,16124,758387.6,758387.6,758387.6,154,8
2017-11-26,10000002,16125,1632449.41,1500003.87,1959999,73,11
2017-11-26,10000002,16179,1800.01,1800,1800.01,14,3
2017-11-26,10000002,16180,17500,17500,17500,3,1
2017-11-26,10000002,16181,35500,35500,35500,3,1
2017-11-26,10000002,16182,8000,8000,8000,2,1
2017-11-26,10000002,16184,16000,16000,16000,1,1
2017-11-26,10000002,16189,751000.92,751000.87,751000.95,6,2
2017-11-26,10000002,16213,216065025.03,211001034.01,229991000.34,15,9
2017-11-26,10000002,16214,242997498.55,221990000.22,249999998,4,4
2017-11-26,10000002,16216,49622825.84,47000149.06,50396444.11,8,6
2017-11-26,10000002,16220,5502008.3,5502008.3,5502008.3,1,1
2017-11-26,10000002,16221,10677403.72,10003204.84,12699999.77,8,7
2017-11-26,10000002,16227,45426988.1,41161001.13,46200000,71,49
2017-11-26,10000002,16228,540000000,540000000,540000000,3,3
2017-11-26,10000002,16229,46267376.84,45200000,47500000,87,47
2017-11-26,10000002,16230,593899667,593899667,593899667,1,1
2017-11-26,10000002,16231,40836844.63,40000000,42099949.45,19,14
2017-11-26,10000002,16233,44700429.91,41500011,45200000,59,35
2017-11-26,10000002,16234,575988287,575988287,575988287,1,1
2017-11-26,10000002,16236,1199999.99,1199999.99,1199999.99,130,70
2017-11-26,10000002,16237,9204279.2,9199849,9222000,5,5
2017-11-26,10000002,16238,1000094.03,1000094.03,1000094.03,741,149
2017-11-26,10000002,16239,8416400,8416400,8416400,15,13
2017-11-26,10000002,16240,1047644.99,872911.7,1049950,548,134
2017-11-26,10000002,16241,8257142.14,8150000,8299999,7,7
2017-11-26,10000002,16242,1045000,1037499,1046000.96,561,148
2017-11-26,10000002,16243,8785399.7,8700000,9554000,10,10
2017-11-26,10000002,16246,145000772.31,123010029.37,148998999.71,13,13
2017-11-26,10000002,16247,47666666.66,26000000.1,58499999.94,3,3
2017-11-26,10000002,16248,144113926.59,134620000.51,144444443.96,26,24
2017-11-26,10000002,16249,63500252.88,39000505.79,87999999.96,2,2
2017-11-26,10000002,16262,110000.04,110000.04,110000.04,36,1
2017-11-26,10000002,16264,200011.83,200011.83,200011.84,21,2
2017-11-26,10000002,16265,200000,197000.07,200008.33,5153,78
2017-11-26,10000002,16266,600000.09,600000.09,600000.09,236,3
2017-11-26,10000002,16267,658683.91,658683.91,658683.91,100,3
2017-11-26,10000002,16269,476000.2,476000.2,476000.2,58,2
2017-11-26,10000002,16272,535,531.16,559.98,56010196,260
2017-11-26,10000002,16273,121.1,121.04,124,90770249,531
2017-11-26,10000002,16274,722,721.86,723.99,32841167,146
2017-11-26,10000002,16275,3700.07,3700.02,3799.9,3892043,259
2017-11-26,10000002,16278,1818178.51,1550003.52,1818179.89,203,68
2017-11-26,10000002,16279,17502755.34,15003680,24999981.36,8,8
2017-11-26,10000002,16281,649955.08,375000,649977.88,163,107
2017-11-26,10000002,16297,7500,7500,7500,238,103
2017-11-26,10000002,16299,1250,1250,1250,209,105
2017-11-26,10000002,16301,11489.8,11489.8,11489.8,1184,173
2017-11-26,10000002,16303,270699.89,201008.92,271007.93,1134,292
2017-11-26,10000002,16305,8745.92,2602.09,51999.99,54,35
2017-11-26,10000002,16307,4894.81,3050,24000,77,38
2017-11-26,10000002,16309,8041.16,4401.03,69999.95,67,33
2017-11-26,10000002,16311,165791.1,165790.36,259899.91,239,114
2017-11-26,10000002,16313,1415.85,1005,7999,51,34
2017-11-26,10000002,16315,1203.01,1203,1203.01,54,27
2017-11-26,10000002,16317,30001,30001,30001,63,35
2017-11-26,10000002,16319,1500000,1499999.99,1500000,2,2
2017-11-26,10000002,16321,907.86,826.01,2998.99,53,31
2017-11-26,10000002,16323,810.24,402.02,9998.99,47,34
2017-11-26,10000002,16325,10619.88,2500,399999,49,25
2017-11-26,10000002,16327,7884.66,2147.48,180000,62,30
2017-11-26,10000002,16329,2799.47,352.03,74999,61,30
2017-11-26,10000002,16331,3142,3142,3142,69,30
2017-11-26,10000002,16333,2348.92,2210,12100,71,30
2017-11-26,10000002,16335,3352.14,2180,24999.99,56,31
2017-11-26,10000002,16337,1150.83,1150.04,1151.01,54,34
2017-11-26,10000002,16339,1401.99,1401,1402,70,41
2017-11-26,10000002,16341,2991.77,2700,23999,73,34
2017-11-26,10000002,16343,4324.08,2103,48000,62,38
2017-11-26,10000002,16345,1654.08,1654,1654.11,40,24
2017-11-26,10000002,16347,2003,2003,2003,53,29
2017-11-26,10000002,16349,1880.86,1199.09,42787,61,32
2017-11-26,10000002,16351,6393.99,3007.02,49999,72,36
2017-11-26,10000002,16353,95651.78,95651.78,95651.8,730,115
2017-11-26,10000002,16355,80002.49,80002.49,80002.49,598,102
2017-11-26,10000002,16357,203407.08,203407.08,203407.08,1070,125
2017-11-26,10000002,16359,103308.03,103308.02,103309.06,782,128
2017-11-26,10000002,16361,120001.23,120001.19,164999.98,965,133
2017-11-26,10000002,16363,168992,168992,168992,855,120
2017-11-26,10000002,16365,160123,160123,160123,697,124
2017-11-26,10000002,16367,125061.62,125061.43,189988.86,1103,127
2017-11-26,10000002,16369,148305,148305,148305.01,751,134
2017-11-26,10000002,16371,106001.78,106001.39,159988.96,1143,129
2017-11-26,10000002,16373,150254.05,150254.03,150254.06,774,117
2017-11-26,10000002,16375,141087,141087,141089,709,143
2017-11-26,10000002,16377,123024.03,123024.03,123024.08,857,132
2017-11-26,10000002,16379,110120.12,110120.12,110120.13,795,119
2017-11-26,10000002,16381,110037.91,110037.85,120037.9,919,128
2017-11-26,10000002,16383,125158,125157,125158.02,754,136
2017-11-26,10000002,16385,109198.39,77800.27,166898.96,73,58
2017-11-26,10000002,16387,28815.84,26104.2,79979.88,58,35
2017-11-26,10000002,16389,83697.07,72005.06,174894,88,49
2017-11-26,10000002,16391,288999.56,251991.04,288999.57,390,188
2017-11-26,10000002,16393,31850.75,31850,31851.03,74,31
2017-11-26,10000002,16395,31352.02,31350,31354,54,31
2017-11-26,10000002,16397,22325.1,14707.39,32999.99,79,32
2017-11-26,10000002,16399,38870.33,35021,73997.99,81,45
2017-11-26,10000002,16401,32579.01,32551,32602.03,53,28
2017-11-26,10000002,16403,19519.92,19303.09,34000,58,33
2017-11-26,10000002,16405,19372.82,17104.09,67989.95,66,37
2017-11-26,10000002,16407,58278.42,35591.29,199999.98,75,43
2017-11-26,10000002,16409,6267.62,6203.33,6306.34,76,32
2017-11-26,10000002,16411,23657.47,22901,75000,41,29
2017-11-26,10000002,16413,32385.52,32251,38990,50,32
2017-11-26,10000002,16415,36718.3,35982,54989,72,37
2017-11-26,10000002,16417,37168.28,0.01,37617.5,55,34
2017-11-26,10000002,16419,26274.6,26102.15,39099.99,59,31
2017-11-26,10000002,16421,36847.73,35941,49999.99,62,36
2017-11-26,10000002,16423,59995.93,59995.93,59995.93,291,45
2017-11-26,10000002,16425,8270.69,8201.48,8301.58,62,27
2017-11-26,10000002,16427,14262.79,14205,14306.21,52,32
2017-11-26,10000002,16429,8606.27,8506.25,30804.99,105,43
2017-11-26,10000002,16431,24558.86,22206,74999,94,43
2017-11-26,10000002,16433,262.06,262.06,262.07,241,90
2017-11-26,10000002,16435,7002.02,7002,7004,262,98
2017-11-26,10000002,16439,2501.04,2501.04,2501.04,328,96
2017-11-26,10000002,16441,2516,2515.84,2521,276,68
2017-11-26,10000002,16443,8026.02,8026.02,8026.02,252,69
2017-11-26,10000002,16447,6951.04,6951.02,98999.81,434,103
2017-11-26,10000002,16449,14504.06,14504.06,14504.06,390,32
2017-11-26,10000002,16451,65001.08,65001.04,77980.98,817,57
2017-11-26,10000002,16455,14116.01,14116.01,14116.01,474,61
2017-11-26,10000002,16457,2480163.99,2225010.7,2480339.97,512,213
2017-11-26,10000002,16467,122999.99,56040,123989,400,176
2017-11-26,10000002,16469,38505.5,38500,96998.95,272,132
2017-11-26,10000002,16475,100000.36,100000.36,100000.36,580,152
2017-11-26,10000002,16477,111016.05,111016,159009.21,471,131
2017-11-26,10000002,16481,43500,43500,43500,333,49
2017-11-26,10000002,16483,44500,44500,44500,345,50
2017-11-26,10000002,16485,42500,42500,42500,260,50
2017-11-26,10000002,16487,63011,63005.01,63500,632,98
2017-11-26,10000002,16489,15504,15503.02,15504,194,68
2017-11-26,10000002,16491,17100,17100,17100,186,57
2017-11-26,10000002,16493,2121.38,2121.38,2121.38,144,50
2017-11-26,10000002,16495,80006.52,80005.84,142960.85,464,121
2017-11-26,10000002,16497,156040.11,156040,156041.02,441,83
2017-11-26,10000002,16499,158034.16,158034.11,159998.99,612,74
2017-11-26,10000002,16505,45112.01,45112.01,45112.01,821,102
2017-11-26,10000002,16507,55001.32,55001.21,74000,205,85
2017-11-26,10000002,16513,7967,7967,7967,455,83
2017-11-26,10000002,16515,6713.52,6713.52,6713.52,421,73
2017-11-26,10000002,16517,7110,7110,7110.02,345,72
2017-11-26,10000002,16519,64285.7,24099.12,64285.85,921,158
2017-11-26,10000002,16521,3500.16,3500.16,3501,526,198
2017-11-26,10000002,16523,3003.15,3003.15,3003.15,397,135
2017-11-26,10000002,16527,399999.88,306002.33,399999.92,991,230
2017-11-26,10000002,16529,112450.15,91109.01,137978.75,47,36
2017-11-26,10000002,16531,435345.71,254006.89,599999.89,70,52
2017-11-26,10000002,16533,2354098.31,1560065.06,3799999.7,54,46
2017-11-26,10000002,16535,13185710.53,10997218.56,14899996,69,60
2017-11-26,10000002,16537,13937090.8,11100999.24,15901019.3,49,39
2017-11-26,10000002,16591,34727987.96,32000000,36959976.99,60,39
2017-11-26,10000002,16594,1680798.11,1500000,2098984.95,74,47
2017-11-26,10000002,16595,12740657.18,12500000,13199999.99,91,46
2017-11-26,10000002,16596,36445050.81,35000000,38224798,36,27
2017-11-26,10000002,16597,20845527.6,20000000,22499909.85,93,63
2017-11-26,10000002,16598,3500000,3500000,3500000,159,130
2017-11-26,10000002,16617,9500000.74,9500000.74,9500000.74,2,2
2017-11-26,10000002,16622,5000000,5000000,5000000,138,89
2017-11-26,10000002,16631,1477797.25,1300019.49,1700019.46,18,4
2017-11-26,10000002,16633,2701.9,2695,2712.95,595365,47
2017-11-26,10000002,16634,2595.72,2594,2597.7,3110414,89
2017-11-26,10000002,16635,7279.92,6500.02,7285.78,1139069,75
2017-11-26,10000002,16636,9998.6,9498.92,9998.6,756944,58
2017-11-26,10000002,16637,4698.96,4698.96,4698.96,4086097,70
2017-11-26,10000002,16638,4100,4100,4100,1787172,69
2017-11-26,10000002,16639,3995.79,3501.67,3999.98,483537,38
2017-11-26,10000002,16640,8200.19,6500.02,8999.38,1250198,68
2017-11-26,10000002,16641,5788.9,5150.03,5798.99,2352745,109
2017-11-26,10000002,16642,5471.99,5471.66,5472.02,770619,69
2017-11-26,10000002,16643,8900.72,8899.44,8998.99,1751265,104
2017-11-26,10000002,16644,5447.98,5399,5448.14,3312812,150
2017-11-26,10000002,16646,10725.71,10725.7,11444,1917612,80
2017-11-26,10000002,16647,11202.22,11200.68,12799.89,882804,62
2017-11-26,10000002,16648,9498.94,9000,9498.98,1935367,107
2017-11-26,10000002,16649,9999,9998.9,10000,1890587,105
2017-11-26,10000002,16650,84227.84,84227.4,84228,925919,102
2017-11-26,10000002,16651,48444.44,47025.03,49444.35,767251,74
2017-11-26,10000002,16652,84444.44,79999.98,90444.3,640032,85
2017-11-26,10000002,16653,49999.44,49998.83,49999.44,805073,60
2017-11-26,10000002,16654,7999.98,7250.22,8000.01,485789,21
2017-11-26,10000002,16655,12499.96,10290.22,12929.46,256568,31
2017-11-26,10000002,16656,7999.95,7999.95,7999.95,506790,14
2017-11-26,10000002,16657,9199.86,9199.85,9319.01,280721,31
2017-11-26,10000002,16658,7519.26,7519.26,7519.26,1036358,28
2017-11-26,10000002,16659,4990,4980,5000,1035109,25
2017-11-26,10000002,16660,5895,5880,5895,645527,19
2017-11-26,10000002,16661,5502.55,5502.06,6499.88,259288,22
2017-11-26,10000002,16662,12521.88,12521.31,27386.11,121236,15
2017-11-26,10000002,16663,14975,14975,14975,388663,24
2017-11-26,10000002,16664,11998.85,9520.09,11999.15,279741,22
2017-11-26,10000002,16665,8263.69,8260.33,9489.91,182440,22
2017-11-26,10000002,16666,38998.9,37499.93,39000,237063,49
2017-11-26,10000002,16667,34644.94,34644.94,34644.94,423657,36
2017-11-26,10000002,16668,49081.73,49081.73,49081.73,350991,18
2017-11-26,10000002,16669,59998.66,50014.63,59999.89,51740,24
2017-11-26,10000002,16670,230,229.98,230,151110592,171
2017-11-26,10000002,16671,247.07,247.07,247.07,30703676,110
2017-11-26,10000002,16672,256,255.88,256.03,44325264,110
2017-11-26,10000002,16673,201.5,201.45,204.42,78751703,134
2017-11-26,10000002,16678,411.22,411.22,411.22,57324230,174
2017-11-26,10000002,16679,1172.22,1120.13,1173.29,16984379,182
2017-11-26,10000002,16680,2288.95,2164.11,2292.33,15881942,259
2017-11-26,10000002,16681,5099.93,4922,5182.46,5682736,236
2017-11-26,10000002,16682,10811,10804.43,11739.85,2359478,201
2017-11-26,10000002,16683,41050.04,40920.21,42963.44,1230918,185
2017-11-26,10000002,16688,4190031.61,2300337.31,4399997.7,10,3
2017-11-26,10000002,16689,15099901.92,15099901.92,15099901.93,6,2
2017-11-26,10000002,16690,1389999.62,1389999.62,1389999.62,6,3
2017-11-26,10000002,16691,1992842.2,1800000.18,2249964.9,7,2
2017-11-26,10000002,16694,7500000.67,6000001.38,8999999.95,8,2
2017-11-26,10000002,16696,1239000,1200000,1589999.98,20,5
2017-11-26,10000002,16697,2400012,2400011.98,2400012.01,4,2
2017-11-26,10000002,16869,8666290.74,8666290.74,8666290.74,1,1
2017-11-26,10000002,17136,76847.98,76847.98,76847.98,24483,70
2017-11-26,10000002,17143,1199998.11,1199998.11,1199998.11,1,1
2017-11-26,10000002,17167,1487189.17,1002048.12,1795915.3,18,4
2017-11-26,10000002,17168,2649860.81,2300721.74,2998999.89,10,3
2017-11-26,10000002,17174,1492409.26,1302000.21,2349249.98,11,7
2017-11-26,10000002,17175,2135384.53,1800000,2989999.97,13,6
2017-11-26,10000002,17176,1408900.04,1300000.04,2389000,10,4
2017-11-26,10000002,17177,1555995.8,1510000.32,2199933.12,15,4
2017-11-26,10000002,17178,2561828.59,1700000.11,2884893.86,32,16
2017-11-26,10000002,17180,2008332.57,1700000.01,2111110.08,4,3
2017-11-26,10000002,17181,2564411.55,1775000.01,2888888.87,17,9
2017-11-26,10000002,17182,2880819.5,2300947.06,2996793.99,18,8
2017-11-26,10000002,17184,3216121.03,2200666.44,3689999.82,22,13
2017-11-26,10000002,17185,3045690.69,2999888.88,3399884.89,17,15
2017-11-26,10000002,17186,3194423.2,2300000.41,3299999.99,17,11
2017-11-26,10000002,17187,6501376.74,3989998.86,17700000,26,15
2017-11-26,10000002,17190,27433.23,25006.13,32999.9,14,12
2017-11-26,10000002,17192,4008.15,4008.15,4008.15,1135,32
2017-11-26,10000002,17194,7595.32,7595.32,7595.32,158,18
2017-11-26,10000002,17196,7001.49,7001.49,7001.49,296,16
2017-11-26,10000002,17199,3000.83,3000.83,3000.83,296,49
2017-11-26,10000002,17200,99999.95,99999.51,100000.01,8,8
2017-11-26,10000002,17201,8600,8600,8600,1311,25
2017-11-26,10000002,17202,9200,9200,9200,358,34
2017-11-26,10000002,17203,120099.37,120000,120101,62,21
2017-11-26,10000002,17204,216091.08,216091.08,216091.08,239,17
2017-11-26,10000002,17205,450000,260207,600198.84,126,70
2017-11-26,10000002,17206,0.03,0.03,0.03,313,26
2017-11-26,10000002,17207,9983269.35,8016455,10999990.88,42,15
2017-11-26,10000002,17208,5020.15,5020.15,5020.15,162,43
2017-11-26,10000002,17209,6075,6075,6075,143,52
2017-11-26,10000002,17210,350756.98,333091.17,593785.2,59,11
2017-11-26,10000002,17211,5909.83,5000.04,14097.96,30,8
2017-11-26,10000002,17212,2302000.07,2302000.07,2302000.07,3,2
2017-11-26,10000002,17213,10012.05,10012.01,10012.06,18,11
2017-11-26,10000002,17214,5001.81,5001.81,5001.81,125,27
2017-11-26,10000002,17215,11050.07,11050.07,11050.07,102,24
2017-11-26,10000002,17216,5507.04,5507.04,5507.04,332,18
2017-11-26,10000002,17217,7415599.31,3736236.67,8335439.98,50,14
2017-11-26,10000002,17218,5000.62,5000.62,5000.62,128,29
2017-11-26,10000002,17219,4871.95,4550,6750,82,32
2017-11-26,10000002,17220,7326.19,5217,30000,47,17
2017-11-26,10000002,17222,6663,6663,6663,62,15
2017-11-26,10000002,17223,13723.85,5016,85999,93,21
2017-11-26,10000002,17224,20412.44,11089,94999.96,18,8
2017-11-26,10000002,17226,1275000,1275000,1275000,4,4
2017-11-26,10000002,17230,59999.94,59999.94,59999.94,129,11
2017-11-26,10000002,17231,9298.79,9297,9299,39,15
2017-11-26,10000002,17233,5926,5926,5926,34,14
2017-11-26,10000002,17234,9238,9238,9238,110,18
2017-11-26,10000002,17235,15257.65,15031,18997.44,35,14
2017-11-26,10000002,17238,71645.33,70013,149997,49,8
2017-11-26,10000002,17239,10592,10592,10592,9,7
2017-11-26,10000002,17241,6077,6077,6077,99,48
2017-11-26,10000002,17243,5098,5097,5099,307,112
2017-11-26,10000002,17244,22980,22980,22980,88,25
2017-11-26,10000002,17245,59231.08,50001,134996.99,13,9
2017-11-26,10000002,17251,9840,9835,9841,118,59
2017-11-26,10000002,17252,25506,25506,25506,42,14
2017-11-26,10000002,17254,11532,11532,11532,42,17
2017-11-26,10000002,17255,5001,5001,5001,25,9
2017-11-26,10000002,17256,22720.84,17266,139999.99,45,6
2017-11-26,10000002,17258,232036,232036,232036,6,5
2017-11-26,10000002,17261,7270,7270,7270,9,8
2017-11-26,10000002,17262,10756,10756,10756,42,19
2017-11-26,10000002,17264,7323,7323,7323,118,32
2017-11-26,10000002,17266,3361102,3361102,3361102,109,16
2017-11-26,10000002,17267,46523.09,7026,300000,22,12
2017-11-26,10000002,17270,581339.25,581339,581340,4,4
2017-11-26,10000002,17272,10366,10366,10366,29,15
2017-11-26,10000002,17287,9979999.99,9979999.99,9979999.99,2,2
2017-11-26,10000002,17289,14070006.99,14070006.99,14070006.99,2,1
2017-11-26,10000002,17290,9999997.99,9999997.99,9999997.99,2,2
2017-11-26,10000002,17292,4999957.96,4999957.96,4999957.96,2,2
2017-11-26,10000002,17293,17498899.68,17498899.68,17498899.68,2,2
2017-11-26,10000002,17294,9133340.01,2400020.04,12500000,3,3
2017-11-26,10000002,17297,4983899.99,4983899.99,4983899.99,2,2
2017-11-26,10000002,17298,3317880.12,3317880.12,3317880.12,2,2
2017-11-26,10000002,17301,6495999.93,6495999.93,6495999.93,2,2
2017-11-26,10000002,17302,201000,201000,201000,3,2
2017-11-26,10000002,17317,85999.64,85999.6,85999.78,326919,95
2017-11-26,10000002,17322,5607142.85,5000000,5999999.99,28,10
2017-11-26,10000002,17323,6647058.82,5000000,6999999.99,17,11
2017-11-26,10000002,17324,6818179.08,5000000,7499993.97,11,9
2017-11-26,10000002,17325,5534289.03,5000000,6001911.39,6,5
2017-11-26,10000002,17326,6250000,5000000,7500000,4,4
2017-11-26,10000002,17327,5515395.81,5000000,7248999.9,48,7
2017-11-26,10000002,17328,5526530.58,5000000,7149999.88,49,8
2017-11-26,10000002,17329,5392854.18,5000000,5499996.23,14,10
2017-11-26,10000002,17330,7499996.32,7499996.31,7499996.32,18,8
2017-11-26,10000002,17331,5333324.65,5000000,5499986.97,6,6
2017-11-26,10000002,17332,7031250,5000000,7500000,16,8
2017-11-26,10000002,17333,5761535.23,5000000,5899996.18,13,6
2017-11-26,10000002,17334,5849995.64,5849995.64,5849995.65,9,5
2017-11-26,10000002,17335,5498986.28,5498986.28,5498986.28,5,5
2017-11-26,10000002,17336,7499999.23,7499999.23,7499999.23,16,5
2017-11-26,10000002,17337,5228570.64,5000000,5499998.17,7,7
2017-11-26,10000002,17338,5498983.54,5498983.54,5498983.54,15,8
2017-11-26,10000002,17339,6000000,5000000,7500000,5,5
2017-11-26,10000002,17340,5163134.52,5000000,5498999.71,52,9
2017-11-26,10000002,17341,5982140.49,5000000,6249996.99,14,9
2017-11-26,10000002,17342,7165708.95,5000000,7498894.94,15,6
2017-11-26,10000002,17344,5095703,5000000,5159505,5,5
2017-11-26,10000002,17345,5374242.43,5000000,5498989.9,12,8
2017-11-26,10000002,17346,6944444.44,5000000,7500000,9,5
2017-11-26,10000002,17347,5250000,5000000,5499999.99,4,4
2017-11-26,10000002,17348,5299999.33,5299999.33,5299999.33,10,5
2017-11-26,10000002,17349,7499772.72,7499772.72,7499772.72,16,5
2017-11-26,10000002,17350,7550000,7550000,7550000,16,7
2017-11-26,10000002,17351,5262500,5000000,5300000,16,8
2017-11-26,10000002,17352,5455356.9,5000000,7500000,56,11
2017-11-26,10000002,17353,6624998.33,5000000,6999997.95,16,8
2017-11-26,10000002,17354,5196078.43,5000000,6000000,51,9
2017-11-26,10000002,17355,5467812.27,5000000,5498999.75,16,6
2017-11-26,10000002,17356,5160055.27,5000000,5498995.85,53,10
2017-11-26,10000002,17357,5631578.94,5000000,6999999.99,38,11
2017-11-26,10000002,17359,7499997.95,7499997.95,7499997.95,9,4
2017-11-26,10000002,17363,78798.95,78798.95,78798.95,36,21
2017-11-26,10000002,17364,394120.66,300000,397994.99,12,9
2017-11-26,10000002,17365,496904.11,490000,497767,9,5
2017-11-26,10000002,17366,27777,27776.9,29898.86,444,163
2017-11-26,10000002,17367,168287.42,8010,199998.99,27,18
2017-11-26,10000002,17368,1534384.7,1534384.7,1534384.7,108,49
2017-11-26,10000002,17392,95000.02,90610.1,95000.11,12465,15
2017-11-26,10000002,17403,2598237.99,2598237.99,2598237.99,3,1
2017-11-26,10000002,17404,1988240,1988240,1988240,3,2
2017-11-26,10000002,17406,7773118.99,3558101.3,8299996.2,9,5
2017-11-26,10000002,17407,2112187.37,1800000.6,2798998.27,16,3
2017-11-26,10000002,17408,1337820.82,1299586,1498116.16,26,11
2017-11-26,10000002,17424,505.77,505.77,505.77,250,4
2017-11-26,10000002,17425,4980.41,4980.41,4980.41,218,2
2017-11-26,10000002,17426,4800.32,4800.32,4800.32,102,2
2017-11-26,10000002,17428,4264.52,4264.52,4264.52,165,2
2017-11-26,10000002,17429,3243.01,3243,3243.01,92,2
2017-11-26,10000002,17432,2483.15,2483.15,2483.15,87,1
2017-11-26,10000002,17433,2700.56,2700.56,2700.56,661,4
2017-11-26,10000002,17437,955.82,955.82,955.82,120,2
2017-11-26,10000002,17440,410.53,410.53,410.53,2867,10
2017-11-26,10000002,17441,395.51,395.51,395.51,3283,6
2017-11-26,10000002,17444,446.01,446.01,446.01,9859,17
2017-11-26,10000002,17445,446.01,446.01,446.01,19304,15
2017-11-26,10000002,17448,450.26,450.26,450.26,38436,22
2017-11-26,10000002,17449,445.39,445.39,445.39,18223,26
2017-11-26,10000002,17452,180.87,180.87,180.87,395054,32
2017-11-26,10000002,17453,203.09,203.09,203.09,110253,28
2017-11-26,10000002,17455,62.03,61.86,62.04,14576024,225
2017-11-26,10000002,17456,66,60.53,66.79,14587903,253
2017-11-26,10000002,17459,47.03,46.79,47.03,13250460,213
2017-11-26,10000002,17460,51.05,51.04,51.06,8521453,150
2017-11-26,10000002,17463,18.15,18.14,18.15,10506212,162
2017-11-26,10000002,17464,19.09,19.07,19.1,6680901,113
2017-11-26,10000002,17466,3050.47,3050.47,3050.47,115,2
2017-11-26,10000002,17467,3108.23,3108.23,3108.23,57,1
2017-11-26,10000002,17470,14.82,14.82,14.82,31281571,269
2017-11-26,10000002,17471,14.8,14.8,14.8,22928539,153
2017-11-26,10000002,17476,26755994.95,26755994.95,26755994.96,170,74
2017-11-26,10000002,17478,24081857.64,21889990.92,265000000,89,76
2017-11-26,10000002,17480,17950020.99,17950020.99,17950022.75,217,119
2017-11-26,10000002,17481,1770500000.01,1770500000.01,1770500000.01,1,1
2017-11-26,10000002,17482,1799791,1799789.99,1799791.47,1401,296
2017-11-26,10000002,17483,18791055.38,16130080,24999997.94,10,10
2017-11-26,10000002,17487,6501151.57,6501151.57,6501151.57,2,1
2017-11-26,10000002,17488,24999999.92,24999999.92,24999999.92,1,1
2017-11-26,10000002,17494,12334851.99,2669705,21999998.98,2,2
2017-11-26,10000002,17495,18025012,10000074.35,34987455.48,5,4
2017-11-26,10000002,17496,7738014.19,6501033.78,8974994.59,2,2
2017-11-26,10000002,17497,24816678.11,7450007.65,33500013,6,5
2017-11-26,10000002,17498,454350496.38,386103461.21,476999995,18,17
2017-11-26,10000002,17499,28216618.19,26621871.03,30499999.99,15,11
2017-11-26,10000002,17500,45032992.16,43769958.97,49002137.92,83,67
2017-11-26,10000002,17520,142282884.77,141090943.61,143000221.08,16,9
2017-11-26,10000002,17526,15727989.24,15200000,15999997.78,79,41
2017-11-26,10000002,17528,37563104.45,34005663.05,38799999.97,19,16
2017-11-26,10000002,17536,200000000,200000000,200000000,1,1
2017-11-26,10000002,17546,60000453.01,60000453.01,60000453.01,1,1
2017-11-26,10000002,17548,1649001.01,1649001.01,1649001.01,1,1
2017-11-26,10000002,17559,61898994.99,61600000,61899999.51,384,220
2017-11-26,10000002,17619,18499999.91,18499999.87,18499999.92,105,58
2017-11-26,10000002,17621,2850922.26,2517136.03,2989999.88,17,16
2017-11-26,10000002,17623,246600,129200,364000,4,2
2017-11-26,10000002,17624,1200,1200,1200,42,20
2017-11-26,10000002,17634,89000000.44,75000010.47,98999989,12,12
2017-11-26,10000002,17636,517998181.99,510000000.05,547994999.95,11,10
2017-11-26,10000002,17643,6362500.5,4725001.01,7999999.99,2,2
2017-11-26,10000002,17646,3659854.32,3157499.45,3694899.8,85,18
2017-11-26,10000002,17647,413332.84,388888.34,699999.99,30,9
2017-11-26,10000002,17648,1669.98,1669.98,1669.98,36900,7
2017-11-26,10000002,17649,10450000,10000000,10899999.99,2,2
2017-11-26,10000002,17658,890.45,890.43,890.45,8000,3
2017-11-26,10000002,17662,693.98,400.05,987.9,2,2
2017-11-26,10000002,17665,4000000,4000000,4000000,1,1
2017-11-26,10000002,17666,1185.99,1185.99,1185.99,10000,1
2017-11-26,10000002,17667,8900996,8900996,8900996,1,1
2017-11-26,10000002,17668,1102.63,1102.57,1102.64,2650,3
2017-11-26,10000002,17669,10499996,10499996,10499996,1,1
2017-11-26,10000002,17670,1799.26,1799.26,1799.26,31499,2
2017-11-26,10000002,17671,15000000.01,15000000.01,15000000.01,2,2
2017-11-26,10000002,17673,9000000,9000000,9000000,1,1
2017-11-26,10000002,17674,2312.93,2312.93,2312.93,90000,2
2017-11-26,10000002,17675,14999999,14999999,14999999,1,1
2017-11-26,10000002,17677,4499960.01,3500000.04,4999939.99,3,3
2017-11-26,10000002,17678,1449.09,1449.09,1449.09,28758,2
2017-11-26,10000002,17679,9999970,9999970,9999970,1,1
2017-11-26,10000002,17680,499000,499000,499000,9,1
2017-11-26,10000002,17682,198999.99,198999.99,198999.99,9,1
2017-11-26,10000002,17684,498999,498999,498999,9,1
2017-11-26,10000002,17686,839000,839000,839000,12,4
2017-11-26,10000002,17688,502000,500000,510000,80,4
2017-11-26,10000002,17690,439999,439999,439999,9,1
2017-11-26,10000002,17692,199000,199000,199000,12,2
2017-11-26,10000002,17694,699999,699999,699999,9,1
2017-11-26,10000002,17703,33949787.39,26000003.32,33999999.98,133,57
2017-11-26,10000002,17709,118792507.67,106038003.9,123998973.24,53,46
2017-11-26,10000002,17713,53707856.86,49570000,55999999.98,14,14
2017-11-26,10000002,17715,200997757.47,189000000.49,200997761.89,220,176
2017-11-26,10000002,17718,107584544.9,102000000.02,111055553.45,23,23
2017-11-26,10000002,17720,150046961.53,142001000.1,156999897.92,64,61
2017-11-26,10000002,17722,206331057.53,195457810.25,210989800,31,26
2017-11-26,10000002,17726,466732334.02,400098501.53,599999999,3,3
2017-11-26,10000002,17728,408999994,408999993,408999996,3,3
2017-11-26,10000002,17732,280831999.98,261001003,300662996.95,2,2
2017-11-26,10000002,17736,416957464.48,389470574.12,424999999.98,46,40
2017-11-26,10000002,17738,530869874.41,501201112,539997770,94,73
2017-11-26,10000002,17740,478779881.79,433323123.15,491547515.2,40,36
2017-11-26,10000002,17743,139999.99,139999.99,139999.99,2,1
2017-11-26,10000002,17765,87777.77,87777.77,87777.77,1639,53
2017-11-26,10000002,17767,1149999.98,1149999.98,1149999.98,3,2
2017-11-26,10000002,17769,49999.98,49999.98,49999.98,136020,6
2017-11-26,10000002,17770,6399494.9,6399000,6399989.79,6,2
2017-11-26,10000002,17771,2092305.23,1600000.61,2199996.98,13,4
2017-11-26,10000002,17772,1814644.3,1175000.16,2174444.21,25,8
2017-11-26,10000002,17773,13744573.25,3212012.72,15500000,7,3
2017-11-26,10000002,17791,2500.78,2500.78,2500.78,368,16
2017-11-26,10000002,17793,1100042.97,1100042.97,1100042.97,1,1
2017-11-26,10000002,17795,633413.01,316001.04,703949,11,3
2017-11-26,10000002,17796,449998.98,449998.98,449998.98,2,1
2017-11-26,10000002,17812,11515030.04,10000001.28,12196999.98,39,31
2017-11-26,10000002,17814,4499332.87,4497999.84,4499999.38,3,2
2017-11-26,10000002,17815,1230587.81,600000.11,1269999.99,17,7
2017-11-26,10000002,17816,4291901.94,4250000,4779989.79,21,9
2017-11-26,10000002,17832,8917500,4835000,13000000,2,2
2017-11-26,10000002,17834,12931750.19,6800250.59,15997500,3,3
2017-11-26,10000002,17836,5344466.72,4516700.12,6999999.93,3,3
2017-11-26,10000002,17838,8757250.5,5515001,11999500,2,2
2017-11-26,10000002,17840,4001.35,4001.35,4001.35,90,23
2017-11-26,10000002,17841,15199992,14999990.89,15549994.65,235,87
2017-11-26,10000002,17843,64214161.46,59004470,68697978.51,668,281
2017-11-26,10000002,17848,752503.05,655006.21,849999.89,2,2
2017-11-26,10000002,17849,4599048.2,4599048.2,4599048.2,5,2
2017-11-26,10000002,17850,2000010.02,2000010.02,2000010.02,1,1
2017-11-26,10000002,17857,207.01,207.01,207.01,10033,4
2017-11-26,10000002,17859,1000.15,1000.15,1000.15,1227,1
2017-11-26,10000002,17861,4849.74,4849.74,4849.74,2720,4
2017-11-26,10000002,17863,3792.94,3792.94,3792.94,400,1
2017-11-26,10000002,17865,1000,1000,1000,31,1
2017-11-26,10000002,17866,1214.36,1214.36,1214.36,66,2
2017-11-26,10000002,17867,68.7,68.7,68.7,117722,31
2017-11-26,10000002,17868,75.42,75.42,75.42,192642,32
2017-11-26,10000002,17871,592333.25,576000,600000,12,10
2017-11-26,10000002,17887,924.88,875,949.48,47421945,291
2017-11-26,10000002,17888,675.15,669.98,675.47,37190262,232
2017-11-26,10000002,17889,789.68,766,789.76,34854658,167
2017-11-26,10000002,17893,193999.7,170000.5,199000,2609,305
2017-11-26,10000002,17894,235498.89,235498.89,235498.89,2500,289
2017-11-26,10000002,17895,582000,550000.61,649979.91,2070,330
2017-11-26,10000002,17897,12100,12100,12100,206,15
2017-11-26,10000002,17898,105798.96,90989.84,105998.58,6174,55
2017-11-26,10000002,17912,4089998.98,3818048.26,4149987.97,1214,261
2017-11-26,10000002,17918,448568993.56,446777666.12,449000002.57,117,112
2017-11-26,10000002,17920,267766687.86,245800001.01,278444443.87,40,35
2017-11-26,10000002,17922,84953963.01,80509056.63,85994299.89,34,25
2017-11-26,10000002,17924,44879966.01,41502002.06,47000000,58,42
2017-11-26,10000002,17926,44166886.66,43000400.01,46499979.97,12,12
2017-11-26,10000002,17928,60404000,59999006.3,60407499.66,109,65
2017-11-26,10000002,17930,52001100.01,52000585.9,55990394.98,147,87
2017-11-26,10000002,17932,45019801.37,42000501.08,45999846.89,47,40
2017-11-26,10000002,17938,10698.93,8000.18,10698.99,2396,958
2017-11-26,10000002,17939,137538.44,60000,171999.97,13,12
2017-11-26,10000002,17940,500000,500000,500000,183,105
2017-11-26,10000002,17959,10575,10000,10599.95,687015,44
2017-11-26,10000002,17960,49023.99,49023.99,49023.99,129423,20
2017-11-26,10000002,17982,1587500,1500000.01,1600000,8,5
2017-11-26,10000002,17999,459604.58,301000.25,488999,76,10
2017-11-26,10000002,18025,400000,400000,400000,112,38
2017-11-26,10000002,18029,3099.01,3099.01,3099.01,470,13
2017-11-26,10000002,18036,72925.12,72924.49,119799.92,350,23
2017-11-26,10000002,18037,1030769.28,800000,1799999.89,13,12
2017-11-26,10000002,18038,94897.79,94897.79,94897.79,206,22
2017-11-26,10000002,18039,936363.55,750000,1750000.01,11,10
2017-11-26,10000002,18040,62998.8,62998.8,62998.8,135,23
2017-11-26,10000002,18041,957142.93,700000,1600000,14,13
2017-11-26,10000002,18042,68899.96,68899.96,68899.96,202,17
2017-11-26,10000002,18043,877777.95,600000,1600000,18,16
2017-11-26,10000002,18044,78318.69,78318.69,78318.69,188,16
2017-11-26,10000002,18045,907142.86,550000,1550000,14,13
2017-11-26,10000002,18046,124997,124997,124997,186,20
2017-11-26,10000002,18047,700000,500000,1500000,5,4
2017-11-26,10000002,18048,56023.3,56023.3,56023.3,257,14
2017-11-26,10000002,18049,696967.94,450000,1437871.77,8,7
2017-11-26,10000002,18050,41949.43,25008.8,48994.7,79,17
2017-11-26,10000002,18051,642857.08,400000,1249999.78,7,6
2017-11-26,10000002,18052,41090.18,32006.52,46500,100,20
2017-11-26,10000002,18053,635714.29,350000,1350000,7,6
2017-11-26,10000002,18054,249625.75,127011.1,299999,69,11
2017-11-26,10000002,18055,1363636.36,1000000,1800000,11,10
2017-11-26,10000002,18056,42744.55,42744.55,42744.55,253,21
2017-11-26,10000002,18057,585714.29,300000,1300000.01,7,6
2017-11-26,10000002,18058,37950.96,23000,37950.98,1027,45
2017-11-26,10000002,18059,583333.26,250000,1249999.79,6,6
2017-11-26,10000002,18060,16000,14400,16740,298,31
2017-11-26,10000002,18061,399999.57,200000,1199997.84,5,5
2017-11-26,10000002,18062,9999.94,9999.93,9999.95,277,33
2017-11-26,10000002,18063,261111.1,150000,1149999.88,9,8
2017-11-26,10000002,18064,152498.5,42646,154999.98,318,20
2017-11-26,10000002,18065,974999.3,650000,1299997.89,18,13
2017-11-26,10000002,18066,7010.25,7010.25,7010.25,199,31
2017-11-26,10000002,18067,200128.57,100000,800900.01,7,7
2017-11-26,10000002,18068,2722287.23,1650000.17,3499998.79,50,20
2017-11-26,10000002,18580,102399997.87,100000000,103999996,15,14
2017-11-26,10000002,18590,642746.98,642746.98,642746.98,1103,53
2017-11-26,10000002,18592,485678.85,485677,485678.93,981,46
2017-11-26,10000002,18594,699886.99,699885.87,699886.99,863,42
2017-11-26,10000002,18596,249990.43,249990.43,249990.43,1509,36
2017-11-26,10000002,18598,699997.95,699994.16,699998.49,1187,50
2017-11-26,10000002,18600,424999,424999,424999,308,18
2017-11-26,10000002,18602,339997,166017.38,339997.94,209,17
2017-11-26,10000002,18604,233999.68,127666.17,233999.7,251,20
2017-11-26,10000002,18606,392499.27,391999.99,392499.29,357,34
2017-11-26,10000002,18608,800000.17,800000.17,800000.17,644,38
2017-11-26,10000002,18610,243985.9,200000,243985.91,269,25
2017-11-26,10000002,18612,240000,239999.95,240000,1314,66
2017-11-26,10000002,18614,164966,164965.99,164966,1061,52
2017-11-26,10000002,18616,86999.99,86999.99,86999.99,586,46
2017-11-26,10000002,18618,89000,88999.98,89999.35,807,59
2017-11-26,10000002,18624,737679,737679,737679.5,933,46
2017-11-26,10000002,18626,57000,57000,57000,1777,18
2017-11-26,10000002,18635,75001.19,75001.19,75001.19,4095,48
2017-11-26,10000002,18637,117999.99,117999.99,117999.99,415,8
2017-11-26,10000002,18639,11129.98,11129.98,11130,459,223
2017-11-26,10000002,18640,397500,60000,600000,8,8
2017-11-26,10000002,18655,1200,1200,1200,30,15
2017-11-26,10000002,18660,56654865.72,54000046.45,57998999.99,20,20
2017-11-26,10000002,18662,45001020.31,45001020.3,45001020.31,2,2
2017-11-26,10000002,18664,20436400.57,16500501.01,22000000.07,8,8
2017-11-26,10000002,18666,90610201.5,83054969.59,96900000,20,19
2017-11-26,10000002,18668,30405284.32,29199994.98,38499999,23,23
2017-11-26,10000002,18670,37584206.74,29921400.16,39399999.97,15,15
2017-11-26,10000002,18672,307918554.59,261102352.63,319102243,6,6
2017-11-26,10000002,18674,48043802.74,48043802.74,48043802.74,1,1
2017-11-26,10000002,18676,48597721.74,44392488.84,49963799.48,114,83
2017-11-26,10000002,18680,18048940.31,14117034.63,24899939.91,13,12
2017-11-26,10000002,18682,64053376.74,60780000.77,65899939.22,34,32
2017-11-26,10000002,18684,127968037.26,121321610.18,161199998.91,6,6
2017-11-26,10000002,18686,39360265.26,18102301.52,49989000,6,6
2017-11-26,10000002,18688,144553568.08,128312211.51,148589999.97,9,9
2017-11-26,10000002,18690,185000000,185000000,185000000,1,1
2017-11-26,10000002,18692,29199996.49,25000021.9,29973999.99,122,90
2017-11-26,10000002,18694,420906713.45,347722150.5,457498994.93,3,3
2017-11-26,10000002,18696,215369403.01,200377641.3,260344308.15,4,4
2017-11-26,10000002,18698,167699860.93,160162417.03,173999899.94,22,22
2017-11-26,10000002,18700,54000650.07,54000400.04,54000900.1,4,3
2017-11-26,10000002,18702,28447309.26,21001027.73,32170450.03,3,3
2017-11-26,10000002,18706,51000000,51000000,51000000,1,1
2017-11-26,10000002,18708,72898487.31,65435003.35,75800000,43,39
2017-11-26,10000002,18710,69956339.84,66401408.39,72000316.74,36,32
2017-11-26,10000002,18712,920398.79,899999.99,950996.99,10,7
2017-11-26,10000002,18718,125083.03,125083.03,125083.03,1,1
2017-11-26,10000002,18722,1149999.97,1149999.97,1149999.97,13,8
2017-11-26,10000002,18726,1790000,1790000,1790000,1,1
2017-11-26,10000002,18730,250001.1,250001.1,250001.1,1,1
2017-11-26,10000002,18742,110000,110000,110000,1,1
2017-11-26,10000002,18744,3999997,3999997,3999997,2,1
2017-11-26,10000002,18752,468161.76,355091.17,609500,9,9
2017-11-26,10000002,18754,633634.31,251005.12,799999.98,30,21
2017-11-26,10000002,18756,686665.45,249999.03,999997,9,8
2017-11-26,10000002,18758,470022.7,232036.84,850000,16,11
2017-11-26,10000002,18760,1033380.77,266763.15,1799998,10,9
2017-11-26,10000002,18762,648678.59,365998.04,865998.04,25,20
2017-11-26,10000002,18764,1720336,482244.01,1999998,17,13
2017-11-26,10000002,18766,508198.97,370398.82,870199.37,14,11
2017-11-26,10000002,18768,44233017.33,33000202,45928339.86,28,21
2017-11-26,10000002,18770,160072.57,160072.57,160072.57,2,2
2017-11-26,10000002,18772,166637.36,166637.36,166637.36,2,1
2017-11-26,10000002,18775,508599.8,181000,999999.5,5,5
2017-11-26,10000002,18777,141038.65,141038.65,141038.65,2,2
2017-11-26,10000002,18779,32800050.84,32800050.84,32800050.84,1,1
2017-11-26,10000002,18781,160014.26,160014.26,160014.26,1,1
2017-11-26,10000002,18783,159141.16,159141.16,159141.16,1,1
2017-11-26,10000002,18787,151013.16,151013.16,151013.16,1,1
2017-11-26,10000002,18789,59439999.94,53424309.03,59442114.26,103,89
2017-11-26,10000002,18791,260071.35,260046.01,260099.01,17,13
2017-11-26,10000002,18793,641465.32,450122.55,1179986.36,29,24
2017-11-26,10000002,18795,280717.65,247070.06,284999.01,19,12
2017-11-26,10000002,18797,494727.38,303020,844499.95,28,22
2017-11-26,10000002,18799,105664622.22,92298644.32,111295019.42,37,32
2017-11-26,10000002,18801,2503906.03,2499924,3499943.84,32,22
2017-11-26,10000002,18803,15369790.75,14012421.82,15802613.3,29,19
2017-11-26,10000002,18805,846023.9,560071.32,999999.67,20,11
2017-11-26,10000002,18807,4386233.24,4111300.01,4499998.62,41,25
2017-11-26,10000002,18809,262999365.05,262997777.74,262999999.97,7,5
2017-11-26,10000002,18811,31445916.86,27001952.19,35889882.16,10,10
2017-11-26,10000002,18813,30237260,25201522.23,32000209.85,11,11
2017-11-26,10000002,18815,2200232.05,2200228.99,2200241.23,8,4
2017-11-26,10000002,18817,20616299.85,12006004.05,21699989,13,10
2017-11-26,10000002,18819,1364738810.14,1231538810.14,1431338810.14,3,3
2017-11-26,10000002,18821,5000047.06,5000047.06,5000047.06,1,1
2017-11-26,10000002,18823,55000079.54,55000079.54,55000079.54,1,1
2017-11-26,10000002,18825,52602217.44,52602217.44,52602217.44,1,1
2017-11-26,10000002,18829,114811622.55,99987610.34,119999979.6,26,25
2017-11-26,10000002,18831,110967467.77,100539700.34,116998998.67,33,31
2017-11-26,10000002,18833,4401574.34,4299995.9,4875033.08,32,23
2017-11-26,10000002,18835,3371548.8,2000734.04,5555554.87,10,9
2017-11-26,10000002,18837,12920381.82,12600000,13199999.99,33,24
2017-11-26,10000002,18839,11958727.69,11501112.07,12497740.99,34,28
2017-11-26,10000002,18841,1637586.47,1056062.34,1994621.69,21,16
2017-11-26,10000002,18843,614286.95,300002.01,1399997,7,6
2017-11-26,10000002,18845,8383323.03,8100000.63,8699999.44,36,27
2017-11-26,10000002,18847,3809121.91,3000269.16,4499999.99,11,9
2017-11-26,10000002,18849,251173522.57,233701600.08,260010095.64,22,18
2017-11-26,10000002,18851,243215965.65,235461522.28,281985959.99,6,6
2017-11-26,10000002,18853,17777778.43,16000000,20000000,9,7
2017-11-26,10000002,18855,11586083.01,10900000,12887894.77,7,7
2017-11-26,10000002,18857,24500521.33,17000712.04,32000330.61,4,4
2017-11-26,10000002,18859,20006031.58,20006031.58,20006031.58,1,1
2017-11-26,10000002,18861,8542913.43,8010232.07,8898799.35,15,14
2017-11-26,10000002,18863,7623262.19,4123274.16,11123250.21,2,2
2017-11-26,10000002,18865,31056890.56,29442493.04,31484499.94,19,19
2017-11-26,10000002,18867,33882356.29,28182493.25,34161395.17,31,21
2017-11-26,10000002,18869,9025558.39,8051008.24,9999999.84,18,16
2017-11-26,10000002,18871,11462500.82,8350749.63,12499999.81,24,17
2017-11-26,10000002,18873,73917114.83,55073045.19,79999999.96,35,29
2017-11-26,10000002,18875,61471945.67,57073206.11,62449998.72,22,22
2017-11-26,10000002,18877,21895409.37,16500000,23999999.94,32,26
2017-11-26,10000002,18879,24352268.2,23076293.35,24999995.5,18,17
2017-11-26,10000002,18881,833423462.26,787778023.52,839997776.72,18,14
2017-11-26,10000002,18883,822482340.3,763044501.21,834391110,21,15
2017-11-26,10000002,18885,12725008.69,12725008.69,12725008.69,2,2
2017-11-26,10000002,18887,23003092.41,15009283.24,26999996.57,9,8
2017-11-26,10000002,18889,22809232.95,18809485.25,26808980.65,2,2
2017-11-26,10000002,18891,24227102.5,20000000.02,26000000,10,10
2017-11-26,10000002,18893,10500030.01,10500030.01,10500030.01,2,2
2017-11-26,10000002,18895,13716426.35,12005000.41,14999996.46,7,7
2017-11-26,10000002,18897,18000006.41,18000006.41,18000006.41,1,1
2017-11-26,10000002,18899,27145162.72,15008071.43,29999999.97,7,6
2017-11-26,10000002,18903,39921704.05,35765115.57,41999998.29,3,3
2017-11-26,10000002,18905,40666556.82,25999670.5,47999999.98,3,3
2017-11-26,10000002,18909,15000018.55,12000037.11,17999999.99,2,2
2017-11-26,10000002,18911,30400033.59,30000042,31999999.99,5,4
2017-11-26,10000002,18913,31999999.97,31999999.96,31999999.97,4,4
2017-11-26,10000002,18915,29000000.62,29000000.62,29000000.62,5,4
2017-11-26,10000002,18921,19801712.74,14603426.49,24999998.98,4,4
2017-11-26,10000002,18925,54989999.93,54989999.93,54989999.93,2,2
2017-11-26,10000002,18929,34333333.35,30000000.02,43000000,3,3
2017-11-26,10000002,18933,51198709.64,46613009.15,54599996.96,40,35
2017-11-26,10000002,18935,55839167.34,55100003.98,56949998.59,24,16
2017-11-26,10000002,18937,59480154.89,57751211.21,63000009.96,59,43
2017-11-26,10000002,18939,62446267.77,61999989.99,66593349.97,25,19
2017-11-26,10000002,18941,39087984.77,36800004.76,41199973.19,50,37
2017-11-26,10000002,18943,39601310.26,32005723.63,41999999.29,25,22
2017-11-26,10000002,18945,64646495.9,62050037.6,68999997.54,63,46
2017-11-26,10000002,18947,68165874.47,65000000,68998999,24,20
2017-11-26,10000002,18949,13215436.04,13215436.04,13215436.05,3,3
2017-11-26,10000002,18951,17250021.27,12500042.54,22000000,2,2
2017-11-26,10000002,18953,12100267.31,12100267.31,12100267.31,2,2
2017-11-26,10000002,18955,13968769.26,12625026.01,17999999,4,4
2017-11-26,10000002,18957,167500010.7,150000016.71,185000004.68,2,2
2017-11-26,10000002,18959,38220925.29,35741850.62,40699999.95,2,2
2017-11-26,10000002,18961,12352898.93,12352898.86,12352899,2,2
2017-11-26,10000002,18963,40000000,40000000,40000000,1,1
2017-11-26,10000002,18965,71000000.02,71000000.02,71000000.02,1,1
2017-11-26,10000002,18967,54989992.98,54989989,54989994.97,3,3
2017-11-26,10000002,18969,27055001.01,27055001.01,27055001.01,1,1
2017-11-26,10000002,18971,35181874.07,35181874.07,35181874.07,1,1
2017-11-26,10000002,18973,71529251.32,62100000.27,79436782.89,11,11
2017-11-26,10000002,18975,86140432.77,80000019.67,86987775.68,33,21
2017-11-26,10000002,18977,78328353.33,70067107.27,81999969.94,16,15
2017-11-26,10000002,18979,77173037.9,72601087.91,79847849.21,10,10
2017-11-26,10000002,18981,3649582.36,2913770,4399999.97,34,17
2017-11-26,10000002,18985,5499787.85,5093609.4,5499998.86,207,71
2017-11-26,10000002,18987,10347754.43,8534477.61,10899990.18,30,20
2017-11-26,10000002,18989,30441589.63,26000704.46,31000083.72,29,12
2017-11-26,10000002,18991,229820706.3,229820706,229820706.6,2,2
2017-11-26,10000002,18999,35003304.21,27005950.05,44999996.69,9,6
2017-11-26,10000002,19001,35321651,35321651,35321651,2,1
2017-11-26,10000002,19003,60795111.18,58999979.51,64979999.82,50,42
2017-11-26,10000002,19005,42692706.83,29000434.93,47000389.75,13,10
2017-11-26,10000002,19009,69758515.32,62590000,78025838.9,57,39
2017-11-26,10000002,19011,22956175.87,18738791.6,25333301.5,23,20
2017-11-26,10000002,19015,25904955.43,24631090.13,26899998.81,97,76
2017-11-26,10000002,19017,122570444.51,110022500.03,128994997.77,40,39
2017-11-26,10000002,19019,192815248.26,160616542.99,224999999.37,6,6
2017-11-26,10000002,19021,291954111.13,255561097.71,305000000,22,20
2017-11-26,10000002,19023,137935340.88,136449994.92,144999999.48,24,24
2017-11-26,10000002,19025,180643011.46,170964520.43,199999993.53,3,3
2017-11-26,10000002,19027,281262880.61,249302510.28,294499989.82,24,23
2017-11-26,10000002,19029,91608772.97,87087402,93999998.9,34,34
2017-11-26,10000002,19031,121393481.73,100100920.43,125100698.98,14,14
2017-11-26,10000002,19033,466998999.98,466998999.98,466998999.98,2,2
2017-11-26,10000002,19035,70970283.38,51061700.08,74952000.05,6,6
2017-11-26,10000002,19037,64464121,64464121,64464121,1,1
2017-11-26,10000002,19038,103794012.47,91506553.5,104000000,15,14
2017-11-26,10000002,19039,58925091.02,45000364.12,61999999.99,8,8
2017-11-26,10000002,19040,72512512.54,65075085.38,73999998,6,6
2017-11-26,10000002,19041,69997774.86,69997774.86,69997774.86,1,1
2017-11-26,10000002,19042,73814807.55,73444444,73999989.33,3,3
2017-11-26,10000002,19044,160999944.88,160999944.88,160999944.88,2,2
2017-11-26,10000002,19045,100821102.3,88602956.9,112000079.49,80,64
2017-11-26,10000002,19046,111308098.03,108859582.34,116979596.94,16,15
2017-11-26,10000002,19051,6154300.13,5664005.92,6388788.69,34,21
2017-11-26,10000002,19053,14302545.99,14130000,14672488,50,28
2017-11-26,10000002,19055,14569107.34,14568928.09,14569914,11,5
2017-11-26,10000002,19057,42099009.72,38000060.45,42717766.97,30,23
2017-11-26,10000002,19069,1406719.45,900000,1898998.94,18,14
2017-11-26,10000002,19071,4099999.98,4099999.97,4099999.98,6,6
2017-11-26,10000002,19073,90515.33,90515.33,90515.33,1,1
2017-11-26,10000002,19075,1349554.78,100000,2792998,9,9
2017-11-26,10000002,19077,153600,23000,349500,5,5
2017-11-26,10000002,19079,50000,50000,50000,1,1
2017-11-26,10000002,19081,500001.24,500001.23,500001.25,3,2
2017-11-26,10000002,19083,658721.65,500000,749000.97,14,10
2017-11-26,10000002,19085,240726.03,240726.03,240726.03,1,1
2017-11-26,10000002,19087,2646155,701000.04,3099124.64,37,11
2017-11-26,10000002,19101,29799999.98,27000000,30000000,5,4
2017-11-26,10000002,19103,34949485,34949485,34949485,2,2
2017-11-26,10000002,19105,23377124.83,22000000,23900000,57,50
2017-11-26,10000002,19107,8380081.09,8102157.53,9449991.93,26,21
2017-11-26,10000002,19109,17733870.41,14500805.71,24199999.83,3,3
2017-11-26,10000002,19111,30264397.98,25000015.17,32998890.5,20,18
2017-11-26,10000002,19113,16550935.51,9201924.01,19899946.99,4,4
2017-11-26,10000002,19115,13016278.66,9021761.51,17010795.81,4,4
2017-11-26,10000002,19119,14925074.71,12915307.45,19015526.42,51,27
2017-11-26,10000002,19131,6665959.09,5000000,7390999,14,6
2017-11-26,10000002,19133,7825334.72,7010004.46,8100000,27,18
2017-11-26,10000002,19135,3906006.46,602029.07,4850000,18,8
2017-11-26,10000002,19137,1914285.23,1100000.05,2999998.8,7,6
2017-11-26,10000002,19139,5631737.81,4952799.94,5999495.78,37,22
2017-11-26,10000002,19141,42490983.04,22598999.97,51000000,24,10
2017-11-26,10000002,19143,36173903.2,33409224.08,40000000,25,23
2017-11-26,10000002,19145,54352983.67,14925251.91,64209916.61,5,5
2017-11-26,10000002,19147,7630039.46,7366002.55,7999999.36,151,76
2017-11-26,10000002,19149,24838433.11,20700099.12,27000000,13,10
2017-11-26,10000002,19151,45930137.4,38000013.64,49999997.44,31,26
2017-11-26,10000002,19171,53587539.41,45000159.17,56449999.46,4,4
2017-11-26,10000002,19173,66161650.6,62935000.06,67535001.03,25,25
2017-11-26,10000002,19175,49933798.63,38000448.08,52693987,8,8
2017-11-26,10000002,19177,53859997.25,52999989.99,59889999,4,4
2017-11-26,10000002,19179,62339043.42,54955253.54,72999992,40,38
2017-11-26,10000002,19181,51003252.23,47250050.46,52300000,28,20
2017-11-26,10000002,19183,61564921.31,59701000.42,62450000.19,14,14
2017-11-26,10000002,19185,328269572.64,293012024.53,332999000,7,7
2017-11-26,10000002,19187,30999998,28600101.43,30999999.94,189,160
2017-11-26,10000002,19189,121815527.98,117137137.02,125996989.99,29,27
2017-11-26,10000002,19191,200056855.63,188146012.47,206999999.47,55,49
2017-11-26,10000002,19193,239000064.12,230000000.03,265999746.8,4,4
2017-11-26,10000002,19194,168143405.56,161191204.07,188999999.98,4,4
2017-11-26,10000002,19195,324500934.57,294003738.49,332499999.96,8,8
2017-11-26,10000002,19196,291575083.11,285125400.41,299000020.59,7,7
2017-11-26,10000002,19197,486334134.27,473999999.99,492501201.42,3,3
2017-11-26,10000002,19198,536926489.14,503573573.91,549427999.83,71,71
2017-11-26,10000002,19199,250000000,250000000,250000000,2,2
2017-11-26,10000002,19200,208403317.75,198304120.55,215303005.72,63,59
2017-11-26,10000002,19201,78786429.65,72072102.36,84072339.97,11,11
2017-11-26,10000002,19202,33502115.7,30004000,37000078.23,10,10
2017-11-26,10000002,19203,83302073.49,70007021.57,88999959.6,10,10
2017-11-26,10000002,19204,39407274.35,34444646.29,40000000,12,11
2017-11-26,10000002,19205,95510675.85,95510400.45,95510951.25,2,2
2017-11-26,10000002,19206,70943029.32,64200402.12,75999999.76,7,7
2017-11-26,10000002,19207,144394086.67,138200000,147799999,113,104
2017-11-26,10000002,19208,93999979.58,86001600.01,109999996.73,117,106
2017-11-26,10000002,19209,273609.83,242060.6,299999.99,96,48
2017-11-26,10000002,19211,762999.07,762999.06,1128998.91,120,86
2017-11-26,10000002,19213,359857.9,276020.85,441000,86,67
2017-11-26,10000002,19215,10880000.04,9957640.39,10880899.95,198,151
2017-11-26,10000002,19217,752988.01,234510.01,1789944,6,6
2017-11-26,10000002,19219,10255082.42,9999999.97,12884953.2,34,26
2017-11-26,10000002,19221,4779226.31,2806666.18,8699999.99,12,11
2017-11-26,10000002,19223,48845376.61,37400321.47,52800668,20,18
2017-11-26,10000002,19225,2156673.64,2003001.04,2302994.08,55,38
2017-11-26,10000002,19227,26356759.82,24898129.59,27889988.98,66,55
2017-11-26,10000002,19229,16418120.85,13922063.77,18599992.44,58,52
2017-11-26,10000002,19231,84721406.48,81611954,87999999.84,45,43
2017-11-26,10000002,19233,937247.76,110021.28,999899.63,15,10
2017-11-26,10000002,19235,1097195.83,252129,1825128.96,13,13
2017-11-26,10000002,19237,4534610.78,2380200.07,5379988.09,11,10
2017-11-26,10000002,19239,5522221.49,4600000,6999997.66,18,16
2017-11-26,10000002,19241,5461111.43,3300021.09,5899997.4,18,8
2017-11-26,10000002,19243,2887999.86,2708009.8,2999989.81,16,11
2017-11-26,10000002,19245,15871098.16,15048582.87,16000499.95,21,17
2017-11-26,10000002,19247,22698843.26,20243999.08,23999999.32,23,23
2017-11-26,10000002,19249,2433333.39,1500000.09,4300000,3,2
2017-11-26,10000002,19251,25450001.45,25300000.02,25500002.06,8,6
2017-11-26,10000002,19253,21307515.37,20500017.56,26960000,8,5
2017-11-26,10000002,19255,73168834.94,60300011.92,75908999.98,6,6
2017-11-26,10000002,19257,9399998.99,9399998.99,9399999,3,3
2017-11-26,10000002,19258,7477403.28,6708172.66,11708172.54,13,9
2017-11-26,10000002,19260,1210315.34,1210315.34,1210315.34,7,3
2017-11-26,10000002,19261,4640670.7,1022012.12,6450000,3,3
2017-11-26,10000002,19262,11066667.96,5100001.95,22999999.99,3,3
2017-11-26,10000002,19263,50499989.82,50499989.73,50499989.9,2,2
2017-11-26,10000002,19264,56929480.85,54001426.15,63000000,14,12
2017-11-26,10000002,19265,45977391.61,45100000,47499999.99,13,9
2017-11-26,10000002,19266,69728545.45,67000013.11,69999011.17,24,18
2017-11-26,10000002,19267,11999997.15,11999997.11,11999997.32,5,5
2017-11-26,10000002,19268,6028732.65,4379303.17,6499998,9,9
2017-11-26,10000002,19270,675003.84,100005.36,900000,4,4
2017-11-26,10000002,19271,5152556.03,5152556.03,5152556.03,2,2
2017-11-26,10000002,19272,11277765.91,9000225.8,13300000,9,7
2017-11-26,10000002,19274,23747459.23,20111098.74,28111091.9,11,9
2017-11-26,10000002,19275,3544952.38,1500004.85,5589899.91,2,2
2017-11-26,10000002,19276,2884443.98,2000000.25,3989998.89,9,9
2017-11-26,10000002,19277,20310093.45,20310093.45,20310093.45,1,1
2017-11-26,10000002,19278,13573992.39,6000305,16287000,13,7
2017-11-26,10000002,19279,78999999.99,78999999.99,78999999.99,1,1
2017-11-26,10000002,19280,102489353.27,92485157.67,109989999.97,14,12
2017-11-26,10000002,19281,70175874.41,62000026.84,71999999.97,91,67
2017-11-26,10000002,19282,106250332.68,97000153.11,110988999.58,78,72
2017-11-26,10000002,19283,9657023.19,8900086.36,9999999.98,82,55
2017-11-26,10000002,19284,29000094.97,21001069.9,29910001,110,85
2017-11-26,10000002,19285,2982002.2,2400001.03,3600000,40,23
2017-11-26,10000002,19286,4174873.21,3900263.29,4699999.93,83,58
2017-11-26,10000002,19287,13622006.29,13006001.06,14499995.98,67,56
2017-11-26,10000002,19288,32212685.53,28212689.09,32499993.3,105,78
2017-11-26,10000002,19289,114437477.41,107500000.02,118499999.98,8,7
2017-11-26,10000002,19293,138428791.11,111867682.38,164989899.84,2,2
2017-11-26,10000002,19295,209998968.35,194400004.93,211387998.57,139,118
2017-11-26,10000002,19297,76845055.92,69915751.78,77999939.95,7,7
2017-11-26,10000002,19299,83416669.95,65000013.91,89999998.98,12,11
2017-11-26,10000002,19301,155337951.38,129083289.27,182083151.52,66,57
2017-11-26,10000002,19303,138994702.04,120968314.61,141999999.99,6,6
2017-11-26,10000002,19311,212125396.51,195638206.61,220369021.77,9,9
2017-11-26,10000002,19313,35333753.62,30001501.02,39999999.98,15,15
2017-11-26,10000002,19315,143732233.53,127695929,154989869,40,40
2017-11-26,10000002,19317,202095259.48,150567021.59,221494999.5,11,11
2017-11-26,10000002,19319,26000016.07,26000016.07,26000016.07,1,1
2017-11-26,10000002,19321,160836149.69,140011522.35,168999997.45,12,12
2017-11-26,10000002,19323,143693087.78,131039635.56,158999991.98,6,6
2017-11-26,10000002,19325,33959595.06,32133990.13,35113797.71,100,93
2017-11-26,10000002,19329,395029313.62,395029313.62,395029313.62,2,2
2017-11-26,10000002,19335,403081846.6,382995614.09,414999899.02,13,13
2017-11-26,10000002,19339,93703696.76,88000005.44,95999999.63,27,27
2017-11-26,10000002,19341,148571269.85,132946009.73,157499989.91,11,11
2017-11-26,10000002,19343,38004004.22,30017950.34,38999999.9,9,9
2017-11-26,10000002,19345,114673554.86,105635476.09,118999999.29,23,23
2017-11-26,10000002,19347,108907672.01,95210600,149998987.82,4,4
2017-11-26,10000002,19349,78709651.25,70000000,92564351.01,32,29
2017-11-26,10000002,19351,162010845.88,162010818.82,162010900,3,3
2017-11-26,10000002,19353,135977492.42,130021866.21,159800000,5,5
2017-11-26,10000002,19359,188129531.21,174000043.3,197000039.85,61,57
2017-11-26,10000002,19361,2005895.75,1600005,2185989.46,13,10
2017-11-26,10000002,19363,1871177.59,1871177.59,1871177.59,2,2
2017-11-26,10000002,19398,97001,79000,123100,100,5
2017-11-26,10000002,19400,9652.67,9652.67,9652.67,866,55
2017-11-26,10000002,19401,4000.17,4000.17,4000.17,3,3
2017-11-26,10000002,19402,18000.2,18000.2,18000.2,11,6
2017-11-26,10000002,19403,34001.19,34001.19,34001.19,2,2
2017-11-26,10000002,19404,40000.02,30000.01,140000,212,93
2017-11-26,10000002,19405,334001.65,334001.5,334001.65,65,36
2017-11-26,10000002,19406,557007.12,557007.01,557007.13,661,278
2017-11-26,10000002,19407,1110019.34,1110019.08,1110019.43,624,285
2017-11-26,10000002,19408,1890019.06,1890018.95,1890019.17,175,78
2017-11-26,10000002,19409,5167220.81,5107584.39,6300000,20,12
2017-11-26,10000002,19410,7700042.95,7700042.84,7700042.99,4,4
2017-11-26,10000002,19411,10100036.14,10100036.06,10100036.21,2,2
2017-11-26,10000002,19412,16186705.03,15600057.56,17160000,6,5
2017-11-26,10000002,19413,17808376.76,17808376.75,17808376.77,2,2
2017-11-26,10000002,19415,45000000.01,45000000.01,45000000.01,1,1
2017-11-26,10000002,19416,40100070.9,40100070.48,40100071.04,106,66
2017-11-26,10000002,19417,48971502.49,48971500.72,48971503.02,430,146
2017-11-26,10000002,19418,59213120.38,58702208.45,61200000,44,31
2017-11-26,10000002,19419,78100359.54,78100359.21,78100359.9,153,62
2017-11-26,10000002,19420,99000038.31,99000038.03,99000038.52,6,6
2017-11-26,10000002,19421,131820119,131820118.8,131820119.42,771,175
2017-11-26,10000002,19422,2518052.64,2518052.62,2518052.68,5,5
2017-11-26,10000002,19470,33850007.76,33850007.76,33850007.76,1,1
2017-11-26,10000002,19500,9760,9530,9760,222,76
2017-11-26,10000002,19534,23969666.59,15506668.35,24899999.96,10,10
2017-11-26,10000002,19535,24906666.06,24899999.98,24999999,15,12
2017-11-26,10000002,19536,49899995.11,49899994.99,49899995.92,8,8
2017-11-26,10000002,19537,149919999.95,149899999.96,149999999.91,5,5
2017-11-26,10000002,19538,93166666.8,67000001.21,97999999.95,6,6
2017-11-26,10000002,19539,197666666.74,180000000.24,206499999.99,3,3
2017-11-26,10000002,19540,117999999.24,117999998.5,117999999.98,4,4
2017-11-26,10000002,19547,153999999,153999999,153999999,1,1
2017-11-26,10000002,19548,165999994.53,165999994.53,165999994.53,1,1
2017-11-26,10000002,19549,177857141.83,176999998.94,177999998.97,7,7
2017-11-26,10000002,19550,149404177.21,148999990.57,149991000.43,22,20
2017-11-26,10000002,19551,157999999.72,157999999.44,158000000,4,4
2017-11-26,10000002,19553,233999987.36,219999990.71,247999984,2,2
2017-11-26,10000002,19554,438849999.99,419999999.99,457699999.99,2,2
2017-11-26,10000002,19555,559259209.8,503000000,587388814.7,3,3
2017-11-26,10000002,19556,1196666696.1,1050000090.32,1269999999,3,3
2017-11-26,10000002,19660,11010.06,11010.06,11010.06,561,92
2017-11-26,10000002,19663,326999.6,45000,749999,5,3
2017-11-26,10000002,19684,20975806.41,20899999.99,20997999.94,31,22
2017-11-26,10000002,19685,155428786.25,134600037.25,159990896.28,6,6
2017-11-26,10000002,19686,157999941.51,157999937.18,157999959.47,11,10
2017-11-26,10000002,19687,151714241.57,149499999.97,151899989.89,21,21
2017-11-26,10000002,19688,156996994.6,156996993.24,156996995.95,2,2
2017-11-26,10000002,19689,52899999.94,51000000.63,59449997,11,11
2017-11-26,10000002,19691,169999999.98,169999999.98,169999999.98,1,1
2017-11-26,10000002,19692,149311665.98,149311665.98,149311665.98,1,1
2017-11-26,10000002,19693,163985728.76,163900045.67,164000009.29,7,7
2017-11-26,10000002,19694,148997624.72,148997285.61,148997706.46,5,5
2017-11-26,10000002,19695,54450000,54000000,54900000,2,2
2017-11-26,10000002,19697,172999997.93,172999997.93,172999997.93,1,1
2017-11-26,10000002,19698,165000000,165000000,165000000,1,1
2017-11-26,10000002,19699,12333545.09,8400501.05,13199997,12,11
2017-11-26,10000002,19700,56000000,56000000,56000000,1,1
2017-11-26,10000002,19719,31500000,31500000,31500000,110,58
2017-11-26,10000002,19720,1785000000,1785000000,1785000000,1,1
2017-11-26,10000002,19721,2074899999.99,2074899999.99,2074899999.99,2,2
2017-11-26,10000002,19722,1899999999.35,1899999999.35,1899999999.35,1,1
2017-11-26,10000002,19723,1921399999.99,1921399999.99,1921399999.99,2,2
2017-11-26,10000002,19725,1972499999.99,1972499999.99,1972499999.99,1,1
2017-11-26,10000002,19727,1950000000,1950000000,1950000000,1,1
2017-11-26,10000002,19739,4698999.99,3556037.06,4799899,1094,191
2017-11-26,10000002,19744,877519.04,690073.37,999999.94,26,23
2017-11-26,10000002,19745,5254370.22,5136221.99,6200000,9,9
2017-11-26,10000002,19759,282883.5,200000,342998.82,61,52
2017-11-26,10000002,19760,257705.23,160000,314998.78,65,52
2017-11-26,10000002,19761,1151785.75,1000000,1281088,50,50
2017-11-26,10000002,19766,959105.34,800000,1199987.06,45,43
2017-11-26,10000002,19767,556755.72,400000,699999,37,34
2017-11-26,10000002,19806,1065999.91,1065999.89,1066999.99,281,166
2017-11-26,10000002,19810,23500,23500,23500,467,160
2017-11-26,10000002,19812,13652.02,13652.02,13652.02,194,92
2017-11-26,10000002,19814,21250,21250,21250,361,186
2017-11-26,10000002,19921,90000,90000,90000,135,106
2017-11-26,10000002,19922,823147.86,600000,997775.39,65,59
2017-11-26,10000002,19923,8452.16,8452.15,8452.18,294,130
2017-11-26,10000002,19925,9000.16,9000.16,9000.16,291,134
2017-11-26,10000002,19927,25300.12,25300.11,40300.12,443,178
2017-11-26,10000002,19929,4020.42,4020.42,4020.42,630,196
2017-11-26,10000002,19931,3205.64,3205.42,3205.69,295,133
2017-11-26,10000002,19935,8379.01,8369.96,8379.01,203,80
2017-11-26,10000002,19937,4315.17,4315.13,10999.95,178,80
2017-11-26,10000002,19939,5007.34,5007.22,89894.96,334,105
2017-11-26,10000002,19942,6993.51,6981.03,49999.99,279,73
2017-11-26,10000002,19944,11330.19,11330.19,11330.19,254,71
2017-11-26,10000002,19946,23004.16,23004.16,23004.2,378,102
2017-11-26,10000002,19948,2389.21,2299.23,2399.01,169,64
2017-11-26,10000002,19950,4472.7,4472.17,4472.78,156,68
2017-11-26,10000002,19952,49999.99,8051.39,109051.44,357,110
2017-11-26,10000002,19962,10.78,10.78,10.78,38002,18
2017-11-26,10000002,19964,9.56,9.56,9.56,14526,13
2017-11-26,10000002,19966,21,21,21,11000,7
2017-11-26,10000002,19968,17.03,17.03,17.03,10000,8
2017-11-26,10000002,19970,11.81,11.79,11.81,71999,30
2017-11-26,10000002,19972,64.95,19.67,64.97,32414,13
2017-11-26,10000002,19974,19.04,19.04,19.04,14000,8
2017-11-26,10000002,19976,148.78,148.78,148.78,11459,10
2017-11-26,10000002,19978,778.02,778.01,778.02,16,14
2017-11-26,10000002,19980,41000.01,41000.01,41000.01,532,7
2017-11-26,10000002,19982,35000.01,35000.01,35000.01,8,4
2017-11-26,10000002,19984,362010.4,50052,440000,15,4
2017-11-26,10000002,19986,229.04,229.04,229.04,5000,4
2017-11-26,10000002,19988,2824.57,2824.57,2824.57,6000,5
2017-11-26,10000002,19990,1292.92,1292.92,1292.92,22100,14
2017-11-26,10000002,19992,1299.99,1299.99,1299.99,19839,13
2017-11-26,10000002,19994,42.74,42.74,42.74,18365,19
2017-11-26,10000002,19996,850,73.04,970,13000,9
2017-11-26,10000002,19998,798.35,798.35,798.35,4002,4
2017-11-26,10000002,20000,936.17,936.17,936.17,11552,7
2017-11-26,10000002,20002,624.09,624.09,624.09,21499,3
2017-11-26,10000002,20004,1326.68,1326.68,1326.68,13212,7
2017-11-26,10000002,20006,1200.18,1200.18,1200.18,620,2
2017-11-26,10000002,20008,1349.57,1349.57,1349.57,6676,3
2017-11-26,10000002,20010,46666.57,45000,49999.99,21,15
2017-11-26,10000002,20012,66000.01,66000.01,66000.01,13,10
2017-11-26,10000002,20014,168518.26,58000.01,239560,23,12
2017-11-26,10000002,20016,109080.25,109000.01,109106.99,4,3
2017-11-26,10000002,20018,56360.29,48003.44,164999.41,14,10
2017-11-26,10000002,20020,53000.03,53000.02,53000.03,26,8
2017-11-26,10000002,20022,46000.01,46000,46000.01,4,3
2017-11-26,10000002,20024,229966.65,95000.01,499899.94,27,7
2017-11-26,10000002,20026,1698866.2,1698800,1698898,40,7
2017-11-26,10000002,20028,1842332.58,1250000,2200000,36,5
2017-11-26,10000002,20030,1979989,1979989,1979989,12,2
2017-11-26,10000002,20032,1226205.08,1180000,1230000,62,13
2017-11-26,10000002,20034,20.07,20.07,20.07,10333,4
2017-11-26,10000002,20036,45.24,45.24,45.24,1020,2
2017-11-26,10000002,20038,111.05,111.05,111.05,1000,1
2017-11-26,10000002,20043,10.61,10.61,10.61,45000,22
2017-11-26,10000002,20045,37.97,37.97,37.97,10948,9
2017-11-26,10000002,20047,46.18,46.17,46.19,4000,4
2017-11-26,10000002,20049,60.54,60.54,60.54,7615,6
2017-11-26,10000002,20051,34.01,34.01,34.01,3000,3
2017-11-26,10000002,20053,1617.99,939.06,1617.99,2100,3
2017-11-26,10000002,20059,135999994.92,135999994.88,135999994.96,2,2
2017-11-26,10000002,20060,49428601.86,46000074.04,52999999.61,7,7
2017-11-26,10000002,20061,109000000,109000000,109000000,2,1
2017-11-26,10000002,20062,64189861.72,61000003.56,65000003.52,5,5
2017-11-26,10000002,20064,47935453.39,45889595.88,50999919.73,7,7
2017-11-26,10000002,20065,133989999.96,133989999.96,133989999.97,3,2
2017-11-26,10000002,20066,47172703.94,46489991.28,53999830.59,11,6
2017-11-26,10000002,20110,1833858.58,1112000.05,2188882.97,46,21
2017-11-26,10000002,20114,12000.02,12000.02,12000.02,1106,32
2017-11-26,10000002,20115,11600.36,11600.36,11600.37,1630,35
2017-11-26,10000002,20121,138146872.46,131401033.35,139999997.99,10,10
2017-11-26,10000002,20125,277694622.75,222504001.77,289644443.69,20,20
2017-11-26,10000002,20138,33995.96,33995.96,33995.96,548,18
2017-11-26,10000002,20157,136734470.4,122000041.14,139999979.85,25,25
2017-11-26,10000002,20158,193913971.41,179000493,200078998,22,21
2017-11-26,10000002,20159,300777818.36,290000000.1,321000083,18,16
2017-11-26,10000002,20160,506798404.61,495498000.25,523999000,18,18
2017-11-26,10000002,20161,1049798998.82,1049798998.81,1049798998.84,7,7
2017-11-26,10000002,20171,100996.97,100696.48,100998,24212,298
2017-11-26,10000002,20172,88847.99,88847.98,88895.98,11845,153
2017-11-26,10000002,20183,1183672731.68,1130000000.29,1239999997.79,11,11
2017-11-26,10000002,20184,1971900000,1971899999.99,1971900000,2,2
2017-11-26,10000002,20185,1258902892.87,1175367484.54,1294999982,25,25
2017-11-26,10000002,20186,2000000000,2000000000,2000000000,2,2
2017-11-26,10000002,20187,1279353756.84,1101133230.96,1354899999.98,12,12
2017-11-26,10000002,20189,1179650671.77,1178997439.5,1179994879.66,6,6
2017-11-26,10000002,20190,1921499999.99,1921499999.99,1921499999.99,1,1
2017-11-26,10000002,20199,26184300.6,25166951.06,27799948.79,57,45
2017-11-26,10000002,20209,1027944.9,1000000,1059991.8,76,57
2017-11-26,10000002,20210,846727.62,612001.01,850000,99,93
2017-11-26,10000002,20211,3137169.75,3000000,3395997.99,85,65
2017-11-26,10000002,20212,9124671.51,9000000,11999957.86,77,52
2017-11-26,10000002,20213,7827191.58,7799974.99,7899998.96,59,50
2017-11-26,10000002,20280,58352891.05,54000000.41,59700762.58,17,14
2017-11-26,10000002,20281,522349680,522349680,522349680,3,2
2017-11-26,10000002,20306,66.42,66.42,66.43,652579,34
2017-11-26,10000002,20307,60.89,60.5,60.89,1031643,69
2017-11-26,10000002,20308,125.36,125.36,125.36,927613,33
2017-11-26,10000002,20312,500000,500000,500000,224,80
2017-11-26,10000002,20314,60000,60000,60000,1387,124
2017-11-26,10000002,20315,1000000,1000000,1000000,240,131
2017-11-26,10000002,20327,16699999.8,16699998.99,16700000,16,16
2017-11-26,10000002,20342,50000000,50000000,50000000,215,117
2017-11-26,10000002,20345,108512.46,35050,124854.56,11,8
2017-11-26,10000002,20347,574996.14,331010.82,574996.15,340,87
2017-11-26,10000002,20349,799969.98,799969.96,799979.88,206,68
2017-11-26,10000002,20351,1622999.99,1613000,1624449.66,235,81
2017-11-26,10000002,20353,3518898.98,3518898.78,3518904.99,1006,370
2017-11-26,10000002,20358,85275025.55,84000001,86550050.1,4,4
2017-11-26,10000002,20371,152401721.26,131122500.04,178999995,9,9
2017-11-26,10000002,20410,98135,90132.04,98978.99,18141,166
2017-11-26,10000002,20411,168993.74,168953.8,169999.22,26210,260
2017-11-26,10000002,20412,98219.03,98219.03,98219.03,7596,145
2017-11-26,10000002,20413,160106.01,150105,170102.97,22170,258
2017-11-26,10000002,20414,167999.99,152150,174998.89,38489,344
2017-11-26,10000002,20415,102988,92108.49,102988.49,27958,240
2017-11-26,10000002,20416,179999.99,171005.35,183398.89,24441,285
2017-11-26,10000002,20417,101800,100099.74,102999,14178,184
2017-11-26,10000002,20418,100313,91301.14,101997.88,51742,267
2017-11-26,10000002,20419,169000,158001.4,176794.99,47442,316
2017-11-26,10000002,20420,123936.95,114004.7,125003,9543,241
2017-11-26,10000002,20421,50699.96,45110.24,50708.91,11523,211
2017-11-26,10000002,20423,91757.3,91753.97,104983,12467,139
2017-11-26,10000002,20424,42541,42539.29,50661.99,35315,503
2017-11-26,10000002,20425,6252.03,6252,17999,912,29
2017-11-26,10000002,20433,53321.42,15001,53999.97,56,18
2017-11-26,10000002,20443,94504731.36,91800501.97,96800002.17,13,11
2017-11-26,10000002,20444,45500749.61,45500749.61,45500749.61,3,1
2017-11-26,10000002,20445,75992508.32,75992508.32,75992508.32,1,1
2017-11-26,10000002,20446,54562496.39,50500001.19,56999993.5,8,4
2017-11-26,10000002,20447,50399914.24,50399914.24,50399914.24,2,2
2017-11-26,10000002,20448,45189991.45,45189991.45,45189991.45,3,1
2017-11-26,10000002,20450,58998996.22,58998996,58998996.88,8,3
2017-11-26,10000002,20452,45460990.74,38927137.51,45823981.31,19,5
2017-11-26,10000002,20453,36999972.17,36999972.17,36999972.17,1,1
2017-11-26,10000002,20455,39599999.99,39599999.99,39599999.99,2,2
2017-11-26,10000002,20494,105260.4,100000,109968.16,36,29
2017-11-26,10000002,20495,100000,100000,100000,531,27
2017-11-26,10000002,20498,25890455.8,22001240.03,29001239.52,9,9
2017-11-26,10000002,20499,78593482.1,71000006.69,81999814.19,28,23
2017-11-26,10000002,20500,37285231.95,27000353.12,41000352.93,7,7
2017-11-26,10000002,20501,100040510.54,94000001.01,103999999.99,37,29
2017-11-26,10000002,20502,112800022.45,95000028.27,118000027.97,5,5
2017-11-26,10000002,20503,233769264.05,215500219.86,235000000,26,26
2017-11-26,10000002,20504,194166406.63,165000455.64,199999604.83,6,6
2017-11-26,10000002,20505,407808215.91,384051520.35,429999888,38,28
2017-11-26,10000002,20506,63354999.73,54489015.05,67787992.65,9,9
2017-11-26,10000002,20507,157479743.39,137507000.84,159999991,24,23
2017-11-26,10000002,20508,206999998.24,206999997.37,207000000,3,3
2017-11-26,10000002,20509,904647699.43,841100000.5,910100500.12,20,20
2017-11-26,10000002,20524,83945745.35,73450060.6,84899898.98,12,12
2017-11-26,10000002,20525,126759424.24,126399405.29,130000000,10,10
2017-11-26,10000002,20526,76566666.18,75000000,78999999,51,34
2017-11-26,10000002,20527,97699376.63,97699376,97699377.95,23,23
2017-11-26,10000002,20528,89949995.96,89949995.95,89949995.96,11,11
2017-11-26,10000002,20530,104140514.78,100000000,113999899.5,37,21
2017-11-26,10000002,20531,122536550.26,122038986.97,130000000,16,12
2017-11-26,10000002,20532,141666665.78,119999999,143999998.93,18,18
2017-11-26,10000002,20533,400000000,400000000,400000000,154,94
2017-11-26,10000002,20539,62033389.05,48050083.61,89999999.97,9,8
2017-11-26,10000002,20540,54371388,54371388,54371388,1,1
2017-11-26,10000002,20555,1547459.53,851603.71,3000000,14,9
2017-11-26,10000002,20557,18439998.59,13000002.48,19799998.96,10,8
2017-11-26,10000002,20559,71833334.89,49500004.72,82999999.98,6,6
2017-11-26,10000002,20563,186980988.5,186980987.99,186980989,2,2
2017-11-26,10000002,20565,56772461.07,37020992.69,60000001.62,13,11
2017-11-26,10000002,20567,9982102.97,8347352.41,10300000,19,11
2017-11-26,10000002,20569,16069180.16,12400778.22,19800000,16,15
2017-11-26,10000002,20579,5600000,5600000,5600000,2,1
2017-11-26,10000002,20581,24999997.98,24999997.98,24999997.98,2,2
2017-11-26,10000002,20589,261102.58,261102.58,261102.58,1,1
2017-11-26,10000002,20595,15200001.95,14000003.3,19999997.35,15,7
2017-11-26,10000002,20597,11383327.65,3800001.82,12899992.82,12,4
2017-11-26,10000002,20599,11735241.45,8050063.97,15420418.93,8,5
2017-11-26,10000002,20601,14005114.99,14005114.99,14005114.99,1,1
2017-11-26,10000002,20605,478750.26,166000.33,1000000.14,8,2
2017-11-26,10000002,20607,11903504.07,2714016.4,12899999.99,4,4
2017-11-26,10000002,20609,4784997.81,712500.02,7499996,5,3
2017-11-26,10000002,20611,12840001,7200006.23,13999999.5,5,4
2017-11-26,10000002,20613,17486967.08,960000.33,25750450.45,3,3
2017-11-26,10000002,20617,3514.24,3513.46,3515.02,2,2
2017-11-26,10000002,20621,2279884,2279884,2279884,2,2
2017-11-26,10000002,20623,4439144.37,2000000.02,6878288.71,2,2
2017-11-26,10000002,20625,7211726.86,6000002.74,9442991.99,11,5
2017-11-26,10000002,20627,6167249.49,4000000.01,6889998.97,4,4
2017-11-26,10000002,20629,13562501.67,12000003.11,16999999.78,16,8
2017-11-26,10000002,20631,19051250.61,15103501.67,22998999.55,2,2
2017-11-26,10000002,20633,501000.01,501000.01,501000.01,1,1
2017-11-26,10000002,20637,58999999.99,58999999.99,58999999.99,1,1
2017-11-26,10000002,20639,4500000,4500000,4500000,1,1
2017-11-26,10000002,20700,1328908998.5,1328908998,1328908999,2,2
2017-11-26,10000002,20701,61876821.18,56000110.45,76990954.32,25,18
2017-11-26,10000002,20702,48999999.99,48999999.99,48999999.99,2,2
2017-11-26,10000002,20703,59085745.5,58800035.95,62800024.36,21,16
2017-11-26,10000002,20704,51002322,51002322,51002322,4,3
2017-11-26,10000002,20721,34.41,34.41,34.41,254219,17
2017-11-26,10000002,20723,95.94,95.94,95.94,224247,19
2017-11-26,10000002,20725,70.68,70.68,70.68,8151,5
2017-11-26,10000002,20727,424.81,424.81,424.81,7600,8
2017-11-26,10000002,20729,647,647,647,2000,2
2017-11-26,10000002,20731,945.01,945.01,945.01,23344,8
2017-11-26,10000002,20733,871.03,871.03,871.03,5266,3
2017-11-26,10000002,20735,1601.08,1601.08,1601.08,443,1
2017-11-26,10000002,20737,2897.87,2897.87,2897.87,22000,9
2017-11-26,10000002,20739,4498.82,4498.82,4499.92,31958,11
2017-11-26,10000002,20741,4467.98,4467.93,4470.98,167044,30
2017-11-26,10000002,20743,5086.95,5086.95,5086.95,142250,20
2017-11-26,10000002,20745,4391.73,4391.73,4391.73,17250,5
2017-11-26,10000002,20747,6578.96,6573.98,6579.43,96334,22
2017-11-26,10000002,20749,3496.86,3496.86,3496.86,11000,2
2017-11-26,10000002,20751,5129.99,5128,5130,32687,10
2017-11-26,10000002,20753,68.85,68.84,449,12000,7
2017-11-26,10000002,20755,376.01,376.01,376.01,4000,3
2017-11-26,10000002,20757,597,597,597,5000,2
2017-11-26,10000002,20759,2986.94,2986.94,2986.94,10360,6
2017-11-26,10000002,20761,1801.04,1801.04,1801.04,1000,1
2017-11-26,10000002,20763,6530.04,6530.04,6530.04,1353,4
2017-11-26,10000002,20765,45963.42,45963.42,45963.42,220,15
2017-11-26,10000002,20767,167976.33,85500.05,169987.94,84,11
2017-11-26,10000002,20769,175.81,175.81,175.81,3000,3
2017-11-26,10000002,20771,797.12,797.12,797.12,1000,1
2017-11-26,10000002,20773,1151.02,1151.02,1151.02,1000,1
2017-11-26,10000002,20775,10000,10000,10000,1560,2
2017-11-26,10000002,20779,93780,93780,93780,1000,1
2017-11-26,10000002,20785,1257,1257,1257,2500,1
2017-11-26,10000002,20787,2060,2060,2060,1000,1
2017-11-26,10000002,20797,347999.98,347999.98,347999.98,24,3
2017-11-26,10000002,20817,84325.15,84325.15,84325.15,1,1
2017-11-26,10000002,20821,70170.09,70170.09,70170.09,1,1
2017-11-26,10000002,20823,700000,700000,700000,12,2
2017-11-26,10000002,20825,37000.02,37000.01,37000.02,4,4
2017-11-26,10000002,20829,65001.01,65001.01,65001.01,1,1
2017-11-26,10000002,20831,435000,435000,435000,7,2
2017-11-26,10000002,20835,1589500.16,142001.02,1878999.98,6,4
2017-11-26,10000002,20839,620000,620000,620000,10,1
2017-11-26,10000002,20841,2036990,2036990,2036990,27,3
2017-11-26,10000002,20843,2276980.67,2276980,2276988,36,5
2017-11-26,10000002,20845,2199846.35,1998980,2280000,52,7
2017-11-26,10000002,20847,1590000,1589999.99,1609999,124,15
2017-11-26,10000002,20849,87601.2,87601.2,87601.2,23,10
2017-11-26,10000002,20851,106285.25,70999.99,239979.99,19,9
2017-11-26,10000002,20853,123075.7,123000.7,123100.7,4,3
2017-11-26,10000002,20855,1005666.67,167000.01,1425000,6,5
2017-11-26,10000002,20857,1263404.33,290213.99,1749999.5,3,3
2017-11-26,10000002,20859,2200000.01,2200000.01,2200000.01,1,1
2017-11-26,10000002,20861,3600000,3600000,3600000,1,1
2017-11-26,10000002,20865,650000,650000,650000,217,9
2017-11-26,10000002,20867,777400.16,520000.41,949000,5,3
2017-11-26,10000002,20869,900000,900000,900000,2,1
2017-11-26,10000002,20871,630000,630000,630000,1,1
2017-11-26,10000002,20881,1720000,760000.03,1879999.99,14,3
2017-11-26,10000002,20883,3749000,3749000,3749000,4,1
2017-11-26,10000002,20887,7432919.4,3353597,8445000,5,4
2017-11-26,10000002,20891,34824250,34800000,34898000,4,4
2017-11-26,10000002,20913,9,9,9,18690,11
2017-11-26,10000002,20915,54.88,54.88,54.88,14002,9
2017-11-26,10000002,20917,2.01,2.01,2.01,8002,5
2017-11-26,10000002,20919,30.01,30.01,30.01,51,1
2017-11-26,10000002,20923,80.02,80.02,80.02,1000,1
2017-11-26,10000002,20929,4184,4184,4188.75,49530,12
2017-11-26,10000002,20931,3480.99,3480.99,3480.99,10000,2
2017-11-26,10000002,20933,9994.99,9994.99,9994.99,10000,2
2017-11-26,10000002,20935,3164.99,3164.99,3164.99,10000,1
2017-11-26,10000002,20945,22.87,22.87,22.87,21400,14
2017-11-26,10000002,20947,26.04,26.01,110,11977,9
2017-11-26,10000002,20949,245.58,245.58,245.58,8382,5
2017-11-26,10000002,20953,705.86,705.86,705.86,2000,2
2017-11-26,10000002,20955,702.72,702.72,702.72,1000,1
2017-11-26,10000002,20959,99999.98,99999.98,99999.98,1256,2
2017-11-26,10000002,20961,105.76,105.76,105.76,26669,7
2017-11-26,10000002,20963,156.06,156.06,156.06,5002,6
2017-11-26,10000002,20965,658.61,658.59,658.62,2000,2
2017-11-26,10000002,20969,2020.01,2020.01,2020.01,2000,2
2017-11-26,10000002,20971,1300.04,1300.04,1300.04,1000,1
2017-11-26,10000002,20977,0.62,0.62,0.62,3000,3
2017-11-26,10000002,21009,6538673.56,5382080.3,6799988.87,12,7
2017-11-26,10000002,21010,1316728571.43,1302500000.02,1400000000,7,7
2017-11-26,10000002,21011,10261560.6,6000966.97,11499999.93,44,9
2017-11-26,10000002,21012,1518800000.08,1518800000,1518800000.26,3,3
2017-11-26,10000002,21013,8527571.42,7200000,8694998,39,10
2017-11-26,10000002,21014,1202763200,1202763200,1202763200,5,4
2017-11-26,10000002,21017,6975005.54,6101200.5,7398668.6,49,9
2017-11-26,10000002,21018,1355000000,1340000000.01,1384000000,6,6
2017-11-26,10000002,21019,7905291.86,6374105.96,8998996,24,10
2017-11-26,10000002,21020,1190099956.35,1190099951.05,1190099958.18,4,4
2017-11-26,10000002,21021,7351467.82,7020001.93,7489798,44,4
2017-11-26,10000002,21022,1411999999.99,1411999999.99,1411999999.99,3,3
2017-11-26,10000002,21023,6990909.65,6900006.2,7000000,11,2
2017-11-26,10000002,21024,1306728000,1306728000,1306728000,4,4
2017-11-26,10000002,21025,8966680.09,8500201.3,9000000,45,4
2017-11-26,10000002,21026,1663964800,1663964800,1663964800,5,5
2017-11-26,10000002,21027,7206128.79,7206128,7206129,32,6
2017-11-26,10000002,21028,833702400,833702400,833702400,8,8
2017-11-26,10000002,21029,4202919.3,3232115.4,4299999.69,55,8
2017-11-26,10000002,21030,905799999.98,905799999.98,905799999.99,4,4
2017-11-26,10000002,21035,7802381.66,7249998.96,8100001.25,21,9
2017-11-26,10000002,21036,1228398800,1228398800,1228398800,6,6
2017-11-26,10000002,21037,6475000,6475000,6475000,172,30
2017-11-26,10000002,21038,1044928571.42,1044699999.99,1045499999.99,7,7
2017-11-26,10000002,21039,14534043.72,13500000,15654257.73,50,6
2017-11-26,10000002,21040,1543366400,1543366400,1543366400,2,2
2017-11-26,10000002,21041,6800164.57,6800101.4,6801056.03,36,3
2017-11-26,10000002,21042,1393368000,1393368000,1393368000,2,2
2017-11-26,10000002,21059,120000,120000,120000,441,170
2017-11-26,10000002,21071,40000,40000,40000,1444,145
2017-11-26,10000002,21073,80564.59,3205.82,221991.96,17,12
2017-11-26,10000002,21074,1848799.26,1000000.11,2299998.86,25,13
2017-11-26,10000002,21075,73835.61,9012,149899.99,43,30
2017-11-26,10000002,21076,75001.64,60002,154999.7,19,18
2017-11-26,10000002,21077,160180.27,100050.15,300000,71,38
2017-11-26,10000002,21078,394002.49,200000.01,639995.99,78,36
2017-11-26,10000002,21079,176174.82,160023.65,199998.95,87,48
2017-11-26,10000002,21080,1486372.52,367000,2899000,48,34
2017-11-26,10000002,21081,199998.98,199998.98,199998.98,138,42
2017-11-26,10000002,21082,594931.68,460003,741998.95,65,48
2017-11-26,10000002,21084,489986.99,355021.19,646996,57,45
2017-11-26,10000002,21085,405164.33,303030,697999,58,45
2017-11-26,10000002,21086,553000.13,310007.08,732993,74,42
2017-11-26,10000002,21087,175758.09,111111.42,498986.97,42,35
2017-11-26,10000002,21088,4205000.23,15000.77,7199999.95,15,12
2017-11-26,10000002,21089,130808.43,60025.01,214987.97,35,19
2017-11-26,10000002,21096,1689982.5,1412116.28,1699999.98,4247,430
2017-11-26,10000002,21097,9888738.78,9888738.78,9888738.78,1,1
2017-11-26,10000002,21194,33562.52,15500.02,160000,16,11
2017-11-26,10000002,21196,107622.12,92000.01,134400,18,14
2017-11-26,10000002,21198,69750.02,53000.03,119999.99,8,6
2017-11-26,10000002,21204,1300000,1300000,1300000,4,1
2017-11-26,10000002,21208,2208999,2208999,2208999,2,1
2017-11-26,10000002,21210,139035.09,97030.11,349060,12,9
2017-11-26,10000002,21212,290406.66,68599.99,1399439.98,6,4
2017-11-26,10000002,21214,130011.81,130011.81,130011.81,2,2
2017-11-26,10000002,21216,6677048.89,93440.06,7499999.99,9,5
2017-11-26,10000002,21218,2200000,2200000,2200000,10,2
2017-11-26,10000002,21222,999498.9,999498.9,999498.9,26,5
2017-11-26,10000002,21224,32227.69,31000,44995.69,57,16
2017-11-26,10000002,21226,46247.5,45000,49989.98,32,8
2017-11-26,10000002,21228,21000.01,21000,21000.01,13,8
2017-11-26,10000002,21230,55000.09,55000.09,55000.09,8,3
2017-11-26,10000002,21232,141672.26,55563.01,400000,4,4
2017-11-26,10000002,21234,458537.46,77591.82,744999,14,7
2017-11-26,10000002,21236,4699499.99,4699499.99,4699500,8,2
2017-11-26,10000002,21254,14425999.97,14425999.97,14425999.97,3,1
2017-11-26,10000002,21256,93528.52,81000.01,103968.95,11,6
2017-11-26,10000002,21258,120706.69,120706.69,120706.69,3,2
2017-11-26,10000002,21260,600000.06,500000.11,749999.99,5,4
2017-11-26,10000002,21262,440000.02,440000.02,440000.02,1,1
2017-11-26,10000002,21264,820000.02,820000.02,820000.02,1,1
2017-11-26,10000002,21266,8705110.65,756217.12,9500000,11,2
2017-11-26,10000002,21268,4900000.42,4900000.42,4900000.42,1,1
2017-11-26,10000002,21272,305006.5,305006.5,305006.5,3,3
2017-11-26,10000002,21274,1001054.68,560000.01,1026998.78,18,4
2017-11-26,10000002,21276,1000000.01,1000000.01,1000000.01,3,3
2017-11-26,10000002,21282,10000001.24,10000001.24,10000001.24,1,1
2017-11-26,10000002,21290,1050000.01,1050000.01,1050000.01,1,1
2017-11-26,10000002,21320,11.09,11.09,11.09,38472,41
2017-11-26,10000002,21322,7.7,7.7,7.7,10000,10
2017-11-26,10000002,21324,22.28,22.28,22.28,16063,16
2017-11-26,10000002,21326,58,58,58,7000,4
2017-11-26,10000002,21328,27.04,27.04,27.04,1000,1
2017-11-26,10000002,21330,40.69,40.69,40.69,643,1
2017-11-26,10000002,21336,17.58,17.56,54.89,13000,9
2017-11-26,10000002,21338,23.01,23.01,23.01,14000,13
2017-11-26,10000002,21340,49.98,29.48,59.96,15000,11
2017-11-26,10000002,21342,135.01,135.01,135.01,1000,1
2017-11-26,10000002,21344,106.06,106.06,106.06,3000,3
2017-11-26,10000002,21346,546.99,546.99,546.99,2298,3
2017-11-26,10000002,21350,1596.89,1596.89,1596.89,200,1
2017-11-26,10000002,21352,8,8,8,45757,13
2017-11-26,10000002,21354,33.84,31.08,33.85,35336,14
2017-11-26,10000002,21356,12.02,12.02,12.02,13000,6
2017-11-26,10000002,21358,26.43,26.43,26.43,10000,7
2017-11-26,10000002,21360,78.06,78.06,78.06,3000,3
2017-11-26,10000002,21364,382.78,382.78,382.78,5000,4
2017-11-26,10000002,21368,4324.98,3932.18,4324.99,114483,11
2017-11-26,10000002,21370,6439.99,6439.99,6439.99,3000,1
2017-11-26,10000002,21372,4799.99,4799.99,4799.99,1500,1
2017-11-26,10000002,21380,6664,6664,6664,73000,5
2017-11-26,10000002,21384,15.4,15.4,28,73803,36
2017-11-26,10000002,21386,31.25,31.24,31.25,166174,24
2017-11-26,10000002,21388,225.58,225.58,225.58,25360,22
2017-11-26,10000002,21390,258.71,258.7,258.72,4178,6
2017-11-26,10000002,21392,546.01,546,546.01,2000,2
2017-11-26,10000002,21394,806,806,806,3000,3
2017-11-26,10000002,21396,1177,1177,1177,1000,1
2017-11-26,10000002,21398,54999.67,54999.67,54999.67,2600,3
2017-11-26,10000002,21400,177.06,177.06,177.06,6500,5
2017-11-26,10000002,21402,689.9,311.1,689.93,11115,9
2017-11-26,10000002,21404,890.01,890.01,890.01,2710,3
2017-11-26,10000002,21406,1976.97,1976.97,1976.97,3000,2
2017-11-26,10000002,21408,1260.01,1260.01,1260.01,1000,1
2017-11-26,10000002,21410,943.99,943.99,943.99,6000,3
2017-11-26,10000002,21416,1050.68,1050.68,1050.68,1736,2
2017-11-26,10000002,21418,1160,1160,1160,1000,1
2017-11-26,10000002,21450,244154.69,64000.07,1000000,37,11
2017-11-26,10000002,21470,84056045.42,68112090.92,99999999.91,2,2
2017-11-26,10000002,21472,104759964.48,99021991,120995875.91,4,4
2017-11-26,10000002,21474,119808873.99,119808873.99,119808873.99,1,1
2017-11-26,10000002,21476,123388881.98,123388881.9,123388882,4,3
2017-11-26,10000002,21478,187647994.62,175306000.25,199989989,8,7
2017-11-26,10000002,21480,399999999.77,399999999.77,399999999.77,1,1
2017-11-26,10000002,21484,54600723.58,40301125.14,56983989.98,7,7
2017-11-26,10000002,21486,23000000.13,23000000.13,23000000.13,1,1
2017-11-26,10000002,21491,16980489.5,16979980,16980999,2,2
2017-11-26,10000002,21493,51999991.66,51999991,51999997.69,10,5
2017-11-26,10000002,21496,59999999.99,59999999.99,59999999.99,3,2
2017-11-26,10000002,21498,119878980.17,119878980,119878980.34,2,2
2017-11-26,10000002,21500,6003055.03,4506110.06,7500000,2,2
2017-11-26,10000002,21506,19999997.41,19999997.41,19999997.41,2,2
2017-11-26,10000002,21508,14269966.71,6539934.41,21999999,2,2
2017-11-26,10000002,21512,37926663.02,37779991.1,37999998.99,3,3
2017-11-26,10000002,21540,37295144.32,28408030.18,40849989.98,7,5
2017-11-26,10000002,21551,10538943.37,10538943.37,10538943.37,3,1
2017-11-26,10000002,21553,5739999.48,5739999.48,5739999.48,1,1
2017-11-26,10000002,21568,11090.29,11090,11090.42,13,13
2017-11-26,10000002,21569,67211984.88,61100000.24,68999999.99,25,21
2017-11-26,10000002,21570,2676683.07,1773011.14,2897899.94,41,20
2017-11-26,10000002,21571,160011.36,160011.23,160011.43,9,7
2017-11-26,10000002,21572,323712.88,250357.58,399357.53,21,14
2017-11-26,10000002,21584,84962.25,35413.55,112991.94,11,6
2017-11-26,10000002,21585,318920.82,304151.03,378000,15,9
2017-11-26,10000002,21586,3502599.94,3301000,3799999.8,20,13
2017-11-26,10000002,21587,150.44,150.44,150.44,33725,198
2017-11-26,10000002,21588,19.25,19.24,19.25,28166,185
2017-11-26,10000002,21589,62,62,62.01,32091,137
2017-11-26,10000002,21590,175.03,175.03,175.03,15478,88
2017-11-26,10000002,21591,652.59,652.59,652.59,13303,54
2017-11-26,10000002,21592,213.83,213.83,213.83,9681,105
2017-11-26,10000002,21593,100.1,100.1,100.1,13805,113
2017-11-26,10000002,21594,64.6,64.6,64.6,11615,107
2017-11-26,10000002,21595,377.22,377.22,377.22,5943,102
2017-11-26,10000002,21596,117.07,117.07,117.07,2421,39
2017-11-26,10000002,21603,10000000,10000000,10000000,267,157
2017-11-26,10000002,21604,31372640,31372640,31372640,14,8
2017-11-26,10000002,21606,2499911994.83,2499911993.97,2499911995.69,4,4
2017-11-26,10000002,21610,20000000,20000000,20000000,153,81
2017-11-26,10000002,21611,30000000,30000000,30000000,213,107
2017-11-26,10000002,21628,14499665.07,3000000.01,20249497.6,3,3
2017-11-26,10000002,21638,999967.84,888017.37,999967.99,2448,249
2017-11-26,10000002,21640,958996,958995.96,958996,4227,372
2017-11-26,10000002,21666,15437500,15000000,15699999.99,16,16
2017-11-26,10000002,21667,21157894.58,18500000,35000000,19,19
2017-11-26,10000002,21668,15775924.86,15000000,16200000,27,20
2017-11-26,10000002,21718,70274.99,11000.03,79973.93,45,40
2017-11-26,10000002,21719,1366669.37,1000004.06,1999999.99,6,5
2017-11-26,10000002,21720,4533005.55,3010232.93,4982750,18,9
2017-11-26,10000002,21721,891192.69,600000,949998,42,16
2017-11-26,10000002,21722,378653.13,120114.12,1025000,21,20
2017-11-26,10000002,21723,303050,303050,303050,19,16
2017-11-26,10000002,21724,300010.06,300010.05,300010.07,8,8
2017-11-26,10000002,21725,2124181.53,2050000.02,2644994.99,36,24
2017-11-26,10000002,21726,175643.89,170101,239989.96,45,37
2017-11-26,10000002,21727,53005.02,40010,300000,20,18
2017-11-26,10000002,21728,31451.24,2678.38,119996.99,42,34
2017-11-26,10000002,21729,51562.72,35000.24,300000,16,15
2017-11-26,10000002,21730,10096.16,1500.83,49994.5,19,17
2017-11-26,10000002,21731,40000.17,40000.17,40000.17,4,3
2017-11-26,10000002,21732,380275.72,352100.01,400000,16,12
2017-11-26,10000002,21733,20586093.78,19921000,22000010.53,11,9
2017-11-26,10000002,21740,1000,999.94,1096.87,2004186,108
2017-11-26,10000002,21789,294997.21,294997,294998,14,14
2017-11-26,10000002,21790,9571.37,0.01,34999.97,77,56
2017-11-26,10000002,21791,0.01,0.01,0.01,113,65
2017-11-26,10000002,21802,25000000,25000000,25000000,129,74
2017-11-26,10000002,21803,18155702.06,17500000,19499908,53,36
2017-11-26,10000002,21815,8316020.41,8201006.65,8488887.98,15551,574
2017-11-26,10000002,21841,45005.05,45005.05,45005.05,185,54
2017-11-26,10000002,21853,30533.21,11124.9,86887.99,86,32
2017-11-26,10000002,21855,13992.72,4003.9,27272.72,7,5
2017-11-26,10000002,21857,556.05,556.02,556.07,483,305
2017-11-26,10000002,21867,43.99,35.06,59.9,156385,22
2017-11-26,10000002,21868,600000,600000,600000,7,7
2017-11-26,10000002,21888,41863151.37,39000036.19,42150000,38,21
2017-11-26,10000002,21889,26574858.21,24008002.56,32499999.89,7,6
2017-11-26,10000002,21890,52151131.42,41001000.34,52750000,38,23
2017-11-26,10000002,21894,1177.87,1177.87,1177.87,1714975,222
2017-11-26,10000002,21896,716.02,715.49,716.62,1734429,324
2017-11-26,10000002,21898,471.49,471,471.5,3207842,425
2017-11-26,10000002,21902,1181.73,1181.69,1182.75,1115763,133
2017-11-26,10000002,21904,693.97,693.96,693.99,900382,186
2017-11-26,10000002,21906,506.8,443.69,510.97,1313799,229
2017-11-26,10000002,21910,1327.83,1327.83,1327.83,38750,16
2017-11-26,10000002,21912,593.91,593.91,593.91,98341,20
2017-11-26,10000002,21914,419.66,419.66,419.66,39039,13
2017-11-26,10000002,21918,1116.56,1116.52,1116.74,1037656,115
2017-11-26,10000002,21922,696.93,610.4,696.96,866879,227
2017-11-26,10000002,21924,447.36,413.03,447.43,1317339,263
2017-11-26,10000002,21926,1293.98,1293.98,1293.98,29016,10
2017-11-26,10000002,21928,650.05,650.05,650.05,154650,17
2017-11-26,10000002,21931,311.04,311.04,311.04,18245,10
2017-11-26,10000002,21935,1048.44,1048.42,1166.64,184654,43
2017-11-26,10000002,21937,607,555.16,607.78,328538,61
2017-11-26,10000002,21939,378.53,378.53,378.53,302938,45
2017-11-26,10000002,21947,40449759.02,39000010.24,44799005.37,4,3
2017-11-26,10000002,21948,200000000,200000000,200000000,5,4
2017-11-26,10000002,21949,55700017.07,55700017.07,55700017.07,1,1
2017-11-26,10000002,21951,49149998.95,48799999,49499998.89,2,2
2017-11-26,10000002,21952,200000000,200000000,200000000,2,2
2017-11-26,10000002,21954,200000000,200000000,200000000,2,2
2017-11-26,10000002,21956,200000000,200000000,200000000,2,2
2017-11-26,10000002,21957,49575049.33,47450100.02,51699998.63,2,2
2017-11-26,10000002,21958,200000000,200000000,200000000,1,1
2017-11-26,10000002,21959,99199999.85,94999999.9,101999999.82,5,3
2017-11-26,10000002,21960,200000000,200000000,200000000,2,2
2017-11-26,10000002,21961,70798998.89,70798998.89,70798998.89,1,1
2017-11-26,10000002,21962,200000000,200000000,200000000,1,1
2017-11-26,10000002,21964,200000000,200000000,200000000,1,1
2017-11-26,10000002,21965,47820300.51,41280953.49,50000083.38,4,4
2017-11-26,10000002,21966,200000000,200000000,200000000,2,2
2017-11-26,10000002,21968,200000000,200000000,200000000,2,2
2017-11-26,10000002,21970,200000000,200000000,200000000,1,1
2017-11-26,10000002,22043,25000000,25000000,25000000,102,53
2017-11-26,10000002,22107,15637498.62,14400001.01,16849999.99,40,36
2017-11-26,10000002,22108,32823833.4,25406935.66,37593773.42,27,25
2017-11-26,10000002,22109,88510299.57,83000000,92897999.97,30,30
2017-11-26,10000002,22110,176148710.54,174998994.8,178928998,21,19
2017-11-26,10000002,22111,53444218.46,49276847.47,55999968.11,30,29
2017-11-26,10000002,22112,358655504.88,357999997.88,364999999.9,12,11
2017-11-26,10000002,22113,10819083.76,7550000.3,12999999,5,5
2017-11-26,10000002,22115,21074072.85,3895999.69,21300145.86,4,4
2017-11-26,10000002,22117,14788402.09,10111000.21,17910005,5,5
2017-11-26,10000002,22118,32500008.04,32000016.06,33000000.01,2,2
2017-11-26,10000002,22119,28219052.42,23700999.02,28999999.97,19,19
2017-11-26,10000002,22120,28502618.48,26992136.69,28899997.95,24,21
2017-11-26,10000002,22121,73316632.66,71999999.92,75210159,20,20
2017-11-26,10000002,22122,134873590.25,132999882,136999879.94,19,19
2017-11-26,10000002,22123,48207012.45,43977737.26,48999990.99,19,18
2017-11-26,10000002,22124,266073781.83,246370029.33,282998958.16,28,22
2017-11-26,10000002,22125,46919796.83,24999999.98,134000009.26,14,12
2017-11-26,10000002,22126,45551279.9,36206667.01,48050034.5,10,10
2017-11-26,10000002,22127,107534956.43,91145549.59,112998965.98,12,12
2017-11-26,10000002,22128,183463809.42,159100000,185900193.98,11,11
2017-11-26,10000002,22129,62000022.09,61999998.92,66849949.99,11,11
2017-11-26,10000002,22130,349544001.16,312002012.17,367499998.23,9,8
2017-11-26,10000002,22131,4603636.57,3600001.11,4989999.96,11,10
2017-11-26,10000002,22133,10788000.27,5990000.57,11989999.94,5,5
2017-11-26,10000002,22134,18337499.99,17142000.01,19999999.98,8,8
2017-11-26,10000002,22135,43000000,43000000,43000000,1,1
2017-11-26,10000002,22136,13175033.3,7525100,15999999.95,3,3
2017-11-26,10000002,22137,93200000,93200000,93200000,1,1
2017-11-26,10000002,22175,59999.98,53800,60000,961,521
2017-11-26,10000002,22176,332640,332640,332640,5,5
2017-11-26,10000002,22177,60000,59999.93,61773,828,553
2017-11-26,10000002,22178,332640,332639.98,332640,7,7
2017-11-26,10000002,22229,4497998.99,4497997.96,4497999,361,100
2017-11-26,10000002,22242,77457455.73,75000000,89779968,67,37
2017-11-26,10000002,22291,1112400,1040667,1112443.82,5258,1204
2017-11-26,10000002,22428,1355000000,1355000000,1355000000,1,1
2017-11-26,10000002,22430,1277696069.65,1199895012.29,1299894933.72,9,9
2017-11-26,10000002,22436,1279023560.36,1232302388.03,1339989982.56,8,8
2017-11-26,10000002,22440,1152750247.31,1020000991.24,1197999998.99,4,4
2017-11-26,10000002,22442,429200000,386000000.04,440000000,5,5
2017-11-26,10000002,22444,480264896.85,431500000.72,499999997.99,29,29
2017-11-26,10000002,22446,536249998.96,510000000.31,544999997.77,4,4
2017-11-26,10000002,22448,423668575.84,367337152.2,479999999.49,4,4
2017-11-26,10000002,22452,70156929.72,67000000,72879996.94,16,10
2017-11-26,10000002,22456,68999999.22,68999897,69385000,255,92
2017-11-26,10000002,22460,66393800.39,56009010.07,68989997.96,5,4
2017-11-26,10000002,22464,81779272,80000000,82777424.33,39,26
2017-11-26,10000002,22466,367233342.47,355100013.71,391499999.99,6,6
2017-11-26,10000002,22468,381333263.33,363000000,390499895,3,3
2017-11-26,10000002,22470,335992663.62,335991998.98,335993992.46,6,6
2017-11-26,10000002,22474,494595204.56,471410000.47,506474774.17,18,17
2017-11-26,10000002,22534,16398997.42,15000000,16499999.55,129,45
2017-11-26,10000002,22535,104621430.63,99125024.72,109991878.49,79,45
2017-11-26,10000002,22536,399858.22,399858.22,399858.22,699,75
2017-11-26,10000002,22541,9000000,9000000,9000000,220,121
2017-11-26,10000002,22542,28009.04,28009.04,28009.04,1459,258
2017-11-26,10000002,22543,259230.77,250000,260000,13,13
2017-11-26,10000002,22544,400409837.46,393000000,408744433.83,74,59
2017-11-26,10000002,22546,279998996.49,279943443.19,280202992,110,81
2017-11-26,10000002,22548,312402963.54,300031059.17,330200000.16,40,33
2017-11-26,10000002,22551,28000000,28000000,28000000,119,63
2017-11-26,10000002,22552,1249899.72,1249899.72,1249899.72,504,83
2017-11-26,10000002,22559,44248228.34,42000005.94,44499999.94,85,52
2017-11-26,10000002,22570,17992993.7,17992992.94,17992997.07,10,9
2017-11-26,10000002,22571,116303370.61,108999999.99,118229991.62,18,17
2017-11-26,10000002,22572,50003.12,50003.12,50003.12,5,1
2017-11-26,10000002,22573,6200000,6200000,6200000,1,1
2017-11-26,10000002,22576,32499.95,32499.95,32499.95,263,46
2017-11-26,10000002,22577,250000,249999.99,250000,3,3
2017-11-26,10000002,22578,80000,80000,80000,702,190
2017-11-26,10000002,22611,20987018.48,18500386.04,23998986.99,39,28
2017-11-26,10000002,22613,81891259.02,75224592.27,95224592.54,3,3
2017-11-26,10000002,22615,250875492.74,250001256,251000421.13,8,6
2017-11-26,10000002,22619,20283460.5,17000102.32,21999992.17,17,13
2017-11-26,10000002,22761,33419782.06,32000000,34784949.08,51,42
2017-11-26,10000002,22765,70016.49,70016.49,70016.49,112,15
2017-11-26,10000002,22766,10400000,10400000,10400000,2,2
2017-11-26,10000002,22778,123996.9,123994.09,123996.91,19896,168
2017-11-26,10000002,22779,3164461.12,2344200,9999970.44,28,10
2017-11-26,10000002,22782,1499983.75,1499980,1499991.77,535,127
2017-11-26,10000002,22783,18862944,17328680,24999999.99,5,5
2017-11-26,10000002,22806,171080.92,120000,171129.71,224,146
2017-11-26,10000002,22807,126999.17,120000,126999.99,192,161
2017-11-26,10000002,22808,166444,120000,166445,182,150
2017-11-26,10000002,22809,169999.87,120000,169999.9,189,155
2017-11-26,10000002,22875,69999979.82,69999979.82,69999979.82,2,1
2017-11-26,10000002,22877,137666666.66,124999999.99,143999999.99,9,7
2017-11-26,10000002,22879,48000000.1,48000000.09,48000000.1,2,2
2017-11-26,10000002,22889,49954435.69,42340600.02,52999999.99,14,10
2017-11-26,10000002,22895,20999898.86,20999898.86,20999898.86,2,2
2017-11-26,10000002,22899,963992.01,963992.01,963992.01,1,1
2017-11-26,10000002,22905,4311659.99,1558300.24,4999999.93,5,2
2017-11-26,10000002,22919,44500001.05,22000002.1,50000000,4,4
2017-11-26,10000002,22925,6500000,6499999.99,6500000,2,2
2017-11-26,10000002,22929,25242989.02,25242989.02,25242989.02,3,1
2017-11-26,10000002,22945,38529355.85,34999999,43000000,13,8
2017-11-26,10000002,22949,18510000.34,18510000.29,18510000.37,6,5
2017-11-26,10000002,22953,27950000.13,19500000.28,36399999.97,2,2
2017-11-26,10000002,22961,447.94,447.94,447.94,444999,103
2017-11-26,10000002,22963,307.65,307.65,307.65,2700,1
2017-11-26,10000002,22965,788.88,788.88,788.88,5074,2
2017-11-26,10000002,22967,788.34,788.34,788.34,63768,9
2017-11-26,10000002,22969,308.5,308.5,308.5,1160,2
2017-11-26,10000002,22971,549.97,549.97,549.97,11670,5
2017-11-26,10000002,22973,286.69,286.69,286.69,2082,4
2017-11-26,10000002,22975,699.96,699.96,699.96,54330,6
2017-11-26,10000002,22977,657.91,657.91,657.91,500100,91
2017-11-26,10000002,22981,971.83,971.83,971.83,7240,2
2017-11-26,10000002,22983,1079.94,1079.94,1079.94,53110,14
2017-11-26,10000002,22985,851.99,851.99,851.99,41231,3
2017-11-26,10000002,22987,1248.91,1248.91,1248.91,46801,14
2017-11-26,10000002,22991,770.84,770.84,770.84,32475,9
2017-11-26,10000002,22993,1018.81,1018.81,1018.81,405010,25
2017-11-26,10000002,22997,1171.99,1171.99,1171.99,3000,1
2017-11-26,10000002,22999,1296.74,1296.74,1296.74,119200,8
2017-11-26,10000002,23001,1289.8,1289.8,1289.8,5080,2
2017-11-26,10000002,23003,1298.44,1298.44,1298.44,144432,13
2017-11-26,10000002,23007,1298.84,1298.84,1298.84,107669,4
2017-11-26,10000002,23009,470,462.35,478.97,4691949,461
2017-11-26,10000002,23011,777.71,777.71,777.71,26313,13
2017-11-26,10000002,23013,574.96,574.96,574.96,18885,16
2017-11-26,10000002,23015,798.86,798.86,798.86,174979,31
2017-11-26,10000002,23017,642.77,642.77,642.77,65524,21
2017-11-26,10000002,23019,450.09,450.01,450.27,182697,30
2017-11-26,10000002,23021,636.35,544.9,639,45595,16
2017-11-26,10000002,23023,688,687.99,688,135814,33
2017-11-26,10000002,23025,647.86,647.85,647.86,2966712,409
2017-11-26,10000002,23027,997.48,996.41,998.81,31504,17
2017-11-26,10000002,23029,954.59,954.59,954.59,88353,22
2017-11-26,10000002,23031,639.99,639.99,639.99,540129,57
2017-11-26,10000002,23033,789,789,789,94725,24
2017-11-26,10000002,23035,637.61,636.87,637.62,4003414,87
2017-11-26,10000002,23037,877.83,877.83,877.84,164089,28
2017-11-26,10000002,23039,949.74,949.74,949.74,320164,43
2017-11-26,10000002,23041,1199.92,1199.92,1199.92,18400,5
2017-11-26,10000002,23043,1299.99,1299.99,1299.99,13208,5
2017-11-26,10000002,23045,1349.96,1349.96,1349.96,134534,18
2017-11-26,10000002,23047,1165.84,1165.84,1165.84,24131,7
2017-11-26,10000002,23049,1121.96,1121.96,1121.97,30234,12
2017-11-26,10000002,23051,1398.3,902.23,1398.31,85962,23
2017-11-26,10000002,23053,1298,1298,1298,38800,10
2017-11-26,10000002,23055,3278885.31,3250000,3281005.95,673,42
2017-11-26,10000002,23056,206924771.42,200473400,207999999.99,7,7
2017-11-26,10000002,23057,2999999.78,2591109.07,2999999.98,728,56
2017-11-26,10000002,23058,203363320,203363320,203363320,2,2
2017-11-26,10000002,23059,3249788.14,3239999.67,3249797.97,1032,70
2017-11-26,10000002,23060,220999999.99,220999999.99,220999999.99,1,1
2017-11-26,10000002,23061,2978999.9,2830000.09,2998999.14,759,51
2017-11-26,10000002,23062,207999999.99,207999999.99,207999999.99,3,3
2017-11-26,10000002,23069,52113985.79,50000000,56865520.04,64,42
2017-11-26,10000002,23071,279998.8,279989.98,279999,2364,172
2017-11-26,10000002,23073,259899.86,259899.86,259899.86,636,44
2017-11-26,10000002,23075,294999.99,294999.99,294999.99,151,11
2017-11-26,10000002,23077,204571.22,161035.38,250000,94,12
2017-11-26,10000002,23079,269000,269000,269000,1372,69
2017-11-26,10000002,23081,324997.99,324997.99,324997.99,473,16
2017-11-26,10000002,23083,518996.17,518996.17,518996.17,302,16
2017-11-26,10000002,23085,320000,320000,320000,330,15
2017-11-26,10000002,23087,0.02,0.02,0.02,130,80
2017-11-26,10000002,23089,509222,509222,509222,1421,153
2017-11-26,10000002,23091,302109.21,302109.21,302109.21,659,18
2017-11-26,10000002,23093,449451.9,371000.33,467654.86,95,13
2017-11-26,10000002,23095,431838.99,358000.01,464999.98,87,15
2017-11-26,10000002,23097,469562.21,469562.17,469562.22,370,50
2017-11-26,10000002,23099,419998.62,419998.61,419998.63,153,20
2017-11-26,10000002,23101,478894.15,201000.43,500000,85,17
2017-11-26,10000002,23103,527000,527000,527000,141,23
2017-11-26,10000002,23105,849890.14,848998.89,849990.15,1444,101
2017-11-26,10000002,23107,1699999,1699999,1699999,187,13
2017-11-26,10000002,23109,984765.9,700000.03,1050027.87,98,18
2017-11-26,10000002,23111,903895.99,900000,903896.99,119,16
2017-11-26,10000002,23113,710001.02,710001,893999.94,863,31
2017-11-26,10000002,23115,630972.37,513001.08,650000,72,5
2017-11-26,10000002,23117,850592.51,730000.4,989998.55,54,7
2017-11-26,10000002,23119,761896.63,533283.29,799999.98,42,10
2017-11-26,10000002,23121,5545.35,3000,10900,97,66
2017-11-26,10000002,23123,100000,100000,100000,16,16
2017-11-26,10000002,23124,282142.86,250000,399999.99,56,15
2017-11-26,10000002,23128,4529980.64,4008000.02,4610000,32,21
2017-11-26,10000002,23129,150003,150003,150003,15,14
2017-11-26,10000002,23130,946802.15,911003,1089998.77,45,21
2017-11-26,10000002,23131,44295.08,33000,72999.95,17,13
2017-11-26,10000002,23132,38084004.88,36012007.74,44299999.99,4,4
2017-11-26,10000002,23133,846710.84,700000.4,1000000,38,27
2017-11-26,10000002,23134,7328424.4,7172090.02,7599998.95,46,30
2017-11-26,10000002,23135,407242.63,303050,699999.94,34,28
2017-11-26,10000002,23136,113637.77,45001.58,800000,11,11
2017-11-26,10000002,23137,7611000,7611000,7611000,8,5
2017-11-26,10000002,23138,1014287.34,300003.8,1550000,7,5
2017-11-26,10000002,23139,639883.51,471814.02,919999,8,6
2017-11-26,10000002,23140,102345.45,65101.31,189999.97,29,15
2017-11-26,10000002,23141,60012.39,60008.04,60014.01,24,11
2017-11-26,10000002,23142,51860.96,50004.53,62999.48,14,14
2017-11-26,10000002,23143,87297.98,11524.03,142023,31,15
2017-11-26,10000002,23144,19211.7,219.3,99997,25,24
2017-11-26,10000002,23145,280002.01,280002.01,280002.01,129,24
2017-11-26,10000002,23146,3442.77,3403.15,3500.01,22,15
2017-11-26,10000002,23147,164668.09,60002,687999.7,24,16
2017-11-26,10000002,23148,53331.33,45608.78,99999.98,21,13
2017-11-26,10000002,23149,13126789.81,12900020.91,14743999.91,54,15
2017-11-26,10000002,23150,251010.03,251010.01,251010.03,8,3
2017-11-26,10000002,23151,23633.4,11107.23,199000,15,14
2017-11-26,10000002,23152,16107923.16,16101000,16110000.02,13,13
2017-11-26,10000002,23153,99650.06,99650.06,99650.06,24,10
2017-11-26,10000002,23154,7831249.11,7199999.97,8799998.92,32,19
2017-11-26,10000002,23155,1000000.14,1000000.13,1000000.14,10,5
2017-11-26,10000002,23156,3886194.36,2600001.02,5498999,20,14
2017-11-26,10000002,23157,1410005.2,1410005.2,1410005.2,4,4
2017-11-26,10000002,23158,114.08,114.08,114.08,16881,146
2017-11-26,10000002,23159,90.04,90.04,90.04,22507,173
2017-11-26,10000002,23160,469.99,469.99,469.99,46067,152
2017-11-26,10000002,23161,210.78,210.74,836.99,7212,95
2017-11-26,10000002,23162,301.01,301.01,301.01,6413,52
2017-11-26,10000002,23163,162.11,162.11,162.11,11097,94
2017-11-26,10000002,23164,183.41,183.41,183.41,16313,136
2017-11-26,10000002,23165,181.12,181.12,181.12,9014,92
2017-11-26,10000002,23166,357.86,357.86,357.86,3142,67
2017-11-26,10000002,23167,363.16,363.16,363.16,3107,55
2017-11-26,10000002,23168,397965.78,320000.31,1099654.98,10,8
2017-11-26,10000002,23169,150495.84,134213.5,179998.48,18,14
2017-11-26,10000002,23170,218944.6,12000.77,389999.77,36,16
2017-11-26,10000002,23171,17275.51,6003.06,130000,11,9
2017-11-26,10000002,23172,38647002.78,38000003.55,39294002,2,2
2017-11-26,10000002,23173,5500.77,5500.77,5500.77,22,16
2017-11-26,10000002,23174,8375079.64,2750029.57,13999967.98,12,7
2017-11-26,10000002,23175,403417.2,200002.5,960000,36,30
2017-11-26,10000002,23176,102272.74,100000.01,150000,22,19
2017-11-26,10000002,23177,2575886.25,1000006,2801012,8,8
2017-11-26,10000002,23416,115524980.11,90057007,140992953.22,4,3
2017-11-26,10000002,23418,96624999.85,94999999.99,99999998.98,8,8
2017-11-26,10000002,23473,45799.83,45799.83,45799.83,224,19
2017-11-26,10000002,23506,30114.24,29399.95,30399.95,7,2
2017-11-26,10000002,23510,60000,60000,60000,5,1
2017-11-26,10000002,23511,6900000,6900000,6900000,1,1
2017-11-26,10000002,23512,27431.92,24539.94,38999.85,25,2
2017-11-26,10000002,23513,7999950,7999950,7999950,1,1
2017-11-26,10000002,23523,77997.96,77996.99,77997.96,239,30
2017-11-26,10000002,23524,11300000,11300000,11300000,2,2
2017-11-26,10000002,23525,97665.85,97665.82,97665.89,460,24
2017-11-26,10000002,23526,16600000,16600000,16600000,1,1
2017-11-26,10000002,23527,267297.89,239888.88,267388,1337,466
2017-11-26,10000002,23528,2411555.55,2129999.99,2492000,9,9
2017-11-26,10000002,23533,10028.69,10028.69,10028.69,292,59
2017-11-26,10000002,23534,125000,125000,125000,14,7
2017-11-26,10000002,23536,103654.81,18000.36,169980.43,49,10
2017-11-26,10000002,23537,4200000,4200000,4200000,2,2
2017-11-26,10000002,23559,70003.06,70003.05,107999.98,545,48
2017-11-26,10000002,23560,16500000,16500000,16500000,3,3
2017-11-26,10000002,23561,58488.01,58488.01,58488.02,412,46
2017-11-26,10000002,23562,16200000,16200000,16200000,1,1
2017-11-26,10000002,23563,87432.95,87430.99,87432.95,539,28
2017-11-26,10000002,23564,16500000,16500000,16500000,2,2
2017-11-26,10000002,23566,400000,400000,400000,274,124
2017-11-26,10000002,23594,450000,450000,450000,191,103
2017-11-26,10000002,23606,150000,150000,150000,739,163
2017-11-26,10000002,23618,50000,50000,50000,323,175
2017-11-26,10000002,23659,686.87,127.01,1999.88,93,10
2017-11-26,10000002,23660,222000,222000,222000,3,3
2017-11-26,10000002,23674,301999999.2,301999999,301999999.99,5,5
2017-11-26,10000002,23702,14167.18,2552.25,19974.65,18,6
2017-11-26,10000002,23703,1770000,1770000,1770000,3,3
2017-11-26,10000002,23705,32480.88,32480.88,32480.89,1258,173
2017-11-26,10000002,23706,1700000,1700000,1700000,4,4
2017-11-26,10000002,23707,6007.64,6007.64,6500,29403,718
2017-11-26,10000002,23708,314700,299999.98,316800,8,8
2017-11-26,10000002,23709,13899.73,5191.63,13899.74,228,38
2017-11-26,10000002,23710,2700000,2700000,2700000,1,1
2017-11-26,10000002,23711,7399.96,7399.96,7399.96,668,65
2017-11-26,10000002,23712,555000,555000,555000,2,2
2017-11-26,10000002,23713,29999.8,29999.8,29999.8,1,1
2017-11-26,10000002,23715,6960,6960,6960,104,15
2017-11-26,10000002,23716,330000,330000,330000,1,1
2017-11-26,10000002,23717,41900,22335.02,43998.99,114,19
2017-11-26,10000002,23718,2999000,2999000,2999000,2,2
2017-11-26,10000002,23719,7096,2613.62,7097,224,33
2017-11-26,10000002,23720,555000,555000,555000,3,3
2017-11-26,10000002,23721,57146.86,3006.22,67974.99,6,2
2017-11-26,10000002,23723,5002.46,5002.46,5002.46,103,9
2017-11-26,10000002,23724,420000,420000,420000,1,1
2017-11-26,10000002,23725,49000,49000,49000,10,2
2017-11-26,10000002,23727,5426.1,5003.8,5989.17,14,4
2017-11-26,10000002,23728,210000,210000,210000,3,3
2017-11-26,10000002,23729,38998.89,38998.88,38998.9,62,13
2017-11-26,10000002,23730,1600000,1600000,1600000,2,2
2017-11-26,10000002,23731,7000,6000,7997.46,380,36
2017-11-26,10000002,23732,444000,444000,444000,5,5
2017-11-26,10000002,23735,47500004.05,36000008.1,59000000,2,2
2017-11-26,10000002,23757,1089999500,1088999000,1091000000,4,4
2017-11-26,10000002,23758,1141499999.99,1141499999.99,1141499999.99,1,1
2017-11-26,10000002,23785,64447996.56,39900003.45,88995989.67,2,2
2017-11-26,10000002,23787,12028559.8,6200000.12,12999986.42,7,6
2017-11-26,10000002,23789,25999999.92,25999999.92,25999999.92,4,4
2017-11-26,10000002,23791,57545.45,53500,63500,66,22
2017-11-26,10000002,23795,4159962.98,614000.01,4603208.35,9,8
2017-11-26,10000002,23797,30199985.2,28000000.51,34999974.89,5,5
2017-11-26,10000002,23799,22930001.1,22930001.1,22930001.1,1,1
2017-11-26,10000002,23801,26198674.62,22000002.39,28997789.42,5,4
2017-11-26,10000002,23803,48800006.37,41000000,50000007.35,15,11
2017-11-26,10000002,23805,189929292.69,173000000.16,194999999.51,17,17
2017-11-26,10000002,23809,12799999.99,12799999.99,12799999.99,1,1
2017-11-26,10000002,23811,9999999.92,9999999.89,9999999.98,3,2
2017-11-26,10000002,23815,21000710.86,18512500.5,21995995,7,5
2017-11-26,10000002,23819,93288888.07,93249999.99,93299998.94,9,5
2017-11-26,10000002,23821,85000000,85000000,85000000,1,1
2017-11-26,10000002,23834,279000,279000,279000,2,1
2017-11-26,10000002,23840,13495999,13495999,13495999,4,2
2017-11-26,10000002,23844,3252639.12,3252639.12,3252639.12,2,1
2017-11-26,10000002,23852,3199996.25,3199995,3200000,4,4
2017-11-26,10000002,23856,28995995,28995995,28995995,10,5
2017-11-26,10000002,23864,4100111.61,200223.24,7999999.97,2,2
2017-11-26,10000002,23868,65999998.98,65999998.98,65999998.98,1,1
2017-11-26,10000002,23894,89283348.05,78200100.33,91499997.99,6,5
2017-11-26,10000002,23896,63499492.82,63499492.82,63499492.82,20,7
2017-11-26,10000002,23898,10524657.11,7000014.72,11699871.86,4,4
2017-11-26,10000002,23912,1298999999.99,1298999999.99,1298999999.99,1,1
2017-11-26,10000002,23915,1064988897.77,930000000,1199977795.53,2,2
2017-11-26,10000002,23950,66703810.54,64000000,69898961.72,30,23
2017-11-26,10000002,23953,546999997.33,546000000,548999992,3,3
2017-11-26,10000002,24241,50000,50000,50000,1071,253
2017-11-26,10000002,24242,1000000,1000000,1000000,557,178
2017-11-26,10000002,24268,7728021,7500000,8298923.88,67,33
2017-11-26,10000002,24270,7765612.81,7500000,8499935.57,75,32
2017-11-26,10000002,24283,48999995.04,48825000,48999997.35,152,66
2017-11-26,10000002,24284,57142856.71,55000000,69999997,7,4
2017-11-26,10000002,24305,3700000,3455000.14,3839990,128,46
2017-11-26,10000002,24311,501862742.24,500000000,518999970.86,51,12
2017-11-26,10000002,24312,513612812.5,500000000,518999999,26,26
2017-11-26,10000002,24313,508536332.48,500000000,517999999,33,29
2017-11-26,10000002,24314,503169794.41,500000000,517799999,73,29
2017-11-26,10000002,24348,1374997.99,1126013.81,1379993,709,251
2017-11-26,10000002,24349,90000,89999.99,90000,10,10
2017-11-26,10000002,24395,199990,199989.99,199994.97,354,152
2017-11-26,10000002,24396,1498500,1498500,1498500,3,3
2017-11-26,10000002,24417,1646049.94,1400005.01,1646073.18,510,227
2017-11-26,10000002,24427,1448998.98,1448998.98,1448999,958,411
2017-11-26,10000002,24438,1193899.99,1192000,1193996.4,506,200
2017-11-26,10000002,24443,948844.99,879001.05,948845.98,243,144
2017-11-26,10000002,24445,113525.06,100001.2,115553,69,41
2017-11-26,10000002,24471,64.38,64.38,64.38,981406,143
2017-11-26,10000002,24473,57.18,57.11,57.19,594202,100
2017-11-26,10000002,24475,88.59,88.59,88.59,504819,109
2017-11-26,10000002,24477,147.97,147.97,147.97,455483,60
2017-11-26,10000002,24478,94.43,94.42,103.41,143428,52
2017-11-26,10000002,24479,76.67,76.67,76.67,129420,46
2017-11-26,10000002,24484,1194399999.99,1194399999.99,1194399999.99,4,4
2017-11-26,10000002,24486,111.91,111.88,111.99,530269,95
2017-11-26,10000002,24488,112.97,112.55,113.11,375741,74
2017-11-26,10000002,24490,129.48,129.47,129.96,4257479,122
2017-11-26,10000002,24492,109.14,106.99,109.34,1764247,134
2017-11-26,10000002,24493,134.79,134.77,135.94,755333,55
2017-11-26,10000002,24494,100.89,99.99,100.89,415798,46
2017-11-26,10000002,24495,128.25,126.92,130.02,3476823,310
2017-11-26,10000002,24497,124.78,124.78,124.78,1772580,182
2017-11-26,10000002,24499,145.34,126.99,159.16,2199170,217
2017-11-26,10000002,24501,72.89,72.89,72.89,234041,51
2017-11-26,10000002,24503,62.99,62.97,63.69,144494,38
2017-11-26,10000002,24505,130.49,101.41,130.56,193661,37
2017-11-26,10000002,24507,547.89,547.88,547.89,312514,73
2017-11-26,10000002,24509,572.85,572.69,572.88,709025,119
2017-11-26,10000002,24511,462.74,462.72,462.77,1021742,104
2017-11-26,10000002,24513,622.72,523.25,622.87,565668,85
2017-11-26,10000002,24515,445.75,445.75,445.76,90352,27
2017-11-26,10000002,24517,550,550,553.97,154322,34
2017-11-26,10000002,24519,1692.98,1692.9,1693.65,160266,38
2017-11-26,10000002,24521,1577.73,1577.72,1577.8,109371,49
2017-11-26,10000002,24523,1595.45,1595.4,1595.45,128017,43
2017-11-26,10000002,24525,1219.53,1200,1219.53,83778,27
2017-11-26,10000002,24527,1299.87,1299.87,1299.87,46192,24
2017-11-26,10000002,24529,1099.95,1099.95,1099.95,74224,26
2017-11-26,10000002,24531,690.79,690.61,691.55,846499,72
2017-11-26,10000002,24533,739.5,738,739.8,4461921,127
2017-11-26,10000002,24535,750.05,750.01,998.24,1016581,78
2017-11-26,10000002,24537,544,544,544,185574,29
2017-11-26,10000002,24539,502.94,502.94,502.94,250438,27
2017-11-26,10000002,24541,523.66,523.65,523.73,230371,47
2017-11-26,10000002,24548,1683418400,1683418399.99,1683418400,3,3
2017-11-26,10000002,24550,276000050,270000100,282000000,2,2
2017-11-26,10000002,24554,261999973,261999973,261999973,1,1
2017-11-26,10000002,24558,10840484.18,8995508.21,10899999.53,32,11
2017-11-26,10000002,24559,1697361200,1697361200,1697361200,2,2
2017-11-26,10000002,24560,8916923.14,8480000,9250000,26,7
2017-11-26,10000002,24561,1670784800,1670784800,1670784800,3,3
2017-11-26,10000002,24562,52666657.43,50000000,55999978.5,27,23
2017-11-26,10000002,24563,258499998.92,250000000,269999999.99,12,11
2017-11-26,10000002,24568,10371385.09,10000000,10999887,35,24
2017-11-26,10000002,24569,27519794.04,24204163.76,29249687.99,35,15
2017-11-26,10000002,24570,79999969,79999969,79999969,1,1
2017-11-26,10000002,24571,11999475.49,10000000,11999999,148,69
2017-11-26,10000002,24572,10917678.15,10000000,12446106.15,80,36
2017-11-26,10000002,24574,22804502.48,22609008.96,22999995.99,2,2
2017-11-26,10000002,24593,261.91,261.91,261.91,1249,2
2017-11-26,10000002,24594,607.98,607.98,607.98,20442,7
2017-11-26,10000002,24606,127524999.4,125000000,135499998.99,20,9
2017-11-26,10000002,24613,15914654.26,15000000,17998842.99,79,48
2017-11-26,10000002,24624,20272912.57,20000000,21299999,78,46
2017-11-26,10000002,24625,20000000,20000000,20000000,138,74
2017-11-26,10000002,24632,22256558.85,22099992.97,24999999.98,32,27
2017-11-26,10000002,24636,159333333.33,159000000,159999999.99,3,3
2017-11-26,10000002,24637,144299131,132310000,158000995,15,10
2017-11-26,10000002,24638,143860993.97,137150368.26,162699516.85,95,56
2017-11-26,10000002,24639,174999902.65,174999897.99,174999924.5,12,12
2017-11-26,10000002,24640,163914139.17,162999999.17,163997946.33,12,12
2017-11-26,10000002,24641,27700003.97,15500009.89,29900000,4,4
2017-11-26,10000002,24645,400000000,400000000,400000000,1,1
2017-11-26,10000002,24646,1199999999.96,1199999999.91,1200000000,2,2
2017-11-26,10000002,24653,33300007.75,33300007.75,33300007.75,1,1
2017-11-26,10000002,24655,40740002.83,36110004.24,50000000,3,3
2017-11-26,10000002,24656,89999973.08,89999973.08,89999973.08,1,1
2017-11-26,10000002,24660,1600800.06,1600800.06,1600800.06,2,1
2017-11-26,10000002,24663,49120000.72,46105003.64,51995984.82,53,49
2017-11-26,10000002,24688,184142618.3,171100995.51,188999999.31,59,33
2017-11-26,10000002,24690,187855735.67,183803300.47,188297988,21,17
2017-11-26,10000002,24691,1829989999.99,1829989999.99,1829989999.99,1,1
2017-11-26,10000002,24692,156128593.07,150210002.72,159999999.96,27,25
2017-11-26,10000002,24693,1874699999.99,1874699999.99,1874699999.99,1,1
2017-11-26,10000002,24694,169864148.04,155000002.86,170000000,9,9
2017-11-26,10000002,24696,46156730.04,44000000,48689653.2,25,25
2017-11-26,10000002,24698,41622266.21,38101012.7,42997278,92,78
2017-11-26,10000002,24699,580000000,580000000,580000000,2,2
2017-11-26,10000002,24700,47942296.26,42151850.06,48572211.83,53,45
2017-11-26,10000002,24702,43779993.99,43700000,43779994.88,104,73
2017-11-26,10000002,24703,588999954,588999954,588999954,1,1
2017-11-26,10000002,24764,20616322.55,20000000,21934711,47,32
2017-11-26,10000002,25233,194491.99,150000,238983.99,34,30
2017-11-26,10000002,25235,150000,150000,150000,168,115
2017-11-26,10000002,25237,108560.55,108560.55,108560.55,687,2
2017-11-26,10000002,25239,100000.01,100000.01,100000.01,103,16
2017-11-26,10000002,25266,1852093.96,1852093.94,1852093.96,381,112
2017-11-26,10000002,25268,73996.75,73996.75,73996.75,1452,7
2017-11-26,10000002,25270,3931276.62,3603172.59,5899900,7,3
2017-11-26,10000002,25273,68002.93,68002.93,68002.93,21481,26
2017-11-26,10000002,25274,62356.09,62356.07,62394.18,71980,24
2017-11-26,10000002,25275,72897.97,72897.97,72897.97,5592,6
2017-11-26,10000002,25276,47055.54,47055.54,47055.54,6100,7
2017-11-26,10000002,25277,119981,119981,119981,600,3
2017-11-26,10000002,25278,78998.99,78998.99,78998.99,10400,5
2017-11-26,10000002,25279,59990,59990,59990,600,2
2017-11-26,10000002,25280,4000000.36,4000000.36,4000000.36,1,1
2017-11-26,10000002,25336,100000.01,100000.01,100000.01,7,1
2017-11-26,10000002,25349,24769747.09,22500000.1,24999999.77,64,26
2017-11-26,10000002,25530,60289019.97,57544241.78,62999899.44,43,36
2017-11-26,10000002,25538,149483644.71,144008180,154988223.31,53,43
2017-11-26,10000002,25544,26888974.99,26888967,26888976.14,105,86
2017-11-26,10000002,25545,48052.51,11353.13,56973.78,10,6
2017-11-26,10000002,25546,175999992.99,175999992.99,175999992.99,1,1
2017-11-26,10000002,25547,317180.91,82000.54,364999,11,6
2017-11-26,10000002,25548,179126388.13,179126388.13,179126388.13,1,1
2017-11-26,10000002,25561,39470.82,6000.1,43993.89,84,10
2017-11-26,10000002,25562,1049199.87,249600,1448999.8,3,3
2017-11-26,10000002,25563,2949987.9,1804135.41,2949991,261,89
2017-11-26,10000002,25565,99999,57000.46,118998.89,335,142
2017-11-26,10000002,25567,8527.13,8526.03,8527.22,186,79
2017-11-26,10000002,25569,12100.1,12100.1,12100.1,150,86
2017-11-26,10000002,25571,11303,11303,11303,277,117
2017-11-26,10000002,25588,14250,14250,14250,224335,1062
2017-11-26,10000002,25589,5805,5803,6449.97,284152,1278
2017-11-26,10000002,25590,116202.5,116202,119988,219510,1029
2017-11-26,10000002,25591,260005.07,248997.65,276398.93,202640,939
2017-11-26,10000002,25592,16515.12,16515,17546,243690,745
2017-11-26,10000002,25593,11100.14,11100,11100.5,238762,717
2017-11-26,10000002,25594,62869.97,59001.82,64998.97,214960,804
2017-11-26,10000002,25595,20013.14,20012.86,20112.01,150701,735
2017-11-26,10000002,25596,40009.07,40009.05,42398.89,166961,924
2017-11-26,10000002,25597,4300.36,4300.22,4393.98,338666,1454
2017-11-26,10000002,25598,11410.01,11410,11410.03,682605,1652
2017-11-26,10000002,25599,1010,950.94,1043.84,1458430,1642
2017-11-26,10000002,25600,28024.44,28023.68,29864.9,709934,1805
2017-11-26,10000002,25601,3803.38,3803.01,4098.91,887641,1667
2017-11-26,10000002,25602,16000.04,16000.02,16401.57,164133,520
2017-11-26,10000002,25603,50999.83,47006.9,53896.95,96441,555
2017-11-26,10000002,25604,14230.02,13624,14300.01,295254,967
2017-11-26,10000002,25605,48500,47504.2,52704.11,289357,891
2017-11-26,10000002,25606,79600,79201.05,84700.05,277850,860
2017-11-26,10000002,25607,60010.01,60006.42,64494.94,28601,432
2017-11-26,10000002,25608,577201.03,577000.97,607199.96,18414,404
2017-11-26,10000002,25609,311102.46,310026.19,339985.04,15431,416
2017-11-26,10000002,25610,666000,645449.25,700000,17019,409
2017-11-26,10000002,25611,72700.03,72700,73989,18723,364
2017-11-26,10000002,25612,1091522.01,1091521.04,1149994.43,15778,392
2017-11-26,10000002,25613,811000.2,810001.01,875998.94,9192,355
2017-11-26,10000002,25614,645001.74,645001.69,679000,11610,358
2017-11-26,10000002,25615,3043013.99,3043005.16,3119998.99,22497,423
2017-11-26,10000002,25616,11310,11310,11310,104660,792
2017-11-26,10000002,25617,411000,410000.02,412000,70651,1005
2017-11-26,10000002,25618,18520.07,18520,19486.98,108450,892
2017-11-26,10000002,25619,700011.64,700000.01,703010.7,70227,1019
2017-11-26,10000002,25620,45314,45240.55,45315.23,77613,943
2017-11-26,10000002,25621,1050003.46,1050000,1074999.99,10591,379
2017-11-26,10000002,25622,641000.01,639000.01,642000.01,4377,319
2017-11-26,10000002,25623,51108.8,51098.47,51164.23,7122,316
2017-11-26,10000002,25624,4672038.71,4672035,4745037.93,12766,329
2017-11-26,10000002,25625,2807401.38,2807400.09,2809000.02,12821,418
2017-11-26,10000002,25707,102001.01,102000.02,338997.56,504,144
2017-11-26,10000002,25709,5334.5,5334.22,5336,417,125
2017-11-26,10000002,25711,6252,6252,6252,299,104
2017-11-26,10000002,25713,8252,8000,8252.07,134,55
2017-11-26,10000002,25715,1198088.99,1198086.96,1244993.96,1670,276
2017-11-26,10000002,25718,2333333.01,2333333,2333333.01,200,56
2017-11-26,10000002,25719,100000,100000,100000,457,104
2017-11-26,10000002,25736,8449142.87,3864000.1,9000000,14,11
2017-11-26,10000002,25737,2029713.65,2029713.65,2029713.65,4,4
2017-11-26,10000002,25739,480833.78,450000,534903.99,70,34
2017-11-26,10000002,25810,450000,450000,546912.98,120,84
2017-11-26,10000002,25811,450000,450000,450000,162,36
2017-11-26,10000002,25812,5999895,5998984,5999899.97,271,81
2017-11-26,10000002,25861,53999.89,53989.99,53999.89,2453,641
2017-11-26,10000002,25862,386894.06,332640,411555,16,16
2017-11-26,10000002,25863,1270297.46,1000000,1799978.3,65,34
2017-11-26,10000002,25887,87385.56,87351.31,98184.92,11552,204
2017-11-26,10000002,25888,11479063.14,11000000,11960979.94,52,45
2017-11-26,10000002,25889,3898986.31,3898986.3,3898986.31,2,2
2017-11-26,10000002,25890,10827526.29,10799999.99,10999999,62,23
2017-11-26,10000002,25891,3249900.08,3249900.08,3249900.08,4,4
2017-11-26,10000002,25892,10999997.22,10999988,10999999,18,12
2017-11-26,10000002,25893,2418621.5,2418621.5,2418621.5,2,2
2017-11-26,10000002,25894,12129936.76,12128998.67,12129936.82,950,148
2017-11-26,10000002,25895,1600000,1600000,1600000,7,7
2017-11-26,10000002,25896,16999999.99,16999999.97,16999999.99,118,68
2017-11-26,10000002,25897,1295400,1295400,1295400,4,4
2017-11-26,10000002,25898,14005487.18,13947998.97,16969887.78,52,38
2017-11-26,10000002,25899,1300000,1300000,1300000,3,2
2017-11-26,10000002,25900,18959826.73,18699997.87,19399996.99,35,15
2017-11-26,10000002,25901,1690000,1690000,1690000,1,1
2017-11-26,10000002,25902,13498998.96,13498998.96,13498998.96,4,1
2017-11-26,10000002,25906,749996.45,749996,749996.99,11,7
2017-11-26,10000002,25907,1250000,1250000,1250000,1,1
2017-11-26,10000002,25908,4812086.9,4812086.62,4812092.11,16,12
2017-11-26,10000002,25909,1250000,1250000,1250000,1,1
2017-11-26,10000002,25910,5949999,5949999,5949999,1,1
2017-11-26,10000002,25911,1250000,1250000,1250000,2,1
2017-11-26,10000002,25912,4889999,4800000,4899999,10,9
2017-11-26,10000002,25914,6899995.92,6899994.98,6899996.86,2,2
2017-11-26,10000002,25915,1250000,1250000,1250000,1,1
2017-11-26,10000002,25916,8999998,8999998,8999998,5,4
2017-11-26,10000002,25918,9598567,8299000.03,9749999.37,74,43
2017-11-26,10000002,25919,1555000,1555000,1555000,5,5
2017-11-26,10000002,25920,11415131.84,4500660.16,13500000,20,11
2017-11-26,10000002,25921,3125000,1250000,4999999.99,2,2
2017-11-26,10000002,25948,4898992.59,4888004.37,4898993.8,300,126
2017-11-26,10000002,25949,1250000,1250000,1250000,6,6
2017-11-26,10000002,25950,4191619.39,3024092.53,4249995.73,42,15
2017-11-26,10000002,25952,3000000,3000000,3000000,1,1
2017-11-26,10000002,25953,1250000,1250000,1250000,1,1
2017-11-26,10000002,25954,12770914.45,8425305.36,12999998.52,20,15
2017-11-26,10000002,25955,1250000,1250000,1250000,2,2
2017-11-26,10000002,25956,15017070.12,14200000.09,15199995.95,41,28
2017-11-26,10000002,25957,1250000,1249999.99,1250000,5,5
2017-11-26,10000002,25968,899999,899999,899999,1,1
2017-11-26,10000002,25969,1499995,1499995,1499995,1,1
2017-11-26,10000002,25972,1499999.98,1499999.98,1499999.98,4,4
2017-11-26,10000002,25973,1494993.48,1494993.48,1494993.48,1,1
2017-11-26,10000002,25974,1899998.99,1899998.99,1899998.99,1,1
2017-11-26,10000002,25975,1499994,1499994,1499994,1,1
2017-11-26,10000002,25976,1499999.01,1499999.01,1499999.01,1,1
2017-11-26,10000002,25978,2599999,2599999,2599999,5,5
2017-11-26,10000002,25979,1485993.52,1485993.52,1485993.52,1,1
2017-11-26,10000002,25980,2973492.3,1999999.81,4993970.73,4,4
2017-11-26,10000002,25981,1484447.53,1483899.05,1484996,2,2
2017-11-26,10000002,25996,5999999.99,5999999.99,5999999.99,2,2
2017-11-26,10000002,26000,6346677.53,1520016.3,15999999.99,3,3
2017-11-26,10000002,26002,14900000,13250000,16000000,5,5
2017-11-26,10000002,26004,16000000,16000000,16000000,1,1
2017-11-26,10000002,26006,19999999.99,19999999.99,19999999.99,4,4
2017-11-26,10000002,26009,1250000,1250000,1250000,2,1
2017-11-26,10000002,26016,7545391.34,2772024.95,7999997,23,14
2017-11-26,10000002,26020,12283996.68,8000000.01,12997999.68,28,22
2017-11-26,10000002,26021,1250000,1250000,1250000,2,2
2017-11-26,10000002,26022,7777328.87,4000000.01,7999497.47,9,8
2017-11-26,10000002,26026,6226720.66,2101120,6899889.98,15,13
2017-11-26,10000002,26027,1259453.82,1259453.82,1259453.82,1,1
2017-11-26,10000002,26028,5999997.94,5699999,8999987.3,11,10
2017-11-26,10000002,26029,1250000,1250000,1250000,4,4
2017-11-26,10000002,26030,7278485.75,3631225.05,7799999,24,17
2017-11-26,10000002,26038,1649999,1649999,1649999,1,1
2017-11-26,10000002,26039,1250000,1250000,1250000,1,1
2017-11-26,10000002,26041,1250000,1250000,1250000,1,1
2017-11-26,10000002,26042,1649999,1649999,1649999,3,2
2017-11-26,10000002,26043,1250000,1250000,1250000,1,1
2017-11-26,10000002,26046,2199878.08,2199878.08,2199878.08,1,1
2017-11-26,10000002,26047,1250000,1250000,1250000,2,2
2017-11-26,10000002,26048,2399998.5,2399998,2399999,2,2
2017-11-26,10000002,26049,1250000,1250000,1250000,2,2
2017-11-26,10000002,26056,2495000,2495000,2495000,3,1
2017-11-26,10000002,26058,4992306.85,3899999,11000000,13,8
2017-11-26,10000002,26059,1250000,1250000,1250000,2,2
2017-11-26,10000002,26061,1850000,1850000,1850000,1,1
2017-11-26,10000002,26068,5377078.69,5299997.99,8999869.7,48,24
2017-11-26,10000002,26069,1250000,1250000,1250000,1,1
2017-11-26,10000002,26070,3733905.84,805160.58,4099999,18,10
2017-11-26,10000002,26072,5051619.22,2510042.01,5599927.94,24,16
2017-11-26,10000002,26073,3125000,1250000,4999999.99,2,2
2017-11-26,10000002,26076,1153417.12,820005,1199992.99,64,49
2017-11-26,10000002,26077,1250000,1250000,1250000,3,3
2017-11-26,10000002,26078,949097.99,949097.99,949097.99,2,2
2017-11-26,10000002,26080,786334.12,281355.15,898993,11,11
2017-11-26,10000002,26082,1098245.78,550000.17,1600000,57,33
2017-11-26,10000002,26083,1250000,1250000,1250000,1,1
2017-11-26,10000002,26084,8048526.79,7999997.98,17999991.69,70,29
2017-11-26,10000002,26085,1250000,1250000,1250000,2,2
2017-11-26,10000002,26086,8636361.23,7999999,8999996.79,11,7
2017-11-26,10000002,26088,8298998.28,8298998.25,8298998.37,445,104
2017-11-26,10000002,26089,1250000,1250000,1250000,6,6
2017-11-26,10000002,26090,1199999.99,1199999.99,1200000,3,2
2017-11-26,10000002,26091,1250000,1250000,1250000,3,2
2017-11-26,10000002,26100,3628570.57,200000.03,4199999,7,4
2017-11-26,10000002,26102,4166665.78,3500000,4249999,9,9
2017-11-26,10000002,26106,1749998.96,1749998.91,1749999,5,3
2017-11-26,10000002,26108,1338502.25,15514.12,1999996.32,3,3
2017-11-26,10000002,26224,32029473.19,26000143.39,33900064.98,17,16
2017-11-26,10000002,26252,29995.91,4906.06,29995.99,399,238
2017-11-26,10000002,26253,94899.99,84500,94997.98,140,132
2017-11-26,10000002,26254,20000,20000,20000,630,117
2017-11-26,10000002,26255,100000,99999.99,100000,157,142
2017-11-26,10000002,26256,100000,100000,103499,108,106
2017-11-26,10000002,26257,100000,100000,100000,681,78
2017-11-26,10000002,26258,31570.21,29989,100000,99,87
2017-11-26,10000002,26259,100000,41028.4,104995.97,158,115
2017-11-26,10000002,26260,88888,87999.99,99990.91,141,116
2017-11-26,10000002,26261,100000,100000,100000,146,119
2017-11-26,10000002,26286,116999999.99,116999999.99,116999999.99,1,1
2017-11-26,10000002,26288,119799973.11,119799971.87,119799978.06,10,10
2017-11-26,10000002,26290,101992320.52,101988986.29,101998988.98,3,3
2017-11-26,10000002,26292,123999997.57,123999997.2,123999997.76,3,3
2017-11-26,10000002,26294,134616662.25,134599999.88,134699973.94,6,6
2017-11-26,10000002,26296,140561838.24,104685636.32,158499937.22,6,6
2017-11-26,10000002,26298,147649988.73,147600000,147699975.12,18,11
2017-11-26,10000002,26302,106878597.05,100000312.46,107999999.62,70,39
2017-11-26,10000002,26304,37609991.61,37609991.53,37609991.97,40,26
2017-11-26,10000002,26310,33999999.99,33999999.99,33999999.99,1,1
2017-11-26,10000002,26312,38999998.26,38999998.25,38999998.28,6,4
2017-11-26,10000002,26318,30555998.41,24000001.01,32194997.75,5,5
2017-11-26,10000002,26322,54868445.15,42000138.65,58499986.61,19,13
2017-11-26,10000002,26324,124989985.38,124989985.36,124989985.39,3,2
2017-11-26,10000002,26328,130853772.66,127698000,137099999.79,78,50
2017-11-26,10000002,26332,96999995.53,96999995.53,96999995.53,1,1
2017-11-26,10000002,26334,159799850.13,159799847.53,159799851,4,3
2017-11-26,10000002,26352,9666666.54,5000000,18999999.61,3,2
2017-11-26,10000002,26358,30499999.97,29800000,30999999.94,12,5
2017-11-26,10000002,26360,27115999.63,26894999.54,28000000,5,4
2017-11-26,10000002,26364,35999999.87,35999999.87,35999999.88,5,4
2017-11-26,10000002,26368,29998878.63,26191765.32,30399999.49,30,18
2017-11-26,10000002,26370,114128558.39,113999999.99,114149986.66,7,7
2017-11-26,10000002,26374,33987973.49,33987970.73,33988955,216,125
2017-11-26,10000002,26376,69299988.8,69000000,69999944.91,20,17
2017-11-26,10000002,26380,17990104.74,17990104.72,17990104.79,3,3
2017-11-26,10000002,26382,13998044.79,13998044,13998046.37,3,3
2017-11-26,10000002,26384,1000000.01,1000000.01,1000000.01,2,1
2017-11-26,10000002,26386,7699899.33,7699899,7699899.98,3,2
2017-11-26,10000002,26388,13777775.09,12000000,13999996.98,9,9
2017-11-26,10000002,26390,12699799.89,12699799.89,12699799.89,1,1
2017-11-26,10000002,26392,5998996,5998996,5998996,1,1
2017-11-26,10000002,26394,34999998.12,34999998.02,34999998.35,10,9
2017-11-26,10000002,26402,29998998.93,29998997.77,29999000,64,21
2017-11-26,10000002,26404,37998997.83,37998997.8,37998997.83,6,3
2017-11-26,10000002,26406,45894999.23,45894999.22,45894999.24,9,9
2017-11-26,10000002,26412,39727793.61,22000003.35,40989989.98,15,15
2017-11-26,10000002,26414,48074999.99,47699999.99,48700000,16,14
2017-11-26,10000002,26416,41220407.17,34002035.9,41700000,10,7
2017-11-26,10000002,26418,44499999.67,43999999.5,44999999.85,4,4
2017-11-26,10000002,26420,45240001.72,27000008.64,49799999.99,5,5
2017-11-26,10000002,26424,44900000,44900000,44900000,1,1
2017-11-26,10000002,26428,34989998.87,34989998.83,34989998.9,2,2
2017-11-26,10000002,26430,49200059.53,33000297.81,52999999.98,10,10
2017-11-26,10000002,26434,41999993.91,41999993.89,41999993.92,2,2
2017-11-26,10000002,26436,13204997.19,13204995.25,13204998.36,175,83
2017-11-26,10000002,26438,12191428.06,8270000,13799998.8,7,5
2017-11-26,10000002,26440,15015640.61,2399900.32,15400000,37,13
2017-11-26,10000002,26442,13264951.59,11111166.45,13399998.93,88,70
2017-11-26,10000002,26444,11640007.13,11400007.71,17399993.4,25,19
2017-11-26,10000002,26446,3999997.43,3999997.43,3999997.43,4,2
2017-11-26,10000002,26448,78848048.65,74900001.04,78899996.22,77,39
2017-11-26,10000002,26450,83492340.32,70000000.34,84399490.99,69,35
2017-11-26,10000002,26452,83599979.4,80000000,83999970.77,10,10
2017-11-26,10000002,26759,333932.36,333888,333998.9,5,5
2017-11-26,10000002,26760,600000,600000,600000,8,8
2017-11-26,10000002,26761,600000,599999.98,600000,7,7
2017-11-26,10000002,26762,600000,599999.98,600000,7,7
2017-11-26,10000002,26888,31999996.99,31999996.99,31999996.99,103,19
2017-11-26,10000002,26890,13946328.87,13875000,16969945.98,58,17
2017-11-26,10000002,26892,6771054.57,6257352.05,7619999.92,85,13
2017-11-26,10000002,26902,8624090.91,2670000.01,9945000,11,6
2017-11-26,10000002,26912,1582000,1582000,1582000,123,34
2017-11-26,10000002,26913,1838999.89,1838999.89,1838999.89,320,55
2017-11-26,10000002,26914,1851602.76,1850997.85,1875403.38,399,82
2017-11-26,10000002,26929,81999.98,81999.97,82000,1159,341
2017-11-26,10000002,26930,125000,125000,125000,4,4
2017-11-26,10000002,26931,2899999,2899993.69,2899999.67,102,71
2017-11-26,10000002,27015,20000,20000,20000,173,173
2017-11-26,10000002,27064,82999755.62,82999700,82999798.99,29,18
2017-11-26,10000002,27066,750999999,750999999,750999999,1,1
2017-11-26,10000002,27068,699977.92,699977.91,699977.93,23,8
2017-11-26,10000002,27069,1488999.94,1488999.94,1488999.94,3,3
2017-11-26,10000002,27070,400016.53,400000,400022.04,4,4
2017-11-26,10000002,27072,689989.97,689989.96,689989.98,5,5
2017-11-26,10000002,27073,996999.97,996999.97,996999.97,4,4
2017-11-26,10000002,27074,934900,934899.98,934900,12,8
2017-11-26,10000002,27075,985873,931111.01,995000,7,7
2017-11-26,10000002,27076,299999.99,299999.99,299999.99,1,1
2017-11-26,10000002,27077,865000,865000,865000,1,1
2017-11-26,10000002,27080,515.34,515.34,515.34,1,1
2017-11-26,10000002,27081,712956.51,699999.99,998000,23,18
2017-11-26,10000002,27082,50000.01,50000.01,50000.01,21,3
2017-11-26,10000002,27083,799995,799995,799995,1,1
2017-11-26,10000002,27084,350000,350000,350000,2,2
2017-11-26,10000002,27086,899999.99,899999.99,899999.99,2,2
2017-11-26,10000002,27088,777772.9,777772.9,777772.9,1,1
2017-11-26,10000002,27091,1024309,1024309,1024309,5,5
2017-11-26,10000002,27094,1198000,1198000,1198000,2,2
2017-11-26,10000002,27095,1250000,1250000,1250000,1,1
2017-11-26,10000002,27096,848499.99,848000.97,848999,2,2
2017-11-26,10000002,27097,201000.05,201000.05,201000.05,2,1
2017-11-26,10000002,27098,131999.99,0.01,263999.96,4,4
2017-11-26,10000002,27099,948899.99,948899.98,948900,13,9
2017-11-26,10000002,27101,1133000,1133000,1133000,6,2
2017-11-26,10000002,27102,465384.9,420002.09,469999.98,13,12
2017-11-26,10000002,27103,229989.98,229989.98,229989.98,2,2
2017-11-26,10000002,27105,643990.49,643989,643990.99,8,5
2017-11-26,10000002,27107,959999.99,959999.99,959999.99,11,6
2017-11-26,10000002,27108,19999996.29,19999996,19999996.39,7,7
2017-11-26,10000002,27109,19846156.74,18000003.53,20000002.83,13,13
2017-11-26,10000002,27113,189000,189000,189000,1,1
2017-11-26,10000002,27114,321570818.4,299999999,349999996,10,6
2017-11-26,10000002,27115,1285777.77,1200000,1296499.99,9,7
2017-11-26,10000002,27116,144990182.8,134036999.4,150990987.92,42,35
2017-11-26,10000002,27117,991520.31,900000,999000,26,8
2017-11-26,10000002,27118,145377659.9,126666676.22,173663987,25,18
2017-11-26,10000002,27119,1299899.93,1299898.9,1299899.99,18,6
2017-11-26,10000002,27122,159999762.99,159999732.39,159999793.59,2,2
2017-11-26,10000002,27123,599999.95,599999.95,599999.95,2,1
2017-11-26,10000002,27125,935003.95,935003.95,935003.95,2,1
2017-11-26,10000002,27126,139488101.57,135000034.99,155989989.99,47,23
2017-11-26,10000002,27127,778000,778000,778000,237,54
2017-11-26,10000002,27129,18782.18,3005.21,105555.49,13,4
2017-11-26,10000002,27130,154999999,154999999,154999999,2,2
2017-11-26,10000002,27131,449998.9,449998.9,449998.9,1,1
2017-11-26,10000002,27142,140089882.21,129201001,151000000,42,22
2017-11-26,10000002,27143,759851,759851,759851,321,59
2017-11-26,10000002,27147,33333333.33,33333333.33,33333333.33,1,1
2017-11-26,10000002,27148,160000000.01,160000000.01,160000000.01,1,1
2017-11-26,10000002,27149,17000000.06,14000001.12,19999999,4,3
2017-11-26,10000002,27150,133999979.5,133999978.99,133999980,2,2
2017-11-26,10000002,27151,276502.5,26010.01,390000,4,4
2017-11-26,10000002,27167,19430926.7,15000009.43,26224999.95,38,22
2017-11-26,10000002,27169,16465931.23,15100000,17500000.14,90,32
2017-11-26,10000002,27170,14750.01,0.01,295000,20,2
2017-11-26,10000002,27171,120459132.69,120249999.15,120745548.97,9,9
2017-11-26,10000002,27174,108899999.45,98444555.67,109749992.9,102,53
2017-11-26,10000002,27175,680000,680000,680000,1,1
2017-11-26,10000002,27176,14325011.45,14000017.17,15499999.02,20,8
2017-11-26,10000002,27177,16561173.47,13123123.07,19999223.88,8,6
2017-11-26,10000002,27178,14990534.3,14100586.19,22999985,40,13
2017-11-26,10000002,27179,124999325.11,124999273.9,124999380.17,13,9
2017-11-26,10000002,27180,304333.33,125000,393999.99,3,3
2017-11-26,10000002,27181,111692270.32,101002001.02,129974960.63,33,16
2017-11-26,10000002,27182,399999,399999,399999,2,2
2017-11-26,10000002,27184,113300918.82,110000000,116601837.65,12,7
2017-11-26,10000002,27185,28399.96,28399.89,28399.99,7,3
2017-11-26,10000002,27186,24704793.2,23000656.74,25399989.68,61,34
2017-11-26,10000002,27187,23908082.53,22126001,24749995.58,48,34
2017-11-26,10000002,27188,33640553.08,28749917.98,44899995.98,46,40
2017-11-26,10000002,27190,166496115.76,153001344.18,179990887.33,2,2
2017-11-26,10000002,27191,949736.84,945000,950000,19,15
2017-11-26,10000002,27192,219989889,219989889,219989889,1,1
2017-11-26,10000002,27193,504999.99,504999.99,504999.99,21,13
2017-11-26,10000002,27194,148197124.36,147301022.58,156994821.49,20,10
2017-11-26,10000002,27195,1041263.25,605496,1299999.95,34,20
2017-11-26,10000002,27196,23758519.52,23758519.43,23758519.56,101,35
2017-11-26,10000002,27197,25394095.54,23000203.5,31999993.17,44,19
2017-11-26,10000002,27198,27573746.51,25100001.01,29900000,16,10
2017-11-26,10000002,27227,156999999.98,156999999.97,156999999.99,2,2
2017-11-26,10000002,27229,1277423.48,1269996,1278908.98,6,3
2017-11-26,10000002,27237,12161.13,12161.13,12161.13,1,1
2017-11-26,10000002,27238,20801940.46,20801940.46,20801940.5,5,3
2017-11-26,10000002,27240,199999.99,199999.99,199999.99,1,1
2017-11-26,10000002,27245,159744029.74,158998183.39,160998162.95,8,8
2017-11-26,10000002,27246,499999.83,499999.83,499999.83,1,1
2017-11-26,10000002,27250,155999994.99,155999994.99,155999994.99,2,2
2017-11-26,10000002,27252,164956965.9,164956965.88,164956965.91,2,2
2017-11-26,10000002,27254,169000000,168999999.99,169000000,2,2
2017-11-26,10000002,27255,10109.55,10109.55,10109.55,1,1
2017-11-26,10000002,27256,169989887.15,169989887.15,169989887.15,2,2
2017-11-26,10000002,27258,161987148.44,161985989.82,161987927.59,5,5
2017-11-26,10000002,27260,27972196.47,27971200,27972202.18,34,29
2017-11-26,10000002,27309,10399100,10399000,10399999.99,10,10
2017-11-26,10000002,27313,64.07,64.07,64.07,38286,38
2017-11-26,10000002,27315,805.96,795.92,806.14,522841,140
2017-11-26,10000002,27317,28500,28500,28500,596,4
2017-11-26,10000002,27319,42.12,42.12,42.12,28802,30
2017-11-26,10000002,27321,798.55,798.55,798.55,485342,135
2017-11-26,10000002,27323,39997.98,39997.98,39997.98,99,1
2017-11-26,10000002,27325,44.27,44.27,44.27,21200,18
2017-11-26,10000002,27327,685.04,685,933,952477,130
2017-11-26,10000002,27329,37993.9,37993.9,37993.9,50,1
2017-11-26,10000002,27331,52,52,52,66497,48
2017-11-26,10000002,27333,841.97,630.44,876.89,496120,153
2017-11-26,10000002,27335,10094.78,10094.78,10094.78,694,3
2017-11-26,10000002,27337,306.65,306.65,306.65,25975,15
2017-11-26,10000002,27339,2239.71,2233.62,2499.55,879681,98
2017-11-26,10000002,27341,77900.01,77889,79000,2180,5
2017-11-26,10000002,27343,256.89,256.89,256.89,38773,25
2017-11-26,10000002,27345,2299.83,2174.04,2299.91,642745,121
2017-11-26,10000002,27347,25080.12,25080.11,25080.12,2256,3
2017-11-26,10000002,27349,305.83,305.83,305.83,27430,13
2017-11-26,10000002,27351,2494.99,2399.97,2495,429533,91
2017-11-26,10000002,27353,292.29,292.29,347.97,125161,72
2017-11-26,10000002,27355,30121.13,30121.13,30121.13,100,1
2017-11-26,10000002,27357,305.72,305.72,305.72,57505,15
2017-11-26,10000002,27359,2531,2531,2531.46,337626,75
2017-11-26,10000002,27361,949.65,947.7,949.79,1618538,432
2017-11-26,10000002,27363,31110.27,31110.27,31110.27,111,1
2017-11-26,10000002,27365,43253.84,43253.84,43253.84,1100,2
2017-11-26,10000002,27367,349.37,257.2,358.05,75426,59
2017-11-26,10000002,27369,40000,40000,40000,1000,1
2017-11-26,10000002,27371,984.85,984.71,987.79,1013606,317
2017-11-26,10000002,27373,632.67,420.15,632.69,50010,18
2017-11-26,10000002,27375,39998.79,39998.79,39998.79,300,1
2017-11-26,10000002,27377,1974.98,1972.67,1976.94,304184,56
2017-11-26,10000002,27379,335,190.01,336.98,87660,45
2017-11-26,10000002,27381,954.85,954.79,995.94,1346683,264
2017-11-26,10000002,27383,394.9,394.89,394.9,102920,51
2017-11-26,10000002,27385,69999.99,69999.99,69999.99,1000,1
2017-11-26,10000002,27387,929.02,905.44,972.88,3213610,347
2017-11-26,10000002,27389,53998.99,53998.99,53998.99,3000,6
2017-11-26,10000002,27391,1499.08,1399.96,1499.32,130304,28
2017-11-26,10000002,27393,275.05,275.05,275.05,11000,10
2017-11-26,10000002,27395,1725.01,1705.31,1974.97,1040447,95
2017-11-26,10000002,27399,39977.98,39977.98,39977.98,3520,4
2017-11-26,10000002,27401,1400,1400,1400,191571,56
2017-11-26,10000002,27403,304.47,304.45,788.83,25347,17
2017-11-26,10000002,27405,1179.98,1179.97,1386.01,403915,72
2017-11-26,10000002,27409,762,762,762,19000,11
2017-11-26,10000002,27411,400,400,400,31881,21
2017-11-26,10000002,27413,1166.86,1166.28,1167.75,462399,107
2017-11-26,10000002,27415,34288.1,23392.2,45184,2000,3
2017-11-26,10000002,27417,306.01,306.01,306.01,26000,14
2017-11-26,10000002,27419,1362.96,1361.4,1363.87,311533,61
2017-11-26,10000002,27421,149912.99,149912.99,149912.99,501,3
2017-11-26,10000002,27423,1983.27,1950,1986.37,477267,85
2017-11-26,10000002,27425,42447.99,42447.99,42447.99,3345,3
2017-11-26,10000002,27427,310,310,310,23457,16
2017-11-26,10000002,27429,2598.92,2598.91,2598.92,233203,41
2017-11-26,10000002,27431,28823.98,28823.98,28823.98,3100,4
2017-11-26,10000002,27433,408.29,408.24,408.43,30814,24
2017-11-26,10000002,27435,1387.86,1139.99,1389.7,276828,102
2017-11-26,10000002,27439,700,700,700,47362,32
2017-11-26,10000002,27441,1126.95,1126.85,1127.97,1186973,198
2017-11-26,10000002,27445,998.76,414.42,998.99,46499,27
2017-11-26,10000002,27447,1047.97,1047.78,1293.64,1231927,152
2017-11-26,10000002,27451,405.12,405.12,405.12,120472,17
2017-11-26,10000002,27453,1438.91,1102.05,1449.84,208049,86
2017-11-26,10000002,27455,34901.03,34901.03,34901.03,1000,1
2017-11-26,10000002,27532,299999996.97,299999996.96,299999996.97,2,2
2017-11-26,10000002,27535,379989995,379989994.99,379989995,2,2
2017-11-26,10000002,27538,344850000,344850000,344850000,1,1
2017-11-26,10000002,27540,316111134.22,316111134.22,316111134.22,1,1
2017-11-26,10000002,27556,10000000,10000000,10000000,3,1
2017-11-26,10000002,27565,11495970.49,11495945.98,11495994.99,2,2
2017-11-26,10000002,27567,8355553.99,8355553.99,8355553.99,1,1
2017-11-26,10000002,27570,4999000,4999000,4999000,4,4
2017-11-26,10000002,27573,7500000,7500000,7500000,1,1
2017-11-26,10000002,27576,8000000,8000000,8000000,4,3
2017-11-26,10000002,27579,4713722.97,3322001,8888888.88,4,2
2017-11-26,10000002,27582,13998000,13998000,13998000,4,1
2017-11-26,10000002,27585,4733331.82,4599999,5000000,6,3
2017-11-26,10000002,27592,100000000,100000000,100000000,1,1
2017-11-26,10000002,27597,135005023.28,100010824.35,169999222.2,2,2
2017-11-26,10000002,27600,95999998.41,95999998.41,95999998.41,1,1
2017-11-26,10000002,27607,115000498,115000498,115000498,1,1
2017-11-26,10000002,27609,210000000,210000000,210000000,1,1
2017-11-26,10000002,27612,84999989.37,84999989.37,84999989.37,1,1
2017-11-26,10000002,27616,3399998.5,3399997.99,3399999,6,5
2017-11-26,10000002,27618,9900000,9899999.99,9900000,6,2
2017-11-26,10000002,27624,2999998.87,2999998.62,2999999,12,6
2017-11-26,10000002,27628,620023,620023,620023,8,2
2017-11-26,10000002,27634,2000000,2000000,2000000,3,1
2017-11-26,10000002,27640,3282199.98,2886000.01,3370000,10,4
2017-11-26,10000002,27641,2900000,2900000,2900000,4,3
2017-11-26,10000002,27644,9000000,9000000,9000000,2,1
2017-11-26,10000002,27646,21199999,21199999,21199999,2,1
2017-11-26,10000002,27649,15495000,14990000,16000000,2,2
2017-11-26,10000002,27652,19888843,19888777,19888887,5,2
2017-11-26,10000002,27653,3000000,3000000,3000000,3,2
2017-11-26,10000002,27655,5811874.99,5758999.98,5900000,8,2
2017-11-26,10000002,27672,6105555.49,2222222,7399999.98,4,4
2017-11-26,10000002,27673,76899996.99,76899995,76899997.99,3,3
2017-11-26,10000002,27674,133000000,133000000,133000000,4,4
2017-11-26,10000002,27675,3105008.01,3105008.01,3105008.01,1,1
2017-11-26,10000002,27678,47324996.5,40300000,49999993.99,4,4
2017-11-26,10000002,27772,8669999.34,3000004.37,12449995.98,5,4
2017-11-26,10000002,27773,11999999,11999998,11999999.99,2,2
2017-11-26,10000002,27774,3274999.99,3200000,3399999.98,8,4
2017-11-26,10000002,27775,4999996.65,4999996.63,4999996.66,6,2
2017-11-26,10000002,27776,2249999.94,2249999.94,2249999.94,5,1
2017-11-26,10000002,27777,10399878.8,10000000,10999697,5,2
2017-11-26,10000002,27778,11999998.99,11999998.99,11999998.99,2,1
2017-11-26,10000002,27779,8488550.99,8488550.99,8488550.99,3,1
2017-11-26,10000002,27855,11500000,9000000,13999999.99,2,2
2017-11-26,10000002,27856,12000000,12000000,12000000,3,1
2017-11-26,10000002,27857,5000000,5000000,5000000,9,3
2017-11-26,10000002,27858,2200000,2200000,2200000,4,2
2017-11-26,10000002,27897,128999998,128999998,128999998,2,2
2017-11-26,10000002,27902,100000,100000,100000,127,108
2017-11-26,10000002,27904,62493.41,26000.2,98986.61,2,2
2017-11-26,10000002,27905,5450823.01,5450823.01,5450823.01,1,1
2017-11-26,10000002,27906,25724090.61,25000000,26099971.14,34,30
2017-11-26,10000002,27911,12909927.69,12000000,14499665.55,52,30
2017-11-26,10000002,27912,999999.64,999999.53,999999.64,358,48
2017-11-26,10000002,27913,200000000,200000000,200000000,3,3
2017-11-26,10000002,27914,1699998,1590999.83,1773944.96,191,115
2017-11-26,10000002,27915,19000000,19000000,19000000,2,2
2017-11-26,10000002,27916,999986.83,999978.99,999986.84,259,36
2017-11-26,10000002,27917,239999999,239999999,239999999,2,2
2017-11-26,10000002,27918,1109990.4,932654.48,1109990.99,323,36
2017-11-26,10000002,27919,239999999.33,239999999,240000000,3,3
2017-11-26,10000002,27920,1044001.65,1044001.62,1049999.02,2181,71
2017-11-26,10000002,27921,239999999,239999999,239999999,2,2
2017-11-26,10000002,27922,380011.92,380011.91,493997,339,13
2017-11-26,10000002,27923,150000000,150000000,150000000,1,1
2017-11-26,10000002,27924,810000.08,810000.01,949999.99,325,17
2017-11-26,10000002,27925,180000000,180000000,180000000,1,1
2017-11-26,10000002,27930,17858.31,7002.07,44998.9,7,5
2017-11-26,10000002,27931,3341954.77,3341954.77,3341954.77,1,1
2017-11-26,10000002,27932,46467.95,7000.09,74998.99,23,6
2017-11-26,10000002,27933,2889998.61,2889998.61,2889998.61,1,1
2017-11-26,10000002,27935,40000000,40000000,40000000,1,1
2017-11-26,10000002,27936,10159998.76,10000000,10799992.26,15,15
2017-11-26,10000002,27951,57282716.31,49000307.19,58899999,18,12
2017-11-26,10000002,27952,522349680,522349680,522349680,3,2
2017-11-26,10000002,28073,8604862.54,8000000,8799969.02,41,38
2017-11-26,10000002,28164,4664105.2,4500000,4799998.97,78,45
2017-11-26,10000002,28197,1999990,1675001.04,1999995.23,147,21
2017-11-26,10000002,28199,1705186.93,1700000,1759998.98,96,22
2017-11-26,10000002,28201,561740.98,561740,561740.99,246,23
2017-11-26,10000002,28203,439649.3,50001.34,544998.92,100,16
2017-11-26,10000002,28205,1225589.38,733002.36,1339994,48,8
2017-11-26,10000002,28207,877264.54,400005.79,1092000,57,10
2017-11-26,10000002,28209,1149978.95,1149973.99,1149980.92,777,96
2017-11-26,10000002,28211,769855.31,769855.3,769858,747,95
2017-11-26,10000002,28213,1099489.1,1099489.1,1099500,923,114
2017-11-26,10000002,28215,950000,950000,950000,1037,99
2017-11-26,10000002,28231,5000000,5000000,5000000,3,2
2017-11-26,10000002,28238,3367272.68,300000.04,4900909,3,2
2017-11-26,10000002,28262,324998.91,300000,324998.94,313,46
2017-11-26,10000002,28264,37139923.91,26502611.41,41299987,25,13
2017-11-26,10000002,28266,1842967.26,1505753.03,1885997.93,44,9
2017-11-26,10000002,28268,57573998.99,57573998.99,57573998.99,1,1
2017-11-26,10000002,28270,690000,666999.99,751000.32,283,57
2017-11-26,10000002,28272,33967108.47,33960000,34485591.29,131,53
2017-11-26,10000002,28274,613000,612899.95,613000,310,59
2017-11-26,10000002,28276,15799899.99,13901012.15,15800000,169,56
2017-11-26,10000002,28278,489993.86,489993.86,489993.86,217,43
2017-11-26,10000002,28280,16733179.1,13000002.99,17199800,18,8
2017-11-26,10000002,28282,1400000.49,1400000.49,1599974.74,157,36
2017-11-26,10000002,28284,95171845.87,95000000,95337998,13,8
2017-11-26,10000002,28286,1789898.05,1789898.04,1789898.07,115,32
2017-11-26,10000002,28288,71317582.7,66700000.33,74994997,43,17
2017-11-26,10000002,28290,2073587.2,1882901.26,2099998.97,69,14
2017-11-26,10000002,28292,104666666.54,99999999.88,121999999.96,9,6
2017-11-26,10000002,28294,615000,615000,789987.96,128,28
2017-11-26,10000002,28296,35612153.56,30000317.46,37776993.7,37,20
2017-11-26,10000002,28298,1279000,1278999.95,1288999.88,123,36
2017-11-26,10000002,28300,40970073.29,36888911,42999966,26,17
2017-11-26,10000002,28302,374000,344898.98,389000,442,60
2017-11-26,10000002,28304,18131447.65,14075061.16,18990999,91,33
2017-11-26,10000002,28306,3655862.87,3300302.83,4366982.95,30,2
2017-11-26,10000002,28308,98989489.97,98989489.96,98989489.97,2,2
2017-11-26,10000002,28324,1237.96,1237.96,1237.96,52200,6
2017-11-26,10000002,28326,649.97,649.97,649.97,11800,5
2017-11-26,10000002,28328,309,309,309,10386,5
2017-11-26,10000002,28332,1120.11,1120,1392.66,653566,77
2017-11-26,10000002,28334,823.97,823.97,823.97,233746,74
2017-11-26,10000002,28336,479.99,479.96,480.39,283662,48
2017-11-26,10000002,28351,56324999.59,8299998.88,66999999.92,4,4
2017-11-26,10000002,28352,2600000000,2600000000,2600000000,1,1
2017-11-26,10000002,28353,3851233337.6,3851100002.67,3851500007.48,3,3
2017-11-26,10000002,28361,9000.01,8310.22,9395,555568,473
2017-11-26,10000002,28362,219999.99,208906.28,227999.85,137714,531
2017-11-26,10000002,28363,182002.95,179001.12,189999.93,52113,353
2017-11-26,10000002,28364,29580.99,26079.37,33263.79,68304,351
2017-11-26,10000002,28365,32026.44,26027.28,32988.37,93861,262
2017-11-26,10000002,28366,3065119.67,3020000.05,3256849.89,25919,271
2017-11-26,10000002,28367,460122.51,460122.03,460123.11,24966,78
2017-11-26,10000002,28374,500000000,500000000,500000000,128,51
2017-11-26,10000002,28375,28201381.16,27888876.06,28888887.97,16,12
2017-11-26,10000002,28377,135738738.9,99032954.77,138032850.41,17,14
2017-11-26,10000002,28385,482998,460682.07,482998,23298,45
2017-11-26,10000002,28387,519000,500011.01,519999,10066,29
2017-11-26,10000002,28388,440001.67,440000.03,469999.88,32335,82
2017-11-26,10000002,28389,493997,475015.55,494997,16079,37
2017-11-26,10000002,28390,464999,460018.84,467999,25238,44
2017-11-26,10000002,28391,377999.99,346015.04,378205,35788,58
2017-11-26,10000002,28392,402998,372047.58,403000,40787,41
2017-11-26,10000002,28393,363847.92,363847.79,363848.85,38325,35
2017-11-26,10000002,28394,124999,118000.37,132800,10708,32
2017-11-26,10000002,28395,135900,135900,135900,30046,30
2017-11-26,10000002,28396,120403.25,120403.25,120403.25,14616,23
2017-11-26,10000002,28397,152500.97,152500.7,169295,107874,60
2017-11-26,10000002,28398,151015.15,151014.81,155999,76100,26
2017-11-26,10000002,28399,158102.77,158100.78,169000,36901,25
2017-11-26,10000002,28400,45015.52,45015.52,45015.52,6196,3
2017-11-26,10000002,28401,49030.75,49030.75,49030.75,56084,30
2017-11-26,10000002,28402,45011.68,45011.68,45011.68,602,8
2017-11-26,10000002,28403,74999.64,68976.98,74999.65,15879,33
2017-11-26,10000002,28404,52022.29,52022.29,54489.99,654,9
2017-11-26,10000002,28405,52010.01,52010.01,52010.01,794,12
2017-11-26,10000002,28406,199999.7,199999.7,199999.7,8280,23
2017-11-26,10000002,28407,41521.96,41521.85,41521.99,1908,15
2017-11-26,10000002,28408,45308.15,45308.15,45308.15,3354,23
2017-11-26,10000002,28409,18713.86,18712.74,18713.88,13203,23
2017-11-26,10000002,28410,16899.31,16888.33,19882.35,101327,57
2017-11-26,10000002,28411,20799.92,20799.92,20799.92,149035,34
2017-11-26,10000002,28412,2199990,1992709.31,2199990.78,1282,22
2017-11-26,10000002,28413,1994010.68,1993079.1,1994010.69,1004,14
2017-11-26,10000002,28414,2052004.72,2052004.71,2199993.96,2313,30
2017-11-26,10000002,28415,8887.7,8887.69,8887.74,34584,20
2017-11-26,10000002,28416,11999.98,11997.93,14000,316345,73
2017-11-26,10000002,28417,9999.9,9999.9,9999.9,52460,31
2017-11-26,10000002,28418,350014,350013.35,368000,106095,58
2017-11-26,10000002,28419,392000,382003.29,400999,56413,39
2017-11-26,10000002,28420,349999.94,349300,351008.96,77021,74
2017-11-26,10000002,28421,6550,6456,6555.07,2733270,164
2017-11-26,10000002,28422,6415,6210,6695,3037243,150
2017-11-26,10000002,28423,6820,6520,7199.59,998602,110
2017-11-26,10000002,28424,4906.1,4906.08,4907.02,350519,67
2017-11-26,10000002,28425,5031.98,5031.98,5031.98,420615,55
2017-11-26,10000002,28426,5794,5794,5794,394872,53
2017-11-26,10000002,28427,1897.74,1839.9,1898,820253,75
2017-11-26,10000002,28428,2098.98,2090.15,2197,486916,71
2017-11-26,10000002,28429,1899.93,1898.7,1912,784986,79
2017-11-26,10000002,28430,1734.96,1570.43,1787.07,6461855,111
2017-11-26,10000002,28431,1720.36,1694.53,1999.93,1452271,88
2017-11-26,10000002,28432,1599.44,1515,1679.96,8642620,140
2017-11-26,10000002,28433,263002.49,263002.47,263003.16,4378,20
2017-11-26,10000002,28434,226999.09,226999.09,226999.09,7569,8
2017-11-26,10000002,28435,540000.02,500000.38,550850.69,24393,71
2017-11-26,10000002,28436,280000.27,280000.24,280000.27,3749,4
2017-11-26,10000002,28437,430002.51,430002.51,430002.51,3336,22
2017-11-26,10000002,28438,235302.74,235302.74,235302.74,10312,18
2017-11-26,10000002,28439,811000,810111,884999.97,12784,47
2017-11-26,10000002,28440,575000.54,575000.41,649998.62,4288,16
2017-11-26,10000002,28441,277889.3,277889.3,277889.3,4030,7
2017-11-26,10000002,28442,280002.22,280002.22,280002.28,384,6
2017-11-26,10000002,28443,450000,450000,450000,10332,26
2017-11-26,10000002,28444,229999.28,211010.47,229999.67,11899,45
2017-11-26,10000002,28514,119876997.86,119876997.86,119876997.86,2,1
2017-11-26,10000002,28518,85999987.95,85999987.95,85999987.95,1,1
2017-11-26,10000002,28528,7510002.34,7510002.34,7510002.34,1,1
2017-11-26,10000002,28534,44999999.92,44999999.92,44999999.92,2,1
2017-11-26,10000002,28576,860000,859998,860000,6489,391
2017-11-26,10000002,28578,918999,918996,942900,1156,109
2017-11-26,10000002,28583,53948665.15,49008011.01,54489993.98,33,26
2017-11-26,10000002,28584,522349680,522349680,522349680,2,1
2017-11-26,10000002,28585,25712570.26,25000000,27468587.76,78,50
2017-11-26,10000002,28606,742694265.38,701998456.2,772102895.45,46,46
2017-11-26,10000002,28607,934599999.99,934599999.99,934599999.99,2,2
2017-11-26,10000002,28609,32693650.05,32000000,34489936.43,41,29
2017-11-26,10000002,28615,4250740.89,4000000,4699990,67,34
2017-11-26,10000002,28646,4698456,4698455,4699911.96,219,108
2017-11-26,10000002,28647,31372640,31372640,31372640,7,5
2017-11-26,10000002,28652,17475482.95,16801006.98,20488553.59,52,24
2017-11-26,10000002,28653,481455760,481455760,481455760,1,1
2017-11-26,10000002,28654,2647930.09,2003765.22,2899990.9,32,17
2017-11-26,10000002,28655,50000000,50000000,50000000,1,1
2017-11-26,10000002,28656,65591288.27,64000000,68888923.93,43,25
2017-11-26,10000002,28659,1700436602.7,1601505622.78,1742897966.92,11,11
2017-11-26,10000002,28661,1619825003.06,1491800002.11,1724999999.97,8,8
2017-11-26,10000002,28665,1467618796.8,1384000013.79,1499899999.89,16,16
2017-11-26,10000002,28667,66039205.49,64000000,68299994,38,31
2017-11-26,10000002,28668,26590.95,25021.09,26592.88,740391,2129
2017-11-26,10000002,28670,183598.86,183598.86,183598.86,425,14
2017-11-26,10000002,28672,778988.7,778988.7,778988.7,172,22
2017-11-26,10000002,28674,768999.99,768999.99,768999.99,125,19
2017-11-26,10000002,28676,646945.6,240000.09,679900,80,20
2017-11-26,10000002,28678,1427999.99,1427999.99,1427999.99,334,15
2017-11-26,10000002,28680,1600501.19,700550,1622999.97,41,10
2017-11-26,10000002,28682,295499.99,295499.99,295499.99,127,16
2017-11-26,10000002,28684,210000.01,210000.01,210000.01,3,1
2017-11-26,10000002,28694,1280.21,1280.21,1280.21,4095,9
2017-11-26,10000002,28695,9759.95,9759.95,9759.95,1141,3
2017-11-26,10000002,28696,34000.02,34000.02,34000.02,47,1
2017-11-26,10000002,28697,1705,1705,1705,192,1
2017-11-26,10000002,28699,3000,3000,3000,700,1
2017-11-26,10000002,28700,1521.01,1521.01,1521.01,1167,4
2017-11-26,10000002,28710,1577526127.95,1488156225.05,1598499979.83,22,22
2017-11-26,10000002,28729,97699996.24,97699996.24,97699996.24,1,1
2017-11-26,10000002,28731,32999999.97,32999999.97,32999999.97,1,1
2017-11-26,10000002,28733,85100197.35,85100197.35,85100197.35,1,1
2017-11-26,10000002,28735,81400322.83,81400322.83,81400322.83,1,1
2017-11-26,10000002,28737,83000015.89,83000015.89,83000015.89,1,1
2017-11-26,10000002,28740,42999999,42999999,42999999,1,1
2017-11-26,10000002,28744,73718159.92,73000000,73960879.86,4,4
2017-11-26,10000002,28752,120002200.63,120002200.53,120002200.73,2,2
2017-11-26,10000002,28754,219543687.02,203000208.61,293989339.98,22,7
2017-11-26,10000002,28756,31999999.98,31000000,34699999,394,258
2017-11-26,10000002,28758,31999998.54,30090003.25,31999999,381,329
2017-11-26,10000002,28780,90838461.93,75778096.96,96899999.57,22,21
2017-11-26,10000002,28784,74944997.97,74889995.94,75000000,2,2
2017-11-26,10000002,28796,125000000,124999999.99,125000000,4,4
2017-11-26,10000002,28797,164652460.38,120000234.2,220999999.99,9,6
2017-11-26,10000002,28798,539332663.41,538998999.09,539999992.06,3,3
2017-11-26,10000002,28799,584997192.97,577499999,592494386.94,4,4
2017-11-26,10000002,28800,299999736.85,299999706.45,299999767.25,2,2
2017-11-26,10000002,28801,997997702.67,997997702.67,997997702.67,2,2
2017-11-26,10000002,28802,500000000,500000000,500000000,1,1
2017-11-26,10000002,28808,70991000.01,70991000.01,70991000.01,1,1
2017-11-26,10000002,28809,150000000,150000000,150000000,1,1
2017-11-26,10000002,28810,264904868.22,264904868.22,264904868.22,1,1
2017-11-26,10000002,28811,400000260.37,400000260.37,400000260.37,1,1
2017-11-26,10000002,28812,200000000,200000000,200000000,1,1
2017-11-26,10000002,28813,779899968.92,779899968.92,779899968.92,1,1
2017-11-26,10000002,28840,1000000.77,1000000.77,1000000.77,1,1
2017-11-26,10000002,28844,10069338017.88,9252401001.08,10298999969.99,10,10
2017-11-26,10000002,28846,9228999000.7,8986997001.09,9350000000.5,3,3
2017-11-26,10000002,28848,10246755288.59,9666010102.16,11999999998.99,4,4
2017-11-26,10000002,28850,10053811431.17,9869998419.93,10487999998,6,6
2017-11-26,10000002,28879,1000000,1000000,1000000,101,78
2017-11-26,10000002,28880,5379914.65,5000000,5674893,80,79
2017-11-26,10000002,28974,115992.09,108000.01,115992.09,2020,10
2017-11-26,10000002,28999,8951.9,8951.9,8952.01,2317,421
2017-11-26,10000002,29000,1500000,1500000,1500000,3,3
2017-11-26,10000002,29001,8405,8405,8405,10215,567
2017-11-26,10000002,29002,1500000,1500000,1500000,3,3
2017-11-26,10000002,29003,69994.97,69994.97,69994.97,356,50
2017-11-26,10000002,29005,14994.99,14991,14995.98,862,133
2017-11-26,10000002,29006,1500000,1500000,1500000,1,1
2017-11-26,10000002,29007,7246.81,7246.81,7246.81,836,120
2017-11-26,10000002,29008,1500000,1500000,1500000,1,1
2017-11-26,10000002,29009,11365.99,11364.75,11445.61,3410,490
2017-11-26,10000002,29010,1500000,1500000,1500000,4,4
2017-11-26,10000002,29011,7292.99,4167.41,7294.13,25691,789
2017-11-26,10000002,29012,1500000,1500000,1500000,5,5
2017-11-26,10000002,29013,3602.08,3602.08,3602.08,8026,152
2017-11-26,10000002,29014,1500000,1500000,1500000,1,1
2017-11-26,10000002,29015,7697.95,7697.94,7697.97,963,191
2017-11-26,10000002,29016,1500000,1500000,1500000,2,2
2017-11-26,10000002,29029,104326790.25,100000000,113494994.85,53,38
2017-11-26,10000002,29042,14999999.99,14999999.99,14999999.99,1,1
2017-11-26,10000002,29044,15000000,15000000,15000000,1,1
2017-11-26,10000002,29046,15000000,15000000,15000000,1,1
2017-11-26,10000002,29050,15000000,15000000,15000000,1,1
2017-11-26,10000002,29052,15000000,15000000,15000000,1,1
2017-11-26,10000002,29056,15000000,15000000,15000000,5,5
2017-11-26,10000002,29058,15000000,15000000,15000000,2,2
2017-11-26,10000002,29060,15000000,15000000,15000000,4,4
2017-11-26,10000002,29062,15000000,15000000,15000000,1,1
2017-11-26,10000002,29066,15000000,15000000,15000000,1,1
2017-11-26,10000002,29070,15000000,15000000,15000000,1,1
2017-11-26,10000002,29072,15000000,15000000,15000000,4,4
2017-11-26,10000002,29076,15000000,15000000,15000000,1,1
2017-11-26,10000002,29078,15000000,15000000,15000000,1,1
2017-11-26,10000002,29080,15000000,15000000,15000000,1,1
2017-11-26,10000002,29082,15000000,15000000,15000000,1,1
2017-11-26,10000002,29086,15000000,15000000,15000000,1,1
2017-11-26,10000002,29090,15000000,15000000,15000000,2,2
2017-11-26,10000002,29092,15000000,15000000,15000000,1,1
2017-11-26,10000002,29094,15000000,15000000,15000000,4,4
2017-11-26,10000002,29098,15000000,15000000,15000000,4,4
2017-11-26,10000002,29100,15000000,15000000,15000000,2,2
2017-11-26,10000002,29102,15000000,15000000,15000000,4,4
2017-11-26,10000002,29108,15000000,15000000,15000000,4,4
2017-11-26,10000002,29248,899986.98,500000,899989.87,167,80
2017-11-26,10000002,29249,3109900,3100000,3200000,10,6
2017-11-26,10000002,29266,4866786.86,4299999,5375000,91,32
2017-11-26,10000002,29336,52524771.17,50060000.58,53999999.94,45,32
2017-11-26,10000002,29337,60230457.06,52160001.04,61994999,17,14
2017-11-26,10000002,29340,82000619.43,82000619.07,99000597.04,114,57
2017-11-26,10000002,29344,65801998.21,60011001.61,68010000,15,14
2017-11-26,10000002,29613,48200811.87,48200811.87,48200811.87,1,1
2017-11-26,10000002,29616,12699,12699,12699,9965,6
2017-11-26,10000002,29618,10225,10225,31001,18098,8
2017-11-26,10000002,29620,11009.68,11009.68,11009.68,8300,5
2017-11-26,10000002,29622,10202.83,10202.82,13202.72,30780,12
2017-11-26,10000002,29637,50000000,50000000,50000000,140,90
2017-11-26,10000002,29984,149999999.79,149999994.69,150000000,188,168
2017-11-26,10000002,29986,161738977.62,133839102.49,164999937.84,45,45
2017-11-26,10000002,29988,137365337.45,128000061.54,139992996,88,72
2017-11-26,10000002,29990,219082151.22,216500497.64,223899999.22,92,81
2017-11-26,10000002,29992,664019.88,664019.88,664019.88,167,3
2017-11-26,10000002,29993,10000000,10000000,10000000,2,2
2017-11-26,10000002,29994,1999898.97,1999898.97,1999898.97,10,1
2017-11-26,10000002,29995,10000000,10000000,10000000,2,2
2017-11-26,10000002,29997,10000000,10000000,10000000,2,2
2017-11-26,10000002,30002,2891100.16,2300008.77,2909571.77,33,4
2017-11-26,10000002,30003,10000000,10000000,10000000,2,2
2017-11-26,10000002,30008,1200000,1200000,1200000,3,1
2017-11-26,10000002,30009,10000000,10000000,10000000,2,2
2017-11-26,10000002,30013,5293.94,5293.89,5792.92,40144,792
2017-11-26,10000002,30014,5400000,5000000,5600000,12,12
2017-11-26,10000002,30018,7006.66,7006,9998,13575,151
2017-11-26,10000002,30019,4000.13,3998.96,4398.52,93576,224
2017-11-26,10000002,30021,22676.61,22676.33,24726.97,100546,205
2017-11-26,10000002,30022,99614.22,99601.26,99728.29,5998,135
2017-11-26,10000002,30024,9004.04,9000.27,9013.3,9056,125
2017-11-26,10000002,30028,51995,51499.98,51998.34,14280,165
2017-11-26,10000002,30029,5292500,5000000,5350000,6,6
2017-11-26,10000002,30187,8052747.01,8052747.01,8052747.01,2,1
2017-11-26,10000002,30221,102.03,102.03,102.03,3000,4
2017-11-26,10000002,30222,170000,169999.6,199999.9,1137,5
2017-11-26,10000002,30248,54010.53,54002.81,64000,11675,157
2017-11-26,10000002,30251,4145.07,4145.05,4145.09,124259,172
2017-11-26,10000002,30252,100300.19,100121.05,170120.85,6214,111
2017-11-26,10000002,30254,2059.14,2058,2059.19,173602,223
2017-11-26,10000002,30258,58100.01,58098.67,63898.99,11642,153
2017-11-26,10000002,30259,855004.78,855002,855034.39,9939,184
2017-11-26,10000002,30268,127000.03,127000.02,146997.14,6492,121
2017-11-26,10000002,30269,250000.16,201000.01,314999.99,6109,121
2017-11-26,10000002,30270,300000,250000.76,300000.01,6593,116
2017-11-26,10000002,30271,165550,165000.74,199998.97,5328,115
2017-11-26,10000002,30303,1791.37,1787.11,1791.4,656489,32
2017-11-26,10000002,30304,7750.02,7750.01,7750.02,93932,25
2017-11-26,10000002,30305,10015.65,10015.65,10015.65,80544,26
2017-11-26,10000002,30306,22000.06,19401.41,22001,121698,30
2017-11-26,10000002,30307,12507.28,12507.27,14301.02,113480,29
2017-11-26,10000002,30308,20001.25,20001.24,20001.3,125731,31
2017-11-26,10000002,30309,33010.96,30000,33119.25,147320,40
2017-11-26,10000002,30310,57100.15,57100.14,57100.18,242261,34
2017-11-26,10000002,30311,64550.22,64550.03,66498.56,101545,30
2017-11-26,10000002,30324,10228934.34,10000000,11699920.86,38,9
2017-11-26,10000002,30325,10055778.09,10000000,11199988.99,39,9
2017-11-26,10000002,30327,10254165.77,8762500.86,10999998.22,6,6
2017-11-26,10000002,30328,23154.41,256.92,44999.97,31,25
2017-11-26,10000002,30342,5375.17,255.84,18999,4,4
2017-11-26,10000002,30370,3593.01,3592.93,3593.08,327750,92
2017-11-26,10000002,30371,2689.97,2256.52,2689.97,449330,70
2017-11-26,10000002,30372,2800.05,2800.05,2800.05,731208,88
2017-11-26,10000002,30373,18201.14,18201.14,18201.14,583170,108
2017-11-26,10000002,30374,4939.12,4936.54,5943.98,139600,71
2017-11-26,10000002,30375,12778.16,12750.13,12903.45,89042,45
2017-11-26,10000002,30376,17434.35,17331.5,22749.99,112889,64
2017-11-26,10000002,30377,61998.99,55133.77,61999.66,125452,52
2017-11-26,10000002,30378,51236.5,51236.47,51236.52,53671,30
2017-11-26,10000002,30420,36108.7,255.84,89888,5,4
2017-11-26,10000002,30422,2796.31,777.98,12887.98,6,6
2017-11-26,10000002,30424,569.69,255.8,988,9,9
2017-11-26,10000002,30464,195001.02,195001.02,195001.02,106,4
2017-11-26,10000002,30465,10000000,10000000,10000000,2,2
2017-11-26,10000002,30466,720000,720000,720000,10,1
2017-11-26,10000002,30467,10000000,10000000,10000000,2,2
2017-11-26,10000002,30470,15888888.9,15000000.18,15999999.99,9,3
2017-11-26,10000002,30471,10000000,10000000,10000000,2,2
2017-11-26,10000002,30474,106572.19,106572.19,106572.19,408,3
2017-11-26,10000002,30475,10000000,10000000,10000000,2,2
2017-11-26,10000002,30476,3476189.53,3000000,3999998,21,5
2017-11-26,10000002,30477,10000000,10000000,10000000,3,3
2017-11-26,10000002,30478,1099999.48,1099999.48,1099999.48,10,1
2017-11-26,10000002,30479,10000000,10000000,10000000,2,2
2017-11-26,10000002,30486,446500,445019,469663.6,15294,437
2017-11-26,10000002,30488,399992.95,398792.98,399992.97,27189,1174
2017-11-26,10000002,30497,5654.18,5652.42,5655,32004,207
2017-11-26,10000002,30532,5163995.39,5000000,5491988.69,84,23
2017-11-26,10000002,30537,5000000,5000000,5000000,122,20
2017-11-26,10000002,30538,5361354.77,5000000,5416943.99,15,15
2017-11-26,10000002,30539,5309039.99,5000000,5354647.99,16,16
2017-11-26,10000002,30540,5736000,5000000,5800000,25,18
2017-11-26,10000002,30544,5196236.1,5000000,5489926,62,49
2017-11-26,10000002,30545,5000000,5000000,5000000,130,46
2017-11-26,10000002,30546,5181949.98,5000000,5956330.53,20,19
2017-11-26,10000002,30547,5412497.35,5000000,6649989.4,72,38
2017-11-26,10000002,30548,5141377.31,5000000,5463793,57,44
2017-11-26,10000002,30549,5209595.74,5000000,5492949,54,45
2017-11-26,10000002,30550,5697590.64,5000000,5800000,22,21
2017-11-26,10000002,30551,5000000,5000000,5000000,130,47
2017-11-26,10000002,30552,5145863,5000000,5299987,46,41
2017-11-26,10000002,30553,5694455.42,5000000,5999987.23,22,21
2017-11-26,10000002,30554,5000000,5000000,5000000,104,41
2017-11-26,10000002,30558,2110937.55,2100000.07,2125000.01,16,10
2017-11-26,10000002,30562,140000.22,140000.21,140000.23,155,41
2017-11-26,10000002,30582,3500095.39,3500095.39,3500095.39,8,3
2017-11-26,10000002,30586,926086.96,900000,1500000,23,13
2017-11-26,10000002,30588,43783.57,42500.07,45000,97,24
2017-11-26,10000002,30614,7500002.31,7500002.01,7500002.62,4,4
2017-11-26,10000002,30615,1864129.08,1838000.07,1999999.99,31,15
2017-11-26,10000002,30618,83120.22,78511.2,208998.99,66,27
2017-11-26,10000002,30628,5043333.37,5040000.06,5050000,6,4
2017-11-26,10000002,30632,1870833.41,1600000.14,3299999.97,30,16
2017-11-26,10000002,30633,90198.84,88000.02,149949.99,86,31
2017-11-26,10000002,30650,1541992.05,1500000,1557739,22,18
2017-11-26,10000002,30651,1607824.73,1500000,1659997.99,46,43
2017-11-26,10000002,30652,1645740.89,1500000,1799997.97,31,31
2017-11-26,10000002,30653,1500000,1500000,1500000,142,41
2017-11-26,10000002,30655,1600000.02,1600000.01,1600000.02,2,2
2017-11-26,10000002,30656,2700857.07,2700848.01,2700860.1,4,4
2017-11-26,10000002,30744,200000,200000,200000,57260,402
2017-11-26,10000002,30745,500000,500000,500000,59625,383
2017-11-26,10000002,30746,1500000,1500000,1500000,22014,246
2017-11-26,10000002,30747,5000000,5000000,5000000,16341,197
2017-11-26,10000002,30752,11000000,11000000,11000000,117,18
2017-11-26,10000002,30753,4515753.43,3100000.04,4750000,73,12
2017-11-26,10000002,30754,1005882.35,1000000,1010000,17,8
2017-11-26,10000002,30788,11071408.87,10000000,11499979.2,7,7
2017-11-26,10000002,30832,1359998.98,1358999.99,1359998.99,248,187
2017-11-26,10000002,30834,1699889.2,1500000,1699889.46,217,168
2017-11-26,10000002,30836,1377500,1349994.99,1377994.43,631,175
2017-11-26,10000002,30839,15425.56,556.02,24887.99,18,17
2017-11-26,10000002,30987,548000,547989.99,689999.98,1732,186
2017-11-26,10000002,30988,180000,180000,180000,11,7
2017-11-26,10000002,30993,53891998.2,53891998.2,53891998.2,136,45
2017-11-26,10000002,30994,55000000,55000000,55000000,1,1
2017-11-26,10000002,30997,247464.51,247463.82,247468.95,35,12
2017-11-26,10000002,30998,409230.14,293514.3,755914.36,4,4
2017-11-26,10000002,30999,1959997.53,1959997.52,1959997.56,165,41
2017-11-26,10000002,31000,2525251.83,2525251.83,2525251.83,2,2
2017-11-26,10000002,31001,54999999,54999999,54999999,4,4
2017-11-26,10000002,31003,8999990.88,8999990.87,8999990.9,31,9
2017-11-26,10000002,31005,14854895.25,12551432.11,15099999.18,42,27
2017-11-26,10000002,31009,514985.98,514763.97,514999.86,419,182
2017-11-26,10000002,31010,967876.11,967876.11,967876.11,2,2
2017-11-26,10000002,31011,2334999.99,2334999.95,2337776.14,415,167
2017-11-26,10000002,31012,3682995,3682995,3682995,2,2
2017-11-26,10000002,31013,49499999.7,45000006.01,49999999,10,8
2017-11-26,10000002,31015,8021770.06,7122174,8123992.15,71,42
2017-11-26,10000002,31017,20671447.98,19533342.18,20998997.74,84,69
2017-11-26,10000002,31021,976624.77,145001.88,999999.95,80,43
2017-11-26,10000002,31022,499000,499000,499000,4,4
2017-11-26,10000002,31023,1929533.15,1509000.29,1949993.89,80,50
2017-11-26,10000002,31024,985999.99,985999.99,985999.99,1,1
2017-11-26,10000002,31025,54999999,54999999,54999999,2,2
2017-11-26,10000002,31027,8926826.17,6000002.43,9098991.94,18,16
2017-11-26,10000002,31029,20419584.66,17062582.17,20899887.95,16,15
2017-11-26,10000002,31033,389490.9,227081.15,419999.95,77,42
2017-11-26,10000002,31034,300000,300000,300000,3,3
2017-11-26,10000002,31035,2465000,2465000,2468463.7,148,68
2017-11-26,10000002,31037,54999998,54999998,54999998,3,3
2017-11-26,10000002,31039,8732139.37,8699996.39,9600000.07,28,27
2017-11-26,10000002,31041,21005586.26,20999699.95,21999889.82,43,32
2017-11-26,10000002,31045,799799.99,799786.37,799989.48,542,172
2017-11-26,10000002,31046,228000,228000,228000,3,3
2017-11-26,10000002,31047,2800000,2799999.99,2809676.45,525,236
2017-11-26,10000002,31048,769000,769000,769000,6,6
2017-11-26,10000002,31049,894989869.64,894989867.96,894989872.99,3,2
2017-11-26,10000002,31051,7599986.66,7599985.54,7599997.96,284,115
2017-11-26,10000002,31053,31329999.62,31329996.97,31331995.79,212,136
2017-11-26,10000002,31055,2299999.75,2299999.47,2394990.95,1055,234
2017-11-26,10000002,31056,792000,792000,792000,8,7
2017-11-26,10000002,31057,7299884.94,6750000.14,7299978.95,551,111
2017-11-26,10000002,31059,17999996.34,17999946.1,17999997.48,797,231
2017-11-26,10000002,31061,523337409.02,519000905.24,529000904.99,42,22
2017-11-26,10000002,31063,649897.88,649897.88,649897.88,204,71
2017-11-26,10000002,31064,128570.73,128570.73,128570.73,3,3
2017-11-26,10000002,31065,3124999.99,3124999.89,3129999.43,204,111
2017-11-26,10000002,31066,780000,780000,780000,5,2
2017-11-26,10000002,31067,69999999,69999999,69999999,6,6
2017-11-26,10000002,31069,8007480.68,7999994.91,8279986.67,59,45
2017-11-26,10000002,31071,31417768.99,27425218.19,31965791.15,58,42
2017-11-26,10000002,31073,2556411.66,2000005.03,2775000,39,15
2017-11-26,10000002,31074,2201330.95,2201330.95,2201330.95,2,2
2017-11-26,10000002,31075,69999800,69999799.99,69999800,11,4
2017-11-26,10000002,31077,11979889.92,11979889.82,11979889.95,5,4
2017-11-26,10000002,31079,31441195.27,25001252.4,32001247.17,25,20
2017-11-26,10000002,31083,936838.95,936838.95,936838.95,701,69
2017-11-26,10000002,31084,199000,199000,199000,4,4
2017-11-26,10000002,31085,2724710.25,1795022.14,2997496.77,94,33
2017-11-26,10000002,31086,920000,920000,920000,10,7
2017-11-26,10000002,31089,9113088.13,7000004.59,9469898.87,51,19
2017-11-26,10000002,31091,33003299,31999999.99,33139927.49,64,36
2017-11-26,10000002,31105,197998.91,161002.01,197999.94,513,113
2017-11-26,10000002,31106,125000,125000,125000,3,3
2017-11-26,10000002,31107,1162430.29,1160000,1163999.74,65,37
2017-11-26,10000002,31108,750000,750000,750000,3,3
2017-11-26,10000002,31111,3917774.08,3000006.4,3979994.75,63,38
2017-11-26,10000002,31113,10766498.4,10299999.98,10950000,21,16
2017-11-26,10000002,31117,182999.98,182999.98,182999.99,133,65
2017-11-26,10000002,31118,125000,125000,125000,4,4
2017-11-26,10000002,31119,994963.35,994963.19,994979.85,800,200
2017-11-26,10000002,31120,879999.75,750000,1399998.76,10,7
2017-11-26,10000002,31123,2869020.37,2503366.97,2900362.09,38,27
2017-11-26,10000002,31125,9748996.02,9747000,9748996.42,396,144
2017-11-26,10000002,31127,140004061.45,140004061.45,140004061.45,1,1
2017-11-26,10000002,31129,17140.02,861.09,78999.96,24,7
2017-11-26,10000002,31130,125000,125000,125000,2,2
2017-11-26,10000002,31131,474974,474974,474974,2,1
2017-11-26,10000002,31132,750000,750000,750000,2,2
2017-11-26,10000002,31135,3501332.32,1252000,7999996.96,3,2
2017-11-26,10000002,31137,2191765.94,850119.36,8899998.82,12,3
2017-11-26,10000002,31141,208797.79,200000,215995.99,20,2
2017-11-26,10000002,31142,125000,125000,125000,2,2
2017-11-26,10000002,31143,994998.97,994998.97,994998.97,1,1
2017-11-26,10000002,31144,750000,750000,750000,2,2
2017-11-26,10000002,31147,2394384.51,2394384.51,2394384.51,1,1
2017-11-26,10000002,31149,10511199.39,9999998.99,11000000,5,3
2017-11-26,10000002,31153,209311.98,209311.98,209311.99,635,233
2017-11-26,10000002,31154,125000,125000,125000,7,6
2017-11-26,10000002,31155,945000,944999.98,945999.93,381,137
2017-11-26,10000002,31156,750000,750000,750000,7,7
2017-11-26,10000002,31157,20111110.11,19999999,20999998.95,9,4
2017-11-26,10000002,31159,265996,265996,265996,1544,215
2017-11-26,10000002,31160,214285.71,125000,749999.99,7,7
2017-11-26,10000002,31161,1948775.94,1947000,1948899.98,632,126
2017-11-26,10000002,31162,750000,750000,750000,9,7
2017-11-26,10000002,31163,25697603.22,25400201,26499999,91,28
2017-11-26,10000002,31164,50000000,50000000,50000000,3,3
2017-11-26,10000002,31165,3549992.93,3549992.79,3649994.91,1752,266
2017-11-26,10000002,31167,12398000,12397999.94,12897986.99,349,144
2017-11-26,10000002,31169,260962414.61,250008889.48,263299997.91,23,11
2017-11-26,10000002,31171,3899997,3897999.99,3899997.99,844,208
2017-11-26,10000002,31173,9087894.41,9087892.74,9087899.9,175,90
2017-11-26,10000002,31175,165999995.49,165999991.99,165999998.99,2,2
2017-11-26,10000002,31177,224876.84,224875.97,224876.91,731,240
2017-11-26,10000002,31178,125000,125000,125000,5,5
2017-11-26,10000002,31179,995680.77,956506.35,1089870.99,231,101
2017-11-26,10000002,31180,750000,750000,750000,5,5
2017-11-26,10000002,31183,2999654,2999650.98,2999654.99,447,189
2017-11-26,10000002,31185,11056999.96,11056999.95,11057000,161,96
2017-11-26,10000002,31189,889196.99,889196.99,889196.99,1,1
2017-11-26,10000002,31190,125000,125000,125000,2,2
2017-11-26,10000002,31191,594998.42,594998.42,594998.42,8,8
2017-11-26,10000002,31192,750000,750000,750000,2,2
2017-11-26,10000002,31197,10050013.52,4800027.1,15299999.94,4,3
2017-11-26,10000002,31201,168969.95,168969.94,168969.96,263,158
2017-11-26,10000002,31202,125000,125000,125000,4,4
2017-11-26,10000002,31203,691642.43,200008.06,789969.17,6,6
2017-11-26,10000002,31204,750000,750000,750000,3,3
2017-11-26,10000002,31207,2384580.44,1746210.13,2460499.99,64,48
2017-11-26,10000002,31209,7429999.85,7429999.85,7429999.85,1,1
2017-11-26,10000002,31213,49999.99,49999.86,50000,851,379
2017-11-26,10000002,31214,125000,125000,125000,9,8
2017-11-26,10000002,31215,112027.03,112027.03,112027.03,122,17
2017-11-26,10000002,31216,750000,750000,750000,4,4
2017-11-26,10000002,31217,4999998.84,4999998.84,4999998.84,1,1
2017-11-26,10000002,31220,2395995,2395994.88,2668999.88,142,85
2017-11-26,10000002,31222,6025966.8,2789467,6949999,18,15
2017-11-26,10000002,31226,36098.22,10001.01,38997.91,20,12
2017-11-26,10000002,31227,125000,125000,125000,4,4
2017-11-26,10000002,31228,238705.42,56055.25,254999.99,10,9
2017-11-26,10000002,31229,750000,750000,750000,3,3
2017-11-26,10000002,31234,8199990,8199990,8199990,2,2
2017-11-26,10000002,31238,131694.47,131694.4,131694.5,173,111
2017-11-26,10000002,31239,125000,125000,125000,5,5
2017-11-26,10000002,31240,219425.41,3765.33,250234,8,8
2017-11-26,10000002,31241,750000,750000,750000,3,3
2017-11-26,10000002,31244,1866170.3,1119195.76,1997989.58,20,16
2017-11-26,10000002,31246,7600000,7600000,7600000,1,1
2017-11-26,10000002,31250,167971.29,167949,167975,35,3
2017-11-26,10000002,31251,125000,125000,125000,2,2
2017-11-26,10000002,31252,560967,560966,560969,5,3
2017-11-26,10000002,31253,750000,750000,750000,2,2
2017-11-26,10000002,31262,107882.91,20604.42,110999.99,29,12
2017-11-26,10000002,31264,499993.93,499993.93,499993.93,2,1
2017-11-26,10000002,31265,775000,775000,775000,1,1
2017-11-26,10000002,31268,2194109.35,40484.74,2389895.45,12,7
2017-11-26,10000002,31270,14999998.6,14999998.57,14999998.65,3,2
2017-11-26,10000002,31274,172992.87,172992.87,172992.87,198,72
2017-11-26,10000002,31275,166038.32,125000,1027843,22,3
2017-11-26,10000002,31276,964088.47,596005.04,1000000,45,22
2017-11-26,10000002,31277,750000,750000,750000,1,1
2017-11-26,10000002,31280,2799921.41,1500029.4,2799990.89,233,76
2017-11-26,10000002,31282,9999893.3,9999892.79,9999893.48,15,13
2017-11-26,10000002,31286,147891.92,147891.87,147892.42,116,36
2017-11-26,10000002,31287,125000,125000,125000,1,1
2017-11-26,10000002,31288,489740.9,489740.9,489740.9,128,27
2017-11-26,10000002,31289,1957499.95,750000,3164999.89,2,2
2017-11-26,10000002,31292,2689986.13,2689985.99,2689986.4,34,17
2017-11-26,10000002,31294,6076954.1,1000202.02,6999999.98,13,10
2017-11-26,10000002,31298,144970.73,144970.73,144970.74,187,42
2017-11-26,10000002,31299,1698333.33,125000,2485000,3,3
2017-11-26,10000002,31300,298421.41,220003.45,299900.99,54,17
2017-11-26,10000002,31301,750000,750000,750000,1,1
2017-11-26,10000002,31304,2799999.92,2799999.91,2799999.95,28,16
2017-11-26,10000002,31306,9799998.92,9799996.95,9799999,14,6
2017-11-26,10000002,31310,244410.67,1.33,266971.75,71,28
2017-11-26,10000002,31312,1748861.22,1748857,1748861.79,17,6
2017-11-26,10000002,31316,2800061.39,2800000,2800066,15,11
2017-11-26,10000002,31318,7799992.24,7799990.54,7799998.95,15,8
2017-11-26,10000002,31322,247999.92,247999.92,247999.93,485,88
2017-11-26,10000002,31323,125000,125000,125000,21,2
2017-11-26,10000002,31324,1199995.73,1199995.72,1199995.8,102,44
2017-11-26,10000002,31328,2682418,2682412.32,2682419.88,107,37
2017-11-26,10000002,31330,11952378.05,11000000,11999996.82,21,16
2017-11-26,10000002,31334,91003.08,3305,245998.99,39,5
2017-11-26,10000002,31336,998783.36,998783.36,998783.36,2,1
2017-11-26,10000002,31340,6599999.39,4500000,7999998.99,10,5
2017-11-26,10000002,31342,7899929.55,2500115.42,9099888.25,11,6
2017-11-26,10000002,31346,11515.94,10000.99,22499.33,33,4
2017-11-26,10000002,31358,624996.96,624996.78,624997.92,1011,350
2017-11-26,10000002,31359,125000,125000,125000,8,8
2017-11-26,10000002,31360,3348000,3343870.94,3349977.9,840,370
2017-11-26,10000002,31361,937495.75,750000,2999948.96,12,11
2017-11-26,10000002,31362,79999839.8,79999800,79999999,5,2
2017-11-26,10000002,31364,4298970.84,4298964.31,4298973.42,318,152
2017-11-26,10000002,31366,22891999.8,22887999.99,22892999.99,304,198
2017-11-26,10000002,31370,217996.89,217994.96,217996.9,781,202
2017-11-26,10000002,31371,125000,125000,125000,5,5
2017-11-26,10000002,31372,1181874.4,1168984,1181991.46,1236,383
2017-11-26,10000002,31373,750000,750000,750000,9,9
2017-11-26,10000002,31374,24025050.35,23973998.2,30000000,59,24
2017-11-26,10000002,31375,64999999.32,50000000,79999998.64,2,2
2017-11-26,10000002,31376,3794979.78,3794979.66,3794984,242,105
2017-11-26,10000002,31378,8899999.99,8599999.96,9100000,484,299
2017-11-26,10000002,31380,155859485.74,150000000,159500000,35,16
2017-11-26,10000002,31382,133401.5,2004.99,190000,20,8
2017-11-26,10000002,31383,125000,125000,125000,3,3
2017-11-26,10000002,31385,750000,750000,750000,4,4
2017-11-26,10000002,31386,9250002.45,5500005.9,12999999,2,2
2017-11-26,10000002,31388,4499999.96,4499999.96,4499999.96,10,4
2017-11-26,10000002,31390,8228651.3,6300279.66,9000000,7,6
2017-11-26,10000002,31394,138786.29,11000.58,189900.58,7,3
2017-11-26,10000002,31395,125000,125000,125000,3,3
2017-11-26,10000002,31396,489999.95,484999.91,495000,14,6
2017-11-26,10000002,31397,750000,750000,750000,3,3
2017-11-26,10000002,31400,2647225,2600000,2789000,4,3
2017-11-26,10000002,31402,6999998.99,6999998.99,6999999,4,4
2017-11-26,10000002,31406,519999.94,331000.96,519999.97,171,64
2017-11-26,10000002,31407,125000,125000,125000,5,5
2017-11-26,10000002,31408,2599982.93,2000044.12,2599987.94,115,51
2017-11-26,10000002,31409,750000,750000,750000,5,5
2017-11-26,10000002,31410,74190475.95,74000000,75999999.99,21,9
2017-11-26,10000002,31412,5471135.41,4500000,5548824.99,27,21
2017-11-26,10000002,31414,16096774.42,10000002.21,16799999.9,62,40
2017-11-26,10000002,31416,322999989.7,322999989.7,322999989.7,4,3
2017-11-26,10000002,31418,23597.22,200.04,149941.98,32,4
2017-11-26,10000002,31430,410019,410019,410019,32,2
2017-11-26,10000002,31442,144455.12,1211.08,148997.97,69,28
2017-11-26,10000002,31444,324996.96,324996.95,324996.96,31,15
2017-11-26,10000002,31446,12999999,12999999,12999999,1,1
2017-11-26,10000002,31448,2293832.03,2287998,2297998.89,12,8
2017-11-26,10000002,31450,6999981.91,6999981.53,6999982.68,3,3
2017-11-26,10000002,31452,58799999.86,58799999.85,58799999.87,3,3
2017-11-26,10000002,31454,139999.8,139999.8,139999.8,170,49
2017-11-26,10000002,31456,748000,747999.99,748000,19,13
2017-11-26,10000002,31460,2225856.84,1001.33,2277600,44,13
2017-11-26,10000002,31462,6987869.86,6987869.85,6987869.86,2,2
2017-11-26,10000002,31466,219993.97,219993.97,219993.97,1,1
2017-11-26,10000002,31472,600000,600000,600000,1,1
2017-11-26,10000002,31474,7479489,7479489,7479489,1,1
2017-11-26,10000002,31478,51100.08,51100.08,52100,253,48
2017-11-26,10000002,31479,195988.99,195988.99,195988.99,1,1
2017-11-26,10000002,31480,423408.97,423000,424000,44,23
2017-11-26,10000002,31481,1178834.78,1178834.78,1178834.78,1,1
2017-11-26,10000002,31484,2000000,2000000,2198990.96,219,58
2017-11-26,10000002,31486,4374127.85,4374121.84,4374128.15,164,54
2017-11-26,10000002,31490,211615.53,1002.49,450948.99,47,5
2017-11-26,10000002,31492,716661.44,113010.15,746993,21,12
2017-11-26,10000002,31496,3443291.67,3443013.01,3443431,3,2
2017-11-26,10000002,31498,8967987.84,8967895.09,8967997.61,11,6
2017-11-26,10000002,31502,46296.32,2200.35,597496,27,3
2017-11-26,10000002,31508,2322221.93,2322221.93,2322221.93,2,1
2017-11-26,10000002,31514,381326.94,3317.37,649999.95,5,4
2017-11-26,10000002,31516,1665899.81,499999.52,3450000,10,4
2017-11-26,10000002,31518,54999999.99,54999999.99,54999999.99,1,1
2017-11-26,10000002,31526,1596987.86,1596980,1596987.87,315,83
2017-11-26,10000002,31527,125000,125000,125000,5,1
2017-11-26,10000002,31528,4535000.88,1540003.68,5539999.96,24,19
2017-11-26,10000002,31529,750000,750000,750000,1,1
2017-11-26,10000002,31532,2499996.63,2499996.63,2499996.74,123,34
2017-11-26,10000002,31534,9437104.31,5235521.58,10000000,10,10
2017-11-26,10000002,31536,126233168.5,119999999.95,148000000,12,9
2017-11-26,10000002,31538,1050105.8,1039999.99,1050105.93,515,112
2017-11-26,10000002,31539,125000,125000,125000,1,1
2017-11-26,10000002,31540,5340439.86,2001282.13,5989998.97,39,26
2017-11-26,10000002,31544,1717231.32,1699976.46,2140000,51,22
2017-11-26,10000002,31546,8777599.07,8700000,8796998.83,5,5
2017-11-26,10000002,31548,70000000,70000000,70000000,1,1
2017-11-26,10000002,31550,1001.34,1001.34,1001.34,25,1
2017-11-26,10000002,31552,599999.7,599999.23,599999.93,3,3
2017-11-26,10000002,31562,999998,999998,999998,253,34
2017-11-26,10000002,31563,125000,125000,125000,2,2
2017-11-26,10000002,31564,3126164.95,1705215.98,4139999.98,12,8
2017-11-26,10000002,31566,72298998.96,72298998.96,72298998.96,1,1
2017-11-26,10000002,31568,2489029,2489029,2489029,253,34
2017-11-26,10000002,31570,4136049.51,3800000,4199995,49,18
2017-11-26,10000002,31574,263181.98,25003.35,298333,33,10
2017-11-26,10000002,31576,1670307.99,130924.08,2439999.94,9,6
2017-11-26,10000002,31577,4449950,4449950,4449950,1,1
2017-11-26,10000002,31578,98999995.99,98999995.99,98999995.99,2,1
2017-11-26,10000002,31580,8097994.17,8097988,8097997.25,3,3
2017-11-26,10000002,31582,6999315,6999315,6999315,18,5
2017-11-26,10000002,31586,449000,448999.97,449999.98,161,108
2017-11-26,10000002,31587,125000,125000,125000,3,3
2017-11-26,10000002,31588,1159412.41,1149991.99,1279997.99,43,37
2017-11-26,10000002,31589,750000,750000,750000,2,2
2017-11-26,10000002,31590,36999999,36999999,36999999,1,1
2017-11-26,10000002,31591,50000000,50000000,50000000,1,1
2017-11-26,10000002,31592,2449989.53,2449982.88,2449993.22,52,27
2017-11-26,10000002,31594,11406343.09,11399999.98,12799998.75,33,28
2017-11-26,10000002,31598,179988,179988,179988,227,49
2017-11-26,10000002,31599,375000,125000,750000,5,5
2017-11-26,10000002,31600,1289774.25,1289699.99,1289774.25,243,57
2017-11-26,10000002,31601,750000,750000,750000,4,4
2017-11-26,10000002,31602,28899999,28899999,28899999,1,1
2017-11-26,10000002,31604,3800000.6,3800000.51,3800000.62,426,56
2017-11-26,10000002,31606,11861398.32,8999000.93,11999886.09,65,45
2017-11-26,10000002,31608,180650.33,105995,217977.99,36,17
2017-11-26,10000002,31609,125000,125000,125000,4,4
2017-11-26,10000002,31610,2044998.97,1999998,2045000,127,27
2017-11-26,10000002,31611,750000,750000,750000,4,4
2017-11-26,10000002,31612,30999999,30999999,30999999,1,1
2017-11-26,10000002,31613,50000000,50000000,50000000,1,1
2017-11-26,10000002,31614,3879457.17,2500010.78,3899967.74,39,21
2017-11-26,10000002,31616,12140486.86,7110007.57,12200000,37,26
2017-11-26,10000002,31620,369000,368999.93,369988.61,234,116
2017-11-26,10000002,31621,437500,125000,750000,2,2
2017-11-26,10000002,31622,1720749.15,995995.7,1769998.98,72,55
2017-11-26,10000002,31623,750000,750000,750000,3,3
2017-11-26,10000002,31624,44999999,44999999,44999999,2,2
2017-11-26,10000002,31626,2976582,2976582,2976582,115,40
2017-11-26,10000002,31628,10999995.13,10999994.93,11000000.01,26,22
2017-11-26,10000002,31632,189192,189192,189192,29,15
2017-11-26,10000002,31633,125000,125000,125000,2,2
2017-11-26,10000002,31634,1166301.52,1100000,1169984,19,14
2017-11-26,10000002,31635,750000,750000,750000,2,2
2017-11-26,10000002,31636,34999999,34999999,34999999,1,1
2017-11-26,10000002,31637,50000000,50000000,50000000,1,1
2017-11-26,10000002,31638,3221529.23,1600000,3345646.07,14,6
2017-11-26,10000002,31640,13417831.01,12989995.53,14499577.33,24,18
2017-11-26,10000002,31644,226185.51,1001.59,234846,27,21
2017-11-26,10000002,31645,125000,125000,125000,2,2
2017-11-26,10000002,31646,1226875.45,710010.52,1264999.99,24,19
2017-11-26,10000002,31647,750000,750000,750000,2,2
2017-11-26,10000002,31650,3632495.39,3599995.9,3989987.58,48,22
2017-11-26,10000002,31652,10408332.89,9400000.71,10499999.45,24,20
2017-11-26,10000002,31656,58397.09,10033.41,75919.08,94,13
2017-11-26,10000002,31657,125000,125000,125000,5,4
2017-11-26,10000002,31658,350000,350000,350000,2,2
2017-11-26,10000002,31659,750000,750000,750000,4,3
2017-11-26,10000002,31662,7755005.89,7755005.84,7755005.98,6,4
2017-11-26,10000002,31664,22091986.83,12499995.73,24489984.96,15,9
2017-11-26,10000002,31668,199889.84,199889.84,199889.84,140,46
2017-11-26,10000002,31669,125000,125000,125000,6,5
2017-11-26,10000002,31670,667507.89,555742.5,789999,16,12
2017-11-26,10000002,31671,750000,750000,750000,5,4
2017-11-26,10000002,31672,9999998.89,9999998.89,9999998.89,1,1
2017-11-26,10000002,31674,2999999.86,2999999,2999999.96,67,20
2017-11-26,10000002,31676,10199942.53,10000000,10299913.8,3,3
2017-11-26,10000002,31680,86017.3,86017.3,86017.3,784,71
2017-11-26,10000002,31681,145833.33,125000,250000,6,6
2017-11-26,10000002,31682,579482.41,200000.04,599994.97,39,28
2017-11-26,10000002,31683,750000,750000,750000,4,4
2017-11-26,10000002,31686,3089999.99,3089999.99,3090000,90,44
2017-11-26,10000002,31688,13473257.55,11500002.97,14459884.84,3,3
2017-11-26,10000002,31690,297999090,297999090,297999090,1,1
2017-11-26,10000002,31692,70096.1,69997,75950,60,6
2017-11-26,10000002,31693,125000,125000,125000,4,3
2017-11-26,10000002,31694,1599982.33,1599981,1599985,3,3
2017-11-26,10000002,31695,750000,750000,750000,4,4
2017-11-26,10000002,31696,7649998.99,7649998.99,7649998.99,1,1
2017-11-26,10000002,31698,1728395.48,250558.68,1900000,18,13
2017-11-26,10000002,31700,8998999.9,8998999.89,8998999.9,6,3
2017-11-26,10000002,31704,76696.13,100.17,84976.99,82,15
2017-11-26,10000002,31705,125000,125000,125000,4,3
2017-11-26,10000002,31706,352634.36,3208.28,439991.48,15,12
2017-11-26,10000002,31707,750000,750000,750000,3,3
2017-11-26,10000002,31708,7999999,7999998.99,7999999,2,2
2017-11-26,10000002,31710,7203292.91,7199994.46,7209889.8,3,3
2017-11-26,10000002,31712,8416833.49,5001003,9099999.97,6,6
2017-11-26,10000002,31716,49999.99,49999.98,50000,1645,367
2017-11-26,10000002,31717,125000,125000,125000,7,7
2017-11-26,10000002,31718,224896.99,222999,224898.8,960,362
2017-11-26,10000002,31719,1562499.96,750000,3999999.85,8,8
2017-11-26,10000002,31720,4911763.76,3500000,4999999,17,3
2017-11-26,10000002,31721,33500000.31,500000.92,50000000,3,3
2017-11-26,10000002,31722,2169989.99,2169989.96,2192999.1,542,216
2017-11-26,10000002,31724,4189998,4189989.88,4190000,1025,345
2017-11-26,10000002,31726,59551723.62,59399999,59999999.36,29,19
2017-11-26,10000002,31728,151757.56,10000.18,200979,97,18
2017-11-26,10000002,31729,125000,125000,125000,9,5
2017-11-26,10000002,31730,185859.23,110000.14,199999.97,71,26
2017-11-26,10000002,31731,750000,750000,750000,4,4
2017-11-26,10000002,31732,3895000,3895000,3895000,1,1
2017-11-26,10000002,31733,500000.73,500000.73,500000.73,1,1
2017-11-26,10000002,31734,2150017.93,550690.01,2199996.99,33,10
2017-11-26,10000002,31736,3887884.81,3300000.36,3974978.8,62,32
2017-11-26,10000002,31740,44989.92,44989.92,44989.92,232,65
2017-11-26,10000002,31741,125000,125000,125000,4,4
2017-11-26,10000002,31742,247999.99,247999.99,247999.99,235,61
2017-11-26,10000002,31743,750000,750000,750000,5,5
2017-11-26,10000002,31744,4299999,4299999,4299999,3,2
2017-11-26,10000002,31745,500001.79,500001.79,500001.79,1,1
2017-11-26,10000002,31746,1813996.64,1813888,1813999.99,57,26
2017-11-26,10000002,31748,4199999.94,4199999.92,4199999.94,186,92
2017-11-26,10000002,31752,51999.97,51999.97,51999.97,777,187
2017-11-26,10000002,31753,124999.88,124999,125000,8,8
2017-11-26,10000002,31754,260998,250000,260999.48,729,234
2017-11-26,10000002,31755,750000,750000,750000,5,5
2017-11-26,10000002,31756,21493329.31,18500000,22989993.96,3,2
2017-11-26,10000002,31757,25250000.29,500000.58,50000000,2,2
2017-11-26,10000002,31758,2199997.63,2199997.2,2199998.03,165,80
2017-11-26,10000002,31760,4348999.89,3965001.02,4348999.97,647,197
2017-11-26,10000002,31762,62049707.68,62000009.97,62998999,20,15
2017-11-26,10000002,31764,19111.11,19000,19999.99,9,7
2017-11-26,10000002,31765,125000,125000,125000,2,2
2017-11-26,10000002,31766,298795.4,297997,298995,5,5
2017-11-26,10000002,31767,750000,750000,750000,2,2
2017-11-26,10000002,31769,50000000,50000000,50000000,1,1
2017-11-26,10000002,31770,1998999.61,1998999,1998999.99,21,16
2017-11-26,10000002,31772,3600909.48,3500000,3779999.99,22,14
2017-11-26,10000002,31774,42836363.27,42800000,42999997.96,22,15
2017-11-26,10000002,31776,34299,34299,34299,102,7
2017-11-26,10000002,31777,125000,125000,125000,2,2
2017-11-26,10000002,31778,481000,481000,481000,1,1
2017-11-26,10000002,31779,750000,750000,750000,4,3
2017-11-26,10000002,31784,3783413.15,3000052.31,9266939,8,3
2017-11-26,10000002,31788,409389.99,409389.99,409389.99,2006,348
2017-11-26,10000002,31789,200000,125000,1099999.99,13,9
2017-11-26,10000002,31790,2067883.93,2061885.72,2067885.69,4452,657
2017-11-26,10000002,31791,803754.57,750000,950000,18,18
2017-11-26,10000002,31792,43000882,43000882,43000882,187,33
2017-11-26,10000002,31793,50000000,50000000,50000000,3,3
2017-11-26,10000002,31794,6989999.39,6989997.28,6989999.41,929,198
2017-11-26,10000002,31796,19988999.27,19988974.92,19989972.92,1118,412
2017-11-26,10000002,31798,416411277.01,389997776.22,442799999.98,16,9
2017-11-26,10000002,31800,354863.08,189995,399994.5,84,33
2017-11-26,10000002,31801,130999.25,125000,148996.99,8,8
2017-11-26,10000002,31802,2110500,2097000,2111968.9,372,146
2017-11-26,10000002,31803,842373.74,750000,1230000,6,6
2017-11-26,10000002,31810,5899999.84,5899999,5899999.86,26,15
2017-11-26,10000002,31812,19888898.41,19888898.4,19888898.49,360,129
2017-11-26,10000002,31814,457999999.95,457999999.91,457999999.98,7,5
2017-11-26,10000002,31816,82616.01,50000.22,245694.99,24,6
2017-11-26,10000002,31817,125000,125000,125000,3,3
2017-11-26,10000002,31818,1497500.11,613499.6,1529898,47,14
2017-11-26,10000002,31819,750000,750000,750000,2,2
2017-11-26,10000002,31820,39999999,39999999,39999999,13,4
2017-11-26,10000002,31822,7429811.12,7428888,7429994.88,12,12
2017-11-26,10000002,31824,23033329.42,22999999,23599988.98,18,17
2017-11-26,10000002,31864,2020000,2020000,2020000,806,56
2017-11-26,10000002,31866,4199983.74,4199983.57,4199999.78,598,83
2017-11-26,10000002,31870,3878999.99,3878995.98,3879995.97,1967,156
2017-11-26,10000002,31872,2998950,2998950,2998950,766,115
2017-11-26,10000002,31874,3389952,2611226.22,3389978.47,1188,172
2017-11-26,10000002,31876,4008001,3939996.65,4099998.58,1882,225
2017-11-26,10000002,31878,4189995.95,4189995.95,4189995.95,436,95
2017-11-26,10000002,31880,1299997.9,1190065.29,1374432.94,872,161
2017-11-26,10000002,31882,1739997,1739997,1739997,923,152
2017-11-26,10000002,31884,2199995.93,2052001,2217995,2094,199
2017-11-26,10000002,31886,2460008,2460008,2460008,440,62
2017-11-26,10000002,31888,1250997.22,1250997.12,1250997.22,716,89
2017-11-26,10000002,31890,1999999.99,1999999.98,1999999.99,472,62
2017-11-26,10000002,31892,2680000,2680000,2680000,750,57
2017-11-26,10000002,31894,2400000,2400000,2400000,372,55
2017-11-26,10000002,31896,2340001.4,10002.16,6999999.88,3,3
2017-11-26,10000002,31898,500013,500013,500013,1,1
2017-11-26,10000002,31900,42249997,42249996.95,42249999,226,136
2017-11-26,10000002,31902,38230375.09,35000000,62630000,90,47
2017-11-26,10000002,31904,9447024.38,7366545.28,10999995.27,11,10
2017-11-26,10000002,31906,10754194.26,8800057.19,12499998.81,24,15
2017-11-26,10000002,31908,16404444.82,12940000.4,18140000.36,9,8
2017-11-26,10000002,31910,31124363.19,7000445,32980048.99,14,10
2017-11-26,10000002,31916,19999985.51,19999983.91,19999991.94,5,5
2017-11-26,10000002,31918,20766667.02,13100017,24599992.02,6,5
2017-11-26,10000002,31922,3358058.49,2601028.56,3499998.77,38,20
2017-11-26,10000002,31924,2832648.33,2245498,2899791,46,29
2017-11-26,10000002,31926,14090090.75,14090066.7,16499979.98,186,68
2017-11-26,10000002,31928,10739379.97,10738999.99,10739380,528,238
2017-11-26,10000002,31930,39683000.7,39054446.14,40999999.97,331,142
2017-11-26,10000002,31932,32799997.71,30111601.41,32839998.66,529,241
2017-11-26,10000002,31936,8488863.63,5295119.96,9299999.99,92,48
2017-11-26,10000002,31942,30904710.6,26785453.45,32499999.96,85,57
2017-11-26,10000002,31944,31698483.77,29100006.17,31699984.58,120,86
2017-11-26,10000002,31946,35022616.6,33045053.74,37988960.9,5,3
2017-11-26,10000002,31952,38750000,38750000,38750000,143,70
2017-11-26,10000002,31954,54000056.97,54000056.97,54000056.97,2,2
2017-11-26,10000002,31955,79999999.74,79999999.74,79999999.74,1,1
2017-11-26,10000002,31958,92999999.99,92999999.99,92999999.99,1,1
2017-11-26,10000002,31964,135000091.21,135000091.21,135000091.21,1,1
2017-11-26,10000002,31965,179999779,179999779,179999779,1,1
2017-11-26,10000002,31966,35900006,35900006,35900006,1,1
2017-11-26,10000002,31969,44991987.96,44991987.96,44991987.96,1,1
2017-11-26,10000002,31974,29203000,29203000,29203000,1,1
2017-11-26,10000002,31975,32999998.91,32999998.91,32999998.91,1,1
2017-11-26,10000002,31976,79001098.92,79001098.88,79001099,3,3
2017-11-26,10000002,31977,94555000.99,94555000.99,94555000.99,2,2
2017-11-26,10000002,31978,95985454.87,95985454.87,95985454.87,1,1
2017-11-26,10000002,31979,170000000,170000000,170000000,1,1
2017-11-26,10000002,31982,22269.99,22269.98,22269.99,5758,69
2017-11-26,10000002,31990,57776.97,56000,58499.99,7919,95
2017-11-26,10000002,31998,54400.01,54332.63,64987,11189,153
2017-11-26,10000002,32006,114613.42,112500,115111.11,51268,766
2017-11-26,10000002,32014,225000,205116.51,231940,22255,543
2017-11-26,10000002,32025,246999.92,245000,247999.88,9,9
2017-11-26,10000002,32026,125000,125000,125000,11,2
2017-11-26,10000002,32027,1392691.12,270409.77,1599993.84,19,10
2017-11-26,10000002,32031,27999989.2,27999988.8,27999989.99,3,3
2017-11-26,10000002,32033,63614.54,111.36,269999.87,34,10
2017-11-26,10000002,32035,3350394.93,2352049.38,3599982,35,19
2017-11-26,10000002,32036,980000,980000,980000,1,1
2017-11-26,10000002,32037,6988999.99,6988999.99,6988999.99,1,1
2017-11-26,10000002,32039,34995999.75,34995999.72,34995999.78,2,2
2017-11-26,10000002,32041,664495.56,649994,678998.99,16,5
2017-11-26,10000002,32042,320000,320000,320000,1,1
2017-11-26,10000002,32043,2099998,2099997.97,2099999.98,114,57
2017-11-26,10000002,32044,761250,750000,780000,8,4
2017-11-26,10000002,32045,10000000,10000000,10000000,1,1
2017-11-26,10000002,32047,32923987.29,28001704.53,33855905.28,87,47
2017-11-26,10000002,32057,248421.04,2003.33,444444,9,3
2017-11-26,10000002,32059,1750000,1700000,1999997.99,181,23
2017-11-26,10000002,32061,6800000,6800000,6800000,2,2
2017-11-26,10000002,32063,33450190.84,32001246.34,33739979.75,12,10
2017-11-26,10000002,32069,157999,157999,157999,2,2
2017-11-26,10000002,32071,1650896.5,1650848.99,1650944,2,2
2017-11-26,10000002,32072,776000,776000,776000,1,1
2017-11-26,10000002,32075,34989991.85,34989991.84,34989991.86,2,2
2017-11-26,10000002,32081,338625,338625,338625,8,6
2017-11-26,10000002,32083,2455344.89,2377744,2474745,10,10
2017-11-26,10000002,32087,30999999.8,30999999.8,30999999.8,1,1
2017-11-26,10000002,32101,30000000,30000000,30000000,1,1
2017-11-26,10000002,32111,6999996.98,6999996.98,6999996.98,1,1
2017-11-26,10000002,32226,126557798.56,97481197.44,136249998.9,4,3
2017-11-26,10000002,32245,137000000.08,137000000.08,137000000.08,2,2
2017-11-26,10000002,32246,20966444.75,20100042.95,22969994.57,53,9
2017-11-26,10000002,32248,2959049.04,398998.97,3998998.99,40,7
2017-11-26,10000002,32254,378056722.45,345002616.88,404499999.83,9,9
2017-11-26,10000002,32260,394333296.49,374999994.97,432999899.53,3,3
2017-11-26,10000002,32262,254479445.52,238000510.18,277549919.98,12,10
2017-11-26,10000002,32305,560006269.95,480019039.85,599999885,3,3
2017-11-26,10000002,32307,470400000.01,439500000.14,490999999.9,5,5
2017-11-26,10000002,32309,458400000.18,435000000.03,486999997.82,10,10
2017-11-26,10000002,32311,404551554.71,400010000.14,406822332,3,3
2017-11-26,10000002,32325,7093989.31,7093989.28,7093989.32,17,3
2017-11-26,10000002,32326,313333333.32,299999999.98,319999999.99,3,3
2017-11-26,10000002,32339,100000000,100000000,100000000,103,40
2017-11-26,10000002,32340,7759346.34,6318692.59,9200000.1,24,5
2017-11-26,10000002,32341,300000000,300000000,300000000,1,1
2017-11-26,10000002,32342,4544336.49,4024395.97,4989999.88,39,3
2017-11-26,10000002,32414,46944760.85,41889720.24,48249949.99,10,10
2017-11-26,10000002,32422,408999999.96,408999999.95,408999999.96,2,2
2017-11-26,10000002,32435,16034998.79,15000000,16400000,20,19
2017-11-26,10000002,32437,80000000,80000000,80000000,1,1
2017-11-26,10000002,32440,4365,4365,4365,1,1
2017-11-26,10000002,32444,57969995.92,57969995.92,57969995.92,3,1
2017-11-26,10000002,32445,54371388,54371388,54371388,4,2
2017-11-26,10000002,32459,6366.07,111.78,14250.89,23,23
2017-11-26,10000002,32772,497051.92,441071.22,497051.93,466,171
2017-11-26,10000002,32774,49998.99,30571.34,49998.99,163,57
2017-11-26,10000002,32780,742899.95,741000,742899.99,309,163
2017-11-26,10000002,32782,27.99,27.99,27.99,208888,45
2017-11-26,10000002,32783,120000,120000,120000,4,4
2017-11-26,10000002,32787,21999.98,16050.67,22000,2062,288
2017-11-26,10000002,32792,150000000,150000000,150000000,1,1
2017-11-26,10000002,32797,500000,500000,500000,112,69
2017-11-26,10000002,32811,167989994.98,167989994.98,167989994.98,1,1
2017-11-26,10000002,32817,1276948.51,341000,1799943,68,15
2017-11-26,10000002,32818,750000,750000,750000,3,3
2017-11-26,10000002,32819,669897.9,669000,669897.92,200,49
2017-11-26,10000002,32820,750000,750000,750000,4,4
2017-11-26,10000002,32825,949999.99,949999.99,949999.99,1,1
2017-11-26,10000002,32826,859000,859000,859000,2,2
2017-11-26,10000002,32839,6350000.01,5000000,7700000.01,2,2
2017-11-26,10000002,32853,82831666.91,57000000.76,95747499.99,3,3
2017-11-26,10000002,32854,3411875,3000000,4647500,8,5
2017-11-26,10000002,32855,9199999.99,7000000,10299999.99,3,3
2017-11-26,10000002,32858,182421.21,50000.01,189555,19,19
2017-11-26,10000002,32859,188000,188000,188000,5,5
2017-11-26,10000002,32860,288000,287999.98,288000,5,5
2017-11-26,10000002,32861,488000,488000,488000,4,4
2017-11-26,10000002,32862,2800000,2800000,2800000,7,7
2017-11-26,10000002,32863,2999999.86,2999999,3000000,7,7
2017-11-26,10000002,32864,1320000,1320000,1320000,2,2
2017-11-26,10000002,32865,606000,606000,606000,3,3
2017-11-26,10000002,32866,550000,550000,550000,3,3
2017-11-26,10000002,32867,82655.33,82633,82699.99,6,5
2017-11-26,10000002,32868,425000,400000,450000,2,2
2017-11-26,10000002,32869,2111000,2111000,2111000,3,3
2017-11-26,10000002,32870,4700000,4700000,4700000,2,2
2017-11-26,10000002,32871,1890400,1888000,1899999.99,5,5
2017-11-26,10000002,32872,1300000,1300000,1300000,797,108
2017-11-26,10000002,32873,9075714.29,8510000,9500000,7,7
2017-11-26,10000002,32874,1378998.97,1377999,1378998.99,128,50
2017-11-26,10000002,32875,9600000,9600000,9600000,7,7
2017-11-26,10000002,32876,1231155.65,1065419.93,1255123.57,99,84
2017-11-26,10000002,32877,8795138,8795138,8795138,4,4
2017-11-26,10000002,32878,997490.74,813006.01,1189995.95,94,28
2017-11-26,10000002,32879,8454444.44,8450000,8490000,9,6
2017-11-26,10000002,32880,237750,235000,237949.99,535,321
2017-11-26,10000002,32881,5149903.65,4599999.76,6000000,42,16
2017-11-26,10000002,32918,19310.81,40.05,24895.32,79,50
2017-11-26,10000002,32982,30198333.33,29986000,31260000,24,8
2017-11-26,10000002,32993,1005.38,1005.38,1005.38,1248,7
2017-11-26,10000002,32994,1993.96,1993.96,1993.96,11600,6
2017-11-26,10000002,32995,1000.01,1000.01,1000.01,1450,5
2017-11-26,10000002,32999,278953.54,200000,342116.45,90,88
2017-11-26,10000002,33000,272417.24,200000,315868.88,96,70
2017-11-26,10000002,33001,292427.82,200000,344998.99,91,67
2017-11-26,10000002,33002,222979.46,200000,239997.98,62,61
2017-11-26,10000002,33003,334947.98,334947,334948,109,52
2017-11-26,10000002,33004,4126000,4126000,4126000.01,8,8
2017-11-26,10000002,33005,369896.95,369896.94,369896.95,128,38
2017-11-26,10000002,33006,2015833.33,1999000,2099999.96,6,6
2017-11-26,10000002,33007,90000,90000,90000,141,44
2017-11-26,10000002,33008,599000,599000,599000,4,4
2017-11-26,10000002,33009,47325.56,10019.23,51018.44,54,38
2017-11-26,10000002,33010,322000,322000,322000,4,4
2017-11-26,10000002,33011,16979.96,16979.96,16979.96,186,46
2017-11-26,10000002,33012,166000,166000,166000,2,2
2017-11-26,10000002,33017,11161129.86,11161129.86,11161129.86,2,2
2017-11-26,10000002,33018,1510000.01,20000.01,3000000,2,2
2017-11-26,10000002,33020,9400000.03,300000.08,18499999.98,2,2
2017-11-26,10000002,33021,1000000.23,1000000.23,1000000.23,1,1
2017-11-26,10000002,33023,1258035.21,16070.42,2500000,2,2
2017-11-26,10000002,33024,1299998.96,1299998.96,1299998.96,2,2
2017-11-26,10000002,33025,1000.01,1000.01,1000.01,1,1
2017-11-26,10000002,33027,18900000,18900000,18900000,1,1
2017-11-26,10000002,33037,1000,1000,1000,1,1
2017-11-26,10000002,33040,1000,1000,1000,2,2
2017-11-26,10000002,33041,1000,1000,1000,1,1
2017-11-26,10000002,33047,1000,1000,1000,1,1
2017-11-26,10000002,33048,1000,1000,1000,2,2
2017-11-26,10000002,33050,1000,1000,1000,2,2
2017-11-26,10000002,33051,1000,1000,1000,1,1
2017-11-26,10000002,33052,1000,1000,1000,1,1
2017-11-26,10000002,33055,1000,1000,1000,1,1
2017-11-26,10000002,33057,1000,1000,1000,1,1
2017-11-26,10000002,33058,156665.16,10000.25,449994.97,3,3
2017-11-26,10000002,33059,110530,110530,110530,1,1
2017-11-26,10000002,33060,549500.02,100000.1,998999.93,2,2
2017-11-26,10000002,33061,1000000,1000000,1000000,1,1
2017-11-26,10000002,33062,335333.33,303000,496999.97,6,5
2017-11-26,10000002,33063,381000.01,381000,381000.01,4,3
2017-11-26,10000002,33076,256999.92,250997.98,256999.92,5325,645
2017-11-26,10000002,33078,1000000,1000000,1000000,289,162
2017-11-26,10000002,33081,719999999.97,719999999.97,719999999.97,1,1
2017-11-26,10000002,33083,520000000,520000000,520000000,1,1
2017-11-26,10000002,33091,100000,100000,100000,503,105
2017-11-26,10000002,33092,114998.88,100000,114999,236,162
2017-11-26,10000002,33093,100000,100000,100000,839,150
2017-11-26,10000002,33094,100000,100000,100000,393,112
2017-11-26,10000002,33095,1000000,1000000,1000000,433,83
2017-11-26,10000002,33096,1000000,1000000,1000000,251,96
2017-11-26,10000002,33097,1000000,1000000,1000000,292,111
2017-11-26,10000002,33098,1000000,1000000,1000000,456,89
2017-11-26,10000002,33101,334996.61,334994.98,334996.62,605,279
2017-11-26,10000002,33103,169999.95,169999.94,169999.96,143,55
2017-11-26,10000002,33107,99000000,99000000,99000000,1,1
2017-11-26,10000002,33138,1517568.24,1470001.12,1587884.84,57,21
2017-11-26,10000002,33139,2649042.91,1940002.12,4094900,45,19
2017-11-26,10000002,33140,14755930.54,12703501.34,15499999.9,62,25
2017-11-26,10000002,33141,14460688.17,11000002.01,15791001,67,20
2017-11-26,10000002,33149,19780005.73,10900028.66,22000000,5,4
2017-11-26,10000002,33151,154650946.29,149000000,159998998.87,29,28
2017-11-26,10000002,33153,235015088.71,225055055.43,239999998,13,13
2017-11-26,10000002,33155,315778843.78,315098556.99,318500000,5,5
2017-11-26,10000002,33157,153033938.93,144000002.35,154555552.67,33,30
2017-11-26,10000002,33176,88992,55000.06,88993.96,235,151
2017-11-26,10000002,33177,600000,600000,600000,1,1
2017-11-26,10000002,33178,69000.05,69000.05,69000.05,750,138
2017-11-26,10000002,33179,600000,600000,600000,3,3
2017-11-26,10000002,33180,89996.71,89988.74,89996.99,690,405
2017-11-26,10000002,33181,806961.44,600000,1724365,7,5
2017-11-26,10000002,33195,14003.1,14003,14003.1,4009,435
2017-11-26,10000002,33197,1125114.08,890068,1149996.81,38,27
2017-11-26,10000002,33199,1090715.45,656315.62,1199921.73,48,29
2017-11-26,10000002,33201,1449999.95,1449999.9,1450000,101,41
2017-11-26,10000002,33213,2433335.5,150004.77,6999996.95,3,2
2017-11-26,10000002,33214,1113000.01,155000.02,3986999.99,4,3
2017-11-26,10000002,33215,10012.04,10012.04,10012.04,3,2
2017-11-26,10000002,33217,12002.04,12002.04,12002.04,3,2
2017-11-26,10000002,33218,1578749.79,105000.05,5999999,4,3
2017-11-26,10000002,33219,50018.04,50018.04,50018.04,3,2
2017-11-26,10000002,33220,1000.01,1000.01,1000.01,3,2
2017-11-26,10000002,33221,1000.01,1000.01,1000.01,3,2
2017-11-26,10000002,33223,1912418.74,100000,2999869.98,8,7
2017-11-26,10000002,33224,10000.01,10000.01,10000.01,3,2
2017-11-26,10000002,33225,100000.01,100000.01,100000.01,3,2
2017-11-26,10000002,33226,100000.01,100000.01,100000.01,3,2
2017-11-26,10000002,33227,100000,100000,100000,3,2
2017-11-26,10000002,33228,10000,10000,10000,3,2
2017-11-26,10000002,33229,101000.46,101000.46,101000.46,3,2
2017-11-26,10000002,33230,100000,100000,100000,3,2
2017-11-26,10000002,33231,100000.01,100000.01,100000.01,3,2
2017-11-26,10000002,33232,1000.01,1000.01,1000.01,3,2
2017-11-26,10000002,33270,5879.85,5879.85,5879.85,293,37
2017-11-26,10000002,33271,109201.5,60000,125602,4,4
2017-11-26,10000002,33272,1427864.9,1427864.9,1427864.9,301,21
2017-11-26,10000002,33281,44179999.9,44000000,44900000,10,8
2017-11-26,10000002,33282,50000000,50000000,50000000,1,1
2017-11-26,10000002,33285,43012007.71,42900675,54000000,84,38
2017-11-26,10000002,33286,57999999.8,50000000,89999999,5,5
2017-11-26,10000002,33287,662266202.64,646000000,667899997.43,64,32
2017-11-26,10000002,33289,29999999,29999999,29999999,3,1
2017-11-26,10000002,33295,176000001.53,176000001.53,176000001.53,1,1
2017-11-26,10000002,33297,34618885.21,31569974.89,34999999,9,6
2017-11-26,10000002,33298,769999999.99,769999999.99,769999999.99,1,1
2017-11-26,10000002,33304,50000000,50000000,50000000,1,1
2017-11-26,10000002,33305,89999999.76,89999999.76,89999999.76,1,1
2017-11-26,10000002,33329,1906000000.02,1905000000,1907000000.04,2,2
2017-11-26,10000002,33330,3447.91,3447.91,3447.91,6328,35
2017-11-26,10000002,33332,17374.99,17354.99,17375,25833,128
2017-11-26,10000002,33334,17999.99,17999.99,17999.99,1050,3
2017-11-26,10000002,33336,34887.95,31509.12,34887.95,68752,15
2017-11-26,10000002,33337,48996.99,44023.89,48997,167506,23
2017-11-26,10000002,33359,20988.75,19507.3,20996.89,3692445,198
2017-11-26,10000002,33360,25283.83,23709.29,25284,826663,69
2017-11-26,10000002,33361,18993.94,18100.04,18995.13,1165234,105
2017-11-26,10000002,33362,29243.52,29243.44,29243.55,579428,80
2017-11-26,10000002,33373,10000.01,10000.01,10000.01,3,2
2017-11-26,10000002,33374,1000,1000,1000,1,1
2017-11-26,10000002,33385,10000.03,10000.03,10000.03,3,2
2017-11-26,10000002,33386,100000.01,100000.01,100000.01,3,2
2017-11-26,10000002,33387,10000.01,10000.01,10000.01,3,2
2017-11-26,10000002,33388,100000.01,100000.01,100000.01,3,2
2017-11-26,10000002,33389,1000.01,1000.01,1000.01,3,2
2017-11-26,10000002,33390,100000,100000,100000,3,2
2017-11-26,10000002,33391,400000.01,400000.01,400000.01,3,2
2017-11-26,10000002,33392,999.99,999.99,1000,7,2
2017-11-26,10000002,33393,80482570.42,76000048.05,84994999.91,51,42
2017-11-26,10000002,33394,83411352.91,80000002.12,87000001.68,68,40
2017-11-26,10000002,33399,5000000,5000000,5000000,189,70
2017-11-26,10000002,33400,6140662.54,5752000.02,6359777,52,44
2017-11-26,10000002,33401,50000000,50000000,50000000,2,2
2017-11-26,10000002,33404,246248839.85,220000101.28,254998419.52,4,4
2017-11-26,10000002,33405,335218506.16,326500000,350000000,15,11
2017-11-26,10000002,33406,299700000,299700000,299700000,1,1
2017-11-26,10000002,33407,36783613.67,36000000,38999888.96,65,35
2017-11-26,10000002,33440,10002.51,10001.01,33997.98,593,101
2017-11-26,10000002,33441,2144.08,2144.08,2144.08,250,58
2017-11-26,10000002,33442,905.99,90.09,4500,287,68
2017-11-26,10000002,33446,31281842.13,31281587.03,31283117.58,12,9
2017-11-26,10000002,33448,29333.65,20001,33999.98,9,5
2017-11-26,10000002,33449,749970,749970,749970,6,4
2017-11-26,10000002,33450,3095011.57,2791011.63,3099999.82,588,102
2017-11-26,10000002,33453,19438343.64,18202565.59,19998997.73,26,16
2017-11-26,10000002,33465,1150000000,1150000000,1150000000,1,1
2017-11-26,10000002,33466,7556.01,7556.01,7556.01,426,67
2017-11-26,10000002,33467,3274992.99,3000000,3499985,40,36
2017-11-26,10000002,33468,59000001.21,57750001.26,62000090.99,436,275
2017-11-26,10000002,33470,198563780,198468588.83,199497000,129,111
2017-11-26,10000002,33472,378955936.08,375000000,384152339.63,53,51
2017-11-26,10000002,33474,1637007.98,1636000,1637008,906,383
2017-11-26,10000002,33475,7949974.29,7939999.99,7949976,949,376
2017-11-26,10000002,33476,61775587.93,55000026,63599900,58,32
2017-11-26,10000002,33477,8736611.54,2210001,11999916.82,3,3
2017-11-26,10000002,33483,10000000,10000000,10000000,7,2
2017-11-26,10000002,33513,198896841.83,194330530.3,211899998.95,39,33
2017-11-26,10000002,33516,231354341.16,229999999.75,231999999.9,11,11
2017-11-26,10000002,33517,1031250,1000000,1200000,16,13
2017-11-26,10000002,33519,35547750,30000000,45000000,8,8
2017-11-26,10000002,33520,39250000,37449999.99,41319998.99,126,88
2017-11-26,10000002,33522,83068090.82,73000000,86790000,11,11
2017-11-26,10000002,33525,265821361.78,265555554,266665540,13,13
2017-11-26,10000002,33526,503778976.67,450012000.02,508888887.99,10,10
2017-11-26,10000002,33527,1030126453.04,975102000.08,1079995000,11,11
2017-11-26,10000002,33528,363603953.29,354616720.51,388889974.99,11,11
2017-11-26,10000002,33539,1582000,1403003.07,1583001.07,2937,123
2017-11-26,10000002,33551,70000000,70000000,70000000,1,1
2017-11-26,10000002,33552,152500000,150000000,155000000,2,2
2017-11-26,10000002,33555,160361345.64,121001010.17,163499999.99,8,8
2017-11-26,10000002,33557,184395834.32,183799999,184987997.9,6,6
2017-11-26,10000002,33559,217910275.99,212688967,219999999.99,7,7
2017-11-26,10000002,33561,244710142.56,240000000,254499498.97,7,7
2017-11-26,10000002,33563,170956779.25,170000000,173357590.9,7,7
2017-11-26,10000002,33565,180499999.96,179999999.97,180999999.95,4,4
2017-11-26,10000002,33569,113.03,113.03,113.03,13657,28
2017-11-26,10000002,33571,300.63,300.63,300.63,15715,53
2017-11-26,10000002,33572,400.31,400.22,400.31,15677,51
2017-11-26,10000002,33573,300.3,300.3,350,26554,66
2017-11-26,10000002,33577,482000,482000,482000,15650,200
2017-11-26,10000002,33585,37999999.99,37999999.99,38000000,3,3
2017-11-26,10000002,33589,41988999.03,41988998.95,41988999.1,2,2
2017-11-26,10000002,33591,4591734.6,3200001.09,4747991.69,62,10
2017-11-26,10000002,33595,24999999.2,24999999,25000000,5,4
2017-11-26,10000002,33600,8000.96,8000.96,8000.96,3,1
2017-11-26,10000002,33602,10000,10000,10000,2,1
2017-11-26,10000002,33604,1000,1000,1000,7,1
2017-11-26,10000002,33608,37749937,37000000,38499874,2,2
2017-11-26,10000002,33610,37142814.28,30000000,39999899.99,7,5
2017-11-26,10000002,33618,51348600.07,51000504.68,54000000,81,60
2017-11-26,10000002,33619,154764698.42,151113670.7,167999999.5,39,32
2017-11-26,10000002,33620,154447386.69,147000104.07,168879997.97,38,29
2017-11-26,10000002,33671,97999.93,97999.93,97999.93,40,5
2017-11-26,10000002,33681,86500103.79,82000335.51,87788458.58,499,223
2017-11-26,10000002,33697,34440148.81,31949011.24,35299999.43,81,71
2017-11-26,10000002,33699,100000,100000,100000,720,144
2017-11-26,10000002,33700,17136881.34,15300000.33,17999998.99,66,45
2017-11-26,10000002,33702,192397846.23,177000000.62,192999999.9,15,15
2017-11-26,10000002,33704,14160.21,2000.9,17999.99,25,5
2017-11-26,10000002,33705,2750000,2750000,2750000,1,1
2017-11-26,10000002,33706,4225.95,1120.59,4499.99,74,12
2017-11-26,10000002,33707,870000,870000,870000,2,2
2017-11-26,10000002,33708,2939334.37,2701110.19,2968654.32,73,15
2017-11-26,10000002,33710,888884.55,888884.5,888884.65,17,3
2017-11-26,10000002,33712,959992.95,959992.95,959992.95,131,12
2017-11-26,10000002,33715,150000003.67,150000003.67,150000003.67,1,1
2017-11-26,10000002,33720,208111.3,200000,346999.99,27,25
2017-11-26,10000002,33727,209900000,209900000,209900000,1,1
2017-11-26,10000002,33745,75000000,75000000,75000000,1,1
2017-11-26,10000002,33754,9799999,9799999,9799999,1,1
2017-11-26,10000002,33778,2106,2106,2106,19,19
2017-11-26,10000002,33782,1499997.98,1499997.98,1499997.98,1,1
2017-11-26,10000002,33786,45000000.01,45000000.01,45000000.01,1,1
2017-11-26,10000002,33789,84949994,84949994,84949994,1,1
2017-11-26,10000002,33816,55999997,51241604,55999998.68,197,112
2017-11-26,10000002,33818,214519752.16,203207005.86,219900198.51,72,57
2017-11-26,10000002,33820,806620302.37,780001002.75,839999998.68,10,10
2017-11-26,10000002,33822,29655.23,15001.23,31997.43,35,11
2017-11-26,10000002,33823,158222.22,144000,160000,9,9
2017-11-26,10000002,33824,2478895.04,1650055.12,2479999.85,585,166
2017-11-26,10000002,33826,31211373.97,29515643.77,32465999.8,64,59
2017-11-26,10000002,33828,13408637.47,12700139.4,13855555.39,72,53
2017-11-26,10000002,33830,12542058.09,10000005.98,14000000,24,19
2017-11-26,10000002,33832,96870014.73,88550053.06,98999999,7,7
2017-11-26,10000002,33842,109691860.86,104104111.56,111999995.7,80,41
2017-11-26,10000002,33844,99900000,95000000,100020320.96,394,148
2017-11-26,10000002,33846,122837594.9,108274632.63,128994666.61,34,27
2017-11-26,10000002,33848,109252089.22,101610002.87,112610001.95,68,57
2017-11-26,10000002,33850,237995496.24,230000000,242990990,8,8
2017-11-26,10000002,33852,145354762.3,136000094.91,148989998.3,76,64
2017-11-26,10000002,33856,4000000,4000000,4000000,129,40
2017-11-26,10000002,33890,905956.89,905951.93,905956.96,1374,157
2017-11-26,10000002,33891,465000,465000,465000,13,9
2017-11-26,10000002,33892,2899993,2899988.86,2899996.94,739,150
2017-11-26,10000002,33894,3779995.47,3774895.46,3779995.52,415,63
2017-11-26,10000002,33895,1400057.59,4.05,2000080.54,10,5
2017-11-26,10000002,33896,6999988.99,6997999.91,6999996.27,297,55
2017-11-26,10000002,33898,18999987.98,18998999.98,18999997.51,109,43
2017-11-26,10000002,33899,11739000,11739000,11739000,3,3
2017-11-26,10000002,33900,32027998.16,27426834.71,33299999.86,80,38
2017-11-26,10000002,33902,91997000,91997000,91997000,3,1
2017-11-26,10000002,33903,60000000,60000000,60000000,1,1
2017-11-26,10000002,33904,151608724.93,125000137.94,158000000,23,11
2017-11-26,10000002,33915,300000,299999.99,332994,180,110
2017-11-26,10000002,33917,17499889.86,5000002.72,29999777,2,2
2017-11-26,10000002,33918,7798997,7798997,7798997,1,1
2017-11-26,10000002,33919,32599999,32599998,32599999.99,2,2
2017-11-26,10000002,33920,84869989.99,84869989.99,84869989.99,1,1
2017-11-26,10000002,33921,30000005.01,30000005.01,30000005.01,1,1
2017-11-26,10000002,33922,21199997.46,21199997.46,21199997.46,1,1
2017-11-26,10000002,33927,83333344.66,70000018,109999997.98,3,2
2017-11-26,10000002,33929,5400000.13,2200009.58,5799998.96,9,9
2017-11-26,10000002,33930,6249998.48,750000.01,8999997.72,3,2
2017-11-26,10000002,33931,6939497.49,6900000,6978994.97,2,2
2017-11-26,10000002,33932,18500000,18499999.99,18500000,2,2
2017-11-26,10000002,33933,3830400.03,1500800.06,6160000,4,4
2017-11-26,10000002,33935,8100099.13,8100099.12,8100099.14,2,2
2017-11-26,10000002,33936,10289166.05,2000002.34,12579000,6,6
2017-11-26,10000002,33937,41666667,15000001,55000000,3,3
2017-11-26,10000002,33938,50000000,50000000,50000000,2,2
2017-11-26,10000002,33939,8799997.99,8699997.99,8999998,3,3
2017-11-26,10000002,33940,5250000,5250000,5250000,3,3
2017-11-26,10000002,33947,59999997.98,59999997.98,59999997.98,1,1
2017-11-26,10000002,33948,62477503,55005006.01,69949999.99,2,2
2017-11-26,10000002,33949,177825000.59,175200006.04,185999988,4,4
2017-11-26,10000002,33950,417200000,416900000,417500000,2,2
2017-11-26,10000002,33951,92499999.99,92499999.99,92499999.99,1,1
2017-11-26,10000002,33952,399999900,399999900,399999900,1,1
2017-11-26,10000002,33953,25875635.77,12013454.17,32806726.58,3,3
2017-11-26,10000002,33954,34999999.99,34999999.99,34999999.99,1,1
2017-11-26,10000002,33955,52999998,52999998,52999998,1,1
2017-11-26,10000002,33957,27333326.32,26999999.5,27999979.95,3,3
2017-11-26,10000002,33959,16767520.61,14736041.23,18798999.99,2,2
2017-11-26,10000002,33960,18157253.51,14314507.03,21999999.99,2,2
2017-11-26,10000002,33961,52968577.23,52968577.23,52968577.23,1,1
2017-11-26,10000002,33962,129790881.99,129790881.99,129790881.99,1,1
2017-11-26,10000002,33963,22483323.51,19966647.01,25000000,2,2
2017-11-26,10000002,33964,148999018.32,148997997.95,149000038.68,2,2
2017-11-26,10000002,33969,1868000,1868000,1868000,1,1
2017-11-26,10000002,33971,41487903.36,37667204.22,52949999.99,4,4
2017-11-26,10000002,33972,39099890.5,31200002,46999779,2,2
2017-11-26,10000002,33976,120000063.04,120000063.04,120000063.04,1,1
2017-11-26,10000002,33981,23172595.78,22666744.5,23997995.52,69,37
2017-11-26,10000002,33983,25687563.17,19445105.55,27885000.37,73,40
2017-11-26,10000002,33985,128299490.46,121830108.8,134972944.46,47,41
2017-11-26,10000002,34028,35000001.2,35000001.2,35000001.2,1,1
2017-11-26,10000002,34033,17000002.01,17000002.01,17000002.01,1,1
2017-11-26,10000002,34042,2499999.98,2499999.98,2499999.98,1,1
2017-11-26,10000002,34045,59889999,59889999,59889999,1,1
2017-11-26,10000002,34065,140000000.01,140000000.01,140000000.01,1,1
2017-11-26,10000002,34068,392000000,392000000,392000000,1,1
2017-11-26,10000002,34070,100000.02,100000.02,100000.02,1,1
2017-11-26,10000002,34073,130000000,130000000,130000000,1,1
2017-11-26,10000002,34088,86999999.97,86999999.97,86999999.97,1,1
2017-11-26,10000002,34099,125111100.28,124999999.84,125333301.15,3,3
2017-11-26,10000002,34110,274989899.22,274989899.22,274989899.22,1,1
2017-11-26,10000002,34124,37984146.53,34488136.92,39999999.92,41,20
2017-11-26,10000002,34126,575699919.92,360000033.52,668899823.01,12,10
2017-11-26,10000002,34132,207600088.08,200000000,249999999.97,25,23
2017-11-26,10000002,34133,1255656005.01,1233001003.16,1298999998.87,188,140
2017-11-26,10000002,34160,134994999.91,134994999.91,134994999.91,1,1
2017-11-26,10000002,34162,135997.01,16000.02,495988,4,4
2017-11-26,10000002,34164,6088833.33,100000,9999999.99,9,9
2017-11-26,10000002,34167,100222.85,100222.85,100222.85,1,1
2017-11-26,10000002,34175,11000,11000,11000,1,1
2017-11-26,10000002,34177,37500,0.01,50000,4,4
2017-11-26,10000002,34180,989999.99,989999.99,989999.99,1,1
2017-11-26,10000002,34201,372000.33,371000.04,424998.97,3996,532
2017-11-26,10000002,34202,2700013.65,2540013.19,3087994.01,1375,324
2017-11-26,10000002,34203,981064.16,981063.17,1019989,6318,599
2017-11-26,10000002,34204,1378300,1301317.2,1449899.9,3816,564
2017-11-26,10000002,34205,472126.77,472123.39,472130.22,2314,512
2017-11-26,10000002,34206,325002.03,325000.16,329000,2954,538
2017-11-26,10000002,34207,3736074.92,3736069.65,4099976.91,397,152
2017-11-26,10000002,34208,4350010.02,4350009,4351000,230,117
2017-11-26,10000002,34260,198987.16,198974.79,198993.82,89,10
2017-11-26,10000002,34264,2699999.77,2699994.44,2999996.85,362,64
2017-11-26,10000002,34266,300000,300000,300000,410,11
2017-11-26,10000002,34267,125000,125000,125000,3,3
2017-11-26,10000002,34268,1659984.98,1659984.53,1659986.88,128,33
2017-11-26,10000002,34269,958333.16,750000,1999998.95,6,6
2017-11-26,10000002,34272,1972495.01,1425493.04,2743999.45,26,6
2017-11-26,10000002,34274,2823231.29,1906034.07,4014928.99,12,5
2017-11-26,10000002,34276,9878100.18,9878100.17,9878100.19,13,3
2017-11-26,10000002,34278,7417553.89,6597428.12,7799979.96,57,19
2017-11-26,10000002,34280,2505165.32,2138590.51,3164999.99,14,4
2017-11-26,10000002,34282,9962908.79,9500000.11,10697999,44,8
2017-11-26,10000002,34284,5252969.77,2000078.17,7150489.93,19,6
2017-11-26,10000002,34286,2989992.97,2989992.97,2989992.97,1,1
2017-11-26,10000002,34290,15989999.95,15989999.95,15989999.95,137,27
2017-11-26,10000002,34292,2240910.91,350005.83,2950000.56,22,7
2017-11-26,10000002,34294,22999907.27,20370000.23,22999929.3,140,57
2017-11-26,10000002,34306,5599929.97,5599000,5599962.9,131,73
2017-11-26,10000002,34307,1250000,1250000,1250000,4,4
2017-11-26,10000002,34308,22540012.07,15160051.41,24999998.95,8,4
2017-11-26,10000002,34309,50000000,50000000,50000000,1,1
2017-11-26,10000002,34317,51999954.58,51999954.51,51999955.67,152,88
2017-11-26,10000002,34327,36013256.2,35000000,37889642.5,26,26
2017-11-26,10000002,34328,1224758874.85,1160000051.45,1244444473.91,10,10
2017-11-26,10000002,34349,148500000.01,105000000.02,191999999.99,2,2
2017-11-26,10000002,34353,27050050.5,24100101,30000000,2,2
2017-11-26,10000002,34354,234400.81,182001,999999,15,9
2017-11-26,10000002,34356,47500000,5000000.01,89999999.99,2,2
2017-11-26,10000002,34357,39500000,30000000,49000000,2,2
2017-11-26,10000002,34360,204870.49,204001,214000.02,23,10
2017-11-26,10000002,34362,17501002.01,17501002.01,17501002.01,1,1
2017-11-26,10000002,34363,68321.46,52500.02,274000,14,9
2017-11-26,10000002,34390,1000000,1000000,1000000,131,28
2017-11-26,10000002,34393,487999.85,76000.12,899999.58,2,2
2017-11-26,10000002,34394,360339.78,90509.68,900000,3,3
2017-11-26,10000002,34396,4499999.98,4499999.98,4499999.98,15,1
2017-11-26,10000002,34397,9750000,9500000,10000000,2,2
2017-11-26,10000002,34412,38988718,36600000.95,41999986.99,18,15
2017-11-26,10000002,34414,20740039.88,16000003.14,23899999,25,16
2017-11-26,10000002,34416,7083824.42,6500000.28,7500000.31,57,21
2017-11-26,10000002,34417,120190.64,3920.87,199920.82,8,8
2017-11-26,10000002,34418,1128.42,1128.42,1128.42,3,3
2017-11-26,10000002,34419,20013.89,20013.89,20013.89,3,3
2017-11-26,10000002,34420,18583.46,2016.85,60000,7,6
2017-11-26,10000002,34421,1000.01,1000.01,1000.01,4,4
2017-11-26,10000002,34422,62118.35,20197.25,125000,5,4
2017-11-26,10000002,34423,0.07,0.07,0.07,1,1
2017-11-26,10000002,34424,1000.89,1000.89,1000.89,3,3
2017-11-26,10000002,34425,975.15,975.15,975.15,3,3
2017-11-26,10000002,34426,50000.02,50000.02,50000.02,2,2
2017-11-26,10000002,34427,11033.94,11033.94,11033.94,1,1
2017-11-26,10000002,34428,16880.02,1100.03,80000,5,5
2017-11-26,10000002,34429,36249.92,5000.01,130000,12,8
2017-11-26,10000002,34430,17000.13,17000.13,17000.13,3,3
2017-11-26,10000002,34431,100.04,100.04,100.04,4,4
2017-11-26,10000002,34432,140399.8,33000.01,200000,5,4
2017-11-26,10000002,34433,13416.68,1100.01,75000,6,4
2017-11-26,10000002,34434,133333.39,10000.07,749999.99,6,6
2017-11-26,10000002,34435,7800.08,7800.08,7800.08,3,3
2017-11-26,10000002,34436,1376749.43,311002,1599999,12,6
2017-11-26,10000002,34481,47737510.64,42756256.32,51999996.35,15,9
2017-11-26,10000002,34483,159939450.41,129240134.22,173999991.92,35,33
2017-11-26,10000002,34485,204443782.42,180000000.4,219999208.56,9,8
2017-11-26,10000002,34487,149999998.09,149999997.14,150000000,3,3
2017-11-26,10000002,34489,268351370.22,250010200,292999999.19,49,33
2017-11-26,10000002,34496,995999,989999.96,996000.81,247,45
2017-11-26,10000002,34533,1206825.48,1000000,1299897,29,26
2017-11-26,10000002,34562,57998989.84,50499499.8,57999989.93,101,63
2017-11-26,10000002,34575,1750000,1194997.88,1750000,193,39
2017-11-26,10000002,34590,158893156.06,149312525,169000000,88,56
2017-11-26,10000002,34593,17612230.89,16999984.98,17990040.85,89,32
2017-11-26,10000002,34595,138791667.35,124000001.07,143000000.67,24,15
2017-11-26,10000002,34599,1099998.49,599999.99,1599996.99,6,5
2017-11-26,10000002,34601,3999999.47,1749999.64,6249999.3,4,4
2017-11-26,10000002,34603,157157157.15,157157157.15,157157157.15,1,1
2017-11-26,10000002,34606,1399166.63,900000,1498999.94,6,4
2017-11-26,10000002,34610,1493332.66,1489999,1499999.99,9,7
2017-11-26,10000002,34620,193999999.91,193999999.91,193999999.91,1,1
2017-11-26,10000002,34621,297099999.95,297099999.95,297099999.95,1,1
2017-11-26,10000002,34623,1899118.99,1500001.64,1998998.7,25,6
2017-11-26,10000002,34624,25326000,25326000,25326000,1,1
2017-11-26,10000002,34625,544075.81,271113.72,1089999.99,3,2
2017-11-26,10000002,34629,5766667.97,2650002,11999999.9,3,3
2017-11-26,10000002,34630,134899980,134899980,134899980,1,1
2017-11-26,10000002,34631,2003218.12,513000.5,2499957.49,8,7
2017-11-26,10000002,34636,29000000,29000000,29000000,1,1
2017-11-26,10000002,34641,29000000,29000000,29000000,1,1
2017-11-26,10000002,34642,27987500,27985000,27989999.99,2,2
2017-11-26,10000002,34647,5000013.08,5000013.08,5000013.08,1,1
2017-11-26,10000002,34659,9874999.06,9000000,9999998.9,8,6
2017-11-26,10000002,34662,6650500.52,6301002.04,6999999,2,2
2017-11-26,10000002,34665,19999999.91,19999999.9,19999999.91,2,2
2017-11-26,10000002,34667,1800012.09,1800012.09,1800012.09,2,2
2017-11-26,10000002,34668,1556666.72,760002.35,3149995.47,6,4
2017-11-26,10000002,34669,624599999.95,624599999.95,624599999.95,1,1
2017-11-26,10000002,34672,7500000,7499999.99,7500000,2,2
2017-11-26,10000002,34677,2366666.24,1200000,2949999.36,3,3
2017-11-26,10000002,34680,1166339.66,500010,2498998.99,3,2
2017-11-26,10000002,34681,10000000,10000000,10000000,1,1
2017-11-26,10000002,34682,877490.6,479151,1474999.99,5,3
2017-11-26,10000002,34686,4965975.75,2302864.14,5498996.79,6,6
2017-11-26,10000002,34688,1000000,1000000,1000000,2,1
2017-11-26,10000002,34689,65000000,65000000,65000000,1,1
2017-11-26,10000002,34690,249899999.95,249899999.95,249899999.95,1,1
2017-11-26,10000002,34692,10930000,10930000,10930000,2,2
2017-11-26,10000002,34696,145145145.57,145145145.14,145145146,2,2
2017-11-26,10000002,34698,78959912.65,78959912.65,78959912.65,1,1
2017-11-26,10000002,34715,396899998.99,396899998.99,396899998.99,1,1
2017-11-26,10000002,34718,133199991.3,109999964.48,199799999.82,4,4
2017-11-26,10000002,34719,86337.01,10012.03,124499.5,3,3
2017-11-26,10000002,34722,811247.21,172495.5,1449998.92,4,4
2017-11-26,10000002,34726,325060.12,325060.12,325060.12,8,3
2017-11-26,10000002,34728,439999.97,439999.96,439999.97,2,2
2017-11-26,10000002,34733,1354000.99,254011,1573998.99,6,6
2017-11-26,10000002,34734,8924831.69,6849663.38,11000000,4,4
2017-11-26,10000002,34735,448000.5,296001.01,599999.99,4,4
2017-11-26,10000002,34738,350001.17,350001.17,350001.17,1,1
2017-11-26,10000002,34746,1501140.57,1500000,1555887.88,49,13
2017-11-26,10000002,34747,466333,100000.01,649499.49,3,3
2017-11-26,10000002,34753,189999,189999,189999,1,1
2017-11-26,10000002,34754,1136999.96,1136999.95,1136999.96,2,2
2017-11-26,10000002,34756,134999999.67,134999999.67,134999999.67,1,1
2017-11-26,10000002,34817,781099984.3,781099984.3,781099984.3,1,1
2017-11-26,10000002,34828,50450493.53,50249997.93,50450493.93,154,98
2017-11-26,10000002,35006,94255.38,91111.33,128839.98,12,9
2017-11-26,10000002,35038,16394.07,10002.86,58997.98,23,14
2017-11-26,10000002,35062,115865.34,49479.85,549999.99,19,14
2017-11-26,10000002,35074,186174.76,150000,319890,21,16
2017-11-26,10000002,35090,53081.63,5102.04,245000,10,5
2017-11-26,10000002,35150,809968.39,351000.03,959990,47,17
2017-11-26,10000002,35434,763274.69,670922.39,1594442.92,20,13
2017-11-26,10000002,35586,154778.13,137051,197999.99,31,19
2017-11-26,10000002,35656,17500.11,17500.05,44452.89,1786,571
2017-11-26,10000002,35657,100131.82,100131.82,100131.83,2396,336
2017-11-26,10000002,35658,73389.94,51006.07,73389.97,3304,768
2017-11-26,10000002,35659,70000,38006,86411.18,2949,876
2017-11-26,10000002,35660,25005,19351.08,46554.97,1803,546
2017-11-26,10000002,35661,360035,358412.33,370003,4552,344
2017-11-26,10000002,35662,362696.76,362695.06,362696.76,3570,335
2017-11-26,10000002,35680,1036590.91,1000000,1050000,44,42
2017-11-26,10000002,35683,47227264.36,45000000,47999999.86,79,58
2017-11-26,10000002,35685,1178509.36,1000000,1269985,27,27
2017-11-26,10000002,35690,129588978.95,129588978.95,129588978.95,1,1
2017-11-26,10000002,35695,127999854.7,110000005.42,136999779.34,3,3
2017-11-26,10000002,35700,303849849.87,265000000,342699699.74,2,2
2017-11-26,10000002,35770,29998,29998,29998,214,13
2017-11-26,10000002,35771,1160000,1160000,1160000,796,139
2017-11-26,10000002,35772,144000,144000,144000,3,3
2017-11-26,10000002,35774,272496.96,149998,338798,97,55
2017-11-26,10000002,35788,8114.31,5002.53,8980,74,27
2017-11-26,10000002,35789,1067996.98,1065000,1067998.99,127,71
2017-11-26,10000002,35790,1650004.06,1650004.06,1698890.96,667,248
2017-11-26,10000002,35791,99000,99000,99000,7,7
2017-11-26,10000002,35794,8368.66,8368.62,8368.69,828,234
2017-11-26,10000002,35795,11996.94,11996,11996.98,1031,231
2017-11-26,10000002,35796,1500000,1500000,1500000,2,2
2017-11-26,10000002,35825,582351015.38,556200004.15,599999988.45,36,33
2017-11-26,10000002,35826,4577999498.48,4576998999,4578999997.96,2,2
2017-11-26,10000002,35832,931793298.5,896000000.05,955999897.55,15,15
2017-11-26,10000002,35833,11728128571.12,11724999998.98,11940549999.45,7,7
2017-11-26,10000002,35835,914357188.25,900000500.04,927989998.67,52,47
2017-11-26,10000002,35836,7564999999.91,7155000000,7769999999.87,3,3
2017-11-26,10000002,35878,185792251.44,183999994.99,191808997.66,29,27
2017-11-26,10000002,35881,735400008.04,647000043.34,759999998.94,5,5
2017-11-26,10000002,35886,178098184.89,149102101.43,179670989.62,20,20
2017-11-26,10000002,35891,182355997.67,167560001.1,183999996.94,20,20
2017-11-26,10000002,35892,1013321074.13,907439728.06,1090000000,15,15
2017-11-26,10000002,35894,264324355.53,252342447.91,272969990.73,40,35
2017-11-26,10000002,35899,34989728.2,34000181.05,36023989.99,43,27
2017-11-26,10000002,35921,39324996.12,37000016.02,40099996,20,15
2017-11-26,10000002,35922,35493096.71,33134305.84,35899998.98,88,55
2017-11-26,10000002,35923,104716174.04,104679979.5,104800000,21,15
2017-11-26,10000002,35924,63260657.83,50978459.18,64798989.97,18,12
2017-11-26,10000002,35925,64825812.17,60000023.91,66799998.82,62,45
2017-11-26,10000002,35926,111999998.48,111999998,111999998.62,5,4
2017-11-26,10000002,35940,24900032.69,22000134.92,26499995,40,22
2017-11-26,10000002,35941,15751057.24,11902114.53,19599999.94,4,3
2017-11-26,10000002,35943,23037035.53,20000001.12,23999998.94,54,38
2017-11-26,10000002,35945,16345191.4,12090382.89,20599999.9,2,2
2017-11-26,10000002,35947,22788530.37,20000514.81,23789453.98,41,30
2017-11-26,10000002,35949,26496325.98,24021232,27399997.99,53,41
2017-11-26,10000002,35959,10532825.9,9000562.89,11299990,76,39
2017-11-26,10000002,35962,15762191.15,15500012.02,17999999.99,82,19
2017-11-26,10000002,35963,31496424.44,14499998.8,61240194,11,5
2017-11-26,10000002,35965,7799999.99,7799999.99,7799999.99,7,3
2017-11-26,10000002,36312,199999999,199999999,199999999,1,1
2017-11-26,10000002,36334,2899501,550001.99,5249000,2,2
2017-11-26,10000002,36345,765330.42,100000.28,1097995.5,3,3
2017-11-26,10000002,36358,1241480.65,1239998.99,1244443.99,3,3
2017-11-26,10000002,36359,1949002.97,1949002.97,1949002.97,3,2
2017-11-26,10000002,36394,349099999.95,349099999.95,349099999.95,1,1
2017-11-26,10000002,36411,73405.82,58007.28,135000,5,5
2017-11-26,10000002,36424,246401.55,31007.44,389997.95,5,5
2017-11-26,10000002,36425,218824.23,97707.07,349000,5,5
2017-11-26,10000002,36431,100000,100000,100000,1,1
2017-11-26,10000002,36433,180018.6,180018.6,180018.6,11,2
2017-11-26,10000002,36435,109666.67,75000,179000,3,3
2017-11-26,10000002,36437,450000,400000,500000,2,2
2017-11-26,10000002,36438,698963.33,695000,699944.99,6,4
2017-11-26,10000002,36444,749999.99,749999.99,749999.99,1,1
2017-11-26,10000002,36445,1097249.75,800000,1788999,4,4
2017-11-26,10000002,36448,100010,100010,100010,1,1
2017-11-26,10000002,36450,900000,900000,900000,1,1
2017-11-26,10000002,36451,27000000,27000000,27000000,2,2
2017-11-26,10000002,36494,144995001.25,96990002.5,193000000,2,2
2017-11-26,10000002,36505,59999999,59999999,59999999,1,1
2017-11-26,10000002,36509,125000000,125000000,125000000,1,1
2017-11-26,10000002,36510,35000000,35000000,35000000,1,1
2017-11-26,10000002,36653,179999999,179999999,179999999,1,1
2017-11-26,10000002,36659,193699999.65,141999999.99,219549999.48,3,3
2017-11-26,10000002,36801,10329.51,4700,77883.67,13,13
2017-11-26,10000002,36814,170099999.94,170099999.94,170099999.94,1,1
2017-11-26,10000002,36817,513334.7,10002.04,1690000,12,12
2017-11-26,10000002,36841,188399999.94,188399999.94,188399999.94,1,1
2017-11-26,10000002,36908,6099995.92,5507507.6,6099995.96,284,46
2017-11-26,10000002,36909,6800949.96,6350000.44,6800950,266,49
2017-11-26,10000002,36910,7499995.1,7499995.01,7499995.16,356,86
2017-11-26,10000002,36911,7693693.67,6840860.74,7695693.92,151,40
2017-11-26,10000002,36912,6499999.52,6000000.06,6499999.79,314,54
2017-11-26,10000002,36913,1208141.81,850003.28,2999000.97,36,9
2017-11-26,10000002,36953,200000000,200000000,200000000,2,2
2017-11-26,10000002,36954,200000000,200000000,200000000,2,2
2017-11-26,10000002,36955,200000000,200000000,200000000,2,2
2017-11-26,10000002,36956,159733332.86,158400000,159999999.81,6,6
2017-11-26,10000002,36957,148823528.05,144999997,158000000,17,11
2017-11-26,10000002,36978,40000000000,40000000000,40000000000,1,1
2017-11-26,10000002,37008,1000000000,1000000000,1000000000,1,1
2017-11-26,10000002,37032,160000000,160000000,160000000,1,1
2017-11-26,10000002,37041,200000000,200000000,200000000,1,1
2017-11-26,10000002,37044,500000000,500000000,500000000,1,1
2017-11-26,10000002,37045,60000000,60000000,60000000,1,1
2017-11-26,10000002,37056,1983099999.95,1983099999.95,1983099999.95,1,1
2017-11-26,10000002,37083,200000000,200000000,200000000,1,1
2017-11-26,10000002,37135,30459677.81,22936006.02,33429999.5,37,35
2017-11-26,10000002,37152,2379999997.99,2379999997.99,2379999997.99,1,1
2017-11-26,10000002,37156,692999997.84,692999997.84,692999997.84,1,1
2017-11-26,10000002,37173,5899999986.72,5899999986.72,5899999986.72,1,1
2017-11-26,10000002,37216,302000004.27,302000002,302000005.4,3,3
2017-11-26,10000002,37220,289999917,289999917,289999917,1,1
2017-11-26,10000002,37222,276479678.34,270000059.02,308877774.94,6,3
2017-11-26,10000002,37230,299999895.58,299999895.58,299999895.58,1,1
2017-11-26,10000002,37234,298976378.97,298929321,298999907.95,3,2
2017-11-26,10000002,37248,3897999931.97,3897999931.97,3897999931.97,1,1
2017-11-26,10000002,37250,3889999920,3889999920,3889999920,1,1
2017-11-26,10000002,37258,3899899985.71,3899899985.71,3899899985.71,1,1
2017-11-26,10000002,37289,54999998,54999998,54999998,3,1
2017-11-26,10000002,37290,62799998.98,62799998.98,62799998.98,6,4
2017-11-26,10000002,37291,56455405.05,42004954.58,61272221.87,8,4
2017-11-26,10000002,37292,209867892.12,181870002.52,218889993,19,14
2017-11-26,10000002,37294,175010068.02,145001278.52,185009997.19,12,7
2017-11-26,10000002,37295,193618968.26,191999897,197999989.53,21,9
2017-11-26,10000002,37296,271096219.58,240020060.31,296999729.82,33,18
2017-11-26,10000002,37298,256638902.64,237000001.31,259424443.5,48,26
2017-11-26,10000002,37300,331278901.85,287771114.37,339980431,18,7
2017-11-26,10000002,37302,272300249.9,266000111,286999998,50,21
2017-11-26,10000002,37303,244999959.3,244999955.98,244999969.27,4,2
2017-11-26,10000002,37304,289899127.23,289899122.85,289899130.97,24,15
2017-11-26,10000002,37306,223596504.19,200111219.05,227999994.62,19,16
2017-11-26,10000002,37307,384901096.91,384901096.89,384901096.92,14,7
2017-11-26,10000002,37450,349286.25,260000.02,368999,94,18
2017-11-26,10000002,37451,2139931.45,1500000,2143118.81,112,33
2017-11-26,10000002,37452,50000000.04,50000000.04,50000000.04,1,1
2017-11-26,10000002,37453,28225052,20000209,28950000,4,4
2017-11-26,10000002,37454,14249232.96,12375010.8,15999989.98,78,32
2017-11-26,10000002,37455,20631412.23,16300360.95,23999999.84,32,17
2017-11-26,10000002,37456,15955173.84,15000011.02,16099999.78,29,22
2017-11-26,10000002,37457,36066668.62,34999998.9,37999997.88,33,17
2017-11-26,10000002,37458,33903495.29,30802447.7,34360003.07,30,14
2017-11-26,10000002,37459,26949999.97,26949999.93,26949999.99,12,6
2017-11-26,10000002,37460,44608824.31,31193385.17,48974999.95,14,11
2017-11-26,10000002,37479,389998.88,389998.88,389998.88,141,94
2017-11-26,10000002,37480,86213510.55,83000000,86899996.87,37,30
2017-11-26,10000002,37481,85699417.28,70050001.06,93044444,25,20
2017-11-26,10000002,37482,90515369.38,88800001.03,90800001.18,39,26
2017-11-26,10000002,37483,102366606.98,100000000,106899967.95,47,34
2017-11-26,10000002,37488,188499.32,124000,494986.99,16,16
2017-11-26,10000002,37503,262940,180000,389990,17,17
2017-11-26,10000002,37513,226099999.86,226099999.86,226099999.86,1,1
2017-11-26,10000002,37517,444899999.95,444899999.95,444899999.95,1,1
2017-11-26,10000002,37532,10850216.84,10000600.66,11699999.79,24,15
2017-11-26,10000002,37543,81291.5,5045.03,93999.25,7,3
2017-11-26,10000002,37544,3853.14,3853.12,3853.15,545,168
2017-11-26,10000002,37545,6005.19,6005.19,6005.19,441,147
2017-11-26,10000002,37546,1971757.58,1210049.87,1999968.97,56,18
2017-11-26,10000002,37547,1766665.66,1500000,1899998.49,3,3
2017-11-26,10000002,37549,349578.92,31552.6,739999.97,9,8
2017-11-26,10000002,37552,871428.85,300001,1099999.99,7,6
2017-11-26,10000002,37564,1949998.25,1000000,4799993,4,3
2017-11-26,10000002,37565,5998999.58,5998998.99,5998999.97,5,5
2017-11-26,10000002,37566,7019800,6100000.01,7399999.99,5,5
2017-11-26,10000002,37573,3166253.06,255004.09,11899999.98,4,3
2017-11-26,10000002,37574,2375401.83,863505.02,3399999.84,10,9
2017-11-26,10000002,37578,5550255.09,3201021.12,5999999.92,8,8
2017-11-26,10000002,37579,1259089.44,644999.98,2244995.99,11,7
2017-11-26,10000002,37580,3238000.2,3000000,4250000,5,3
2017-11-26,10000002,37583,3583333,960000,4894999.5,3,3
2017-11-26,10000002,37584,11600601.18,11001002,12499999.94,15,13
2017-11-26,10000002,37586,8999997.78,8999997.77,8999997.8,4,4
2017-11-26,10000002,37588,274251.43,50008.81,348998.97,4,4
2017-11-26,10000002,37594,2110334.34,778002.01,4774999,3,3
2017-11-26,10000002,37599,7499997.98,7499997.98,7499997.98,13,2
2017-11-26,10000002,37600,2005185.14,700000.01,2050000,27,24
2017-11-26,10000002,37604,1291000000,1291000000,1291000000,1,1
2017-11-26,10000002,37608,1444780.33,1444780.16,1649990.48,1131,263
2017-11-26,10000002,37610,1476000.02,1470000.02,1495000.02,952,226
2017-11-26,10000002,37611,1515503.02,1515002,1530000.08,920,239
2017-11-26,10000002,37612,51046258.08,45759999.01,54443999.29,23,21
2017-11-26,10000002,37615,20998548.22,20000000,22221989.33,29,25
2017-11-26,10000002,37621,12655040,12655040,12655040,2,2
2017-11-26,10000002,37624,41267716.65,34001138.1,49499999.89,43,37
2017-11-26,10000002,37625,45558540.59,38008957.63,49099999,27,25
2017-11-26,10000002,37626,45815507.52,42553101.13,49799999.8,18,14
2017-11-26,10000002,37627,73986119.95,59855842.76,78853786.11,24,21
2017-11-26,10000002,37628,59833327.71,43666655.42,76000000,4,4
2017-11-26,10000002,37629,113333333.32,111999999.99,113999999.99,3,3
2017-11-26,10000002,37630,178999949,178999936,179000000,5,5
2017-11-26,10000002,37631,88699999.99,84100000,91999999.57,62,40
2017-11-26,10000002,37796,5071428.55,5000000,6000000,14,13
2017-11-26,10000002,37797,5066666.04,4999999.06,5800000,12,11
2017-11-26,10000002,37798,5106042.68,5000000,5997004.99,47,14
2017-11-26,10000002,37799,5278153.14,5000000,6499876.87,25,15
2017-11-26,10000002,37805,28640152.92,21161037.02,29999992.17,13,7
2017-11-26,10000002,37810,3782465.12,3003028.12,4299997,35,25
2017-11-26,10000002,37816,162973.39,63000.06,432893.5,4,4
2017-11-26,10000002,37817,102750.01,100000.01,111000.01,8,8
2017-11-26,10000002,37820,24938378.82,23100007.12,25494000,69,28
2017-11-26,10000002,37821,99407.29,77109.42,101000,15,6
2017-11-26,10000002,37822,206993.8,25000.99,219993,15,7
2017-11-26,10000002,37823,127776.28,1000.09,163997.9,18,6
2017-11-26,10000002,37824,127001.25,64009.19,144998.98,18,9
2017-11-26,10000002,37825,621700.4,450001,1299999.99,20,16
2017-11-26,10000002,37843,11089.99,11089.99,11089.99,28528,7
2017-11-26,10000002,37844,10298.46,10298.46,10298.46,21300,9
2017-11-26,10000002,37846,9900,9500,10098,51517,30
2017-11-26,10000002,37847,11060.98,10000,11064.94,96350,37
2017-11-26,10000002,37848,10199.96,9750,10227.99,41653,22
2017-11-26,10000002,37849,1999994,1999988,1999999.98,335,9
2017-11-26,10000002,37850,1978490,1978490,1978490,261,16
2017-11-26,10000002,37851,1965001.86,1965001.79,1965001.87,827,21
2017-11-26,10000002,37852,10000000,10000000,10000000,2,2
2017-11-26,10000002,37853,10000000,10000000,10000000,2,2
2017-11-26,10000002,37855,8000000,7999999.98,8000000,4,4
2017-11-26,10000002,37856,8975000,8000000,11899999.99,4,4
2017-11-26,10000002,37857,9300000,8000000,11899999.99,3,3
2017-11-26,10000002,37858,20000000,20000000,20000000,3,3
2017-11-26,10000002,37859,20000000,20000000,20000000,4,4
2017-11-26,10000002,37860,20000000,20000000,20000000,3,3
2017-11-26,10000002,37864,379999998.87,379999998.87,379999998.87,1,1
2017-11-26,10000002,37865,110000,110000,110000,1,1
2017-11-26,10000002,37866,84941.11,80999.99,147998.97,17,3
2017-11-26,10000002,37874,1.04,1.04,1.04,5,5
2017-11-26,10000002,37875,12542.67,51.2,75000,6,6
2017-11-26,10000002,37877,10000.04,10000.04,10000.04,6,6
2017-11-26,10000002,37878,7777.01,7777.01,7777.01,4,4
2017-11-26,10000002,37879,30000.03,30000.03,30000.03,239,7
2017-11-26,10000002,37880,20000.12,20000.12,20000.12,7,6
2017-11-26,10000002,37881,341571.68,150000.45,595999.99,7,7
2017-11-26,10000002,37882,1000.04,1000.04,1000.04,4,4
2017-11-26,10000002,37883,252249.5,150000,354498.99,6,6
2017-11-26,10000002,37884,500.2,500.2,500.2,5,5
2017-11-26,10000002,37885,25010.56,25010.56,25010.56,3,3
2017-11-26,10000002,37886,10000.12,10000.12,10000.13,4,4
2017-11-26,10000002,37887,15000.02,15000.02,15000.02,4,4
2017-11-26,10000002,37888,70000,40000,100000,4,4
2017-11-26,10000002,37889,2004.6,2004.6,2004.6,4,4
2017-11-26,10000002,37892,2002.31,2002.31,2002.32,5,5
2017-11-26,10000002,37893,2005.56,2005.56,2005.56,5,5
2017-11-26,10000002,37894,2004.14,2004.14,2004.14,5,5
2017-11-26,10000002,37895,2002.21,2002.21,2002.21,4,4
2017-11-26,10000002,37896,2001.48,2001.48,2001.48,5,5
2017-11-26,10000002,38660,3833329.94,3250000,4999989.83,3,3
2017-11-26,10000002,40328,5872880.15,3838972.01,5999999,34,31
2017-11-26,10000002,40334,8381.99,8381.98,8382.74,245,30
2017-11-26,10000002,40335,8041.86,8041.86,8041.86,402,37
2017-11-26,10000002,40338,298240,298240,298240,3,2
2017-11-26,10000002,40345,7415406.36,6000013.21,7596599.97,82,17
2017-11-26,10000002,40346,9374991.05,8401001,9374993.93,260,36
2017-11-26,10000002,40347,7233601.94,6223092.58,7994994.98,57,17
2017-11-26,10000002,40348,32261698.12,30800000,32899990.02,47,21
2017-11-26,10000002,40349,50568593.93,47931018.79,51544443.99,23,9
2017-11-26,10000002,40350,108076922.34,106999999.97,108999998.8,13,7
2017-11-26,10000002,40351,139239845.83,124323906.37,142198909.04,68,46
2017-11-26,10000002,40354,19719144.85,19100000.01,20678596.21,51,15
2017-11-26,10000002,40355,35012558.08,35012558.08,35012558.08,2,1
2017-11-26,10000002,40356,86518685.17,72591500.06,90000481.45,5,5
2017-11-26,10000002,40357,117999991.76,117999986.09,117999992.33,115,61
2017-11-26,10000002,40358,2290000,2290000,2290000,116,9
2017-11-26,10000002,40359,2294048.98,2096499,2297999.98,51,4
2017-11-26,10000002,40360,1987999.98,1987999.98,1988999.05,127,11
2017-11-26,10000002,40361,2296996.97,2296996.95,2296996.98,538,24
2017-11-26,10000002,40362,10569988.95,10569988.95,10569988.95,110,7
2017-11-26,10000002,40363,11986599.85,11986599.8,11986599.85,170,9
2017-11-26,10000002,40364,7660658.67,7199541.35,8788995.99,19,5
2017-11-26,10000002,40365,8980927.48,6500958.11,11212899.92,19,2
2017-11-26,10000002,40456,12600.42,12600.42,12600.42,5,1
2017-11-26,10000002,40519,365965999,362909000,368999000,5741,1681
2017-11-26,10000002,40520,788999994.48,780084000,791498000,7586,3356
2017-11-26,10000002,40522,4450000,4450000,4450000,1,1
2017-11-26,10000002,40523,2000000,2000000,2000000,1,1
2017-11-26,10000002,40524,9499999.98,9499999.97,9499999.98,2,2
2017-11-26,10000002,40552,8893939.15,8500000.07,9499999,99,7
2017-11-26,10000002,40553,8499992,8499990.98,8499992,587,41
2017-11-26,10000002,40554,8261242.6,7400493.52,8888871.88,83,16
2017-11-26,10000002,40555,7873998.23,7873998.23,7873998.23,36,3
2017-11-26,10000002,40556,12496998.89,11799998.99,12497002.73,1712,58
2017-11-26,10000002,40557,10000024.5,10000021.67,10932994.99,1118,44
2017-11-26,10000002,40558,10999999.86,10999999.77,11297999.92,604,47
2017-11-26,10000002,40559,11544443.99,10550007.25,11560443.97,598,56
2017-11-26,10000002,40560,26545119.03,26545119.03,30499996.41,258,26
2017-11-26,10000002,40561,28999993.44,28999990,28999993.81,61,8
2017-11-26,10000002,40562,27436195.98,20000091.52,28898829.89,73,11
2017-11-26,10000002,40563,27000000,26999997.98,27099986.99,267,39
2017-11-26,10000002,40564,26291220.84,26291220.79,26291692.28,129,17
2017-11-26,10000002,40565,24999610.62,24997999.93,24999991.95,94,14
2017-11-26,10000002,40566,39499983.55,35900000.02,39499983.55,139,23
2017-11-26,10000002,40567,29411706.62,25086281.28,32498152.96,83,14
2017-11-26,10000002,40568,11465318.19,9177003.48,11846703.98,21,3
2017-11-26,10000002,40569,15249633.12,13000042.32,15999997.17,80,13
2017-11-26,10000002,40570,26999991.82,25039152,26999991.99,263,38
2017-11-26,10000002,40571,24519417.56,20553096.91,25652652.13,27,18
2017-11-26,10000002,40572,100000000,100000000,100000000,111,60
2017-11-26,10000002,40573,100000000,100000000,100000000,107,44
2017-11-26,10000002,40580,11000000,11000000,11000000,1,1
2017-11-26,10000002,40584,137158.28,100018,359999.97,14,14
2017-11-26,10000002,40594,199999999,199999999,199999999,1,1
2017-11-26,10000002,40598,1214777.34,940020.1,1899999.99,21,19
2017-11-26,10000002,40631,292000000,292000000,292000000,4,4
2017-11-26,10000002,40632,250000000.05,250000000.05,250000000.05,1,1
2017-11-26,10000002,40633,387439620.69,364390592.83,394999998,10,8
2017-11-26,10000002,40635,95499999.5,94999999.99,95999999,2,2
2017-11-26,10000002,40636,104599665.82,104598999.98,104599998.98,6,6
2017-11-26,10000002,40659,27762060.08,26700000,28499218.04,48,31
2017-11-26,10000002,40660,153744443.99,153744443.99,153744443.99,1,1
2017-11-26,10000002,40661,56979281.57,48011080.79,83883888.5,8,8
2017-11-26,10000002,40662,175480516.85,162001037.58,175998998.97,27,17
2017-11-26,10000002,40665,20700000,20700000,20700000,2,1
2017-11-26,10000002,40667,59299998.93,59299998.93,59299998.93,1,1
2017-11-26,10000002,40672,18000000,18000000,18000000,4,4
2017-11-26,10000002,40673,44000000,44000000,44000000,3,3
2017-11-26,10000002,40674,36000000,36000000,36000000,2,2
2017-11-26,10000002,40684,29000000,29000000,29000000,2,2
2017-11-26,10000002,40685,70000000,70000000,70000000,1,1
2017-11-26,10000002,40686,70000000,70000000,70000000,1,1
2017-11-26,10000002,40690,53751850.76,50000048.31,57999933.09,27,23
2017-11-26,10000002,40696,107599990.84,107599989.57,107599990.89,5,5
2017-11-26,10000002,40698,81999999.99,81999999.99,81999999.99,1,1
2017-11-26,10000002,40699,90000000,90000000,90000000,1,1
2017-11-26,10000002,40701,27893.02,27893.01,27893.02,3,2
2017-11-26,10000002,40714,46921542.75,43566001.33,47980998.92,21,18
2017-11-26,10000002,40715,72449999.44,50000000.92,94899997.95,2,2
2017-11-26,10000002,40716,90899999.84,90899999.84,90899999.84,1,1
2017-11-26,10000002,40717,121576920.18,121499999.07,121999985,13,8
2017-11-26,10000002,40719,36000000,36000000,36000000,2,2
2017-11-26,10000002,40730,23752317.52,23202706.3,27049999.92,14,7
2017-11-26,10000002,40733,60000342.97,60000342.97,60000342.97,1,1
2017-11-26,10000002,40734,97333412.38,84000466.16,103999897.99,12,10
2017-11-26,10000002,40740,1200000,1200000,1200000,3,3
2017-11-26,10000002,40741,5000000,5000000,5000000,2,2
2017-11-26,10000002,40742,5000000,5000000,5000000,2,2
2017-11-26,10000002,40743,2400000,2400000,2400000,2,2
2017-11-26,10000002,40750,23508615.77,21289799.72,45699975.18,11,4
2017-11-26,10000002,40751,1200000,1200000,1200000,3,3
2017-11-26,10000002,40753,5000000,5000000,5000000,2,2
2017-11-26,10000002,40756,48999989.48,48999983.96,48999994.99,2,2
2017-11-26,10000002,40757,2400000,2400000,2400000,2,2
2017-11-26,10000002,40758,111470031.3,91220143.1,118219994,16,7
2017-11-26,10000002,40770,230000.94,55000.94,255000.94,8,8
2017-11-26,10000002,40772,2488996.97,2488996.96,2488996.97,2,2
2017-11-26,10000002,41030,989999999,989899887.63,999999998,264,76
2017-11-26,10000002,41031,3506.39,3506.39,3506.39,1035,270
2017-11-26,10000002,41032,1603.12,1603.12,1603.12,1082,281
2017-11-26,10000002,41033,14000.03,14000.03,14000.03,554,186
2017-11-26,10000002,41034,49900.06,49900.05,58999.99,1662,312
2017-11-26,10000002,41036,190000000,190000000,190000000,1,1
2017-11-26,10000002,41038,175999997.39,175999988.93,175999999.5,5,5
2017-11-26,10000002,41040,1174998.75,1174997.99,1174999,4,4
2017-11-26,10000002,41044,330000000,330000000,330000000,1,1
2017-11-26,10000002,41048,33999999.99,33999999.99,33999999.99,2,1
2017-11-26,10000002,41049,49999989.94,49999989.94,49999989.94,1,1
2017-11-26,10000002,41051,65000000,65000000,65000000,1,1
2017-11-26,10000002,41054,447000.01,436002.24,466000.24,2295,228
2017-11-26,10000002,41055,441009.6,441007.25,499899.95,2850,238
2017-11-26,10000002,41056,452000.25,436000.01,479989.99,2672,222
2017-11-26,10000002,41057,3219997,3219997,3219997,205,122
2017-11-26,10000002,41058,107868801.43,99411784.03,110411781,13,13
2017-11-26,10000002,41059,124738264.32,110500123.92,132438271.84,6,6
2017-11-26,10000002,41061,157499988.19,130000000,184999976.37,2,2
2017-11-26,10000002,41062,145000000,145000000,145000000,1,1
2017-11-26,10000002,41068,53999999.9,53999999.9,53999999.9,1,1
2017-11-26,10000002,41081,125000000,125000000,125000000,3,1
2017-11-26,10000002,41082,55000000.11,55000000.11,55000000.11,3,1
2017-11-26,10000002,41085,47000000,47000000,47000000,1,1
2017-11-26,10000002,41092,42000000,42000000,42000000,1,1
2017-11-26,10000002,41102,71624999.99,71400000,71699999.99,4,2
2017-11-26,10000002,41127,93999999.98,93999999.98,93999999.98,3,1
2017-11-26,10000002,41152,67500000,67499999.99,67500000,6,2
2017-11-26,10000002,41155,9863.04,9860,9865.81,1819,292
2017-11-26,10000002,41158,95999999.81,68000000,109999999.71,3,2
2017-11-26,10000002,41178,108700000,108700000,108700000,1,1
2017-11-26,10000002,41184,108740000,108740000,108740000,1,1
2017-11-26,10000002,41191,28767171,25300086.73,31999999.92,49,44
2017-11-26,10000002,41194,4999999999,4999999999,4999999999,1,1
2017-11-26,10000002,41196,12733265.21,12313666.34,14798998.41,62,49
2017-11-26,10000002,41198,5082140.24,4980615.7,5980615.7,36,22
2017-11-26,10000002,41199,7335705.88,7200000,7499999.97,19,9
2017-11-26,10000002,41200,266858297.03,251315303.82,272999999.62,22,21
2017-11-26,10000002,41201,199724282.39,26487003,264999885.26,59,40
2017-11-26,10000002,41202,262111088.55,246051096.17,274097777.71,26,25
2017-11-26,10000002,41212,14812128.29,13051040.68,14952024.03,68,37
2017-11-26,10000002,41214,30730772.52,24899998,30995807.73,23,8
2017-11-26,10000002,41215,18301001.02,18301001,20396849.8,152,50
2017-11-26,10000002,41217,58502625.4,31344710.12,68999999.99,13,11
2017-11-26,10000002,41218,26900108.53,25100206.29,27099999.35,469,257
2017-11-26,10000002,41220,55499997.08,51006445.56,55500000,138,121
2017-11-26,10000002,41221,15000000,15000000,15000000,4,4
2017-11-26,10000002,41223,165833333.33,120000000,175000000,6,3
2017-11-26,10000002,41224,75000004.92,75000004.92,75000004.92,2,1
2017-11-26,10000002,41230,1500000,1500000,1500000,3,3
2017-11-26,10000002,41236,24155902.14,21900001.52,24800000,19,14
2017-11-26,10000002,41238,47367291.44,46999998.99,50000000,14,14
2017-11-26,10000002,41239,198177991.01,196000000,198298990.55,19,13
2017-11-26,10000002,41242,16166666.67,16000000,17000000,6,5
2017-11-26,10000002,41244,32000000,32000000,32000000,1,1
2017-11-26,10000002,41249,47218246.58,46899998,47689999,53,27
2017-11-26,10000002,41250,121456214.84,118156000,122398991.78,9,8
2017-11-26,10000002,41251,83102966.53,50000008.34,91389955.9,10,8
2017-11-26,10000002,41253,271341841.62,258051050.76,274000000,12,8
2017-11-26,10000002,41255,3299993938.34,3299993938.34,3299993938.34,1,1
2017-11-26,10000002,41256,84000000,79000000,89000000,2,2
2017-11-26,10000002,41263,3263.25,3263.25,3263.25,2255,47
2017-11-26,10000002,41264,3287,3287,3287,2085,49
2017-11-26,10000002,41265,6322.43,6322.43,6322.43,2222,51
2017-11-26,10000002,41266,70000.03,69001.56,89995.66,4063,72
2017-11-26,10000002,41267,398781.85,389999.99,398791.97,4722,78
2017-11-26,10000002,41268,1284999.57,1109001.02,1286993.91,3874,81
2017-11-26,10000002,41269,56015.13,56015.11,56015.15,2844,63
2017-11-26,10000002,41270,5812.45,5812.45,5812.45,5500,3
2017-11-26,10000002,41271,6420.35,6420.35,6420.35,9800,5
2017-11-26,10000002,41272,4400,4400,4400,300,1
2017-11-26,10000002,41273,18986.77,18986.77,18986.77,3277,3
2017-11-26,10000002,41274,41598,41598,41598,300,1
2017-11-26,10000002,41275,11998.99,11998.99,11998.99,4600,5
2017-11-26,10000002,41277,10500,10500,10500,2600,6
2017-11-26,10000002,41286,5974.8,5974.8,5974.8,3000,2
2017-11-26,10000002,41287,4999.74,4999.74,4999.74,13000,3
2017-11-26,10000002,41290,7356.24,7356.24,7356.24,3000,2
2017-11-26,10000002,41291,3992.86,3992.86,3992.86,41227,10
2017-11-26,10000002,41294,7968.7,7968.7,7968.7,3000,2
2017-11-26,10000002,41295,4959.01,4959.01,4959.01,3000,2
2017-11-26,10000002,41298,9979.4,9979.4,9979.4,3000,2
2017-11-26,10000002,41299,4993.95,4986,4995.69,13000,5
2017-11-26,10000002,41302,135006.02,135006.01,149993.91,3107,68
2017-11-26,10000002,41303,244002.64,244002.52,299600,3003,68
2017-11-26,10000002,41304,3297.38,3297.38,3297.38,2355,50
2017-11-26,10000002,41305,5177.65,5177.65,5177.65,1863,48
2017-11-26,10000002,41306,3739,3739,3739,2339,50
2017-11-26,10000002,41307,11153.05,11131.38,11153.05,2726,60
2017-11-26,10000002,41308,15181.04,15181.01,15181.05,2978,56
2017-11-26,10000002,41309,10050.61,10050.61,10050.61,1883,44
2017-11-26,10000002,41310,18807.5,18807.42,39804.71,2515,48
2017-11-26,10000002,41311,9953.37,9953.36,9955,2212,43
2017-11-26,10000002,41312,69000,69000,69000,3043,53
2017-11-26,10000002,41314,1990,1990,1990,1221942,27
2017-11-26,10000002,41316,1745.95,1745.93,1745.98,149370,21
2017-11-26,10000002,41318,1779.02,1779.02,1779.03,45000,8
2017-11-26,10000002,41320,2868.28,2868.28,2868.28,7000,3
2017-11-26,10000002,41322,3398.23,3398.13,3398.62,150024,18
2017-11-26,10000002,41324,2966.2,2964.78,2966.84,135345,15
2017-11-26,10000002,41330,999990,999990,999990,111,13
2017-11-26,10000002,41332,1599999.99,1595000,1600000,116,17
2017-11-26,10000002,41334,4857496.81,4724998.62,4989995,24,3
2017-11-26,10000002,41336,4989995,4989995,4989995,124,4
2017-11-26,10000002,41355,321999999.99,321999999.99,321999999.99,1,1
2017-11-26,10000002,41371,300000000,300000000,300000000,3,3
2017-11-26,10000002,41373,300000000,300000000,300000000,1,1
2017-11-26,10000002,41379,207181660,203363320,210999999.99,2,2
2017-11-26,10000002,41382,213949920,213949920,213949920,1,1
2017-11-26,10000002,41385,208506700,200013400,216999999.99,2,2
2017-11-26,10000002,41403,30794737.04,27100004.01,30999999.98,19,19
2017-11-26,10000002,41404,31973333.33,31900000,33000000,15,14
2017-11-26,10000002,41405,28899999.53,28899999,28900000,15,14
2017-11-26,10000002,41406,27777777.78,27000000,28400000,9,8
2017-11-26,10000002,41407,31905555.06,31899999,32000000,18,18
2017-11-26,10000002,41408,47299998.76,46999997.95,50000000,10,10
2017-11-26,10000002,41409,27322336.84,27000000,29899993.62,47,24
2017-11-26,10000002,41410,27333333.21,27000000,28299999,33,22
2017-11-26,10000002,41411,34889761.53,30501093.05,35989998.27,79,67
2017-11-26,10000002,41412,60000000,60000000,60000000,6,6
2017-11-26,10000002,41414,125312430.48,124999899,129999999,16,8
2017-11-26,10000002,41415,151098968.85,151098968.85,164999999.89,106,58
2017-11-26,10000002,41440,299499998.99,279999997.99,318999999.99,2,2
2017-11-26,10000002,41441,294000000,294000000,294000000,2,2
2017-11-26,10000002,41442,147500000.51,147500000.51,147500000.51,1,1
2017-11-26,10000002,41456,358955555.05,342075009.08,359999991.99,41,22
2017-11-26,10000002,41459,333257728.92,324777000.28,335366996.76,45,28
2017-11-26,10000002,41463,61961087.37,52199251.26,63098856.47,29,17
2017-11-26,10000002,41464,112199979.61,112199975.94,112199981.45,6,3
2017-11-26,10000002,41465,54999996,54999996,54999996,8,2
2017-11-26,10000002,41466,111151980.3,105007921.2,113200000,4,3
2017-11-26,10000002,41467,497999999.97,497999999.94,498000000,2,2
2017-11-26,10000002,41469,78230555.11,70999996.71,79900000,36,14
2017-11-26,10000002,41470,87799991,87799990.99,87799991,6,3
2017-11-26,10000002,41471,48599969.1,48599967.45,48599980.99,8,6
2017-11-26,10000002,41472,599999000,599999000,599999000,1,1
2017-11-26,10000002,41476,107275.5,4551,210000,4,2
2017-11-26,10000002,41477,305999.28,118000.44,399998.71,3,3
2017-11-26,10000002,41478,360526.65,100001.6,430000,19,7
2017-11-26,10000002,41479,28489999.85,28489999.85,28489999.87,6,2
2017-11-26,10000002,41480,100334.67,60002,181000,3,3
2017-11-26,10000002,41481,586250.38,507500.76,665000,4,4
2017-11-26,10000002,41482,6403247.8,2700000,9450000,46,13
2017-11-26,10000002,41483,24000002.54,15600003.57,45000000,7,4
2017-11-26,10000002,41484,2258579.98,1651665.05,2298989.89,33,11
2017-11-26,10000002,41485,118000004.59,118000004.59,118000004.59,1,1
2017-11-26,10000002,41486,61289926.7,18699000,85999974.98,50,34
2017-11-26,10000002,41489,8998,8998,8999.94,33155,93
2017-11-26,10000002,41490,849999.99,849998,855000,22763,268
2017-11-26,10000002,41491,30999909.15,30989908.93,30999910.21,101,59
2017-11-26,10000002,41492,108491250.69,89211820,113898889.77,39,29
2017-11-26,10000002,41493,142999990,135000000,142999993.6,164,91
2017-11-26,10000002,41498,121778140.84,86000054.63,132999998.45,16,11
2017-11-26,10000002,41499,549000942.96,167999995.91,930001890.01,2,2
2017-11-26,10000002,41500,600079995.42,600079995.19,600079995.62,6,5
2017-11-26,10000002,41503,54269016.73,52500203.01,63952935.72,14,9
2017-11-26,10000002,41504,308103554.88,302000000,550000000,24,19
2017-11-26,10000002,41505,113306706.13,110510061.7,118899994.99,3,3
2017-11-26,10000002,41506,114744546.5,89501040.45,117899985.23,9,7
2017-11-26,10000002,41507,127608810.69,123500009.78,127999989.46,70,29
2017-11-26,10000002,41511,34799999.9,34799999.9,34799999.9,1,1
2017-11-26,10000002,41517,72207.05,10000,79982.95,9,9
2017-11-26,10000002,41518,32387.87,104.55,139998.99,26,7
2017-11-26,10000002,41519,30834.43,2.07,179999.99,36,8
2017-11-26,10000002,41520,32585.89,2250,99999,29,9
2017-11-26,10000002,41521,61561.15,55154.67,100000,7,3
2017-11-26,10000002,41522,100007.19,100007.19,100007.19,1,1
2017-11-26,10000002,41523,199996.99,199996.99,199996.99,1,1
2017-11-26,10000002,41525,65316661.46,61099999.97,68999992,6,6
2017-11-26,10000002,41528,48998327.91,48997994.39,48998994.97,3,3
2017-11-26,10000002,41533,54130370.81,46400601.41,54988999.92,40,37
2017-11-26,10000002,41534,102419950.59,92500092.36,104899928.93,25,23
2017-11-26,10000002,41537,247222213.92,150000000.4,250000000,9,9
2017-11-26,10000002,41565,54899950,54899950,54899950,1,1
2017-11-26,10000002,41566,129699995,129699995,129699995,5,4
2017-11-26,10000002,41575,147999999.99,147999999.99,147999999.99,1,1
2017-11-26,10000002,41576,64350168.75,46101013.47,67999999.91,6,6
2017-11-26,10000002,41579,1474443.99,610000.41,1510000.41,9,5
2017-11-26,10000002,41582,1038999999.99,1038999999.99,1038999999.99,2,2
2017-11-26,10000002,41583,1000000000,1000000000,1000000000,4,4
2017-11-26,10000002,41584,1038499999.99,1038499999.99,1038499999.99,2,2
2017-11-26,10000002,41585,1038489999.99,1038489999.99,1038489999.99,3,3
2017-11-26,10000002,41587,285199999.99,285199999.99,285199999.99,1,1
2017-11-26,10000002,41598,23599199.46,20000000,24498999.33,5,5
2017-11-26,10000002,41599,9200000,9200000,9200000,6,5
2017-11-26,10000002,41600,18400000,18400000,18400000,1,1
2017-11-26,10000002,41601,18400000,18400000,18400000,1,1
2017-11-26,10000002,41607,23744000,21742000,29749999.99,4,3
2017-11-26,10000002,41608,51950000,51900000,52000000,2,2
2017-11-26,10000002,41609,43484000,43484000,43484000,1,1
2017-11-26,10000002,41615,10000000.07,10000000.07,10000000.07,1,1
2017-11-26,10000002,41621,59000000,59000000,59000000,1,1
2017-11-26,10000002,41622,59000000,59000000,59000000,1,1
2017-11-26,10000002,41624,59000000,59000000,59000000,1,1
2017-11-26,10000002,41627,14000000,14000000,14000000,1,1
2017-11-26,10000002,41628,25000000.01,25000000.01,25000000.01,2,2
2017-11-26,10000002,41632,102000000,102000000,102000000,1,1
2017-11-26,10000002,41633,122000000,122000000,122000000,1,1
2017-11-26,10000002,41639,30000000,30000000,30000000,2,2
2017-11-26,10000002,41640,58000000,58000000,58000000,1,1
2017-11-26,10000002,41644,13333262.82,12000000,19999576.89,6,5
2017-11-26,10000002,41662,35000000,35000000,35000000,1,1
2017-11-26,10000002,41666,49000000,49000000,49000000,3,2
2017-11-26,10000002,41667,49000000,49000000,49000000,1,1
2017-11-26,10000002,41668,49000000,49000000,49000000,1,1
2017-11-26,10000002,41697,64000000,64000000,64000000,1,1
2017-11-26,10000002,41698,64000000,64000000,64000000,1,1
2017-11-26,10000002,42145,26513204.46,24999999.99,27999999.99,10,9
2017-11-26,10000002,42146,57374574.74,30000000,98999999.99,8,8
2017-11-26,10000002,42149,160533.33,117000,769999.99,15,15
2017-11-26,10000002,42161,199999999,199999999,199999999,1,1
2017-11-26,10000002,42168,1382999.79,500000.05,2799998.99,18,18
2017-11-26,10000002,42185,469099999.94,469099999.94,469099999.94,1,1
2017-11-26,10000002,42200,86249114.5,84998988,95000000,8,8
2017-11-26,10000002,42201,109667714.29,68009913.58,119999124.05,6,6
2017-11-26,10000002,42202,36347530.82,33000000,36776000,10,10
2017-11-26,10000002,42203,162567395.05,135007005.28,169474988.35,5,5
2017-11-26,10000002,42204,37995123.51,35000006.13,39739999.99,19,19
2017-11-26,10000002,42205,56678617.85,41100666.14,59999998.98,14,14
2017-11-26,10000002,42206,79603846.1,70000000,80449999.94,13,13
2017-11-26,10000002,42207,149281899.13,100000000.11,159999996.95,11,11
2017-11-26,10000002,42208,181557005.59,174990000,187999996.94,20,17
2017-11-26,10000002,42209,379666326.45,378999999.97,379999489.69,6,6
2017-11-26,10000002,42210,110632564.6,89528553.55,114499979,7,7
2017-11-26,10000002,42211,150398640.69,130000112.25,165998975.97,10,8
2017-11-26,10000002,42212,197175053.23,180000223.52,202899999.5,8,7
2017-11-26,10000002,42213,326000050.39,294000512.52,345999991.33,13,12
2017-11-26,10000002,42214,574230882.65,510000263.29,624999989.99,13,13
2017-11-26,10000002,42215,1279915127.51,1139999987.59,1314894325.5,5,5
2017-11-26,10000002,42226,2773999.99,2773999.99,2773999.99,8101,34
2017-11-26,10000002,42244,61773687.02,55120004.01,62449988.95,44,40
2017-11-26,10000002,42522,126459940.3,112920124.38,137378925.34,92,48
2017-11-26,10000002,42526,538238.76,360000.49,571494.99,82,32
2017-11-26,10000002,42527,499137.42,280080.74,519999.93,23,10
2017-11-26,10000002,42528,486004.02,486004,486006,332,47
2017-11-26,10000002,42529,629997.75,629980,629998,241,63
2017-11-26,10000002,42530,487430.99,300001.92,599888.97,32,19
2017-11-26,10000002,42546,3999995.12,3999995.12,3999995.12,15,2
2017-11-26,10000002,42547,12567898,12567898,12567898,1,1
2017-11-26,10000002,42553,36999999.59,36999999.57,36999999.67,4,4
2017-11-26,10000002,42554,3900000,3900000,3900000,1,1
2017-11-26,10000002,42556,31450756.54,30003026.17,31499999.99,4,4
2017-11-26,10000002,42557,5574999.98,5574999.98,5574999.98,1,1
2017-11-26,10000002,42558,24598999.98,24598999.98,24598999.98,1,1
2017-11-26,10000002,42559,2799999,2799999,2799999,3,3
2017-11-26,10000002,42560,34285711.95,19999991.95,39999999.92,14,5
2017-11-26,10000002,42561,24999999.99,24999999.99,24999999.99,1,1
2017-11-26,10000002,42564,84999999.91,84999999.91,84999999.91,1,1
2017-11-26,10000002,42567,19749999.99,19500000,19999999.98,2,2
2017-11-26,10000002,42568,15912001.61,15912001.61,15912001.61,4,4
2017-11-26,10000002,42569,22975000,22950000,23000000,2,2
2017-11-26,10000002,42570,17999998.99,17999998.99,17999998.99,2,2
2017-11-26,10000002,42572,39999998.9,39999998.9,39999998.9,1,1
2017-11-26,10000002,42573,34998898.44,34998898.44,34998898.44,1,1
2017-11-26,10000002,42576,7989395.01,7988800,7989990.01,2,2
2017-11-26,10000002,42577,40465000,40000000,40930000,2,2
2017-11-26,10000002,42579,29200006.97,29200006.97,29200006.97,1,1
2017-11-26,10000002,42580,34499997.93,34499997.93,34499997.93,1,1
2017-11-26,10000002,42582,64999999.91,64999999.91,64999999.91,1,1
2017-11-26,10000002,42583,10950001.19,10000002.74,11899999.63,2,2
2017-11-26,10000002,42584,25000020.13,25000020.13,25000020.13,1,1
2017-11-26,10000002,42585,24700008.48,24700008.48,24700008.48,1,1
2017-11-26,10000002,42586,39999999.83,39999999.83,39999999.83,1,1
2017-11-26,10000002,42588,49999989.41,49999989.4,49999989.41,2,2
2017-11-26,10000002,42589,18499994.5,17000000,19999989,2,2
2017-11-26,10000002,42591,53999999.95,53999999.94,53999999.95,2,2
2017-11-26,10000002,42592,53999887.95,53999887.94,53999887.95,2,2
2017-11-26,10000002,42593,20700957.81,20700957.81,20700957.81,1,1
2017-11-26,10000002,42595,7395000,7395000,7395000,1,1
2017-11-26,10000002,42598,14500000,14500000,14500000,1,1
2017-11-26,10000002,42600,33600999.98,33600999.98,33600999.98,1,1
2017-11-26,10000002,42653,62101000.24,62101000.23,62101000.24,2,2
2017-11-26,10000002,42685,20008315.87,19000000.05,20498999.98,44,34
2017-11-26,10000002,42694,999.97,999.97,999.97,105017,54
2017-11-26,10000002,42695,995.95,995.91,996.74,278076,106
2017-11-26,10000002,42696,843.99,842.94,845.88,172707,72
2017-11-26,10000002,42699,235000000,235000000,235000000,1,1
2017-11-26,10000002,42700,1442857.2,100000.07,4500000.06,14,7
2017-11-26,10000002,42701,827875.01,689000.01,1750000,16,8
2017-11-26,10000002,42702,574811.89,174007.01,4999999.99,36,30
2017-11-26,10000002,42703,120909.64,81001.01,1199999.99,33,31
2017-11-26,10000002,42704,551001,51001,5551001.03,11,6
2017-11-26,10000002,42705,5299142.72,698000.02,8000000,14,10
2017-11-26,10000002,42706,201846.16,152000.01,252000,13,7
2017-11-26,10000002,42707,640000.02,510000.02,1110000.01,13,8
2017-11-26,10000002,42708,5425000.01,4100000.1,8099999.89,12,12
2017-11-26,10000002,42718,21539.46,15001,100000,13,10
2017-11-26,10000002,42723,6044444.44,3700000,9999999.99,9,9
2017-11-26,10000002,42726,55005.05,55005.01,55006,26,17
2017-11-26,10000002,42733,2490000.1,2200000.12,4999999.96,10,8
2017-11-26,10000002,42734,989299.99,698999.98,1500000,10,10
2017-11-26,10000002,42736,10900000.01,10900000.01,10900000.01,1,1
2017-11-26,10000002,42739,19999999.9,19999999.9,19999999.9,1,1
2017-11-26,10000002,42741,39999999.92,39999999.92,39999999.92,1,1
2017-11-26,10000002,42746,12485002.06,2270002.06,22700002.06,4,4
2017-11-26,10000002,42747,609275.06,609275.06,609275.06,1,1
2017-11-26,10000002,42749,7000000,7000000,7000000,2,2
2017-11-26,10000002,42751,6000000,6000000,6000000,1,1
2017-11-26,10000002,42752,7219999,7219999,7219999,1,1
2017-11-26,10000002,42753,5450000,5000000,5900000,2,2
2017-11-26,10000002,42754,12500116.31,12000333.66,12999898.96,2,2
2017-11-26,10000002,42755,28066660.38,28000000,28099990.57,3,3
2017-11-26,10000002,42756,7488994.88,7488994.88,7488994.88,1,1
2017-11-26,10000002,42757,15000000,15000000,15000000,1,1
2017-11-26,10000002,42759,3999999.96,3999999.96,3999999.96,2,2
2017-11-26,10000002,42760,17666599.66,9999999,21499900,3,3
2017-11-26,10000002,42761,2955016.99,2955016.99,2955016.99,1,1
2017-11-26,10000002,42762,5970004.71,5970004.71,5970004.71,1,1
2017-11-26,10000002,42763,8399999.99,8399999.99,8399999.99,1,1
2017-11-26,10000002,42765,1200014.22,1200014.22,1200014.22,1,1
2017-11-26,10000002,42766,16169295.74,15999407.2,17777777.77,4,4
2017-11-26,10000002,42767,5368238.64,637258.46,7733728.73,3,3
2017-11-26,10000002,42769,9999999.96,9999999.94,10000000,3,3
2017-11-26,10000002,42770,16499999,16499999,16499999,1,1
2017-11-26,10000002,42771,11565167,10847768.18,12999964.65,3,3
2017-11-26,10000002,42773,17329999.83,15000000,17800000,6,5
2017-11-26,10000002,42774,6099972.66,2499995.45,9699949.87,2,2
2017-11-26,10000002,42775,10950000.6,2250001.82,15299999.99,3,3
2017-11-26,10000002,42776,8363457.49,8250000,8476914.98,2,2
2017-11-26,10000002,42777,8650005.58,1500011.16,15800000,2,2
2017-11-26,10000002,42778,11299997.74,11299996.99,11300000,4,4
2017-11-26,10000002,42779,23578665.22,23104305.13,24053025.3,2,2
2017-11-26,10000002,42780,19999999.98,19999999.95,19999999.99,3,3
2017-11-26,10000002,42781,3999990.98,3999990.98,3999990.98,1,1
2017-11-26,10000002,42782,16298999.99,16298999.99,16299000,6,4
2017-11-26,10000002,42784,14433342.14,14400010.15,14500006.13,6,5
2017-11-26,10000002,42785,19500000.15,19000001.3,19999999,2,2
2017-11-26,10000002,42786,24299260.28,23998890.43,24900000,3,3
2017-11-26,10000002,42787,16000003.23,9000009.79,19499999.95,3,3
2017-11-26,10000002,42788,24999999.96,24999999.96,24999999.96,1,1
2017-11-26,10000002,42789,5109108.62,1609101.12,8609116.12,2,2
2017-11-26,10000002,42790,7899999.05,7199996.98,10000000,4,4
2017-11-26,10000002,42791,39233585.84,38574999.99,40550757.54,3,3
2017-11-26,10000002,42792,17279996.98,17279996.98,17279996.98,3,2
2017-11-26,10000002,42793,11237999.85,11087999.69,11388000,2,2
2017-11-26,10000002,42794,17993818.09,17993818.09,17993818.09,1,1
2017-11-26,10000002,42796,3999000,3999000,3999000,1,1
2017-11-26,10000002,42797,537002.19,537002.19,537002.19,1,1
2017-11-26,10000002,42798,6657334.66,5000000,7486002,3,3
2017-11-26,10000002,42800,9942381.26,6965000.01,11000001.42,7,7
2017-11-26,10000002,42829,715.81,715.71,750,999838,126
2017-11-26,10000002,42830,771,770.67,1069,1203467,168
2017-11-26,10000002,42831,795.95,511.01,797.74,328046,62
2017-11-26,10000002,42832,965.97,965.97,965.97,134106,85
2017-11-26,10000002,42833,752.97,752.96,752.99,65937,65
2017-11-26,10000002,42834,2499.9,2398.99,2499.93,78077,68
2017-11-26,10000002,42835,899.62,899.62,899.62,82990,30
2017-11-26,10000002,42836,927.86,927.86,927.86,18178,14
2017-11-26,10000002,42837,2067.85,2067.85,2067.85,21890,15
2017-11-26,10000002,42838,1119.98,1119,1120.61,62828,53
2017-11-26,10000002,42839,1388.92,1388.8,1389.78,59420,65
2017-11-26,10000002,42840,948.68,948.35,948.99,45223,62
2017-11-26,10000002,42874,10700000,10700000,10700000,1,1
2017-11-26,10000002,42875,10749000,10749000,10749000,1,1
2017-11-26,10000002,42876,10720000,10720000,10720000,1,1
2017-11-26,10000002,42877,10000000,10000000,10000000,2,2
2017-11-26,10000002,42878,10000000,10000000,10000000,2,2
2017-11-26,10000002,42879,10000000,10000000,10000000,1,1
2017-11-26,10000002,42880,14379466.64,14259385.55,14859790.99,10,10
2017-11-26,10000002,42881,16764112.61,16599301.68,18082599.99,9,9
2017-11-26,10000002,42882,16919245.15,16919203.75,16919700,12,11
2017-11-26,10000002,42883,10000000,10000000,10000000,3,3
2017-11-26,10000002,42884,10000000,10000000,10000000,3,3
2017-11-26,10000002,42885,10000000,10000000,10000000,6,6
2017-11-26,10000002,42887,11600000,11600000,11600000,1,1
2017-11-26,10000002,42888,11700000,11700000,11700000,1,1
2017-11-26,10000002,42890,87167300.38,83998992.92,90000000,43,30
2017-11-26,10000002,42905,415138.21,401001.62,499999.95,35,25
2017-11-26,10000002,42906,323391.26,200320.75,788972,24,18
2017-11-26,10000002,42907,99949899.89,80999999.99,118899799.79,2,2
2017-11-26,10000002,42908,20033010.41,20033010.4,20033010.41,2,2
2017-11-26,10000002,43517,398799999.94,398799999.94,398799999.94,1,1
2017-11-26,10000002,43530,1111793.99,1000002.21,1388989.95,34,24
2017-11-26,10000002,43544,3779999.99,3779999.99,3779999.99,4,4
2017-11-26,10000002,43545,2000000,2000000,2000000,2,2
2017-11-26,10000002,43546,2500000,2500000,2500000,1,1
2017-11-26,10000002,43547,2063999.99,2063999.99,2063999.99,2,2
2017-11-26,10000002,43548,2000000,2000000,2000000,2,2
2017-11-26,10000002,43551,4099996.53,4050187.52,4100000,1462,170
2017-11-26,10000002,43552,2690022.1,2599999.97,2690022.15,312,84
2017-11-26,10000002,43554,2898999.59,2525097.43,2898999.6,135,32
2017-11-26,10000002,43555,3899989.89,3699999.99,3899989.97,370,103
2017-11-26,10000002,43556,2799647.19,2500151.21,2799647.34,316,84
2017-11-26,10000002,43658,110339990.15,110339990.15,110339990.15,1,1
2017-11-26,10000002,43662,123099989,123099989,123099989,1,1
2017-11-26,10000002,43664,124999999.98,124999999.98,124999999.98,2,2
2017-11-26,10000002,43666,200000000,200000000,200000000,1,1
2017-11-26,10000002,43681,1041440939.07,1029999888.87,1086348698,33,16
2017-11-26,10000002,43682,25000000,25000000,25000000,1,1
2017-11-26,10000002,43683,25749998.5,25000000,25999997.99,4,3
2017-11-26,10000002,43684,25000000,25000000,25000000,1,1
2017-11-26,10000002,43685,32000000,32000000,32000000,1,1
2017-11-26,10000002,43687,30000000,30000000,30000000,1,1
2017-11-26,10000002,43694,52300000,52136020.18,52399999,273,88
2017-11-26,10000002,43698,197000000,197000000,197000000,1,1
2017-11-26,10000002,43699,62999.99,38111.14,63749.82,440,38
2017-11-26,10000002,43700,4315313.35,4315313.27,4315313.87,215,36
2017-11-26,10000002,43701,147576593.13,133904010.79,152299988.99,27,14
2017-11-26,10000002,43702,95411.76,80000,99999.99,85,63
2017-11-26,10000002,43703,18644284.63,18000000,19397934.53,85,43
2017-11-26,10000002,43718,5589999880.45,5589999880.45,5589999880.45,1,1
2017-11-26,10000002,43720,5999998997,5999998997,5999998997,1,1
2017-11-26,10000002,43724,3674762500.33,3674762500.33,3674762500.33,1,1
2017-11-26,10000002,43726,3656738988.75,3656738988.75,3656738988.75,1,1
2017-11-26,10000002,43728,203199999.6,200000000,207999999,5,5
2017-11-26,10000002,43749,2499999.5,2499999,2500000,2,2
2017-11-26,10000002,43751,1599999.97,1000000,1899999.96,3,3
2017-11-26,10000002,43752,12800000,12800000,12800000,1,1
2017-11-26,10000002,43753,2486999.99,2486999.98,2487000,2,2
2017-11-26,10000002,43754,11533355.43,11499999.99,11550033.15,3,3
2017-11-26,10000002,43757,109950000,109950000,109950000,1,1
2017-11-26,10000002,43758,38999999.5,38000000,39999999,2,2
2017-11-26,10000002,43759,100000000,100000000,100000000,1,1
2017-11-26,10000002,43760,150000000,150000000,150000000,2,2
2017-11-26,10000002,43761,7999999.99,7999999.99,7999999.99,2,2
2017-11-26,10000002,43762,3689999.36,3689998.85,3689999.86,2,2
2017-11-26,10000002,43764,3490000,3490000,3490000,1,1
2017-11-26,10000002,43765,18999999.5,18999999,19000000,2,2
2017-11-26,10000002,43766,8495000.01,7000000.01,9990000,2,2
2017-11-26,10000002,43767,7979813.5,7777776,8990000,6,3
2017-11-26,10000002,43768,32500000.53,25000001.05,40000000,2,2
2017-11-26,10000002,43769,30000000,30000000,30000000,1,1
2017-11-26,10000002,43770,41111111,41111111,41111111,1,1
2017-11-26,10000002,43774,15500000,14000000,16000000,4,4
2017-11-26,10000002,43775,539999997.28,539999996.96,539999997.65,6,6
2017-11-26,10000002,43776,1999999.99,1999999.99,1999999.99,1,1
2017-11-26,10000002,43778,999999.99,999999.99,999999.99,2,2
2017-11-26,10000002,43779,2900000.03,2900000.03,2900000.03,1,1
2017-11-26,10000002,43780,6999998.99,6999998.99,6999998.99,1,1
2017-11-26,10000002,43781,7000000,7000000,7000000,1,1
2017-11-26,10000002,43787,100000000,100000000,100000000,1,1
2017-11-26,10000002,43788,3051334,1077001,7000000,3,2
2017-11-26,10000002,43789,3849989.97,3849989.97,3849989.97,1,1
2017-11-26,10000002,43790,1790000,1790000,1790000,1,1
2017-11-26,10000002,43791,51000,51000,51000,1,1
2017-11-26,10000002,43792,11827667.06,1000001.19,17241500,3,3
2017-11-26,10000002,43793,8999999.99,8999999.99,8999999.99,5,4
2017-11-26,10000002,43794,278504.08,278504.08,278504.08,2,1
2017-11-26,10000002,43799,80000000,80000000,80000000,1,1
2017-11-26,10000002,43800,75081906.88,75081906.88,75081906.88,1,1
2017-11-26,10000002,43814,64994994,64994994,64994994,1,1
2017-11-26,10000002,43815,39999999,39999999,39999999,1,1
2017-11-26,10000002,43828,21499998,21499998,21499998,1,1
2017-11-26,10000002,43830,39999999.99,39999999.99,39999999.99,1,1
2017-11-26,10000002,43855,698966499.1,698966000,698966998.2,2,2
2017-11-26,10000002,43858,682987000,682987000,682987000,1,1
2017-11-26,10000002,43860,694999997,694999997,694999997,1,1
2017-11-26,10000002,43866,2000000000,2000000000,2000000000,1,1
2017-11-26,10000002,43867,684061999.34,684061999.34,684061999.34,1,1
2017-11-26,10000002,43869,799999999,799999999,799999999,1,1
2017-11-26,10000002,43870,696999909.99,696999909.99,696999909.99,1,1
2017-11-26,10000002,43872,849999959.48,849999958.95,849999960,2,2
2017-11-26,10000002,43880,442230965.37,442230962.46,442230968.27,2,2
2017-11-26,10000002,43883,402782000,402782000,402782000,1,1
2017-11-26,10000002,43889,459999981.95,459999981.95,459999981.95,1,1
2017-11-26,10000002,43893,448435826.15,448435820.11,448435838.23,3,3
2017-11-26,10000002,43894,249988.23,249988.02,249988.97,55,21
2017-11-26,10000002,43896,1145928.87,741003.31,1399999.5,83,35
2017-11-26,10000002,43898,4899998.99,4899998.99,4899998.99,2,2
2017-11-26,10000002,43902,125000,125000,125000,3,3
2017-11-26,10000002,43904,750000,750000,750000,4,4
2017-11-26,10000002,43910,747000039,747000039,747000039,1,1
2017-11-26,10000002,43911,33428570.01,30000000,35999997.51,7,7
2017-11-26,10000002,43933,23000000,23000000,23000000,1,1
2017-11-26,10000002,44030,100000000,100000000,100000000,1,1
2017-11-26,10000002,44034,100000000,100000000,100000000,1,1
2017-11-26,10000002,44036,100000000,100000000,100000000,1,1
2017-11-26,10000002,44038,100000000,100000000,100000000,1,1
2017-11-26,10000002,44040,100000000,100000000,100000000,1,1
2017-11-26,10000002,44067,254669932.97,250000000,259999999,60,37
2017-11-26,10000002,44102,3100000,3100000,3100000,213,39
2017-11-26,10000002,44103,5000000,5000000,5000000,3,3
2017-11-26,10000002,44109,25000.52,25000.52,25000.52,136,21
2017-11-26,10000002,44110,2460.06,2456.01,2460.44,8603,21
2017-11-26,10000002,44111,12437411.7,12344541.1,12999998.99,6,5
2017-11-26,10000002,44112,18899999.46,18899999.46,18899999.46,1,1
2017-11-26,10000002,44113,9499999,9499999,9499999,2,2
2017-11-26,10000002,44120,159091.56,100000.01,849999.99,11,4
2017-11-26,10000002,44121,22000.01,5000.01,107000,6,6
2017-11-26,10000002,44122,8571.44,0.01,60000,7,7
2017-11-26,10000002,44123,13504.83,4007.01,110000,11,5
2017-11-26,10000002,44124,47334.92,46002.39,49999.99,21,8
2017-11-26,10000002,44125,58147.15,52005.01,95000,7,7
2017-11-26,10000002,44134,2799998,2799998,2799998,1,1
2017-11-26,10000002,44135,2208999.5,2000000,2417999,2,2
2017-11-26,10000002,44137,1200000.01,1200000.01,1200000.01,1,1
2017-11-26,10000002,44138,141266.85,120000.21,279500,15,8
2017-11-26,10000002,44139,2200000,2200000,2200000,1,1
2017-11-26,10000002,44140,2716680.13,580020.19,6990000,3,3
2017-11-26,10000002,44141,5211768.31,5100000,5267652.46,3,3
2017-11-26,10000002,44144,3824997.97,1650000,5999995.94,2,2
2017-11-26,10000002,44145,5795999.25,2500000.07,7443998.85,3,3
2017-11-26,10000002,44146,60003.44,60003.44,60003.44,1,1
2017-11-26,10000002,44147,5349452.45,2300016.9,8398888,2,2
2017-11-26,10000002,44148,1999900.9,1999900.9,1999900.9,1,1
2017-11-26,10000002,44150,327643.95,200000.05,664000,20,13
2017-11-26,10000002,44151,4999999.99,4999999.97,5000000,4,4
2017-11-26,10000002,44152,7777776.04,3000001.01,10166663.56,3,3
2017-11-26,10000002,44153,5833333.3,3600000,6949999.95,3,3
2017-11-26,10000002,44154,14500002.19,14500002.19,14500002.19,1,1
2017-11-26,10000002,44155,14499505.5,10000011.99,18998999,2,2
2017-11-26,10000002,44156,10000000,10000000,10000000,1,1
2017-11-26,10000002,44157,13999898.87,13999898.87,13999898.87,1,1
2017-11-26,10000002,44158,28999918.29,28999918.29,28999918.29,1,1
2017-11-26,10000002,44159,23500000,21999999.99,25000000,2,2
2017-11-26,10000002,44161,1050002.04,100006.08,1999997.99,2,2
2017-11-26,10000002,44162,1854000.1,216000.46,2399999.97,4,4
2017-11-26,10000002,44163,1504999.5,210000,2799999,2,2
2017-11-26,10000002,44164,3999999,3999999,3999999,1,1
2017-11-26,10000002,44165,1899998,1899998,1899998,1,1
2017-11-26,10000002,44166,159999.6,30000.01,418999.5,18,11
2017-11-26,10000002,44167,6000000.34,6000000.01,6000001,3,3
2017-11-26,10000002,44168,607000.44,607000.44,607000.44,1,1
2017-11-26,10000002,44169,9250000,9250000,9250000,1,1
2017-11-26,10000002,44171,16748997.98,16748997.98,16748997.98,1,1
2017-11-26,10000002,44174,2150000.21,2150000.21,2150000.21,1,1
2017-11-26,10000002,44175,260.24,260.24,260.24,1,1
2017-11-26,10000002,44176,106165.11,27104.72,422220,15,8
2017-11-26,10000002,44177,4397999.99,4397999.99,4397999.99,1,1
2017-11-26,10000002,44178,899998.97,899998.97,899998.97,4,1
2017-11-26,10000002,44179,8999998.98,8999998.98,8999998.98,2,2
2017-11-26,10000002,44182,4208852.7,4208852.7,4208852.7,1,1
2017-11-26,10000002,44185,10000001.17,10000001.17,10000001.17,1,1
2017-11-26,10000002,44186,2017543.77,800000.12,3655555.5,19,11
2017-11-26,10000002,44205,1337.11,1337.11,1337.11,1,1
2017-11-26,10000002,44207,41017.91,41017.91,41017.91,1,1
2017-11-26,10000002,44208,336.49,203.1,403.18,3,3
2017-11-26,10000002,44209,10000.09,10000.09,10000.09,6,3
2017-11-26,10000002,44210,20919.09,0.02,26148.86,5,5
2017-11-26,10000002,44211,80000.01,80000.01,80000.01,14,6
2017-11-26,10000002,44212,3000.29,3000.29,3000.29,7,4
2017-11-26,10000002,44213,17500.01,17500.01,17500.01,2,1
2017-11-26,10000002,44214,100000.23,100000.23,100000.23,4,1
2017-11-26,10000002,44215,1012518.03,1012518.03,1012518.03,5,3
2017-11-26,10000002,44216,466633.47,200001.25,999897.92,6,5
2017-11-26,10000002,44218,120000000,120000000,120000000,2,2
2017-11-26,10000002,44219,197099984.25,197099984.25,197099984.25,1,1
2017-11-26,10000002,44262,15366.49,15355.61,23900,2757,22
2017-11-26,10000002,44267,39989.8,24005.07,39989.93,4915,24
2017-11-26,10000002,44888,626335.7,1000.06,1877006.98,3,3
2017-11-26,10000002,44889,4799999.99,4799999.99,4799999.99,3,2
2017-11-26,10000002,44890,4361499.99,4349999.99,4372999.98,2,2
2017-11-26,10000002,44891,3550000,3550000,3550000,1,1
2017-11-26,10000002,44892,3499999,3499999,3499999,2,2
2017-11-26,10000002,44893,888888.88,888888.88,888888.88,1,1
2017-11-26,10000002,44894,10994443.3,10988888,10999998.6,2,2
2017-11-26,10000002,44895,4389000,4000000,4777999.99,2,2
2017-11-26,10000002,44896,2750888,2750888,2750888,1,1
2017-11-26,10000002,44897,2055556.22,500001.38,4388888.49,5,5
2017-11-26,10000002,44898,16293831.27,16020104.74,16385379.84,4,4
2017-11-26,10000002,44899,4999999.98,4999999.98,4999999.98,1,1
2017-11-26,10000002,44900,11400000.65,9000001.72,12999999.94,5,5
2017-11-26,10000002,44901,8749915.74,8000000,8999887.99,4,4
2017-11-26,10000002,44902,997899.77,997899.77,997899.77,1,1
2017-11-26,10000002,44905,9599332.4,7999999.99,9998888,5,5
2017-11-26,10000002,44906,5899999.77,5899999.77,5899999.77,1,1
2017-11-26,10000002,44907,2050501.44,201002.88,3899999.99,2,2
2017-11-26,10000002,44908,1298000,1298000,1298000,1,1
2017-11-26,10000002,44909,34200000.38,25000001.31,47999998.99,5,4
2017-11-26,10000002,44911,3390000,3390000,3390000,1,1
2017-11-26,10000002,44912,10499999.5,10499999,10500000,2,2
2017-11-26,10000002,44913,18000002.87,15000000.01,20000007.15,5,5
2017-11-26,10000002,44914,14021000,14021000,14021000,1,1
2017-11-26,10000002,44915,49024031.3,38057962.47,59990100.12,2,2
2017-11-26,10000002,44916,3199999.99,3199999.99,3200000,3,3
2017-11-26,10000002,44917,950000.12,950000.12,950000.12,1,1
2017-11-26,10000002,44918,3200667.13,702002.39,4449999.5,3,3
2017-11-26,10000002,44923,14749999.99,14749999.99,14750000,3,3
2017-11-26,10000002,44924,8462974.91,2852000.64,14073949.18,4,3
2017-11-26,10000002,44926,2794500.09,1000001.21,4588998.96,2,2
2017-11-26,10000002,44927,5799996.96,5799996.94,5799997,3,3
2017-11-26,10000002,44930,7867000.32,2201001.02,10699999.98,3,3
2017-11-26,10000002,44931,18999997.85,18999997.85,18999997.85,1,1
2017-11-26,10000002,44932,7993409.9,4000001.37,8658978,7,7
2017-11-26,10000002,44933,6974980.95,5000012,8949949.9,4,4
2017-11-26,10000002,44936,12666556.4,11999889.73,13999889.74,3,2
2017-11-26,10000002,44937,68000000,67000000,70000000,3,3
2017-11-26,10000002,44938,59999999.99,59999999.99,59999999.99,3,3
2017-11-26,10000002,44939,12899999.99,12899999.99,12899999.99,1,1
2017-11-26,10000002,44940,9796720,9789980.04,9800089.98,3,3
2017-11-26,10000002,44941,7799899.96,7799899.96,7799899.96,1,1
2017-11-26,10000002,44942,1998998.8,1998998.79,1998998.82,4,4
2017-11-26,10000002,44943,7999999.99,7999999.99,7999999.99,1,1
2017-11-26,10000002,44944,5576666.75,950000.32,7889999.97,3,3
2017-11-26,10000002,44945,11733998.65,11601000.51,11999994.93,6,5
2017-11-26,10000002,44946,6831997.43,6591995.98,6951998.16,3,3
2017-11-26,10000002,44947,10900000,10900000,10900000,1,1
2017-11-26,10000002,44948,39999999.96,39999999.96,39999999.96,1,1
2017-11-26,10000002,44950,60099924.86,60099924.86,60099924.86,2,2
2017-11-26,10000002,44951,40262973.99,39949999.5,40888922.96,3,3
2017-11-26,10000002,44992,3187998.94,3167000,3202000,2129867,3627
2017-11-26,10000002,44993,219000132.7,194000284.39,240000000,23,23
2017-11-26,10000002,44995,689633875.26,632000000.05,728999997.68,16,14
2017-11-26,10000002,45009,172161813.94,163306793,176500966.01,40,27
2017-11-26,10000002,45010,132982.59,132982.59,132982.59,309,38
2017-11-26,10000002,45019,120000577.17,120000577.17,120000577.17,1,1
2017-11-26,10000002,45482,3583009.47,3001014.21,5000001,20,13
2017-11-26,10000002,45484,129999997.5,129999995,130000000,2,2
2017-11-26,10000002,45491,1500,1500,1500,1,1
2017-11-26,10000002,45492,1100,1100,1100,577,1
2017-11-26,10000002,45493,1200,1200,1200,1,1
2017-11-26,10000002,45497,12000,12000,12000,14654,1
2017-11-26,10000002,45498,19000,19000,19000,1790,5
2017-11-26,10000002,45501,9000,9000,9000,15055,7
2017-11-26,10000002,45503,150,150,150,2639,1
2017-11-26,10000002,45505,19200000,19200000,19200000,1,1
2017-11-26,10000002,45508,384899984.35,384899984.35,384899984.35,1,1
2017-11-26,10000002,45509,730000000,730000000,730000000,1,1
2017-11-26,10000002,45510,13000.02,13000.02,13000.02,2561,2
2017-11-26,10000002,45537,169215158.2,160538000,174999995.99,25,22
2017-11-26,10000002,45538,160489103.98,158223907,161998853,5,5
2017-11-26,10000002,45539,161666329.56,160999995.84,162998997,3,3
2017-11-26,10000002,45544,789999181,789999181,789999181,1,1
2017-11-26,10000002,45585,336416.66,268550,349989.99,30,6
2017-11-26,10000002,45586,38978689.7,35913312.14,38999999.18,51,37
2017-11-26,10000002,45587,16785116.65,12000592.75,19999998.99,33,27
2017-11-26,10000002,45588,33050578.86,27650696.72,33147036.45,17,17
2017-11-26,10000002,45589,39999991.05,39999989.68,39999992.07,140,131
2017-11-26,10000002,45590,14681496.68,13950047.33,15301582.55,53,48
2017-11-26,10000002,45591,36062136.66,32982055.71,36799484.88,89,84
2017-11-26,10000002,45592,43999999.98,43999999.48,43999999.98,102,76
2017-11-26,10000002,45593,13567958.29,13250524.17,14499999.23,37,24
2017-11-26,10000002,45594,35253263.85,29193396.55,36499997.98,18,17
2017-11-26,10000002,45595,36000008.34,36000008.29,36000008.35,102,71
2017-11-26,10000002,45596,28208652.95,20140999.01,32000000,66,50
2017-11-26,10000002,45597,37791268.71,30414784.49,39499898.45,18,16
2017-11-26,10000002,45598,16861826.92,13208468.82,19207821.82,36,32
2017-11-26,10000002,45599,38974810.17,35001148.16,39478887.98,44,35
2017-11-26,10000002,45600,47770973.12,36910840.11,49942999.62,6,6
2017-11-26,10000002,45601,31778077.18,28320006.1,36599999.51,164,148
2017-11-26,10000002,45602,29728591.66,27864738.31,29899700,46,37
2017-11-26,10000002,45603,39473654.7,30520050.56,44589999.92,11,8
2017-11-26,10000002,45604,19948518.76,11400001.47,23088888.88,95,58
2017-11-26,10000002,45605,36714943.75,35779994.28,38499999.63,66,42
2017-11-26,10000002,45606,35568000.99,33675000.37,35675006.9,25,15
2017-11-26,10000002,45607,34571012.61,31221352.89,36899000,69,57
2017-11-26,10000002,45608,37107101.91,34262930.24,37999596.69,82,59
2017-11-26,10000002,45609,37469579.08,35556563.04,38999991.93,27,22
2017-11-26,10000002,45610,34485416.98,31612935.1,35612908.35,21,20
2017-11-26,10000002,45611,31741128.13,29880027.33,34967999.99,76,37
2017-11-26,10000002,45612,33825626.27,30100040.16,34931000,32,32
2017-11-26,10000002,45613,34535951.07,30252021.32,34966079.99,98,87
2017-11-26,10000002,45614,28779732.62,28779732.62,28779732.62,169,111
2017-11-26,10000002,45615,31593223.22,28009004.66,32999998.38,90,85
2017-11-26,10000002,45616,36173121.14,30504634.45,36899668,61,41
2017-11-26,10000002,45617,36090456.77,32000019.3,36888000,41,41
2017-11-26,10000002,45618,16979543.32,13005000.41,18287999,38,32
2017-11-26,10000002,45619,32751047.07,30694633,33000157.63,62,50
2017-11-26,10000002,45620,31652295.59,31307252.59,33651800.76,92,42
2017-11-26,10000002,45621,34869047.43,32344517.81,35499833.17,89,69
2017-11-26,10000002,45622,10790009.98,10500011.56,11200009.99,20,18
2017-11-26,10000002,45623,27230888.13,26063051.66,28043647.06,50,41
2017-11-26,10000002,45624,26466396.23,24066407.03,26873030.86,23,22
2017-11-26,10000002,45625,10786820.49,10601854.76,11101864.19,74,63
2017-11-26,10000002,45626,36399686.5,36399489.92,36399773.97,194,162
2017-11-26,10000002,45627,25833822.91,23409004.3,26873030.91,10,10
2017-11-26,10000002,45628,13333408.88,12500169.89,13999999.92,18,16
2017-11-26,10000002,45629,28607020.72,27000000,29999978,94,63
2017-11-26,10000002,45630,21279548.91,18000246.67,23000243.1,49,35
2017-11-26,10000002,45631,31615875.38,27929173.01,33899999.99,21,21
2017-11-26,10000002,45632,35892633.15,33555559.08,36398998.93,73,57
2017-11-26,10000002,45633,29912905.52,29912905.52,29912905.52,134,70
2017-11-26,10000002,45635,161458988.94,161442992,164184499,679,447
2017-11-26,10000002,45640,832912142,832912142,832912142,1,1
2017-11-26,10000002,45655,3496989.82,3496989.8,3496989.86,29,2
2017-11-26,10000002,45656,10000000,10000000,10000000,2,2
2017-11-26,10000002,45657,10000000,10000000,10000000,2,2
2017-11-26,10000002,45658,10666666.67,10000000,12000000,3,3
2017-11-26,10000002,45659,10000000,10000000,10000000,3,3
2017-11-26,10000002,45660,59476.79,59476.79,59476.79,14394,162
2017-11-26,10000002,45661,32961,32961,32961,30996,145
2017-11-26,10000002,45662,36997.75,36997.75,36997.75,10578,147
2017-11-26,10000002,45663,350100.08,350100.02,400000,8290,136
2017-11-26,10000002,45666,176571635.06,166999999.99,199999998.95,16,16
2017-11-26,10000002,45668,1449999999.96,1449999999.96,1449999999.96,2,2
2017-11-26,10000002,45734,72000.84,33001.27,249999.99,6,6
2017-11-26,10000002,45735,39000000,39000000,39000000,1,1
2017-11-26,10000002,45737,6378443.98,6377999.99,6378887.96,2,2
2017-11-26,10000002,45738,1932591,1000000,2398886.5,3,3
2017-11-26,10000002,45739,4239.58,4008.13,6554.07,22,21
2017-11-26,10000002,45740,40053.15,34699.99,85555,19,18
2017-11-26,10000002,45741,92799996.48,90000000,94699989.91,5,5
2017-11-26,10000002,45743,17499.87,1000.05,99999,6,6
2017-11-26,10000002,45744,2025000.01,50000.01,4000000,2,2
2017-11-26,10000002,45745,69999999.75,69999999.75,69999999.75,1,1
2017-11-26,10000002,45746,1000000,1000000,1000000,270,165
2017-11-26,10000002,45748,5000000,5000000,5000000,123,70
2017-11-26,10000002,45749,25000000,25000000,25000000,119,63
2017-11-26,10000002,45750,15000000,15000000,15000000,162,55
2017-11-26,10000002,45751,218223.81,61054.97,387974.97,14,11
2017-11-26,10000002,45752,13000.01,13000.01,13000.02,13,10
2017-11-26,10000002,45753,5941.25,5000.09,7000,17,15
2017-11-26,10000002,45754,155444.43,45000,249999.97,9,8
2017-11-26,10000002,45755,10264.71,10001.7,12500.3,19,15
2017-11-26,10000002,45756,3862.12,1300.33,15000,21,14
2017-11-26,10000002,45757,9286.8,5000,20000,15,15
2017-11-26,10000002,45758,1645.03,101.58,3000,16,14
2017-11-26,10000002,45759,58000.1,58000.1,58000.1,4,4
2017-11-26,10000002,45760,50016.34,50016.34,50016.34,5,5
2017-11-26,10000002,45761,170066.3,55099.95,399999,3,3
2017-11-26,10000002,45762,558166.97,105001.42,799000,12,12
2017-11-26,10000002,45763,5806.81,3508.56,15000,5,4
2017-11-26,10000002,45764,54013.11,54008,54023.33,3,3
2017-11-26,10000002,45765,433597.51,100064.91,744995.94,7,7
2017-11-26,10000002,45766,40572.55,11002,94999.93,7,6
2017-11-26,10000002,45767,164190.73,75047.18,249998.98,6,5
2017-11-26,10000002,45768,65833.62,59000.34,100000,6,4
2017-11-26,10000002,45769,117364.57,67002.22,197998.99,11,10
2017-11-26,10000002,45770,98154.68,9001.25,299999.82,13,10
2017-11-26,10000002,45771,25199.82,20000.03,45999,5,5
2017-11-26,10000002,45772,290964.75,1331,580598.5,4,4
2017-11-26,10000002,45773,3493333.55,1410001.91,3749999.94,18,14
2017-11-26,10000002,45774,136768.66,101416.46,198896.99,11,10
2017-11-26,10000002,45775,191667.8,150000,195001.36,12,12
2017-11-26,10000002,45776,171341.03,50000,256798.26,16,15
2017-11-26,10000002,45777,181764.47,160000,262499.5,17,15
2017-11-26,10000002,45778,65500.01,1000.01,130000,6,6
2017-11-26,10000002,45779,353001.67,100005,479500,3,3
2017-11-26,10000002,45780,974194.39,155004,2202979.98,5,5
2017-11-26,10000002,45781,745771.45,500000.02,790002.75,13,7
2017-11-26,10000002,45782,517833.33,255000,880000,12,10
2017-11-26,10000002,45783,823999.21,370000.06,949999,15,7
2017-11-26,10000002,45784,63600010.49,38000079.2,69999992.33,10,8
2017-11-26,10000002,45785,135667.97,135003.92,136000,3,3
2017-11-26,10000002,45786,579999.16,180000.1,999998,9,8
2017-11-26,10000002,45787,175090.73,2222.44,399000,12,10
2017-11-26,10000002,45788,210222.12,67778.03,560000,10,9
2017-11-26,10000002,45789,303500.16,20000.78,424999.87,10,5
2017-11-26,10000002,45790,933000.72,157001.08,2485000,3,3
2017-11-26,10000002,45791,498998.89,498998.89,498998.89,1,1
2017-11-26,10000002,45792,1023999.82,680000.07,2399998.85,5,5
2017-11-26,10000002,45793,1087215,841009.98,1148999.94,42,12
2017-11-26,10000002,45794,799000.68,758999.93,849999.99,14,8
2017-11-26,10000002,45795,362317.33,261011.04,440999.99,16,16
2017-11-26,10000002,45796,4996332.95,4995999.99,4996998.87,3,3
2017-11-26,10000002,45797,1926250,453000,3399500,4,4
2017-11-26,10000002,45798,1866918.89,800378.84,3999998.99,3,3
2017-11-26,10000002,45799,699995.51,699995.51,699995.51,1,1
2017-11-26,10000002,45800,26984143.57,19000002.52,29000000,7,7
2017-11-26,10000002,45801,31000003.89,27000005.22,35000002.57,4,4
2017-11-26,10000002,45802,8100000,8100000,8100000,1,1
2017-11-26,10000002,45803,19999999.99,19999999.99,19999999.99,1,1
2017-11-26,10000002,45804,257549.97,102100,468999.94,12,9
2017-11-26,10000002,45805,48100.03,9900.09,78999.98,7,7
2017-11-26,10000002,45806,450000.75,175001.14,999999.96,3,3
2017-11-26,10000002,45807,748999.82,748000,749999.64,2,2
2017-11-26,10000002,45808,10150050.94,5300101.99,14999999.88,2,2
2017-11-26,10000002,45809,5400000.01,5400000.01,5400000.01,1,1
2017-11-26,10000002,45810,125711.53,1313.73,272999.93,24,18
2017-11-26,10000002,45811,82166.6,4000.11,238499.32,18,16
2017-11-26,10000002,45812,13399.97,2000,14000,75,20
2017-11-26,10000002,45813,186011.38,51001,349998,29,24
2017-11-26,10000002,45814,67990.81,40002.11,150000,18,15
2017-11-26,10000002,45815,41695.49,211.81,99990,24,15
2017-11-26,10000002,45816,29942.3,951.15,84750,18,17
2017-11-26,10000002,45817,36801.57,202.81,113999.93,16,14
2017-11-26,10000002,45818,55000.2,55000.2,55000.2,2,2
2017-11-26,10000002,45819,116666.83,55000.2,424999.98,6,6
2017-11-26,10000002,45820,649890.53,153006.62,995999.5,9,9
2017-11-26,10000002,45821,973398.49,351000,1191997,25,23
2017-11-26,10000002,45822,21088.61,2103.44,134999.66,7,6
2017-11-26,10000002,45823,193750.01,15000.02,390000,8,7
2017-11-26,10000002,45824,158908.98,20000.49,250000,11,8
2017-11-26,10000002,45825,102003.61,26004.23,192004.2,7,7
2017-11-26,10000002,45826,410660.9,115598.62,600000,13,11
2017-11-26,10000002,45827,84924.51,44015.42,144015.42,11,7
2017-11-26,10000002,45828,153053.42,20002.01,250000,19,16
2017-11-26,10000002,45829,747812.36,80000.06,974999.91,18,17
2017-11-26,10000002,45830,140655.43,103699.99,269999.49,9,6
2017-11-26,10000002,45831,409539.06,5000,890000,13,11
2017-11-26,10000002,45832,7750812.97,3632510.73,8998998.6,18,18
2017-11-26,10000002,45833,53190.31,4275,150000,13,12
2017-11-26,10000002,45834,446056,305101.99,498999.98,25,18
2017-11-26,10000002,45835,367844.39,10000.01,499999.98,18,18
2017-11-26,10000002,45836,55700.03,1000.05,229999.99,10,9
2017-11-26,10000002,45837,1349668.23,800504.35,1499500,21,18
2017-11-26,10000002,45838,219166.66,4249.99,649000,3,3
2017-11-26,10000002,45839,284006.69,126010.03,600000,3,3
2017-11-26,10000002,45840,764669.25,110019.62,849999.95,15,13
2017-11-26,10000002,45841,372266.29,254003.89,424995,6,6
2017-11-26,10000002,45842,300066.49,100.01,499999.97,6,6
2017-11-26,10000002,45843,48833334.65,34000007.53,51000001.91,12,12
2017-11-26,10000002,45844,817142.9,600000.23,979999.86,7,6
2017-11-26,10000002,45845,654333.01,92000.01,1349999,6,6
2017-11-26,10000002,45846,929731.47,849999.99,1095990.41,15,13
2017-11-26,10000002,45847,2198914.84,2099999.87,2738888,57,31
2017-11-26,10000002,45848,382058.96,165010.86,489994.89,17,12
2017-11-26,10000002,45849,467500.01,100000.01,1250000,4,4
2017-11-26,10000002,45850,1205.31,1205.31,1205.31,2,2
2017-11-26,10000002,45851,657950,10000,795000,5,5
2017-11-26,10000002,45852,5883986.76,2990000.02,7975971.94,10,10
2017-11-26,10000002,45853,1694149.82,1032700.25,1999999.99,12,11
2017-11-26,10000002,45854,1406249.48,1049999.97,2000000,8,8
2017-11-26,10000002,45855,1299332.64,1299000,1299997.93,3,3
2017-11-26,10000002,45856,5450054.61,5399999.99,5500109.22,2,2
2017-11-26,10000002,45857,5733333.35,5500000.04,5850000,3,3
2017-11-26,10000002,45858,1652047.88,854095.76,2450000,4,4
2017-11-26,10000002,45859,19166333.45,15000000.35,21249500,3,3
2017-11-26,10000002,45860,30624808.9,25500117.8,35749500,4,4
2017-11-26,10000002,45862,6520004.69,6520004.68,6520004.71,3,3
2017-11-26,10000002,45863,251461,140998.99,528999.5,13,11
2017-11-26,10000002,45864,163146.35,50009,249998.98,14,13
2017-11-26,10000002,45865,4708199.89,4499999.99,4995000,10,8
2017-11-26,10000002,45866,1313999.96,685000,1999999.91,8,8
2017-11-26,10000002,45867,23999999.69,22000000,24999999.54,3,3
2017-11-26,10000002,45868,3516115.51,3516115.51,3516115.51,1,1
2017-11-26,10000002,45869,167373.5,50.08,365000,17,17
2017-11-26,10000002,45870,10529.19,6047.11,20000,16,11
2017-11-26,10000002,45871,263372.7,125098.81,889998.81,15,12
2017-11-26,10000002,45872,10813.64,2.14,24999.98,16,14
2017-11-26,10000002,45873,18020.79,17200,24997.5,19,15
2017-11-26,10000002,45874,38131.05,25001.02,65000,23,20
2017-11-26,10000002,45875,4676.35,3499.07,10000,13,13
2017-11-26,10000002,45876,42708.46,1520.37,69995.98,32,19
2017-11-26,10000002,45877,50932.88,1119.46,300000,6,5
2017-11-26,10000002,45878,39460,39460,39460,4,4
2017-11-26,10000002,45879,232750,177000,400000,8,8
2017-11-26,10000002,45880,565001.01,60002.05,1093999.98,12,12
2017-11-26,10000002,45881,112967.23,22200.85,294499.99,6,6
2017-11-26,10000002,45882,266545.47,250000.08,345999.82,11,10
2017-11-26,10000002,45883,322497.94,55006.99,589988.9,10,10
2017-11-26,10000002,45884,32001.34,32001.34,32001.34,6,4
2017-11-26,10000002,45885,399997,162000,592495,10,9
2017-11-26,10000002,45886,253117.88,191059.37,350000,12,12
2017-11-26,10000002,45887,185649.79,75000.09,290000,19,16
2017-11-26,10000002,45888,102090.91,1000,230000,11,11
2017-11-26,10000002,45889,242834.09,65001.51,420999.99,6,6
2017-11-26,10000002,45890,120540.01,100000,199998.65,5,3
2017-11-26,10000002,45891,3064077.06,1000000.86,4998499.98,13,10
2017-11-26,10000002,45892,92558.87,91089.26,101187.49,13,12
2017-11-26,10000002,45893,74166.66,60000,107499.99,12,11
2017-11-26,10000002,45894,644362.36,150001,1299992,11,11
2017-11-26,10000002,45895,779153.81,485000.06,1482499.42,13,13
2017-11-26,10000002,45896,100000,100000,100000,2,1
2017-11-26,10000002,45897,3110611.05,3000000.02,3195999.84,18,16
2017-11-26,10000002,45898,364166.68,251000.02,590500.01,6,5
2017-11-26,10000002,45899,1000.76,1000.76,1000.76,6,4
2017-11-26,10000002,45900,261833.33,10000,609999.99,6,6
2017-11-26,10000002,45901,274866.27,112299.4,600000,3,3
2017-11-26,10000002,45902,35611119.08,32250017.98,38000000,9,8
2017-11-26,10000002,45903,284003.44,27005.18,797999.97,6,6
2017-11-26,10000002,45904,37889453.09,11500000,49999999.5,9,9
2017-11-26,10000002,45905,602169.9,384000.04,699999,47,19
2017-11-26,10000002,45906,553572.15,100003.04,849999,14,13
2017-11-26,10000002,45907,462650.21,19000,887887.91,13,13
2017-11-26,10000002,45908,11003,11003,11003,1,1
2017-11-26,10000002,45909,978697.86,31163.65,2399999,5,5
2017-11-26,10000002,45910,533333.38,50000.07,1500000,3,3
2017-11-26,10000002,45911,3255345.96,2978998,4989999.99,20,19
2017-11-26,10000002,45912,567443.89,369998.96,1000000,9,9
2017-11-26,10000002,45913,865003.25,250005.68,1327500,7,7
2017-11-26,10000002,45914,2979799.97,2900000,2999999.94,5,5
2017-11-26,10000002,45915,3499484.39,200211,5698999.99,5,5
2017-11-26,10000002,45916,1452997,550000.03,2355993.97,2,2
2017-11-26,10000002,45917,2550336.68,2175505.03,3300000,3,3
2017-11-26,10000002,45919,76049903.55,75000000.02,77099807.09,4,4
2017-11-26,10000002,45920,59996728.81,45000093.22,89989999.99,3,3
2017-11-26,10000002,45921,11897770.52,9999999.97,17716050.62,8,8
2017-11-26,10000002,45922,401160.98,185999.99,570304.91,10,10
2017-11-26,10000002,45923,592513.07,150054.3,849998.98,12,11
2017-11-26,10000002,45924,115346.12,1000,248999.93,13,12
2017-11-26,10000002,45925,466999.04,74000.12,717998,6,6
2017-11-26,10000002,45926,309617.56,100005.4,489998.99,13,12
2017-11-26,10000002,45927,3145714.29,310001.54,4199999,7,7
2017-11-26,10000002,45928,999999.01,200002.02,1450000,6,6
2017-11-26,10000002,45929,19386390.81,18080087.31,21998997.8,3,3
2017-11-26,10000002,45930,10065133.59,6115135.4,14015131.78,2,2
2017-11-26,10000002,45931,38005.3,500,250999.98,20,15
2017-11-26,10000002,45932,13668.11,1104.88,20000,20,17
2017-11-26,10000002,45933,7100.03,1600.03,20000,20,13
2017-11-26,10000002,45934,8681.96,207.56,19979.49,14,13
2017-11-26,10000002,45935,18282.89,10000.53,55553.5,11,10
2017-11-26,10000002,45936,20398.63,1500.01,49995.45,20,16
2017-11-26,10000002,45937,118382.77,45000,289494,13,12
2017-11-26,10000002,45938,971.71,101.27,7500,17,13
2017-11-26,10000002,45939,104467.7,56701.55,200000,6,5
2017-11-26,10000002,45940,136502.32,23004.64,250000,2,2
2017-11-26,10000002,45941,55008.77,55008.77,55008.77,5,3
2017-11-26,10000002,45942,206437.87,83023.82,274999.99,14,10
2017-11-26,10000002,45943,66573.83,24009.21,120000,7,7
2017-11-26,10000002,45944,367942.48,105598.91,529998.91,14,11
2017-11-26,10000002,45945,129328.93,1061.11,449998.5,7,7
2017-11-26,10000002,45946,20088.83,10101.53,89999.9,8,6
2017-11-26,10000002,45947,646612.6,361021.01,999999.99,10,10
2017-11-26,10000002,45948,930000.04,150000.3,2099999.64,5,5
2017-11-26,10000002,45949,36635.85,3333.34,99900,13,12
2017-11-26,10000002,45950,215864.74,50002.8,349999.91,22,19
2017-11-26,10000002,45951,73799.93,55000,148999.65,5,5
2017-11-26,10000002,45952,524462.68,210000,597999.88,24,11
2017-11-26,10000002,45953,1892834.91,76129.05,2399999,10,7
2017-11-26,10000002,45954,23337.17,6006,110000.5,12,11
2017-11-26,10000002,45955,147755.18,100000,242859.96,21,21
2017-11-26,10000002,45956,133333.23,0.01,399999.99,9,7
2017-11-26,10000002,45957,596470.18,360000.12,849999.5,17,16
2017-11-26,10000002,45958,388004.86,50008.1,895000,5,5
2017-11-26,10000002,45959,176999.83,33000.33,200000,8,8
2017-11-26,10000002,45960,294000,88000,500000,2,2
2017-11-26,10000002,45961,622904.05,200000,669998.99,21,8
2017-11-26,10000002,45962,424479.28,123996.63,799949,8,8
2017-11-26,10000002,45963,421000.02,200000.03,752500,5,5
2017-11-26,10000002,45964,49192089.75,46000021.59,53998997.99,13,13
2017-11-26,10000002,45965,285866.03,1052.08,499968.66,7,7
2017-11-26,10000002,45966,305432.61,52007.39,849999.87,7,6
2017-11-26,10000002,45967,154399.31,100100.01,419500,15,14
2017-11-26,10000002,45968,886998.03,437000,976997.96,18,18
2017-11-26,10000002,45969,608995.52,101000.11,649994.49,27,8
2017-11-26,10000002,45970,24008.77,24008.77,24008.77,3,3
2017-11-26,10000002,45971,649432.78,182009.84,999999.98,7,7
2017-11-26,10000002,45972,2607600,1275000.03,3495999.99,5,5
2017-11-26,10000002,45973,1499999.5,1000000,1999999,2,2
2017-11-26,10000002,45974,2164705.81,350000.11,2999999.8,17,12
2017-11-26,10000002,45975,2425401.71,385006.42,3399999,10,10
2017-11-26,10000002,45976,3184948.98,2500000,3869897.96,2,2
2017-11-26,10000002,45977,125000.91,125000.91,125000.91,1,1
2017-11-26,10000002,45978,894315.11,812041.16,1100000,7,6
2017-11-26,10000002,45979,3398999.51,3398999.51,3398999.51,1,1
2017-11-26,10000002,45980,37249772.48,29004118.47,40997988.97,8,8
2017-11-26,10000002,45981,118625002.68,92250006.01,144999999.36,4,4
2017-11-26,10000002,45982,79576374.66,70277750,88874999.32,4,4
2017-11-26,10000002,45983,5900000,5900000,5900000,1,1
2017-11-26,10000002,45984,5112.05,5112.05,5112.05,4,4
2017-11-26,10000002,45985,25289.38,1022.88,89999.99,11,10
2017-11-26,10000002,45986,85291.27,4509.8,193000,7,7
2017-11-26,10000002,45987,120000.07,120000.07,120000.07,2,2
2017-11-26,10000002,45988,776666.16,1000.02,989998.98,6,5
2017-11-26,10000002,45989,13900000,13900000,13900000,2,2
2017-11-26,10000002,45990,9750000,9750000,9750000,1,1
2017-11-26,10000002,45991,3749999.56,2300000,3999999,6,6
2017-11-26,10000002,45992,36000000,36000000,36000000,1,1
2017-11-26,10000002,45996,305572.6,300000,355572.25,817,51
2017-11-26,10000002,45997,98499961.31,87000005.13,109999917.49,2,2
2017-11-26,10000002,45998,2326000,2326000,2326000,1310,123
2017-11-26,10000002,45999,9564001.11,9562012.08,9564008.37,903,132
2017-11-26,10000002,46000,35749976,30800008.96,35749987.07,175,77
2017-11-26,10000002,46001,560000.03,540000,570000,2302,100
2017-11-26,10000002,46002,3600000.02,3555000.2,3600000.03,414,110
2017-11-26,10000002,46003,16097998.91,14608609.54,16499999.96,263,131
2017-11-26,10000002,46004,525000.14,525000.14,699998.99,825,93
2017-11-26,10000002,46005,5001002,4824762.45,5199998.98,494,96
2017-11-26,10000002,46006,14057571.17,14000030,15114112.38,158,65
2017-11-26,10000002,46008,5730000,4627179,6249499,4145,1808
2017-11-26,10000002,46020,489999994.01,489999994.01,489999994.01,1,1
2017-11-26,10000002,46022,149017342.78,133531049.26,179989929.83,3,3
2017-11-26,10000002,46024,187523122.87,177000008.98,194499999.37,16,16
2017-11-26,10000002,46025,120002048.94,120002048.94,120002048.94,1,1
2017-11-26,10000002,46026,206566971.21,175000113.73,215944911.18,5,5
2017-11-26,10000002,46038,17999999.96,17999999.96,17999999.96,5,1
2017-11-26,10000002,46039,10656015.69,10001000.08,14000000,6,6
2017-11-26,10000002,46044,2447000000,2447000000,2447000000,1,1
2017-11-26,10000002,46050,1700001.61,1301000.5,1820000.07,2388,139
2017-11-26,10000002,46051,679999999.97,679999999.97,679999999.97,1,1
2017-11-26,10000002,46109,278499984.78,275999999.93,280999969.62,2,2
2017-11-26,10000002,46118,499999998.81,499999998.81,499999998.81,1,1
2017-11-26,10000002,46119,249999999.99,249999999.99,249999999.99,1,1
2017-11-26,10000002,46120,249999999.5,199999999,299999999.99,2,2
2017-11-26,10000002,46135,893999999,893999999,893999999,1,1
2017-11-26,10000002,46142,250500000,250000000,251000000,2,2
2017-11-26,10000002,46143,249999999.99,249999999.99,249999999.99,1,1
2017-11-26,10000002,46147,25002023.11,20004047.23,29999998.99,2,2
2017-11-26,10000002,46148,24333331.92,24333331.91,24333331.93,2,2
2017-11-26,10000002,46149,4855500.01,4811000.01,4900000,2,2
2017-11-26,10000002,46152,10000000,10000000,10000000,129,60
2017-11-26,10000002,46153,15000000,15000000,15000000,177,71
2017-11-26,10000002,46154,20000000,20000000,20000000,150,59
2017-11-26,10000002,46155,25000000,25000000,25000000,143,60
2017-11-26,10000002,46156,30000000,30000000,30000000,208,73
2017-11-26,10000002,46157,15257142.83,15000000,24000000,35,16
2017-11-26,10000002,46158,14700480.32,8111047.29,15000000,23,11
2017-11-26,10000002,46159,15000000,15000000,15000000,24,11
2017-11-26,10000002,46160,15119232.08,15000000,24999999.92,26,13
2017-11-26,10000002,46161,15000000,15000000,15000000,31,12
2017-11-26,10000002,46162,15000000,15000000,15000000,23,10
2017-11-26,10000002,46163,15000000,14999999.99,15000000,16,12
2017-11-26,10000002,46164,15294117.43,15000000,24999992.48,34,12
2017-11-26,10000002,46165,15000000,15000000,15000000,28,11
2017-11-26,10000002,46166,8999923.83,8999921.89,8999924.96,43,23
2017-11-26,10000002,46167,8854453.37,1000075.33,8999904.27,55,31
2017-11-26,10000002,46168,9020553.84,8999715.2,10000000,48,31
2017-11-26,10000002,46169,8999711.48,8999710,8999713.09,57,28
2017-11-26,10000002,46170,8735621.52,1001565.95,8969987.28,34,23
2017-11-26,10000002,46171,8499747.24,8499747.22,8499747.31,54,26
2017-11-26,10000002,46172,8930926.22,8930924.98,8930926.23,121,38
2017-11-26,10000002,46173,8999725.02,8999717.9,8999728.99,27,15
2017-11-26,10000002,46174,8901082.3,8879473.99,8999873.96,63,36
2017-11-26,10000002,46175,9026858.35,8999826.3,10000000,37,23
2017-11-26,10000002,46176,8989950.55,8989660.23,8999560,68,35
2017-11-26,10000002,46177,8926915.87,8926914.88,8926915.9,208,55
2017-11-26,10000002,46178,8928650.76,8928650.76,8928650.76,150,40
2017-11-26,10000002,46179,9013308.34,8959974.91,10000000,39,27
2017-11-26,10000002,46180,8787725.46,1000010.42,8999838.77,33,23
2017-11-26,10000002,46181,8904524,8904523.92,8904524.01,114,47
2017-11-26,10000002,46182,8999912.11,8999909.77,8999913.35,93,32
2017-11-26,10000002,46183,8811024.49,4750000.08,8999910.09,45,25
2017-11-26,10000002,46184,8956310.64,8894918.71,10000000,36,22
2017-11-26,10000002,46185,8999210.19,8999195.79,8999837.81,42,18
2017-11-26,10000002,46186,8949947.7,8949946.72,8949949.25,69,27
2017-11-26,10000002,46187,8999936.77,8999936.74,8999936.79,8,8
2017-11-26,10000002,46188,8999979.22,8999979.19,8999979.23,12,9
2017-11-26,10000002,46189,8999980.06,8999980.04,8999980.08,8,8
2017-11-26,10000002,46190,8989980.36,8989980.33,8989980.37,12,9
2017-11-26,10000002,46191,8999979.91,8999979.88,8999979.93,9,9
2017-11-26,10000002,46192,8999980.03,8999980.01,8999980.05,8,8
2017-11-26,10000002,46193,8999979.77,8999979.74,8999979.78,9,9
2017-11-26,10000002,46194,8999980.86,8999980.83,8999980.88,8,8
2017-11-26,10000002,46195,8999977.86,8999977.8,8999977.9,8,8
2017-11-26,10000002,46196,8999748.34,8999748.32,8999748.37,8,8
2017-11-26,10000002,46197,8999968.35,8999968.33,8999968.37,9,9
2017-11-26,10000002,46198,9090497.59,8999547.35,10000000,11,10
2017-11-26,10000002,46199,8999889.4,8999889.39,8999889.42,8,8
2017-11-26,10000002,46200,8988584.97,8988584.97,8988585,13,10
2017-11-26,10000002,46201,9076904.79,8999980.19,10000000,13,10
2017-11-26,10000002,46202,8999969.08,8999969.06,8999969.1,8,8
2017-11-26,10000002,46203,8999973.84,8999973.83,8999973.86,9,9
2017-11-26,10000002,46204,19657142.14,8000000,19999999,35,21
2017-11-26,10000002,46205,17580421.29,16999998,17980880,41,25
2017-11-26,10000002,46206,18812753.83,10000053,18990089.99,45,23
2017-11-26,10000002,46207,20000000,20000000,20000000,149,34
2017-11-26,10000002,46208,19827704.05,19750000,20000000,74,36
2017-11-26,10000002,46209,19802632.3,5000056.08,20000000,76,24
2017-11-26,10000002,46210,20000000,20000000,20000000,63,21
2017-11-26,10000002,46211,19823424.64,10111781.01,20000000,56,25
2017-11-26,10000002,46212,18999985,18999985,18999985,101,25
2017-11-26,10000002,46213,20071428.57,20000000,21000000,28,16
2017-11-26,10000002,46214,18899999.98,18899999.97,18899999.99,30,16
2017-11-26,10000002,46215,20000000,20000000,20000000,38,20
2017-11-26,10000002,46216,19020213.77,18996949.94,20000000,85,27
2017-11-26,10000002,46217,20000000,20000000,20000000,36,15
2017-11-26,10000002,46218,18999975,18999975,18999975,108,32
2017-11-26,10000002,46219,3333332.99,3333332.99,3333332.99,1,1
2017-11-26,10000002,46220,3199999.98,3199999.98,3199999.98,3,2
2017-11-26,10000002,46221,4509999.99,4509999.99,4509999.99,1,1
2017-11-26,10000002,46223,13998579.89,13998579.89,13998579.89,2,2
2017-11-26,10000002,46224,13014500,29000.01,26000000,4,3
2017-11-26,10000002,46225,5999999,5999999,5999999,1,1
2017-11-26,10000002,46226,18779000,18779000,18779000,1,1
2017-11-26,10000002,46228,6888850.99,6888850.99,6888850.99,1,1
2017-11-26,10000002,46230,3589999.4,1000002.26,4884997.97,3,3
2017-11-26,10000002,46231,20000000,20000000,20000000,1,1
2017-11-26,10000002,46232,8000003.99,2000008.02,13999999.96,2,2
2017-11-26,10000002,46233,999829.92,999829.92,999829.92,1,1
2017-11-26,10000002,46234,8891500,8891500,8891500,1,1
2017-11-26,10000002,46251,20000000,20000000,20000000,1,1
2017-11-26,10000002,46270,23500000.52,22000001.05,24999999.99,2,2
2017-11-26,10000002,46282,4000,4000,4000,4600,2
2017-11-26,10000002,46286,2,2,2,1,1
2017-11-26,10000002,46294,19500,19500,19500,10618,7
2017-11-26,10000002,46300,100.37,100.37,100.37,1163,1
2017-11-26,10000002,46304,47000,47000,47000,600,3
2017-11-26,10000002,46306,20000,20000,20000,600,2
2017-11-26,10000002,46318,18000.06,18000.06,18000.06,4809,4
2017-11-26,10000002,46323,815432215.61,806959880.26,882768982.28,4,4
2017-11-26,10000002,46325,848489199.76,826000004,887819443.49,20,20
2017-11-26,10000002,46326,2638828997,2300000000,2977657994,2,2
2017-11-26,10000002,46327,6268288971.98,6268288971.98,6268288971.98,1,1
2017-11-26,10000002,46350,10263157.89,10000000,12500000,19,19
2017-11-26,10000002,46352,10434210.53,10000000,12750000,19,19
2017-11-26,10000002,46355,100000,100000,100000,1112,17
2017-11-26,10000002,46356,1295000,1099998.95,1295000,325,21
2017-11-26,10000002,46357,10263157.89,10000000,12500000,19,19
2017-11-26,10000002,46359,10263157.89,10000000,12500000,19,19
2017-11-26,10000002,46361,10238095.24,10000000,12500000,21,21
2017-11-26,10000002,46365,409999.99,409999.99,409999.99,438,16
2017-11-26,10000002,46366,1099994.8,1099994.8,1099994.8,372,21
2017-11-26,10000002,46367,659999.4,659999.4,659999.4,368,17
2017-11-26,10000002,46368,987864.38,987864.35,1189999.89,1226,54
2017-11-26,10000002,46369,341998.42,341998.42,341998.42,527,18
2017-11-26,10000002,46370,999499,999495,999999,396,24
2017-11-26,10000002,46371,198000,198000,198000,1257,26
2017-11-26,10000002,46372,2124659.78,2124659.78,2124659.78,553,25
2017-11-26,10000002,46377,83999887.97,83999887.97,83999887.97,1,1
2017-11-26,10000002,46381,7376996.4,4672007.07,8999989.99,8,4
2017-11-26,10000002,46385,35355355.35,35355355.35,35355355.35,1,1
2017-11-26,10000002,46406,40400400.4,40400400.4,40400400.4,1,1
2017-11-26,10000002,46425,90900900.9,90900900.9,90900900.9,1,1
2017-11-26,10000002,46484,855253333,854879999.5,856000000,3,3
2017-11-26,10000002,46485,2380000000,2380000000,2380000000,1,1
2017-11-26,10000002,46486,848899086.47,848865772.17,850000000,5,5
2017-11-26,10000002,46487,2380000000,2380000000,2380000000,1,1
2017-11-26,10000002,46488,844352998,844352998,844352998,1,1
2017-11-26,10000002,46490,809110095.96,809110095.96,809110095.96,1,1
2017-11-26,10000002,46494,805899874.02,805899874.02,805899874.02,1,1
2017-11-26,10000002,46496,6274170476.75,6100000000.49,6448340953,2,2
2017-11-26,10000002,46503,100000000,100000000,100000000,1,1
2017-11-26,10000002,46520,797899999.94,797899999.94,797899999.94,1,1
2017-11-26,10000002,46521,872549999.97,748999999.99,996099999.94,2,2
2017-11-26,10000002,46528,2511099999.99,2511099999.99,2511099999.99,1,1
2017-11-26,10000002,46529,1091091076.25,1091091076.25,1091091076.25,1,1
2017-11-26,10000002,46538,1493899999.94,1490899999.94,1499899999.93,3,2
2017-11-26,10000002,46582,2597997685.22,2597997685.22,2597997685.22,1,1
2017-11-26,10000002,46584,371733733.73,371733733.72,371733733.73,2,2
2017-11-26,10000002,46633,650433331.39,647500002.5,660999983.29,9,9
2017-11-26,10000002,46634,2602000000.31,2535000000.7,2668999999.93,4,4
2017-11-26,10000002,46635,622363325.55,595099993.28,676889990.09,3,3
2017-11-26,10000002,46637,678645461.88,677799026.87,680004000,11,10
2017-11-26,10000002,46639,8989000000,8989000000,8989000000,1,1
2017-11-26,10000002,46643,100000000,100000000,100000000,1,1
2017-11-26,10000002,46677,2700,2700,2700,919,1
2017-11-26,10000002,46678,4900,4900,4900,82,1
2017-11-26,10000002,46679,1300,1300,1300,465,2
2017-11-26,10000002,46681,500,500,500,447,1
2017-11-26,10000002,46691,530000,504502.46,573999.97,5611,14
2017-11-26,10000002,46692,508284.16,508284.16,508284.16,835,1
2017-11-26,10000002,46693,350000.84,350000.84,350000.84,234,4
2017-11-26,10000002,46697,52000,52000,52000,567,1
2017-11-26,10000002,46698,42001.03,42001.03,42001.03,29,1
2017-11-26,10000002,46704,427199.95,427199.95,427199.95,3104,4
2017-11-26,10000002,46707,1792551.41,1100000.05,2350000,25,23
2017-11-26,10000002,46708,6954414.62,6396619.97,7799999.13,39,29
2017-11-26,10000002,46709,1597533328.11,1597150000,1598299984.35,3,3
2017-11-26,10000002,46711,2999799999.98,2999799999.98,2999799999.98,1,1
2017-11-26,10000002,46712,4384405.1,4100000,4499999.61,30,25
2017-11-26,10000002,46713,16823873.04,13700000.75,19749998.4,41,34
2017-11-26,10000002,46717,10301423.97,10001006.2,11799999.8,38,27
2017-11-26,10000002,46718,22475985.29,21120070.86,24069696.85,33,27
2017-11-26,10000002,46721,3673994959.24,3673000000,3674989918.47,2,2
2017-11-26,10000002,46722,1679263.2,1220000.19,2249999.99,19,17
2017-11-26,10000002,46723,6651088.61,6512034.47,7299999.61,34,24
2017-11-26,10000002,46724,1292010000,1292010000,1292010000,1,1
2017-11-26,10000002,46743,499999999.99,499999999.99,499999999.99,1,1
2017-11-26,10000002,46756,21555276.26,18129153.17,21799999.36,15,8
2017-11-26,10000002,47029,85000000,81555595.55,101000000,287,231
2017-11-26,10000002,47030,755086205.75,700000000,825000000,58,56
2017-11-26,10000003,34,6,6,6,11439067,4
2017-11-26,10000003,35,4.2,4.2,4.2,2746133,1
2017-11-26,10000003,36,76,76,76,711358,2
2017-11-26,10000003,37,45,45,45,165417,1
2017-11-26,10000003,38,299.89,299.89,299.89,101642,2
2017-11-26,10000003,39,1000,1000,1000,30205,2
2017-11-26,10000003,40,994.98,994.98,994.98,16383,2
2017-11-26,10000003,203,400,400,400,632,2
2017-11-26,10000003,448,2200000.01,2200000.01,2200000.01,1,1
2017-11-26,10000003,620,8500000,8500000,8500000,1,1
2017-11-26,10000003,632,9850000,9850000,9850000,1,1
2017-11-26,10000003,1201,124444,88888,340000,40,4
2017-11-26,10000003,1306,1950000,1950000,1950000,4,1
2017-11-26,10000003,1319,1402000.01,1402000.01,1402000.01,1,1
2017-11-26,10000003,1405,1600000,1200000,3000000,8,3
2017-11-26,10000003,1422,3000000,3000000,3000000,2,1
2017-11-26,10000003,1436,4550000,4550000,4550000,3,2
2017-11-26,10000003,1447,800000,800000,800000,3,1
2017-11-26,10000003,2203,35000,35000,35000,8,2
2017-11-26,10000003,2281,4490000,4490000,4490000,1,1
2017-11-26,10000003,2321,500,500,500,980,1
2017-11-26,10000003,2344,10000,10000,10000,42,1
2017-11-26,10000003,2351,5000,5000,5000,15,1
2017-11-26,10000003,2354,10000,10000,10000,75,1
2017-11-26,10000003,2399,5,5,5,47960,1
2017-11-26,10000003,2436,3027272.52,3000000,3299999,33,9
2017-11-26,10000003,2454,30000,30000,30000,5,1
2017-11-26,10000003,2466,2499999.97,2499999.97,2499999.97,5,3
2017-11-26,10000003,2488,582660.29,399999.99,999999,33,6
2017-11-26,10000003,2534,999999.99,999999.99,999999.99,1,1
2017-11-26,10000003,2553,999999.99,999999.99,999999.99,5,1
2017-11-26,10000003,3697,185,185,185,645,1
2017-11-26,10000003,3841,1650000,1650000,1650000,2,1
2017-11-26,10000003,4383,2800000,2800000,2800000,1,1
2017-11-26,10000003,4403,3000000,3000000,3000000,1,1
2017-11-26,10000003,4405,1688233.94,1600000,1699998,17,5
2017-11-26,10000003,4871,200000,200000,200000,1,1
2017-11-26,10000003,5839,932500,887500,1000000,5,4
2017-11-26,10000003,5955,115000,115000,115000,1,1
2017-11-26,10000003,8027,2000000,2000000,2000000,5,1
2017-11-26,10000003,8177,74999.99,74999.99,74999.99,12,1
2017-11-26,10000003,9580,10000,10000,10000,1,1
2017-11-26,10000003,9840,750,750,750,2600,1
2017-11-26,10000003,10998,600000,600000,600000,2,1
2017-11-26,10000003,11305,300000,300000,300000,1,1
2017-11-26,10000003,11578,6500000,6500000,6500000,1,1
2017-11-26,10000003,12563,66300.01,66300.01,66300.01,16,1
2017-11-26,10000003,12565,61100.01,61100.01,61100.01,15,1
2017-11-26,10000003,16240,1233333.33,1100000,1500000,3,3
2017-11-26,10000003,16272,600,600,600,500000,2
2017-11-26,10000003,16273,199.99,98.99,200,11950,4
2017-11-26,10000003,16274,700,700,700,300000,1
2017-11-26,10000003,16278,2450000,2450000,2450000,2,1
2017-11-26,10000003,17136,5000,5000,5000,130,1
2017-11-26,10000003,17366,50000,50000,50000,5,1
2017-11-26,10000003,17843,85000000,85000000,85000000,4,4
2017-11-26,10000003,17887,1750,1750,1750,20000,1
2017-11-26,10000003,17888,600,600,600,120200,2
2017-11-26,10000003,17889,830.95,830.95,830.95,15480,2
2017-11-26,10000003,17918,500000000,500000000,500000000,1,1
2017-11-26,10000003,18635,1599999.99,1599999.99,1599999.99,92,1
2017-11-26,10000003,18639,2500000,2500000,2500000,1,1
2017-11-26,10000003,19739,2750000,2750000,2750000,1,1
2017-11-26,10000003,21096,3416666.61,3000000,3449999.93,12,3
2017-11-26,10000003,21638,1150000,1000000,2499999.98,10,2
2017-11-26,10000003,22291,2261730,2261730,2261730,2,1
2017-11-26,10000003,23055,4000000,4000000,4000000,12,1
2017-11-26,10000003,23057,3290000,3000000,3450000,35,5
2017-11-26,10000003,23071,383500.01,383500.01,383500.01,8,1
2017-11-26,10000003,23073,518829.16,518829.16,518829.16,10,1
2017-11-26,10000003,23075,843693.45,843693.45,843693.45,8,1
2017-11-26,10000003,23077,666070.12,666070.12,666070.12,7,1
2017-11-26,10000003,23081,514798.04,514798.04,514798.04,9,1
2017-11-26,10000003,23083,425099.7,425099.7,425099.7,8,1
2017-11-26,10000003,23085,322357.01,322357.01,322357.01,7,1
2017-11-26,10000003,23527,450000,400000,500000,4,4
2017-11-26,10000003,23705,50000,50000,50000,5,1
2017-11-26,10000003,24395,500000,500000,500000,2,1
2017-11-26,10000003,24417,2899999.92,2899999.92,2899999.92,2,1
2017-11-26,10000003,24490,139.1,139.1,139.1,75,1
2017-11-26,10000003,24492,156.33,156.33,156.33,10000,1
2017-11-26,10000003,24533,850,850,850,2000,1
2017-11-26,10000003,25707,1500000,1500000,1500000,2,1
2017-11-26,10000003,25715,1194120,1194120,1194120,2,1
2017-11-26,10000003,25861,149090.91,120000,200000,11,2
2017-11-26,10000003,27361,1200,1200,1200,500,1
2017-11-26,10000003,27395,2000,2000,2000,10000,1
2017-11-26,10000003,28439,800000,800000,800000,174,4
2017-11-26,10000003,28606,730000000,730000000,730000000,1,1
2017-11-26,10000003,28974,200,200,200,200,1
2017-11-26,10000003,29001,259999.98,100000,299999.98,5,2
2017-11-26,10000003,30028,50000,50000,50000,8,1
2017-11-26,10000003,30832,4499999.93,4499999.93,4499999.93,1,1
2017-11-26,10000003,31159,2499999.94,2499999.94,2499999.94,3,1
2017-11-26,10000003,31372,1700000,1700000,1700000,5,2
2017-11-26,10000003,31378,16700000,16700000,16700000,1,1
2017-11-26,10000003,31742,2500000,2500000,2500000,1,1
2017-11-26,10000003,31748,7500000,7500000,7500000,1,1
2017-11-26,10000003,31790,3000000,3000000,3000000,1,1
2017-11-26,10000003,31802,2112500,2100000,2150000,4,2
2017-11-26,10000003,31876,4022727.27,4000000,4500000,22,6
2017-11-26,10000003,32787,55000,55000,55000,5,1
2017-11-26,10000003,32880,1200000,1200000,1200000,1,1
2017-11-26,10000003,33270,4999999.99,4999999.99,4999999.99,1,1
2017-11-26,10000003,33474,2500000,2500000,2500000,2,1
2017-11-26,10000003,33475,10889377.86,10000000,11593652.03,26,5
2017-11-26,10000003,33824,2833332.67,1500000,3499999,3,3
2017-11-26,10000003,35657,1600000,1600000,1600000,1,1
2017-11-26,10000003,35659,320000.01,320000.01,320000.01,1,1
2017-11-26,10000003,35661,2500000,2500000,2500000,1,1
2017-11-26,10000003,42696,914,914,914,611,1
2017-11-26,10000003,45746,4999999.98,4999999.98,4999999.98,1,1
2017-11-26,10000003,46008,9000000,9000000,9000000,3,1
2017-11-26,10000005,37,40,40,40,1923,1
2017-11-26,10000005,267,230,230,230,5000,1
2017-11-26,10000005,380,862500,850000,900000,4,3
2017-11-26,10000005,440,5399999.41,5000000,6499998.74,6,6
2017-11-26,10000005,448,1800000,1700000,2200000,5,5
2017-11-26,10000005,519,1603222.22,1599000,1700000,27,9
2017-11-26,10000005,527,1207272.73,1100000,1300000,11,5
2017-11-26,10000005,563,60000,60000,60000,5,1
2017-11-26,10000005,578,119998,119998,119998,1,1
2017-11-26,10000005,584,450000,450000,450000,12,11
2017-11-26,10000005,585,892655.56,880000,1006555.56,10,6
2017-11-26,10000005,587,450000,450000,450000,1,1
2017-11-26,10000005,593,620000,620000,620000,5,2
2017-11-26,10000005,608,899999,899999,899999,1,1
2017-11-26,10000005,609,450000,450000,450000,1,1
2017-11-26,10000005,622,10500000,10500000,10500000,1,1
2017-11-26,10000005,633,9999999.99,9999999.99,9999999.99,1,1
2017-11-26,10000005,642,176000010.56,176000010.56,176000010.56,1,1
2017-11-26,10000005,643,170000000,170000000,170000000,1,1
2017-11-26,10000005,650,1500000,1500000,1500000,1,1
2017-11-26,10000005,652,1399999.99,1399999.99,1399999.99,1,1
2017-11-26,10000005,656,1721501.97,1500000,1943003.93,2,2
2017-11-26,10000005,657,3500000,3500000,3500000,9,9
2017-11-26,10000005,1236,1274999.75,599999,1500000,4,4
2017-11-26,10000005,1248,1273751.33,1273751.33,1273751.33,2,2
2017-11-26,10000005,1306,500000,500000,500000,1,1
2017-11-26,10000005,1319,1551669.98,1279999.99,5000000,48,13
2017-11-26,10000005,1355,1000000,1000000,1000000,3,2
2017-11-26,10000005,1405,777777.78,700000,900000,18,10
2017-11-26,10000005,1541,1316022.02,1232044.04,1400000,2,2
2017-11-26,10000005,1565,1699998,1699998,1699998,1,1
2017-11-26,10000005,1877,1489999,1489999,1489999,12,3
2017-11-26,10000005,1948,299000,299000,299000,1,1
2017-11-26,10000005,1952,1415833.33,1250000,1500000,6,5
2017-11-26,10000005,1955,299000,299000,299000,1,1
2017-11-26,10000005,1978,1600000,1600000,1600000,1,1
2017-11-26,10000005,1987,1199999,1199999,1199999,2,2
2017-11-26,10000005,1999,1266665.33,1200000,1299998,3,2
2017-11-26,10000005,2024,1812500,1700000,1850000,4,3
2017-11-26,10000005,2032,1200000,1200000,1200000,1,1
2017-11-26,10000005,2048,666306.85,625000,779000,13,12
2017-11-26,10000005,2175,1400000,1400000,1400000,2,1
2017-11-26,10000005,2183,10000,10000,10000,2,1
2017-11-26,10000005,2193,200000,200000,200000,2,1
2017-11-26,10000005,2203,20000,20000,20000,10,2
2017-11-26,10000005,2281,3427500,3260000,3990000,4,4
2017-11-26,10000005,2301,2171369.96,2100000,2314109.89,3,3
2017-11-26,10000005,2303,2199999,2199999,2199999,1,1
2017-11-26,10000005,2404,1299999,1299999,1299999,7,2
2017-11-26,10000005,2410,2256239,2256239,2256239,1,1
2017-11-26,10000005,2454,2999.99,2999.99,2999.99,20,1
2017-11-26,10000005,2456,540000,540000,540000,5,1
2017-11-26,10000005,2478,2194999.73,2139999.11,2250000,20,4
2017-11-26,10000005,2486,49409.09,43000,90000,22,2
2017-11-26,10000005,2488,411737.03,300000,519905.89,17,4
2017-11-26,10000005,2524,500000,500000,500000,18,1
2017-11-26,10000005,2534,1000000,1000000,1000000,1,1
2017-11-26,10000005,2539,1500000,1500000,1500000,1,1
2017-11-26,10000005,2553,1295435.96,1295435.96,1295435.96,1,1
2017-11-26,10000005,2559,1900000,1900000,1900000,5,5
2017-11-26,10000005,2563,1899999,1899999,1899999,5,5
2017-11-26,10000005,2571,1838297.87,1700000,2200000,47,16
2017-11-26,10000005,2575,1927272.64,1900000,2100000,22,11
2017-11-26,10000005,2605,469456.14,300000,653640.35,5,4
2017-11-26,10000005,2613,349.99,349.99,349.99,5265,4
2017-11-26,10000005,2629,544.93,544.93,544.93,6500,2
2017-11-26,10000005,2817,175,175,175,10000,1
2017-11-26,10000005,2873,1500000,1500000,1500000,1,1
2017-11-26,10000005,2889,980000,980000,980000,7,1
2017-11-26,10000005,2969,2399996,2399996,2399996,8,2
2017-11-26,10000005,2977,1800000,1800000,1800000,7,3
2017-11-26,10000005,3057,6700000,6700000,6700000,3,1
2017-11-26,10000005,3074,1050460.5,1000920.99,1100000,14,4
2017-11-26,10000005,3178,899000,899000,899000,3,1
2017-11-26,10000005,3244,2057142.86,1700000,2200000,7,7
2017-11-26,10000005,3256,21599999.2,12000000,23999999,5,4
2017-11-26,10000005,3257,90000000,90000000,90000000,1,1
2017-11-26,10000005,3265,8000000,8000000,8000000,1,1
2017-11-26,10000005,3302,26000,26000,26000,1,1
2017-11-26,10000005,3304,200000,200000,200000,1,1
2017-11-26,10000005,3329,40000,40000,40000,1,1
2017-11-26,10000005,3333,700000,700000,700000,1,1
2017-11-26,10000005,3335,500000,500000,500000,3,1
2017-11-26,10000005,3410,2000000,2000000,2000000,1,1
2017-11-26,10000005,3496,1948999.99,1948999.99,1948999.99,4,2
2017-11-26,10000005,3504,4700000,3500000,5000000,5,5
2017-11-26,10000005,3578,4000000,4000000,4000000,1,1
2017-11-26,10000005,3689,10200,10200,10200,500,1
2017-11-26,10000005,3831,1279230.77,1250000,1500000,13,9
2017-11-26,10000005,3841,1275674.9,950000,1492793.75,10,8
2017-11-26,10000005,3888,1700000,1700000,1700000,2,2
2017-11-26,10000005,3898,16999997.99,16999997.99,16999997.99,5,4
2017-11-26,10000005,4025,399999.94,399999.94,399999.94,2,2
2017-11-26,10000005,4027,399996,399996,399996,1,1
2017-11-26,10000005,4246,21000,21000,21000,150,1
2017-11-26,10000005,4254,1700000,1700000,1700000,1,1
2017-11-26,10000005,4260,3000000,3000000,3000000,1,1
2017-11-26,10000005,4393,2000000,2000000,2000000,1,1
2017-11-26,10000005,4395,999523.57,997999,1000000,21,3
2017-11-26,10000005,4403,545000,545000,545000,1,1
2017-11-26,10000005,4405,1663857.07,1500000,1749000,14,4
2017-11-26,10000005,4435,129999.99,129999.99,129999.99,3,1
2017-11-26,10000005,4829,280000,280000,280000,1,1
2017-11-26,10000005,4871,999999.33,999999,999999.99,3,3
2017-11-26,10000005,5009,250000,250000,250000,1,1
2017-11-26,10000005,5301,50000,50000,50000,2,2
2017-11-26,10000005,5302,799999.75,799999,800000,4,2
2017-11-26,10000005,5399,400000,400000,400000,1,1
2017-11-26,10000005,5405,760000,760000,760000,1,1
2017-11-26,10000005,5443,240000,240000,240000,1,1
2017-11-26,10000005,5445,250000,250000,250000,1,1
2017-11-26,10000005,5493,232352.94,200000,250000,17,6
2017-11-26,10000005,5599,200000,200000,200000,5,1
2017-11-26,10000005,5839,1695000,1695000,1695000,2,2
2017-11-26,10000005,5933,200000,200000,200000,2,1
2017-11-26,10000005,5945,359997.96,359997.96,359997.96,1,1
2017-11-26,10000005,5955,160000,160000,160000,1,1
2017-11-26,10000005,5971,459994.69,459994.69,459994.69,4,4
2017-11-26,10000005,5973,633332.67,399997,700000,18,17
2017-11-26,10000005,5975,42500.34,40000.45,50000,4,2
2017-11-26,10000005,6160,512027.78,400000,1808250,9,6
2017-11-26,10000005,6296,50000,50000,50000,1,1
2017-11-26,10000005,8027,2665998,2665998,2665998,10,2
2017-11-26,10000005,8089,449999,449999,449999,5,5
2017-11-26,10000005,8117,324000,299999.99,340000,15,6
2017-11-26,10000005,8133,600000,600000,600000,1,1
2017-11-26,10000005,8175,150000,150000,150000,2,2
2017-11-26,10000005,8263,499999.98,499999.98,499999.98,1,1
2017-11-26,10000005,8433,600000,600000,600000,1,1
2017-11-26,10000005,8517,3999999,3999999,3999999,1,1
2017-11-26,10000005,8521,150000,150000,150000,1,1
2017-11-26,10000005,8529,238571.39,150000,253333.29,7,4
2017-11-26,10000005,8635,225000,225000,225000,3,1
2017-11-26,10000005,8748,154166.66,150000,166666.65,4,4
2017-11-26,10000005,8815,400000,400000,400000,14,1
2017-11-26,10000005,9127,4000000,4000000,4000000,40,1
2017-11-26,10000005,9327,1100000,1100000,1100000,8,2
2017-11-26,10000005,9580,500000,500000,500000,3,3
2017-11-26,10000005,9622,50000,50000,50000,1,1
2017-11-26,10000005,9632,150000,150000,150000,6,4
2017-11-26,10000005,9899,11900000,10500000,14700000,3,3
2017-11-26,10000005,9941,10500000,10500000,10500000,2,2
2017-11-26,10000005,9942,11749999.99,10500000,12999999.97,2,2
2017-11-26,10000005,9943,12999999.97,12999999.97,12999999.97,1,1
2017-11-26,10000005,9956,10999999.99,10999999.99,10999999.99,1,1
2017-11-26,10000005,10190,1619999.8,1600000,1699999,5,3
2017-11-26,10000005,10208,29000000,29000000,29000000,4,4
2017-11-26,10000005,10212,25899984,25899984,25899984,3,3
2017-11-26,10000005,10216,25099928.13,25099928,25099928.4,3,3
2017-11-26,10000005,10221,29999999,29999999,29999999,4,4
2017-11-26,10000005,10225,27000000,27000000,27000000,1,1
2017-11-26,10000005,10246,40000,40000,40000,10,1
2017-11-26,10000005,10694,2000000,2000000,2000000,3,1
2017-11-26,10000005,10850,1000000,1000000,1000000,3,2
2017-11-26,10000005,10888,133333.33,133333.33,133333.33,1,1
2017-11-26,10000005,10998,236153.85,45000,400000,13,4
2017-11-26,10000005,11134,188000,167500,229000,3,3
2017-11-26,10000005,11176,35000000,35000000,35000000,1,1
2017-11-26,10000005,11178,45499999.5,41000000,49999999,2,2
2017-11-26,10000005,11192,24999999.01,24999999.01,24999999.01,1,1
2017-11-26,10000005,11198,40000000,40000000,40000000,1,1
2017-11-26,10000005,11200,41000000,41000000,41000000,1,1
2017-11-26,10000005,11202,37999998,37999998,37999998,1,1
2017-11-26,10000005,11269,958750,945000,1000000,8,3
2017-11-26,10000005,11325,700000,700000,700000,2,1
2017-11-26,10000005,11370,2999999,2999999,2999999,1,1
2017-11-26,10000005,11377,47100000,45500000,47500000,5,4
2017-11-26,10000005,11563,550000,550000,550000,4,4
2017-11-26,10000005,11578,7928571.43,6500000,8500000,7,7
2017-11-26,10000005,11640,1000000,1000000,1000000,5,2
2017-11-26,10000005,11646,1989998,1989998,1989998,1,1
2017-11-26,10000005,11985,295000000,295000000,295000000,1,1
2017-11-26,10000005,11993,275000000,275000000,275000000,2,2
2017-11-26,10000005,12034,40000000,40000000,40000000,1,1
2017-11-26,10000005,12058,4266666.64,3400000,4699999.96,3,3
2017-11-26,10000005,12076,6150000,6150000,6150000,1,1
2017-11-26,10000005,12267,3800000,3800000,3800000,1,1
2017-11-26,10000005,12271,8368007,8368007,8368007,2,1
2017-11-26,10000005,12608,100,100,100,1000,1
2017-11-26,10000005,12612,70,70,70,540,1
2017-11-26,10000005,12614,59,59,59,540,1
2017-11-26,10000005,12618,60,60,60,9000,5
2017-11-26,10000005,12620,65,65,65,1000,1
2017-11-26,10000005,12625,100,100,100,1000,1
2017-11-26,10000005,12633,69,69,69,66,1
2017-11-26,10000005,12767,399,397.99,400,4000,2
2017-11-26,10000005,12775,802.5,802.5,802.5,2000,1
2017-11-26,10000005,12779,917.3,917.3,917.3,2000,1
2017-11-26,10000005,13001,2750000,2750000,2750000,8,1
2017-11-26,10000005,13003,2972727.27,2900000,3000000,11,3
2017-11-26,10000005,13216,29555788.33,29555788.33,29555788.33,1,1
2017-11-26,10000005,13244,29999999,29999999,29999999,1,1
2017-11-26,10000005,16233,65000000,65000000,65000000,1,1
2017-11-26,10000005,16238,1350000,1300000,1400000,2,2
2017-11-26,10000005,16242,1099000,1099000,1099000,1,1
2017-11-26,10000005,16273,48,48,48,754610,47
2017-11-26,10000005,16274,1600,1600,1600,55800,2
2017-11-26,10000005,16275,4975,4975,4975,4030,3
2017-11-26,10000005,16281,3000000,3000000,3000000,1,1
2017-11-26,10000005,16487,150000,100000,250000,3,2
2017-11-26,10000005,16527,1299998,1299998,1299998,2,1
2017-11-26,10000005,17366,423270.55,346541.09,500000,4,3
2017-11-26,10000005,17482,2000000,2000000,2000000,4,1
2017-11-26,10000005,17720,180000000,180000000,180000000,2,2
2017-11-26,10000005,17887,899.99,899.99,899.99,98833,4
2017-11-26,10000005,17888,852.07,852.07,852.07,24000,3
2017-11-26,10000005,17889,1200,1200,1200,196001,10
2017-11-26,10000005,17894,10000,10000,10000,2,1
2017-11-26,10000005,17938,71250,60000,150000,8,3
2017-11-26,10000005,17940,999999,999999,999999,1,1
2017-11-26,10000005,18639,500000,500000,500000,5,2
2017-11-26,10000005,19806,1733333.33,1700000,1750000,3,3
2017-11-26,10000005,19814,472500,45000,900000,2,2
2017-11-26,10000005,19939,100000,100000,100000,1,1
2017-11-26,10000005,19946,250000,100000,400000,8,3
2017-11-26,10000005,19952,100000,100000,100000,4,2
2017-11-26,10000005,20347,1199999.99,1199999.99,1199999.99,1,1
2017-11-26,10000005,21096,1982664.99,1799998,2995995.94,18,16
2017-11-26,10000005,21638,1400000,1400000,1400000,2,1
2017-11-26,10000005,21640,1003145.87,1000000,1006291.73,10,2
2017-11-26,10000005,21894,1429,1429,1429,4500,2
2017-11-26,10000005,21896,1500,1500,1500,5000,3
2017-11-26,10000005,21898,602.97,602.97,602.97,3000,2
2017-11-26,10000005,21902,1688.38,1688.38,1688.38,12000,3
2017-11-26,10000005,21918,1400,1400,1400,2000,1
2017-11-26,10000005,21922,799.97,799.97,799.97,5345,3
2017-11-26,10000005,22175,150000,150000,150000,1,1
2017-11-26,10000005,22177,150000,150000,150000,1,1
2017-11-26,10000005,22291,1199070,1077000,1245000,22,12
2017-11-26,10000005,22542,50000,50000,50000,4,3
2017-11-26,10000005,22576,50000,50000,50000,1,1
2017-11-26,10000005,22778,164998,164998,164998,38,2
2017-11-26,10000005,22961,800,800,800,2000,1
2017-11-26,10000005,23019,650,650,650,1000,1
2017-11-26,10000005,23021,550,550,550,3001,3
2017-11-26,10000005,23061,3974250.1,3953182.01,3999999.99,20,3
2017-11-26,10000005,23527,1000000,1000000,1000000,7,6
2017-11-26,10000005,23705,200000,200000,200000,8,2
2017-11-26,10000005,23707,30562.5,6500,45000,16,3
2017-11-26,10000005,23711,20000,20000,20000,5,5
2017-11-26,10000005,23719,9999,9999,9999,5,1
2017-11-26,10000005,24395,500000,500000,500000,1,1
2017-11-26,10000005,24427,2000000,2000000,2000000,2,1
2017-11-26,10000005,24471,175,175,175,10000,1
2017-11-26,10000005,24473,175,175,175,10000,1
2017-11-26,10000005,24475,175,175,175,10000,1
2017-11-26,10000005,24479,175,175,175,20000,1
2017-11-26,10000005,24495,109.69,109.69,109.69,9500,4
2017-11-26,10000005,24497,388,388,388,2500,2
2017-11-26,10000005,24499,183,183,183,2500,2
2017-11-26,10000005,24501,225,225,225,10000,1
2017-11-26,10000005,24696,36000000,36000000,36000000,1,1
2017-11-26,10000005,25561,300000,300000,300000,1,1
2017-11-26,10000005,25563,2000000,2000000,2000000,15,8
2017-11-26,10000005,25565,220000,220000,220000,4,2
2017-11-26,10000005,25861,108499.45,108498,108499.99,11,2
2017-11-26,10000005,25948,7000000,7000000,7000000,1,1
2017-11-26,10000005,26076,15000000,15000000,15000000,3,2
2017-11-26,10000005,26088,12496250,12490000,12500000,8,4
2017-11-26,10000005,26255,100000,100000,100000,1,1
2017-11-26,10000005,26892,11539360,11539360,11539360,1,1
2017-11-26,10000005,26929,181428.57,100000,290000,7,6
2017-11-26,10000005,26931,2800000,2800000,2800000,2,2
2017-11-26,10000005,27127,2275000,1000000,2700000,4,4
2017-11-26,10000005,27315,1798,1798,1798,200,1
2017-11-26,10000005,27345,2636.38,2636.38,2636.38,680,1
2017-11-26,10000005,27351,3250,3250,3250,5490,5
2017-11-26,10000005,27359,2699.99,2699.99,2699.99,5201,4
2017-11-26,10000005,27361,1200,1200,1200,6000,5
2017-11-26,10000005,27371,1199.95,1199.95,1199.95,14153,10
2017-11-26,10000005,27381,1200,1200,1200,9500,6
2017-11-26,10000005,27387,1140,1140,1140,5300,5
2017-11-26,10000005,27395,1950,1950,1950,32499,2
2017-11-26,10000005,27441,1244,1244,1244,2000,1
2017-11-26,10000005,27447,1900,1900,1900,5500,2
2017-11-26,10000005,27914,1750000,1750000,1750000,2,1
2017-11-26,10000005,27916,1050000,1050000,1050000,10,1
2017-11-26,10000005,28215,1120000,1000000,1200000,15,2
2017-11-26,10000005,28266,2000000,2000000,2000000,1,1
2017-11-26,10000005,28332,1998.6,1998.6,1998.6,2600,2
2017-11-26,10000005,28576,1250000,1250000,1250000,3,1
2017-11-26,10000005,28646,5150000,5150000,5150000,1,1
2017-11-26,10000005,28668,29979,29979,29979,3054,22
2017-11-26,10000005,28999,30000,30000,30000,30,1
2017-11-26,10000005,29001,27142.85,19999.99,30000,7,2
2017-11-26,10000005,29009,18522.28,16078,19999.99,14,7
2017-11-26,10000005,29011,43726,43726,43726,9,6
2017-11-26,10000005,29013,19999.99,19999.99,19999.99,4,3
2017-11-26,10000005,29015,23749.99,19999.99,30000,8,6
2017-11-26,10000005,30028,89999.99,89999.99,89999.99,8,1
2017-11-26,10000005,30488,650000,650000,650000,4,1
2017-11-26,10000005,30653,4000000,4000000,4000000,1,1
2017-11-26,10000005,31011,2500000,2500000,2500000,1,1
2017-11-26,10000005,31023,2100000,2100000,2100000,1,1
2017-11-26,10000005,31047,3300000,3300000,3300000,2,1
2017-11-26,10000005,31055,2900000,2900000,2900000,3,1
2017-11-26,10000005,31065,3075000,2750000,3400000,2,2
2017-11-26,10000005,31083,2000000,2000000,2000000,3,1
2017-11-26,10000005,31119,1799999.99,1799999.98,1799999.99,13,5
2017-11-26,10000005,31153,862919.99,862919.99,862919.99,3,3
2017-11-26,10000005,31155,1500000,1500000,1500000,2,1
2017-11-26,10000005,31159,399999,399999,399999,8,3
2017-11-26,10000005,31171,4900000,4900000,4900000,2,2
2017-11-26,10000005,31183,4200000,4200000,4200000,1,1
2017-11-26,10000005,31185,25000000,25000000,25000000,4,3
2017-11-26,10000005,31220,9999999,9999999,9999999,1,1
2017-11-26,10000005,31280,3500000,3500000,3500000,4,3
2017-11-26,10000005,31282,12000000,12000000,12000000,3,2
2017-11-26,10000005,31286,200000,200000,200000,12,11
2017-11-26,10000005,31292,3200000,3200000,3200000,4,3
2017-11-26,10000005,31298,200000,200000,200000,3,3
2017-11-26,10000005,31304,4400000,4400000,4400000,8,7
2017-11-26,10000005,31358,750000,750000,750000,4,4
2017-11-26,10000005,31360,4300000,4300000,4300000,3,3
2017-11-26,10000005,31364,6800000,6800000,6800000,1,1
2017-11-26,10000005,31372,1520746.53,1500000,1873437.5,18,2
2017-11-26,10000005,31378,17499999.97,17499999.97,17499999.97,1,1
2017-11-26,10000005,31568,3000000,3000000,3000000,6,3
2017-11-26,10000005,31586,900000,900000,900000,1,1
2017-11-26,10000005,31604,4500000,4500000,4500000,1,1
2017-11-26,10000005,31606,13500000,13500000,13500000,2,2
2017-11-26,10000005,31614,4300000,4300000,4300000,1,1
2017-11-26,10000005,31620,750000,750000,750000,3,3
2017-11-26,10000005,31646,1700000,1700000,1700000,1,1
2017-11-26,10000005,31652,13000000,13000000,13000000,1,1
2017-11-26,10000005,31680,800000,800000,800000,1,1
2017-11-26,10000005,31716,989797,989797,989797,1,1
2017-11-26,10000005,31724,8000000,8000000,8000000,2,2
2017-11-26,10000005,31752,1000000,1000000,1000000,1,1
2017-11-26,10000005,31788,497475,400000,595000,8,6
2017-11-26,10000005,31790,2000710.15,2000000,2001065.22,6,2
2017-11-26,10000005,31796,29850550.33,29850550.33,29850550.33,2,2
2017-11-26,10000005,31868,5000000,5000000,5000000,2,1
2017-11-26,10000005,31882,3000000,3000000,3000000,2,1
2017-11-26,10000005,31888,2800000,2800000,2800000,10,1
2017-11-26,10000005,31890,4999999.79,4999999.79,4999999.79,5,2
2017-11-26,10000005,31892,2721280.95,2181637.12,4500000,45,15
2017-11-26,10000005,31894,2500000,2500000,2500000,4,1
2017-11-26,10000005,32006,218000,218000,218000,125,3
2017-11-26,10000005,32014,400000,400000,400000,40,2
2017-11-26,10000005,32342,6000000,6000000,6000000,9,1
2017-11-26,10000005,32780,1800000,1800000,1800000,7,2
2017-11-26,10000005,32872,1500000,1500000,1500000,2,2
2017-11-26,10000005,32876,1000000,1000000,1000000,1,1
2017-11-26,10000005,33003,650000,650000,650000,10,4
2017-11-26,10000005,33007,95000,95000,95000,7,3
2017-11-26,10000005,33076,500000,500000,500000,1,1
2017-11-26,10000005,33091,75000,75000,75000,5,1
2017-11-26,10000005,33095,1000000,1000000,1000000,3,1
2017-11-26,10000005,33101,750000,750000,750000,10,1
2017-11-26,10000005,33468,70124999.99,65249999.97,75000000,2,2
2017-11-26,10000005,33474,2169800,2083000,2299999.99,5,5
2017-11-26,10000005,33475,9743589.74,9333333.33,12000000,13,7
2017-11-26,10000005,33894,4000000,4000000,4000000,3,1
2017-11-26,10000005,33915,400000,400000,400000,2,2
2017-11-26,10000005,34562,57000000,57000000,57000000,1,1
2017-11-26,10000005,34593,18666833.02,17000249.53,22000000,3,3
2017-11-26,10000005,34595,193500000,193500000,193500000,1,1
2017-11-26,10000005,34828,56000000,56000000,56000000,1,1
2017-11-26,10000005,35658,455998.61,90000,699997.69,5,5
2017-11-26,10000005,35659,328333.33,92500,800000,6,6
2017-11-26,10000005,35771,1700000,1700000,1700000,3,2
2017-11-26,10000005,35789,1600000,1600000,1600000,3,2
2017-11-26,10000005,35790,1800000,1800000,1800000,2,2
2017-11-26,10000005,35794,19999.99,19999.99,19999.99,7,4
2017-11-26,10000005,35795,20000,20000,20000,6,3
2017-11-26,10000005,36909,8000000,8000000,8000000,1,1
2017-11-26,10000005,36911,7600000,7600000,7600000,1,1
2017-11-26,10000005,40357,165000006.92,165000006.92,165000006.92,2,1
2017-11-26,10000005,40552,9250000,9250000,9250000,9,1
2017-11-26,10000005,40559,13999999,13999999,13999999,8,3
2017-11-26,10000005,40564,35000000,35000000,35000000,3,1
2017-11-26,10000005,41033,350000,350000,350000,3,3
2017-11-26,10000005,41034,1000000,1000000,1000000,1,1
2017-11-26,10000005,41155,22714.29,10000,100000,7,3
2017-11-26,10000005,41490,1350000,1350000,1350000,17,1
2017-11-26,10000005,44992,2600000.12,2600000.12,2600000.12,400,3
2017-11-26,10000005,46008,13666665.83,9999999,32000000,6,5
2017-11-26,10000005,46371,550000,450000,1000000,22,2
2017-11-26,10000006,22,3500,3500,3500,2473,2
2017-11-26,10000006,38,323,323,323,103530,2
2017-11-26,10000006,185,100,100,100,1000,1
2017-11-26,10000006,222,149,149,149,1000,1
2017-11-26,10000006,230,120,120,120,2000,1
2017-11-26,10000006,377,4000,4000,4000,2,1
2017-11-26,10000006,440,6888888,6888888,6888888,1,1
2017-11-26,10000006,444,250000,250000,250000,1,1
2017-11-26,10000006,448,2770000,2770000,2770000,3,3
2017-11-26,10000006,488,350000,350000,350000,17,3
2017-11-26,10000006,519,1679036.61,1678073.22,1680000,6,4
2017-11-26,10000006,527,1460000,1460000,1460000,1,1
2017-11-26,10000006,584,400000,400000,400000,1,1
2017-11-26,10000006,585,1426923.08,1400000,1500000,13,11
2017-11-26,10000006,591,500000,500000,500000,1,1
2017-11-26,10000006,594,1000000,1000000,1000000,2,2
2017-11-26,10000006,603,1000000,1000000,1000000,1,1
2017-11-26,10000006,605,1500000,1500000,1500000,2,2
2017-11-26,10000006,607,1500000,1500000,1500000,1,1
2017-11-26,10000006,608,1000000,1000000,1000000,2,1
2017-11-26,10000006,629,13000000,13000000,13000000,1,1
2017-11-26,10000006,649,3000000,3000000,3000000,1,1
2017-11-26,10000006,650,1633333.33,1250000,2400000,3,3
2017-11-26,10000006,655,2437500,1500000,2499999.99,8,7
2017-11-26,10000006,656,2750000,1500000,4000000,2,2
2017-11-26,10000006,657,3000000,2999999.99,3000000,12,12
2017-11-26,10000006,672,100000,100000,100000,3,3
2017-11-26,10000006,1182,1498628.57,1498000,1499885.71,9,8
2017-11-26,10000006,1236,1200000,1200000,1200000,1,1
2017-11-26,10000006,1248,1338343.76,1324098.98,1480791.52,11,8
2017-11-26,10000006,1306,400000,400000,400000,1,1
2017-11-26,10000006,1317,218836.21,218750,220000,58,8
2017-11-26,10000006,1319,1239193.54,1235000,1239999.99,31,14
2017-11-26,10000006,1335,848999.99,848999.99,849000,9,3
2017-11-26,10000006,1355,1770000,1769999.99,1770000,2,2
2017-11-26,10000006,1405,1588982.45,1580333.32,1589999.99,19,9
2017-11-26,10000006,1447,1498285.71,1497999.99,1500000,7,5
2017-11-26,10000006,1541,1987999.99,1987999.99,1987999.99,2,2
2017-11-26,10000006,1808,50000,50000,50000,1,1
2017-11-26,10000006,1877,2300000,2300000,2300000,5,1
2017-11-26,10000006,1952,1888997.97,1888997.96,1888997.97,2,2
2017-11-26,10000006,1999,2437999.99,2437999.99,2437999.99,2,2
2017-11-26,10000006,2024,2500000,2500000,2500000,3,3
2017-11-26,10000006,2032,962500,950000,999999.99,4,3
2017-11-26,10000006,2046,49000,49000,49000,3,3
2017-11-26,10000006,2048,795698.63,791372.58,796432,13,13
2017-11-26,10000006,2185,1096740.5,1088797.59,1099388.14,8,3
2017-11-26,10000006,2205,654000,654000,654000,20,1
2017-11-26,10000006,2281,2783874.77,2700000,3371000.14,8,7
2017-11-26,10000006,2436,2999000,2999000,2999000,5,1
2017-11-26,10000006,2478,2328359.07,2003188.13,2499000,97,19
2017-11-26,10000006,2486,58500,58500,58500,17,4
2017-11-26,10000006,2488,525425.56,219900.14,608000,47,10
2017-11-26,10000006,2524,2500000,2500000,2500000,5,4
2017-11-26,10000006,2533,900000,900000,900000,1,1
2017-11-26,10000006,2534,3000000,3000000,3000000,7,3
2017-11-26,10000006,2549,900000,900000,900000,1,1
2017-11-26,10000006,2550,2245000,1890000,2600000,2,2
2017-11-26,10000006,2605,798742.32,798742.32,798742.33,16,11
2017-11-26,10000006,2889,900000,900000,900000,2,1
2017-11-26,10000006,2913,1800000,1800000,1800000,15,2
2017-11-26,10000006,2929,4600000,4600000,4600000,7,1
2017-11-26,10000006,2969,2419047.14,2250000,2600000,7,4
2017-11-26,10000006,3244,1988000,1988000,1988000,2,1
2017-11-26,10000006,3328,100000,100000,100000,1,1
2017-11-26,10000006,3333,1000000,1000000,1000000,1,1
2017-11-26,10000006,3340,979999.99,979999.99,979999.99,1,1
2017-11-26,10000006,3410,1999791.66,1999791.66,1999791.66,1,1
2017-11-26,10000006,3451,330000,330000,330000,1,1
2017-11-26,10000006,3467,50000,50000,50000,1,1
2017-11-26,10000006,3530,3208211.87,3208211.87,3208211.87,1,1
2017-11-26,10000006,3568,2500000,2500000,2500000,1,1
2017-11-26,10000006,3756,70000000,70000000,70000000,1,1
2017-11-26,10000006,3831,1770000,1770000,1770000,8,5
2017-11-26,10000006,3841,2600000,2600000,2600000,1,1
2017-11-26,10000006,3888,1825000,1800000,1850000,2,2
2017-11-26,10000006,4025,368888,368888,368888,2,2
2017-11-26,10000006,4027,299996,299992,299998,3,3
2017-11-26,10000006,4258,2288888,2288888,2288888,1,1
2017-11-26,10000006,4383,2942599.85,2940999.81,2949000,5,5
2017-11-26,10000006,4391,1500000,1500000,1500000,2,2
2017-11-26,10000006,4403,1500000,1500000,1500000,1,1
2017-11-26,10000006,4405,1670588.21,1575000,1699999.97,17,8
2017-11-26,10000006,4435,100000,100000,100000,4,3
2017-11-26,10000006,4477,100000,100000,100000,4,2
2017-11-26,10000006,4833,499000,499000,499000,2,2
2017-11-26,10000006,4871,500999.75,500999.75,500999.75,8,8
2017-11-26,10000006,5011,999000,999000,999000,1,1
2017-11-26,10000006,5047,200000,200000,200000,6,3
2017-11-26,10000006,5051,184000,184000,184000,1,1
2017-11-26,10000006,5141,1000000,1000000,1000000,2,1
2017-11-26,10000006,5219,289999.96,289999.96,289999.96,3,1
2017-11-26,10000006,5239,100000,100000,100000,3,1
2017-11-26,10000006,5365,100000,100000,100000,1,1
2017-11-26,10000006,5399,159999.99,159999.99,159999.99,1,1
2017-11-26,10000006,5403,190000,190000,190000,1,1
2017-11-26,10000006,5405,180887.99,180887.99,180887.99,2,2
2017-11-26,10000006,5439,80075,80075,80075,1,1
2017-11-26,10000006,5445,264888,260887.99,268888,4,4
2017-11-26,10000006,5849,100000,100000,100000,1,1
2017-11-26,10000006,5933,100000,100000,100000,1,1
2017-11-26,10000006,5945,345748.78,345748.78,345748.78,1,1
2017-11-26,10000006,5955,128625.65,128625.65,128625.65,5,4
2017-11-26,10000006,5973,490000,490000,490000,1,1
2017-11-26,10000006,5975,270000,270000,270000,3,3
2017-11-26,10000006,6003,188888,188888,188888,2,2
2017-11-26,10000006,6005,172440.34,172440.34,172440.34,6,6
2017-11-26,10000006,6131,999999,999999,999999,2,2
2017-11-26,10000006,6159,150000,150000,150000,11,2
2017-11-26,10000006,6160,100000,100000,100000,1,1
2017-11-26,10000006,6173,650000,650000,650000,2,1
2017-11-26,10000006,6527,188888,188888,188888,2,2
2017-11-26,10000006,6569,188888,188888,188888,1,1
2017-11-26,10000006,7289,90000,90000,90000,7,1
2017-11-26,10000006,8007,200000,200000,200000,4,1
2017-11-26,10000006,8089,774000,774000,774000,2,1
2017-11-26,10000006,8135,850000,850000,850000,8,4
2017-11-26,10000006,8175,600000,600000,600000,3,3
2017-11-26,10000006,8263,175000,100000,250000,2,2
2017-11-26,10000006,8529,195000,195000,195000,3,3
2017-11-26,10000006,8748,117899.99,117899.98,117899.99,6,4
2017-11-26,10000006,9093,200000,200000,200000,5,1
2017-11-26,10000006,9131,100000,100000,100000,4,1
2017-11-26,10000006,9622,100000,100000,100000,1,1
2017-11-26,10000006,9632,215203.63,200000,291221.8,6,4
2017-11-26,10000006,9808,500000,500000,500000,5,1
2017-11-26,10000006,9899,10789999,10789999,10789999,2,2
2017-11-26,10000006,9941,10779999.99,10779999.99,10779999.99,4,4
2017-11-26,10000006,9943,10457722.22,10455444.44,10459999.99,2,2
2017-11-26,10000006,10208,28835175,28780233.33,29000000,4,4
2017-11-26,10000006,10212,28879946.97,28879734.84,28880000,5,5
2017-11-26,10000006,10216,28275999.99,28270000,28279999.99,5,5
2017-11-26,10000006,10221,28225309.63,28225309.63,28225309.63,3,3
2017-11-26,10000006,10222,150000000,150000000,150000000,1,1
2017-11-26,10000006,10225,28380000,28380000,28380000,1,1
2017-11-26,10000006,10246,60000,60000,60000,15,2
2017-11-26,10000006,10850,1430477.39,1430477.39,1430477.39,6,6
2017-11-26,10000006,10866,188888,188888,188888,1,1
2017-11-26,10000006,10878,100000,100000,100000,1,1
2017-11-26,10000006,10884,150000,150000,150000,2,1
2017-11-26,10000006,10998,184782.61,150000,200000,23,10
2017-11-26,10000006,11129,100000,100000,100000,3,3
2017-11-26,10000006,11178,7700000,7700000,7700000,1,1
2017-11-26,10000006,11198,45000000,45000000,45000000,1,1
2017-11-26,10000006,11219,880000,880000,880000,1,1
2017-11-26,10000006,11229,1207661.5,1207661.5,1207661.5,1,1
2017-11-26,10000006,11269,1387999.99,1387999.99,1387999.99,2,2
2017-11-26,10000006,11283,15000,15000,15000,60,2
2017-11-26,10000006,11287,46460,46460,46460,50,2
2017-11-26,10000006,11289,14999.99,14999.99,14999.99,520,2
2017-11-26,10000006,11327,1500000,1500000,1500000,2,1
2017-11-26,10000006,11370,4205297.89,3999099.09,5648689.45,8,8
2017-11-26,10000006,11381,35000000,35000000,35000000,1,1
2017-11-26,10000006,11563,350000,350000,350000,2,2
2017-11-26,10000006,11577,4000000,4000000,4000000,5,1
2017-11-26,10000006,11578,5800000,5800000,5800000,1,1
2017-11-26,10000006,11644,3000000,3000000,3000000,1,1
2017-11-26,10000006,11646,2829000,2829000,2829000,1,1
2017-11-26,10000006,11648,1820000,1820000,1820000,1,1
2017-11-26,10000006,12058,3999000,3999000,3999000,1,1
2017-11-26,10000006,12076,8800000,8800000,8800000,1,1
2017-11-26,10000006,12084,13900000,13900000,13900000,1,1
2017-11-26,10000006,12092,20000000,20000000,20000000,1,1
2017-11-26,10000006,12801,297.88,297.88,297.88,2000,1
2017-11-26,10000006,12805,277,277,277,2000,1
2017-11-26,10000006,13216,30800000,30800000,30800000,1,1
2017-11-26,10000006,13954,10000000,10000000,10000000,1,1
2017-11-26,10000006,14045,35200000,35200000,35200000,1,1
2017-11-26,10000006,15508,99999.99,99999.99,99999.99,5,1
2017-11-26,10000006,16242,1300000,1300000,1300000,2,2
2017-11-26,10000006,16272,670.69,670.69,670.69,150000,2
2017-11-26,10000006,16273,150,150,150,220072,35
2017-11-26,10000006,16274,1250,1250,1250,240225,4
2017-11-26,10000006,16275,6134.49,6134.49,6134.49,100,1
2017-11-26,10000006,16278,1500000,100000,2200000,3,2
2017-11-26,10000006,16297,300000,300000,300000,24,7
2017-11-26,10000006,16303,2000000,2000000,2000000,4,3
2017-11-26,10000006,16367,280000,280000,280000,1,1
2017-11-26,10000006,16467,190000,190000,190000,3,3
2017-11-26,10000006,16469,150000,150000,150000,5,2
2017-11-26,10000006,17366,887999.99,150000,1379999.99,5,4
2017-11-26,10000006,17476,37000000,37000000,37000000,1,1
2017-11-26,10000006,17480,24000000,24000000,24000000,1,1
2017-11-26,10000006,17482,1531000,153000,2220000,3,2
2017-11-26,10000006,17843,89999999.97,89999999.97,89999999.97,2,2
2017-11-26,10000006,17887,1250,1250,1250,30000,4
2017-11-26,10000006,17888,1250,1250,1250,72000,5
2017-11-26,10000006,17889,1216.73,1216.73,1216.73,88000,5
2017-11-26,10000006,17918,500000000,500000000,500000000,1,1
2017-11-26,10000006,17938,99000,99000,99000,7,3
2017-11-26,10000006,17940,1900000,1899999.99,1900000,2,2
2017-11-26,10000006,18639,148126.86,148000,148888,7,3
2017-11-26,10000006,19810,100000,100000,100000,1,1
2017-11-26,10000006,19812,99999,99999,99999,3,1
2017-11-26,10000006,19929,100000,100000,100000,4,1
2017-11-26,10000006,20353,4499999,4499999,4499999,2,2
2017-11-26,10000006,21096,2899603.57,2899564.89,2900000,45,16
2017-11-26,10000006,21640,1299000,1299000,1299000,11,3
2017-11-26,10000006,21894,1291.03,1291.03,1291.03,4000,2
2017-11-26,10000006,21896,880,880,880,2000,1
2017-11-26,10000006,21902,1499.9,1499.9,1499.9,6000,2
2017-11-26,10000006,21904,941.06,941.06,941.06,1411,2
2017-11-26,10000006,21918,1500,1500,1500,1000,1
2017-11-26,10000006,21922,800,800,800,1140,1
2017-11-26,10000006,21924,688,688,688,1100,2
2017-11-26,10000006,22175,180000,180000,180000,1,1
2017-11-26,10000006,22177,280000,280000,280000,1,1
2017-11-26,10000006,22291,1641109.33,1641109.33,1641109.33,2,1
2017-11-26,10000006,22542,339997.91,339997.91,339997.91,3,1
2017-11-26,10000006,22778,179939.56,179939.56,179939.56,2,1
2017-11-26,10000006,22808,500000,500000,500000,1,1
2017-11-26,10000006,23009,849.84,849.84,849.84,3000,1
2017-11-26,10000006,23025,939.99,939.99,939.99,1000,1
2017-11-26,10000006,23061,3900000,3900000,3900000,85,7
2017-11-26,10000006,23527,687994.31,687994.31,687994.31,13,7
2017-11-26,10000006,23563,120000,120000,120000,12,3
2017-11-26,10000006,23705,160000,160000,160000,5,1
2017-11-26,10000006,23707,40833.33,30000,44999.99,18,4
2017-11-26,10000006,24242,19700000,19700000,19700000,1,1
2017-11-26,10000006,24348,2529000,2529000,2529000,100,3
2017-11-26,10000006,24395,750000,500000,1500000,4,4
2017-11-26,10000006,24417,2700222,2700222,2700222,1,1
2017-11-26,10000006,24427,2499099.67,2499099.67,2499099.67,3,2
2017-11-26,10000006,24438,1649999.98,1649999.98,1649999.98,1,1
2017-11-26,10000006,25235,150000,150000,150000,2,2
2017-11-26,10000006,25589,25,25,25,2,1
2017-11-26,10000006,25593,100,100,100,9,1
2017-11-26,10000006,25595,100,100,100,9,1
2017-11-26,10000006,25598,100,100,100,4,1
2017-11-26,10000006,25601,300,300,300,13,1
2017-11-26,10000006,25602,100,100,100,3,1
2017-11-26,10000006,25605,500,500,500,8,1
2017-11-26,10000006,25861,245000,245000,245000,8,3
2017-11-26,10000006,25948,6865076.17,6865076.17,6865076.17,3,2
2017-11-26,10000006,26088,14000000,14000000,14000000,1,1
2017-11-26,10000006,26253,1000000,1000000,1000000,1,1
2017-11-26,10000006,26374,88500000,88500000,88500000,2,1
2017-11-26,10000006,26929,450000,450000,450000,2,1
2017-11-26,10000006,27361,1399,1399,1399,1111,1
2017-11-26,10000006,28215,1450000,1450000,1450000,2,1
2017-11-26,10000006,28332,2000,2000,2000,1000,2
2017-11-26,10000006,28334,1499.99,1499.99,1499.99,1700,1
2017-11-26,10000006,28576,734999.99,29999.95,844999.99,12,5
2017-11-26,10000006,28578,1000000,1000000,1000000,2,1
2017-11-26,10000006,28668,29900,29900,29900,170,2
2017-11-26,10000006,28756,44000000,44000000,44000000,1,1
2017-11-26,10000006,29001,29111,29110.99,29111,6,5
2017-11-26,10000006,29005,24988,24988,24988,4,1
2017-11-26,10000006,29007,25000,25000,25000,1,1
2017-11-26,10000006,29009,34998,34998,34998,6,3
2017-11-26,10000006,29011,24959.12,24959.12,24959.13,12,3
2017-11-26,10000006,29248,2500000,2500000,2500000,1,1
2017-11-26,10000006,30013,15000,15000,15000,8,1
2017-11-26,10000006,30486,722660.34,722660.34,722660.34,40,3
2017-11-26,10000006,30488,721026.44,400800.27,767786.19,61,10
2017-11-26,10000006,30993,74000000,74000000,74000000,1,1
2017-11-26,10000006,31009,750000,750000,750000,1,1
2017-11-26,10000006,31055,1879665.78,1860000,1899331.55,6,2
2017-11-26,10000006,31105,463000,463000,463000,3,2
2017-11-26,10000006,31117,400000,400000,400000,8,4
2017-11-26,10000006,31119,1194000,1194000,1194000,6,2
2017-11-26,10000006,31153,489001.43,489001.43,489001.43,4,2
2017-11-26,10000006,31159,1140000,900000,1200000,5,3
2017-11-26,10000006,31276,2579999.98,2579999.98,2579999.98,1,1
2017-11-26,10000006,31322,600000,600000,600000,1,1
2017-11-26,10000006,31358,1000000,1000000,1000000,1,1
2017-11-26,10000006,31372,1110588.18,1080000,1599999,17,9
2017-11-26,10000006,31378,12991499.83,12989999.99,12998999,6,3
2017-11-26,10000006,31716,590000,590000,590000,1,1
2017-11-26,10000006,31718,497426.47,450000,544852.94,2,2
2017-11-26,10000006,31724,5888888,5888888,5888888,1,1
2017-11-26,10000006,31730,355000,300000,410000,2,2
2017-11-26,10000006,31754,350000,350000,350000,1,1
2017-11-26,10000006,31788,350000,350000,350000,2,1
2017-11-26,10000006,31790,2428133.34,2200000,2485166.67,5,3
2017-11-26,10000006,31796,25000000,25000000,25000000,3,2
2017-11-26,10000006,31864,2800000,2800000,2800000,5,1
2017-11-26,10000006,31888,1980000,1980000,1980000,30,5
2017-11-26,10000006,31890,3045646.83,3045646.83,3045646.83,16,3
2017-11-26,10000006,31892,2280000,2280000,2280000,251,33
2017-11-26,10000006,31894,4400000,4400000,4400000,1,1
2017-11-26,10000006,31942,80000000,80000000,80000000,1,1
2017-11-26,10000006,31982,49999.94,49999.94,49999.94,200,1
2017-11-26,10000006,31998,97999.88,97999.88,97999.88,442,2
2017-11-26,10000006,32006,147899.98,147899.98,147899.98,238,3
2017-11-26,10000006,32014,266960.91,200441.37,400000,30,2
2017-11-26,10000006,32780,2500000,2500000,2500000,1,1
2017-11-26,10000006,32787,49999.99,49999.99,49999.99,5,1
2017-11-26,10000006,33093,500000,500000,500000,1,1
2017-11-26,10000006,33094,500000,500000,500000,1,1
2017-11-26,10000006,33101,434200.48,434200.48,434200.48,3,3
2017-11-26,10000006,33475,11012104.86,10999999.99,11084734.04,14,8
2017-11-26,10000006,33520,25000000,25000000,25000000,2,2
2017-11-26,10000006,33681,99000000,99000000,99000000,1,1
2017-11-26,10000006,33824,2345595.64,2288888,2378000,11,10
2017-11-26,10000006,33830,55000000,55000000,55000000,1,1
2017-11-26,10000006,33894,6000000,6000000,6000000,6,2
2017-11-26,10000006,33915,480888,480888,480888,1,1
2017-11-26,10000006,34593,26999999.95,26999999.95,26999999.96,5,3
2017-11-26,10000006,35656,188888,188888,188888,2,2
2017-11-26,10000006,35657,380000,380000,380000,3,3
2017-11-26,10000006,35659,280000,280000,280000,3,3
2017-11-26,10000006,35662,523333.33,523333.33,523333.33,1,1
2017-11-26,10000006,40348,50000000,50000000,50000000,1,1
2017-11-26,10000006,40351,203500000,203500000,203500000,1,1
2017-11-26,10000006,40357,166000000,166000000,166000000,1,1
2017-11-26,10000006,40365,11000000,11000000,11000000,20,2
2017-11-26,10000006,40559,11400000,11400000,11400000,16,3
2017-11-26,10000006,41031,100000,100000,100000,2,1
2017-11-26,10000006,41489,317681.79,98900,499999.95,11,3
2017-11-26,10000006,44992,3000000,3000000,3000000,200,1
2017-11-26,10000006,46008,17699999.09,15000000,17999998.99,10,8
2017-11-26,10000007,19,2300,2300,2300,1718,1
2017-11-26,10000007,34,4.6,4.6,4.6,12062033,9
2017-11-26,10000007,35,0.1,0.1,0.1,1337361,2
2017-11-26,10000007,36,65.01,65.01,65.01,434722,5
2017-11-26,10000007,37,48,48,48,89386,7
2017-11-26,10000007,38,306,306,306,61789,6
2017-11-26,10000007,39,7.5,7.5,7.5,49029,4
2017-11-26,10000007,40,1200,1200,1200,38546,5
2017-11-26,10000007,199,199.98,199.98,199.98,5000,1
2017-11-26,10000007,205,175,175,175,16000,2
2017-11-26,10000007,206,34,34,34,4999,1
2017-11-26,10000007,444,100000,100000,100000,2,1
2017-11-26,10000007,482,1200000,1200000,1200000,2,2
2017-11-26,10000007,519,1600000,1600000,1600000,3,1
2017-11-26,10000007,605,900000,900000,900000,1,1
2017-11-26,10000007,654,3750000,3125000,5000000,3,3
2017-11-26,10000007,656,1533333.33,1300000,2000000,3,3
2017-11-26,10000007,657,2000000,2000000,2000000,1,1
2017-11-26,10000007,1223,20923.1,20923.1,20923.1,98,1
2017-11-26,10000007,1306,2500000,2500000,2500000,1,1
2017-11-26,10000007,1317,6000,6000,6000,1,1
2017-11-26,10000007,1319,1000000,1000000,1000000,4,1
2017-11-26,10000007,1978,1750000,1750000,1750000,3,1
2017-11-26,10000007,1999,1500000,1500000,1500000,2,1
2017-11-26,10000007,2048,600000,600000,600000,6,2
2017-11-26,10000007,2183,23000,23000,23000,10,1
2017-11-26,10000007,2254,800000,800000,800000,1,1
2017-11-26,10000007,2281,3230000,3230000,3230000,1,1
2017-11-26,10000007,2301,2200000.01,2200000.01,2200000.01,1,1
2017-11-26,10000007,2404,1600000,1600000,1600000,10,1
2017-11-26,10000007,2524,900000,800000,1000000,2,2
2017-11-26,10000007,2534,800000,800000,800000,1,1
2017-11-26,10000007,2550,1000000,1000000,1000000,1,1
2017-11-26,10000007,2567,2000000,2000000,2000000,24,2
2017-11-26,10000007,2605,380000,380000,380000,1,1
2017-11-26,10000007,3244,1800000,1800000,1800000,2,2
2017-11-26,10000007,3302,89000,89000,89000,1,1
2017-11-26,10000007,3305,145000,145000,145000,1,1
2017-11-26,10000007,3308,2850000,2850000,2850000,1,1
2017-11-26,10000007,3329,140000,140000,140000,1,1
2017-11-26,10000007,3333,490000,490000,490000,1,1
2017-11-26,10000007,3337,4000000,4000000,4000000,1,1
2017-11-26,10000007,3831,850000,850000,850000,1,1
2017-11-26,10000007,4051,20000,20000,20000,10000,1
2017-11-26,10000007,4246,22000,22000,22000,47897,3
2017-11-26,10000007,4258,3000000,3000000,3000000,1,1
2017-11-26,10000007,4260,3000000,3000000,3000000,1,1
2017-11-26,10000007,4383,1999999.99,1999999.99,1999999.99,1,1
2017-11-26,10000007,5302,150000,150000,150000,1,1
2017-11-26,10000007,5973,589166.67,525000,845833.33,5,5
2017-11-26,10000007,8117,105000,105000,105000,9,3
2017-11-26,10000007,9899,13000000,13000000,13000000,1,1
2017-11-26,10000007,9941,13000000,13000000,13000000,1,1
2017-11-26,10000007,9942,13000000,13000000,13000000,1,1
2017-11-26,10000007,9943,14000000,14000000,14000000,1,1
2017-11-26,10000007,10998,999999.01,999999.01,999999.01,3,1
2017-11-26,10000007,11370,2300000,2300000,2300000,1,1
2017-11-26,10000007,11377,42845000,42845000,42845000,2,2
2017-11-26,10000007,11563,240000,240000,240000,2,2
2017-11-26,10000007,11578,7060000,6950000,7500000,5,5
2017-11-26,10000007,11640,950000,950000,950000,4,1
2017-11-26,10000007,12032,41800000,41800000,41800000,1,1
2017-11-26,10000007,12199,4000000,4000000,4000000,2,1
2017-11-26,10000007,12206,3000000,3000000,3000000,1,1
2017-11-26,10000007,12785,1500,1500,1500,3000,1
2017-11-26,10000007,12789,1500,1500,1500,3000,1
2017-11-26,10000007,16272,600,600,600,2500,2
2017-11-26,10000007,16273,140,140,190,10909,19
2017-11-26,10000007,16274,805,805,805,26000,3
2017-11-26,10000007,16278,1900000,1900000,1900000,4,1
2017-11-26,10000007,17476,27520000,27520000,27520000,1,1
2017-11-26,10000007,17480,18500000,18000000,19000000,2,2
2017-11-26,10000007,17482,2000000,2000000,2000000,4,1
2017-11-26,10000007,17843,75000000,75000000,75000000,1,1
2017-11-26,10000007,17887,1299,1299,1299,395527,8
2017-11-26,10000007,17889,869,869,869,25000,3
2017-11-26,10000007,17938,3000000,3000000,3000000,1,1
2017-11-26,10000007,18064,110000,110000,110000,2,1
2017-11-26,10000007,18639,120000,120000,120000,2,2
2017-11-26,10000007,19814,50000,50000,50000,5,2
2017-11-26,10000007,21059,290000,290000,290000,1,1
2017-11-26,10000007,21603,10000000,10000000,10000000,1,1
2017-11-26,10000007,21640,1000000,1000000,1000000,4,1
2017-11-26,10000007,22242,90000000,90000000,90000000,1,1
2017-11-26,10000007,22291,1250000,1250000,1250000,16,6
2017-11-26,10000007,22548,303333333.33,290000000,330000000,3,2
2017-11-26,10000007,23061,3000000,3000000,3000000,10,1
2017-11-26,10000007,23563,76000,60000,100000,5,2
2017-11-26,10000007,24492,999.99,999.99,999.99,30000,2
2017-11-26,10000007,24531,700,700,700,10000,1
2017-11-26,10000007,24533,850,850,850,58000,3
2017-11-26,10000007,24702,46000000,46000000,46000000,1,1
2017-11-26,10000007,25715,1200000,1200000,1200000,5,1
2017-11-26,10000007,25861,113047.62,99142.86,120000,6,2
2017-11-26,10000007,27345,2577,2577,2577,1000,1
2017-11-26,10000007,27351,2443,2443,2443,967,3
2017-11-26,10000007,27359,2785,2785,2785,2000,1
2017-11-26,10000007,28215,2000000,1999999.99,2000000,5,2
2017-11-26,10000007,28668,29250,29250,29250,161,2
2017-11-26,10000007,28756,40000000,40000000,40000000,1,1
2017-11-26,10000007,30013,20000,20000,20000,32,4
2017-11-26,10000007,30028,60000,60000,60000,16,2
2017-11-26,10000007,30486,572222.22,550000,600000,18,2
2017-11-26,10000007,30488,965806.45,940000,990000,31,3
2017-11-26,10000007,30836,3400000,3400000,3400000,8,1
2017-11-26,10000007,31586,678000,678000,678000,1,1
2017-11-26,10000007,31620,445000,445000,445000,1,1
2017-11-26,10000007,31790,2300000,2300000,2300000,2,1
2017-11-26,10000007,31796,22000000,22000000,22000000,1,1
2017-11-26,10000007,31802,2300000,2300000,2300000,1,1
2017-11-26,10000007,31892,4314929.82,4000000,5889578.93,12,3
2017-11-26,10000007,31894,4999999.99,4999999.99,4999999.99,1,1
2017-11-26,10000007,31928,11500000,11500000,11500000,1,1
2017-11-26,10000007,32787,33000,33000,33000,5,1
2017-11-26,10000007,32880,342777.67,300000,666666,6,6
2017-11-26,10000007,33094,130000,130000,130000,1,1
2017-11-26,10000007,33098,1390000,1390000,1390000,1,1
2017-11-26,10000007,33475,10985294.12,9999999.99,11000000,17,9
2017-11-26,10000007,33848,105000000,105000000,105000000,2,1
2017-11-26,10000007,40357,170000000,170000000,170000000,2,1
2017-11-26,10000007,40559,11500000,11500000,11500000,13,2
2017-11-26,10000007,46008,10000000,9000000,10500000,9,2
2017-11-26,10000008,34,1.16,1.16,1.16,1,1
2017-11-26,10000008,39,400,400,400,54,1
2017-11-26,10000008,180,8,8,8,8010,3
2017-11-26,10000008,203,175,175,175,10500,3
2017-11-26,10000008,205,150,150,150,3400,1
2017-11-26,10000008,209,45,45,45,10000,1
2017-11-26,10000008,210,10,10,10,400,1
2017-11-26,10000008,212,20,20,20,800,2
2017-11-26,10000008,213,10,10,10,400,1
2017-11-26,10000008,519,1100000,1100000,1100000,10,4
2017-11-26,10000008,527,1200000,1200000,1200000,1,1
2017-11-26,10000008,621,5000000.01,5000000.01,5000000.01,1,1
2017-11-26,10000008,656,1100000,1100000,1100000,1,1
2017-11-26,10000008,1952,1999999,1999999,1999999,1,1
2017-11-26,10000008,1969,2000000,2000000,2000000,3,1
2017-11-26,10000008,1978,1600000,1600000,1600000,1,1
2017-11-26,10000008,1999,1000000,1000000,1000000,3,3
2017-11-26,10000008,2024,1200000,1200000,1200000,2,2
2017-11-26,10000008,2048,600000,600000,600000,5,5
2017-11-26,10000008,2281,2730736.93,2730736.93,2730736.93,8,6
2017-11-26,10000008,2301,2000000,2000000,2000000,1,1
2017-11-26,10000008,2476,599999,599999,599999,6,1
2017-11-26,10000008,2478,2200000,2200000,2200000,1,1
2017-11-26,10000008,2488,445500,432000,450000,20,3
2017-11-26,10000008,2510,350,350,350,108,1
2017-11-26,10000008,2605,500000,500000,500000,1,1
2017-11-26,10000008,2889,1499999,1499999,1499999,6,3
2017-11-26,10000008,2913,1900000,1900000,1900000,4,1
2017-11-26,10000008,2969,2033333.33,2000000,2100000,9,3
2017-11-26,10000008,2998,59000000,59000000,59000000,1,1
2017-11-26,10000008,3244,1390000,1390000,1390000,2,2
2017-11-26,10000008,3265,2000000,2000000,2000000,1,1
2017-11-26,10000008,3841,1450000,1450000,1450000,7,5
2017-11-26,10000008,4025,299999,299999,299999,1,1
2017-11-26,10000008,4292,95000000,95000000,95000000,1,1
2017-11-26,10000008,4395,800000,800000,800000,2,1
2017-11-26,10000008,4405,1200000,1200000,1200000,9,3
2017-11-26,10000008,5322,14828,14828,14828,1,1
2017-11-26,10000008,5955,180000,180000,180000,4,1
2017-11-26,10000008,6160,100000,100000,100000,1,1
2017-11-26,10000008,9497,500000,500000,500000,7,1
2017-11-26,10000008,9941,11000000,11000000,11000000,2,2
2017-11-26,10000008,9943,11000000,11000000,11000000,1,1
2017-11-26,10000008,9950,3000000,3000000,3000000,6,2
2017-11-26,10000008,10212,22000000,22000000,22000000,1,1
2017-11-26,10000008,10216,22000000,22000000,22000000,1,1
2017-11-26,10000008,10221,22000000,22000000,22000000,1,1
2017-11-26,10000008,10225,400000,400000,400000,1,1
2017-11-26,10000008,10246,5272.73,5000,5500,11,2
2017-11-26,10000008,10631,1300000,1300000,1300000,2,1
2017-11-26,10000008,11084,2000000,2000000,2000000,1,1
2017-11-26,10000008,11196,30000000,30000000,30000000,1,1
2017-11-26,10000008,11269,850000,850000,850000,4,3
2017-11-26,10000008,11289,5000,5000,5000,16,1
2017-11-26,10000008,11646,1700000,1700000,1700000,1,1
2017-11-26,10000008,12076,9450000,9450000,9450000,2,2
2017-11-26,10000008,12267,4200000,4200000,4200000,5,3
2017-11-26,10000008,15479,3500000,3500000,3500000,2,1
2017-11-26,10000008,15510,39999,39999,39999,10,1
2017-11-26,10000008,16273,57,57,57,2250,2
2017-11-26,10000008,16275,2490,2490,2490,150,2
2017-11-26,10000008,16591,35000000,35000000,35000000,2,1
2017-11-26,10000008,17720,170000000,170000000,170000000,2,2
2017-11-26,10000008,17738,530000000,530000000,530000000,1,1
2017-11-26,10000008,17843,65000000,65000000,65000000,1,1
2017-11-26,10000008,17887,3000,3000,3000,8000,3
2017-11-26,10000008,17888,800,800,800,30000,1
2017-11-26,10000008,17938,6000,6000,6000,1,1
2017-11-26,10000008,20066,95000000,95000000,95000000,1,1
2017-11-26,10000008,21096,3399999.9,2599999,3500000.01,9,5
2017-11-26,10000008,21640,1499999,1499999,1499999,5,1
2017-11-26,10000008,21894,1250,1250,1250,16294,1
2017-11-26,10000008,21904,800,800,800,1000,1
2017-11-26,10000008,21922,800,800,800,480,1
2017-11-26,10000008,22175,1500000,1500000,1500000,1,1
2017-11-26,10000008,22291,2499999,2499999,2499999,2,1
2017-11-26,10000008,22456,65000000,65000000,65000000,1,1
2017-11-26,10000008,23527,350000,350000,350000,1,1
2017-11-26,10000008,24348,1577777.78,1500000,1616666.67,3,3
2017-11-26,10000008,25861,150000,150000,150000,8,1
2017-11-26,10000008,25892,7000000,7000000,7000000,1,1
2017-11-26,10000008,25894,12000000,12000000,12000000,2,1
2017-11-26,10000008,27435,1200,1200,1200,1500,1
2017-11-26,10000008,27447,1300,1300,1300,1500,1
2017-11-26,10000008,27916,1200000,1200000,1200000,2,1
2017-11-26,10000008,27922,799999.99,799999.99,799999.99,2,1
2017-11-26,10000008,28576,1250000,1250000,1250000,3,1
2017-11-26,10000008,28668,27000,27000,27000,775,3
2017-11-26,10000008,28999,20000,20000,20000,3,2
2017-11-26,10000008,29001,20000,20000,20000,1,1
2017-11-26,10000008,29005,20000,20000,20000,1,1
2017-11-26,10000008,29007,20000,20000,20000,2,2
2017-11-26,10000008,29009,20000,20000,20000,4,2
2017-11-26,10000008,29011,20000,20000,20000,4,2
2017-11-26,10000008,29013,20000,20000,20000,3,1
2017-11-26,10000008,29015,20000,20000,20000,3,2
2017-11-26,10000008,29248,5000000,5000000,5000000,1,1
2017-11-26,10000008,30987,350000,350000,350000,1,1
2017-11-26,10000008,30999,1300000,1300000,1300000,1,1
2017-11-26,10000008,31009,333000,333000,333000,1,1
2017-11-26,10000008,31023,1800000,1800000,1800000,1,1
2017-11-26,10000008,31041,25000000,25000000,25000000,1,1
2017-11-26,10000008,31167,18000000,18000000,18000000,1,1
2017-11-26,10000008,31358,2000000,2000000,2000000,1,1
2017-11-26,10000008,31372,2000000,2000000,2000000,2,1
2017-11-26,10000008,31724,4499999,4499998.99,4499999,2,2
2017-11-26,10000008,31730,350000,350000,350000,1,1
2017-11-26,10000008,31758,1800000,1800000,1800000,1,1
2017-11-26,10000008,31788,380000,380000,380000,1,1
2017-11-26,10000008,31790,2200000,2200000,2200000,11,4
2017-11-26,10000008,31870,4000000,4000000,4000000,4,1
2017-11-26,10000008,31884,2899999,2899999,2899999,4,1
2017-11-26,10000008,31892,2892307.69,2800000,3100000,52,8
2017-11-26,10000008,31932,48000000,48000000,48000000,2,1
2017-11-26,10000008,32787,47500,47500,47500,1,1
2017-11-26,10000008,32819,3000000,3000000,3000000,2,1
2017-11-26,10000008,33101,449999.99,449999.99,449999.99,1,1
2017-11-26,10000008,33475,10875000,9500000,15000000,4,4
2017-11-26,10000008,33824,1500000,1500000,1500000,6,3
2017-11-26,10000008,35658,40000,40000,40000,1,1
2017-11-26,10000008,35660,25000,25000,25000,1,1
2017-11-26,10000008,35662,444000,444000,444000,1,1
2017-11-26,10000008,36910,7000000,7000000,7000000,2,1
2017-11-26,10000008,37306,220000000,220000000,220000000,3,1
2017-11-26,10000008,41155,20000,20000,20000,3,1
2017-11-26,10000008,46008,9999999,9999999,9999999,1,1
2017-11-26,10000009,34,3.65,3.65,3.65,141941667,6
2017-11-26,10000009,35,0.6,0.6,0.6,32996664,4
2017-11-26,10000009,36,13.07,13.07,13.07,2390142,6
2017-11-26,10000009,37,0.3,0.3,0.3,1962171,6
2017-11-26,10000009,38,33,33,33,465948,6
2017-11-26,10000009,39,795.89,795.89,795.89,387349,6
2017-11-26,10000009,40,1050,1050,1050,6431,5
2017-11-26,10000009,394,999999,999999,999999,1,1
2017-11-26,10000009,434,144999,144999,144999,1,1
2017-11-26,10000009,440,4499999,4499999,4499999,1,1
2017-11-26,10000009,448,1862499.25,1799999,2050000,4,4
2017-11-26,10000009,519,1242499.85,1209999.69,1275000,2,2
2017-11-26,10000009,526,96059.6,96059.6,96059.6,1,1
2017-11-26,10000009,527,1315449.96,1125749.93,1600000,5,3
2017-11-26,10000009,584,500000,500000,500000,1,1
2017-11-26,10000009,599,1250000,1250000,1250000,3,1
2017-11-26,10000009,621,5362500,3000000,7725000,2,2
2017-11-26,10000009,626,6144000,6144000,6144000,1,1
2017-11-26,10000009,638,155000000,155000000,155000000,1,1
2017-11-26,10000009,648,2597855.56,2495711.11,2700000,2,2
2017-11-26,10000009,654,5000000,5000000,5000000,1,1
2017-11-26,10000009,656,1500000,1500000,1500000,1,1
2017-11-26,10000009,657,5000000,5000000,5000000,1,1
2017-11-26,10000009,1236,810000,620000,1000000,4,2
2017-11-26,10000009,1248,1399994.99,1399994.99,1399995,6,2
2017-11-26,10000009,1256,1199999,1199999,1199999,1,1
2017-11-26,10000009,1317,498999.88,498999.88,498999.88,15,5
2017-11-26,10000009,1319,856113.65,725000,999999.99,44,18
2017-11-26,10000009,1335,328000,328000,328000,2,1
2017-11-26,10000009,1355,750000,750000,750000,2,1
2017-11-26,10000009,1405,771205.71,669888.61,774878.88,27,11
2017-11-26,10000009,1422,1299999,1299999,1299999,1,1
2017-11-26,10000009,1541,1199500,1199500,1199500,1,1
2017-11-26,10000009,1877,1755555.61,1700000,1800000.09,9,2
2017-11-26,10000009,1952,1367222.12,1300000.08,1432999.5,9,7
2017-11-26,10000009,1978,1575000,1575000,1575000,1,1
2017-11-26,10000009,1987,1125000,1050000,1200000,4,3
2017-11-26,10000009,2032,799999,799999,799999,7,2
2017-11-26,10000009,2048,710075.01,663433.32,850000.09,8,8
2017-11-26,10000009,2175,1399999,1399999,1399999,10,1
2017-11-26,10000009,2185,1012916.67,995500,1100000,30,3
2017-11-26,10000009,2205,556818.23,504999.99,600000.09,11,3
2017-11-26,10000009,2254,476923.08,476923.08,476923.08,1,1
2017-11-26,10000009,2281,3097755.5,2995511,3200000,2,2
2017-11-26,10000009,2299,2999999,2999999,2999999,1,1
2017-11-26,10000009,2301,2599998.98,2599998.96,2599998.99,2,2
2017-11-26,10000009,2393,50,50,50,17390,1
2017-11-26,10000009,2404,1576737.58,1576737.58,1576737.58,5,2
2017-11-26,10000009,2436,2750000.09,2750000.09,2750000.09,5,1
2017-11-26,10000009,2446,2383333.33,1850000,2650000,15,2
2017-11-26,10000009,2466,530000,500000,550000,25,3
2017-11-26,10000009,2478,2446425.89,2000000,2799995,28,4
2017-11-26,10000009,2488,633560.8,550000,700555,53,8
2017-11-26,10000009,2495,1995005.24,1995005.24,1995005.24,1,1
2017-11-26,10000009,2524,500000,500000,500000,2,1
2017-11-26,10000009,2525,295250,90500,500000,2,2
2017-11-26,10000009,2534,3500000,500000,5000000,3,2
2017-11-26,10000009,2549,500000,500000,500000,1,1
2017-11-26,10000009,2550,500000,500000,500000,1,1
2017-11-26,10000009,2551,500000,500000,500000,1,1
2017-11-26,10000009,2605,404333,365000,541000,6,6
2017-11-26,10000009,2613,200,200,200,1000,1
2017-11-26,10000009,2679,299,299,299,30000,1
2017-11-26,10000009,2881,599999,599999,599999,7,1
2017-11-26,10000009,2889,1000000,1000000,1000000,8,2
2017-11-26,10000009,2913,2300000,2300000,2300000,3,1
2017-11-26,10000009,2961,7200000,7200000,7200000,6,1
2017-11-26,10000009,3074,1200000,1200000,1200000,5,1
2017-11-26,10000009,3082,2000000,2000000,2000000,3,1
2017-11-26,10000009,3244,1707499.49,1499999,1900000,12,10
2017-11-26,10000009,3256,8000000,8000000,8000000,3,3
2017-11-26,10000009,3265,7500000,7500000,7500000,3,2
2017-11-26,10000009,3568,1250000,1250000,1250000,1,1
2017-11-26,10000009,3578,2999999,2999999,2999999,2,1
2017-11-26,10000009,3831,1044444.44,850000,1200000,9,7
2017-11-26,10000009,3841,1500000.08,1500000.08,1500000.08,3,2
2017-11-26,10000009,3888,1299998.99,1299998.99,1299998.99,2,2
2017-11-26,10000009,3898,20000000,20000000,20000000,1,1
2017-11-26,10000009,3995,4999999.43,4999998.85,5000000,2,2
2017-11-26,10000009,4246,22000,22000,22000,16730,5
2017-11-26,10000009,4254,1250000,1250000,1250000,1,1
2017-11-26,10000009,4383,2009999,2009999,2009999,1,1
2017-11-26,10000009,4403,550124.99,550124.99,550124.99,1,1
2017-11-26,10000009,4405,1999999,1999999,1999999,4,2
2017-11-26,10000009,5320,35000,35000,35000,2,1
2017-11-26,10000009,5405,150000,150000,150000,1,1
2017-11-26,10000009,5839,1990000.04,1990000.04,1990000.04,3,3
2017-11-26,10000009,5971,275000.05,250000,287500.07,6,5
2017-11-26,10000009,5973,410030.59,350000.09,470061.09,4,4
2017-11-26,10000009,5975,149999,149999,149999,1,1
2017-11-26,10000009,6325,200000,200000,200000,1,1
2017-11-26,10000009,7367,1900000,1900000,1900000,6,1
2017-11-26,10000009,8117,435714.3,435714.3,435714.3,7,3
2017-11-26,10000009,8517,3199999.5,3000000,3399999,2,2
2017-11-26,10000009,8521,403906.2,403906.2,403906.2,2,1
2017-11-26,10000009,8529,250000,250000,250000,2,2
2017-11-26,10000009,9491,5183566.2,4999999,5299999,11,4
2017-11-26,10000009,9632,250000,250000,250000,1,1
2017-11-26,10000009,9899,12333332.99,10999999,12999999.99,3,3
2017-11-26,10000009,9941,12344225.84,11032677.55,12999999.99,3,2
2017-11-26,10000009,9942,12658365.99,11633464,12999999.99,4,4
2017-11-26,10000009,9943,11999995,10999990,12999999.99,6,4
2017-11-26,10000009,10190,950000,950000,950000,2,1
2017-11-26,10000009,10208,22999999,22999999,22999999,3,2
2017-11-26,10000009,10212,21999998.97,21999998.97,21999998.97,3,2
2017-11-26,10000009,10216,22799995.56,21999992.6,23999999.99,5,4
2017-11-26,10000009,10221,24000000,24000000,24000000,1,1
2017-11-26,10000009,10225,21999995.52,21999995.52,21999995.52,1,1
2017-11-26,10000009,10246,417272.73,90000,450000,22,2
2017-11-26,10000009,10858,1749999,1749999,1749999,3,3
2017-11-26,10000009,10998,67857.14,50000,75000,7,3
2017-11-26,10000009,11176,40833333.33,37500000,42500000,3,3
2017-11-26,10000009,11178,25000000,25000000,25000000,1,1
2017-11-26,10000009,11196,38999999,38999999,38999999,1,1
2017-11-26,10000009,11202,25000000,25000000,25000000,3,3
2017-11-26,10000009,11285,4266.25,4266.25,4266.25,60,2
2017-11-26,10000009,11287,2299.99,2299.99,2299.99,100,1
2017-11-26,10000009,11289,1999.99,1999.99,1999.99,2000,1
2017-11-26,10000009,11370,2266666.7,2000000,2600000.08,9,8
2017-11-26,10000009,11563,400000,400000,400000,1,1
2017-11-26,10000009,11577,5200000,5200000,5200000,1,1
2017-11-26,10000009,11578,7700000.05,7400000.09,8000000,6,4
2017-11-26,10000009,11640,1616563.75,1299999,2000000,7,6
2017-11-26,10000009,11644,1699960.98,1500000,1899921.95,2,2
2017-11-26,10000009,11646,1943051.02,1943051.02,1943051.02,2,1
2017-11-26,10000009,11648,1950000,1950000,1950000,1,1
2017-11-26,10000009,11963,340000000,340000000,340000000,1,1
2017-11-26,10000009,12034,40000000,40000000,40000000,3,3
2017-11-26,10000009,12068,6499999,6499999,6499999,1,1
2017-11-26,10000009,12198,1685000,1685000,1685000,1,1
2017-11-26,10000009,12365,1620000.24,1620000.24,1620000.24,1,1
2017-11-26,10000009,12625,102.66,102.66,102.66,1000,1
2017-11-26,10000009,12767,449,449,449,18500,10
2017-11-26,10000009,12771,400,400,400,9000,7
2017-11-26,10000009,12773,200,200,200,1500,1
2017-11-26,10000009,12779,1200,1200,1200,1000,1
2017-11-26,10000009,12789,149.99,149.99,149.99,3000,1
2017-11-26,10000009,12805,180,180,180,1000,1
2017-11-26,10000009,13261,28000000,28000000,28000000,3,3
2017-11-26,10000009,13320,80118,80118,80118,5,1
2017-11-26,10000009,16236,1000000,1000000,1000000,1,1
2017-11-26,10000009,16240,1000000,1000000,1000000,1,1
2017-11-26,10000009,16242,834999.99,834999.99,834999.99,1,1
2017-11-26,10000009,16272,140,140,140,520557,6
2017-11-26,10000009,16273,40,24,70,121804,85
2017-11-26,10000009,16274,700,700,700,63000,3
2017-11-26,10000009,16275,3500,3500,3947.83,9390,19
2017-11-26,10000009,16301,300000,300000,300000,20,2
2017-11-26,10000009,16303,1000000.08,1000000.08,1000000.08,12,2
2017-11-26,10000009,16515,80118,80118,80118,1,1
2017-11-26,10000009,17480,15250000,12000000,18500000,2,2
2017-11-26,10000009,17482,2200000,2200000,2200000,4,2
2017-11-26,10000009,17887,1150,1150,1150,774323,19
2017-11-26,10000009,17888,700,700,700,461856,15
2017-11-26,10000009,17889,700,700,700,1091000,22
2017-11-26,10000009,17912,4750000,4750000,4750000,6,1
2017-11-26,10000009,17938,148000,148000,148000,1,1
2017-11-26,10000009,18036,499000,499000,499000,8,1
2017-11-26,10000009,18044,475000,475000,475000,8,1
2017-11-26,10000009,18064,499000,499000,499000,4,1
2017-11-26,10000009,18068,2500000,2500000,2500000,2,1
2017-11-26,10000009,18590,724999,724999,724999,2,1
2017-11-26,10000009,18608,900000.08,900000.08,900000.08,8,1
2017-11-26,10000009,18626,340000,340000,340000,30,1
2017-11-26,10000009,19191,299999999,299999999,299999999,1,1
2017-11-26,10000009,20211,6500000,6500000,6500000,1,1
2017-11-26,10000009,20351,2600000,2600000,2600000,2,1
2017-11-26,10000009,20741,5750,5750,5750,3000,1
2017-11-26,10000009,21096,2608641.5,2000000,3500000.01,40,30
2017-11-26,10000009,21638,1181451,1150536,1200000,8,2
2017-11-26,10000009,21640,1300000,1300000,1300000,5,1
2017-11-26,10000009,21896,825,825,825,22500,9
2017-11-26,10000009,21902,1638,1638,1638,1000,1
2017-11-26,10000009,21904,825,825,825,13500,6
2017-11-26,10000009,22043,38500000.24,38500000.24,38500000.24,1,1
2017-11-26,10000009,22175,300000,300000,300000,1,1
2017-11-26,10000009,22177,300000,300000,300000,1,1
2017-11-26,10000009,22291,1405700.39,1299998.95,1600000,21,12
2017-11-26,10000009,22456,80000000,80000000,80000000,2,2
2017-11-26,10000009,22542,75000,75000,75000,13,3
2017-11-26,10000009,22576,30000,30000,30000,1,1
2017-11-26,10000009,22578,2450000.24,2450000.24,2450000.24,4,2
2017-11-26,10000009,22778,165000,165000,165000,67,3
2017-11-26,10000009,23009,700,700,700,800,1
2017-11-26,10000009,23019,625,625,625,500,1
2017-11-26,10000009,23025,600,600,600,18222,4
2017-11-26,10000009,23055,2200000,2200000,2200000,59,2
2017-11-26,10000009,23707,21464.29,15000,37500,14,3
2017-11-26,10000009,24417,1993099.5,1786199,2200000,2,2
2017-11-26,10000009,24427,1999999,1999999,1999999,6,4
2017-11-26,10000009,24443,1100000,1100000,1100000,1,1
2017-11-26,10000009,24445,110000,110000,110000,1,1
2017-11-26,10000009,24492,254.1,254.1,254.1,12328,1
2017-11-26,10000009,24495,300,300,300,522,1
2017-11-26,10000009,24497,288,288,288,800,1
2017-11-26,10000009,24533,999.99,999.99,999.99,16000,2
2017-11-26,10000009,24688,179998989.99,179998989.99,179998989.99,1,1
2017-11-26,10000009,25599,1500,1500,1500,360,2
2017-11-26,10000009,25894,16000000,16000000,16000000,2,1
2017-11-26,10000009,25956,28000000.09,28000000.09,28000000.09,1,1
2017-11-26,10000009,26076,1499999,1499999,1499999,1,1
2017-11-26,10000009,26088,9999999,9999999,9999999,3,1
2017-11-26,10000009,26929,314998.98,314998.45,314999.5,2,2
2017-11-26,10000009,27127,910000,900000,1000000,10,10
2017-11-26,10000009,27345,3000,3000,3000,100,1
2017-11-26,10000009,27351,3500,3500,3500,200,1
2017-11-26,10000009,27359,3200.09,3200.09,3200.09,9874,2
2017-11-26,10000009,27361,1200,1200,1200,3000,3
2017-11-26,10000009,27381,1074,1074,1074,2500,2
2017-11-26,10000009,27387,1100,1100,1100,2100,4
2017-11-26,10000009,27423,2100,2100,2100,5000,2
2017-11-26,10000009,27918,1500000,1500000,1500000,1,1
2017-11-26,10000009,28209,1200000,1200000,1200000,3,2
2017-11-26,10000009,28211,1000000.09,1000000.09,1000000.09,3,2
2017-11-26,10000009,28215,990000,990000,990000,5,1
2017-11-26,10000009,28668,26000,26000,26000,1901,5
2017-11-26,10000009,28756,35537499.17,34224999,36849999.33,2,2
2017-11-26,10000009,29007,29999,29999,29999,70,1
2017-11-26,10000009,29009,23571,14999,30000,7,6
2017-11-26,10000009,29011,57499.88,50000,100000,8,4
2017-11-26,10000009,29266,1299999.87,1299999.87,1299999.87,2,1
2017-11-26,10000009,30013,18500.75,18500.75,18500.75,50,2
2017-11-26,10000009,30028,149000,149000,149000,28,2
2017-11-26,10000009,30486,650000,650000,650000,8,1
2017-11-26,10000009,30488,560333.33,505000,588000,24,3
2017-11-26,10000009,30545,9500000.24,9500000.24,9500000.24,1,1
2017-11-26,10000009,30547,9500000.24,9500000.24,9500000.24,1,1
2017-11-26,10000009,30551,9500000.24,9500000.24,9500000.24,1,1
2017-11-26,10000009,30554,9500000.24,9500000.24,9500000.24,1,1
2017-11-26,10000009,31059,21500000,21500000,21500000,4,1
2017-11-26,10000009,31119,2300000.04,2300000,2300000.08,6,2
2017-11-26,10000009,31153,252400,252400,252400,1,1
2017-11-26,10000009,31159,700072.1,699999,700181.76,5,3
2017-11-26,10000009,31161,2000000,2000000,2000000,1,1
2017-11-26,10000009,31165,8000000.08,8000000.08,8000000.08,1,1
2017-11-26,10000009,31177,569998.99,569998.99,569998.99,2,1
2017-11-26,10000009,31183,5047677.87,5047677.87,5047677.87,1,1
2017-11-26,10000009,31213,450000,450000,450000,1,1
2017-11-26,10000009,31358,1200000,1200000,1200000,1,1
2017-11-26,10000009,31366,38000000,38000000,38000000,2,1
2017-11-26,10000009,31598,500000.09,500000.09,500000.09,2,1
2017-11-26,10000009,31620,800000.09,800000.09,800000.09,2,1
2017-11-26,10000009,31716,199999,199999,199999,1,1
2017-11-26,10000009,31790,2260876.07,1796983.57,2499998.7,6,4
2017-11-26,10000009,31796,24500000,24000000,25000000,8,3
2017-11-26,10000009,31884,2500000,2500000,2500000,3,1
2017-11-26,10000009,31890,2985000,2985000,2985000,4,1
2017-11-26,10000009,31894,2966665,2700000,3499995,6,2
2017-11-26,10000009,31900,47480000,47450000,47500000,5,3
2017-11-26,10000009,31930,39999999.99,39999999.99,39999999.99,2,1
2017-11-26,10000009,31932,39999999,39999999,39999999,1,1
2017-11-26,10000009,32006,78000,78000,78000,20,1
2017-11-26,10000009,32787,33333,33333,33333,5,1
2017-11-26,10000009,33101,325000,325000,325000,1,1
2017-11-26,10000009,33176,406250,375000,500000,4,3
2017-11-26,10000009,33178,406250,375000,500000,4,3
2017-11-26,10000009,33180,500000,500000,500000,3,2
2017-11-26,10000009,33270,1100000,1100000,1100000,1,1
2017-11-26,10000009,33475,11500000,11500000,11500000,1,1
2017-11-26,10000009,33890,1450000,1450000,1450000,3,1
2017-11-26,10000009,33915,407999,407999,407999,1,1
2017-11-26,10000009,34593,17999999.98,17999999.98,17999999.98,1,1
2017-11-26,10000009,34595,200000000,200000000,200000000,1,1
2017-11-26,10000009,35658,100000,100000,100000,4,4
2017-11-26,10000009,35659,33500,30000,37000,2,2
2017-11-26,10000009,35660,299999,299999,299999,1,1
2017-11-26,10000009,35661,600000,600000,600000,1,1
2017-11-26,10000009,35662,590898,590898,590898,3,3
2017-11-26,10000009,35771,1483333.33,1449999.99,1500000,3,3
2017-11-26,10000009,35790,1400000,1400000,1400000,5,2
2017-11-26,10000009,35794,21666.67,20000,30000,6,4
2017-11-26,10000009,35795,25625,25000,30000,8,4
2017-11-26,10000009,36910,7725000,7700000,7750000,2,2
2017-11-26,10000009,40346,9799999.99,9799999.99,9799999.99,3,1
2017-11-26,10000009,40355,41999999,41999999,41999999,1,1
2017-11-26,10000009,40556,7000000,7000000,7000000,38,1
2017-11-26,10000009,40559,12500000,12500000,12500000,8,2
2017-11-26,10000009,40564,33232712.17,33232712.17,33232712.17,2,1
2017-11-26,10000009,41031,100000,100000,100000,2,1
2017-11-26,10000009,41155,30000,30000,30000,1,1
2017-11-26,10000009,41218,50000000.04,50000000.04,50000000.04,1,1
2017-11-26,10000009,41314,3000,3000,3000,5000,2
2017-11-26,10000009,41486,27999999,27999999,27999999,1,1
2017-11-26,10000009,41489,70000,69999.99,70000,62,4
2017-11-26,10000009,41490,1049999.99,1049999.99,1049999.99,770,21
2017-11-26,10000009,41505,135000000,135000000,135000000,1,1
2017-11-26,10000009,42244,35000000,35000000,35000000,1,1
2017-11-26,10000009,42696,2360,2360,2360,600,1
2017-11-26,10000009,43555,3799999,3799999,3799999,1,1
2017-11-26,10000009,44992,2437002.78,2437002.78,2437002.78,500,1
2017-11-26,10000009,46008,20000000,20000000,20000000,3,3
2017-11-26,10000009,46153,20000000,20000000,20000000,1,1
2017-11-26,10000009,46156,40000000,40000000,40000000,1,1
2017-11-26,10000009,46356,1000000,1000000,1000000,2,1
2017-11-26,10000009,46366,1000000,1000000,1000000,2,1
2017-11-26,10000009,46367,1000000,1000000,1000000,4,1
2017-11-26,10000009,46368,1000000,1000000,1000000,2,1
2017-11-26,10000009,46369,450000,450000,450000,2,1
2017-11-26,10000009,46370,1800000,1800000,1800000,2,1
2017-11-26,10000009,46371,333333.33,200000,400000,3,2
2017-11-26,10000009,46372,1500000,1500000,1500000,2,1
2017-11-26,10000010,34,5.03,5.03,5.03,88612071,16
2017-11-26,10000010,35,5.25,5.25,5.25,21763380,18
2017-11-26,10000010,36,66.75,66.75,66.75,7709975,16
2017-11-26,10000010,37,46.69,46.69,46.69,1141286,15
2017-11-26,10000010,38,337.21,337.21,337.21,439886,17
2017-11-26,10000010,39,1005.53,1005.53,1005.53,119402,14
2017-11-26,10000010,40,1153.19,1153.19,1153.19,55033,16
2017-11-26,10000010,434,100000,100000,100000,2,2
2017-11-26,10000010,438,2200000,2200000,2200000,1,1
2017-11-26,10000010,448,1800000,1800000,1800000,1,1
2017-11-26,10000010,585,750000,750000,750000,1,1
2017-11-26,10000010,602,1200000,1200000,1200000,1,1
2017-11-26,10000010,627,10500000,10500000,10500000,1,1
2017-11-26,10000010,648,2000000,2000000,2000000,2,2
2017-11-26,10000010,649,4000000,4000000,4000000,1,1
2017-11-26,10000010,657,2546296.3,2500000,2638888.89,3,3
2017-11-26,10000010,1877,1100000,1100000,1100000,1,1
2017-11-26,10000010,1973,25000,25000,25000,2,1
2017-11-26,10000010,2185,800000,800000,800000,6,1
2017-11-26,10000010,2410,900000,900000,900000,1,1
2017-11-26,10000010,2488,415000,415000,415000,7,1
2017-11-26,10000010,2524,999999,999999,999999,1,1
2017-11-26,10000010,2533,999999,999999,999999,1,1
2017-11-26,10000010,2550,999999,999999,999999,1,1
2017-11-26,10000010,2613,1500,1500,1500,2000,1
2017-11-26,10000010,3074,183136,183136,183136,5,1
2017-11-26,10000010,3244,1300000,1300000,1300000,2,2
2017-11-26,10000010,3983,1800000,1800000,1800000,1,1
2017-11-26,10000010,4246,22000,22000,22000,3000,3
2017-11-26,10000010,4247,21000,21000,21000,9000,3
2017-11-26,10000010,4405,3126006.93,3126006.93,3126006.93,1,1
2017-11-26,10000010,5403,389999.73,389999.73,389999.73,1,1
2017-11-26,10000010,5839,2650000,2650000,2650000,2,2
2017-11-26,10000010,5971,375000,375000,375000,1,1
2017-11-26,10000010,5973,849541.78,695000,1004083.56,2,2
2017-11-26,10000010,8105,1500000,1500000,1500000,4,4
2017-11-26,10000010,8529,150001,150001,150001,3,1
2017-11-26,10000010,9899,11500000,11500000,11500000,1,1
2017-11-26,10000010,9941,11500000,11500000,11500000,1,1
2017-11-26,10000010,9942,11500000,11500000,11500000,1,1
2017-11-26,10000010,9943,12500000,12500000,12500000,1,1
2017-11-26,10000010,11192,22000000,22000000,22000000,1,1
2017-11-26,10000010,11377,30000000,30000000,30000000,1,1
2017-11-26,10000010,11578,3950000.06,3950000.06,3950000.06,1,1
2017-11-26,10000010,12034,40000000,40000000,40000000,1,1
2017-11-26,10000010,12199,6999999.98,6999999.98,6999999.98,1,1
2017-11-26,10000010,12785,390.99,390.99,390.99,1,1
2017-11-26,10000010,12789,450,450,450,1,1
2017-11-26,10000010,16242,800000,800000,800000,1,1
2017-11-26,10000010,16272,660,660,660,343455,7
2017-11-26,10000010,16273,140,140,140,34500,31
2017-11-26,10000010,16274,948.99,948.99,948.99,983471,18
2017-11-26,10000010,16275,4747.51,4747.51,4747.51,3333,2
2017-11-26,10000010,16640,4632.91,4632.91,4632.91,2750,1
2017-11-26,10000010,16653,45000,45000,45000,50000,1
2017-11-26,10000010,17366,100000,100000,100000,5,2
2017-11-26,10000010,17478,21799998.94,21799998.94,21799998.94,1,1
2017-11-26,10000010,17887,1100,1100,1100,1149000,19
2017-11-26,10000010,17888,602.36,602.36,602.36,6083,2
2017-11-26,10000010,17889,893.12,893.12,893.12,100000,3
2017-11-26,10000010,17938,90000,90000,90000,1,1
2017-11-26,10000010,20701,45000000,45000000,45000000,1,1
2017-11-26,10000010,21096,2926470.59,1800000,5000000,17,11
2017-11-26,10000010,21638,1100000,1100000,1100000,20,1
2017-11-26,10000010,21640,850000,850000,850000,15,1
2017-11-26,10000010,21740,1500,1500,1500,1600,1
2017-11-26,10000010,21924,650,650,650,3000,2
2017-11-26,10000010,22778,142601.43,142601.43,142601.43,51,2
2017-11-26,10000010,23049,1499.84,1499.84,1499.84,1500,1
2017-11-26,10000010,23057,4000000,4000000,4000000,10,1
2017-11-26,10000010,23559,110000,110000,110000,10,1
2017-11-26,10000010,24533,720,720,720,5000,1
2017-11-26,10000010,24700,45000000,45000000,45000000,1,1
2017-11-26,10000010,25715,1699999.93,1699999.93,1699999.93,1,1
2017-11-26,10000010,26252,60000,60000,60000,1,1
2017-11-26,10000010,28209,1500000,1500000,1500000,10,1
2017-11-26,10000010,29009,8400,8400,8400,2,1
2017-11-26,10000010,29011,9489,9489,9489,2,1
2017-11-26,10000010,30488,800000,800000,800000,16,2
2017-11-26,10000010,31796,30000000,30000000,30000000,4,2
2017-11-26,10000010,32787,28000,28000,28000,15,1
2017-11-26,10000010,33003,490000,490000,490000,13,2
2017-11-26,10000010,33101,7399998.99,7399998.99,7399998.99,1,1
2017-11-26,10000010,33475,10000000,10000000,10000000,17,6
2017-11-26,10000010,33595,30000000,30000000,30000000,1,1
2017-11-26,10000010,41489,40000,40000,40000,50,1
2017-11-26,10000010,41490,1050000,1050000,1050000,45,2
2017-11-26,10000010,45829,5000000,5000000,5000000,1,1
2017-11-26,10000011,206,220,220,220,5000,1
2017-11-26,10000011,438,2698994,2698994,2698994,1,1
2017-11-26,10000011,448,1999999.99,1999999.99,1999999.99,1,1
2017-11-26,10000011,519,1203028.58,1198999.81,1231230,8,3
2017-11-26,10000011,527,1399999.99,1399999.99,1399999.99,2,2
2017-11-26,10000011,586,4000000,4000000,4000000,2,2
2017-11-26,10000011,587,498998,498998,498998,1,1
2017-11-26,10000011,593,548998,548998,548998,5,5
2017-11-26,10000011,627,10999999,10999999,10999999,1,1
2017-11-26,10000011,650,1698998,1698998,1698998,1,1
2017-11-26,10000011,652,1200000,1200000,1200000,2,2
2017-11-26,10000011,654,1575000,1575000,1575000,1,1
2017-11-26,10000011,1306,499726.73,499666,500000,11,4
2017-11-26,10000011,1317,400000,400000,400000,1,1
2017-11-26,10000011,1319,4617817.27,948998,7000000,11,3
2017-11-26,10000011,1405,2550699.4,1412999.33,3890000,10,4
2017-11-26,10000011,1978,1378985.96,1378985.96,1378985.96,7,2
2017-11-26,10000011,2048,704647.67,657472.5,798998,3,3
2017-11-26,10000011,2175,1398998,1398998,1398998,5,1
2017-11-26,10000011,2281,2952614.7,2905730.39,2999499,4,3
2017-11-26,10000011,2364,1699894.98,1699894.98,1699894.98,7,2
2017-11-26,10000011,2456,599109.33,598998,600000,45,6
2017-11-26,10000011,2478,3799998.69,3799998.69,3799998.69,7,1
2017-11-26,10000011,2486,4500,4500,4500,5,1
2017-11-26,10000011,2488,504000,504000,504000,1,1
2017-11-26,10000011,2605,465618.25,348888,548997,12,7
2017-11-26,10000011,2945,4999999,4999999,4999999,6,1
2017-11-26,10000011,3074,998996,998996,998996,1,1
2017-11-26,10000011,3138,2245205.48,2245205.48,2245205.48,5,1
2017-11-26,10000011,3244,1557142.86,1557142.86,1557142.86,1,1
2017-11-26,10000011,3530,3899999.34,3899999,3900000.01,3,2
2017-11-26,10000011,3540,2298997.93,2298997.93,2298997.93,1,1
2017-11-26,10000011,3756,55000000,55000000,55000000,2,2
2017-11-26,10000011,3831,1165831.67,1098998,1500000,6,6
2017-11-26,10000011,4025,498998,498998,498998,1,1
2017-11-26,10000011,4027,178998,178998,178998,1,1
2017-11-26,10000011,4247,36500,36500,36500,4000,1
2017-11-26,10000011,4403,470000.92,470000.92,470000.92,5,2
2017-11-26,10000011,4405,1728233.22,1698998,1798998,17,7
2017-11-26,10000011,4471,148998,148998,148998,2,1
2017-11-26,10000011,4477,298998,298998,298998,1,1
2017-11-26,10000011,4613,198998,198998,198998,10,1
2017-11-26,10000011,4833,666666.69,666666.69,666666.69,1,1
2017-11-26,10000011,5302,169799.59,169799.59,169799.59,1,1
2017-11-26,10000011,5399,98998,98998,98998,5,5
2017-11-26,10000011,5439,98998,98998,98998,1,1
2017-11-26,10000011,5971,40000,40000,40000,5,1
2017-11-26,10000011,5973,500000,500000,500000,1,1
2017-11-26,10000011,6001,197998,197998,197998,1,1
2017-11-26,10000011,7367,2000000,2000000,2000000,3,1
2017-11-26,10000011,8433,458998,458998,458998,1,1
2017-11-26,10000011,9943,12498998,12498998,12498998,1,1
2017-11-26,10000011,10850,695000,695000,695000,1,1
2017-11-26,10000011,10998,278999.33,250000,626000,12,4
2017-11-26,10000011,11129,40000,40000,40000,3,3
2017-11-26,10000011,11196,39999999,39999999,39999999,1,1
2017-11-26,10000011,11198,39998998,39998998,39998998,1,1
2017-11-26,10000011,11202,69000000,69000000,69000000,1,1
2017-11-26,10000011,11269,883824.72,883824.72,883824.72,1,1
2017-11-26,10000011,11289,40000,40000,40000,10,1
2017-11-26,10000011,11303,90000,90000,90000,1,1
2017-11-26,10000011,11370,1998998,1998998,1998998,1,1
2017-11-26,10000011,11577,5032731.52,4498997,5833333.3,5,4
2017-11-26,10000011,12076,2000000,2000000,2000000,1,1
2017-11-26,10000011,12271,6298998,6298998,6298998,2,1
2017-11-26,10000011,12618,98,98,98,2000,1
2017-11-26,10000011,12785,298,298,298,3000,1
2017-11-26,10000011,12789,298,298,298,3000,1
2017-11-26,10000011,13001,3700000.01,3700000.01,3700000.01,1,1
2017-11-26,10000011,13003,3800000.01,3800000.01,3800000.01,1,1
2017-11-26,10000011,13216,24998999,24998999,24998999,1,1
2017-11-26,10000011,15457,2999999,2999999,2999999,2,1
2017-11-26,10000011,15965,80000000,80000000,80000000,1,1
2017-11-26,10000011,16229,62900000,62900000,62900000,1,1
2017-11-26,10000011,16273,199,85,199.99,9082,17
2017-11-26,10000011,16274,898,898,898,126778,2
2017-11-26,10000011,16275,6610.85,6610.85,6610.85,10938,3
2017-11-26,10000011,17887,850,850,850,512831,5
2017-11-26,10000011,17889,750.01,750.01,750.01,150000,2
2017-11-26,10000011,17912,4799949.5,4599899,5000000,4,3
2017-11-26,10000011,17938,399498.5,298998,499998.99,2,2
2017-11-26,10000011,21096,3129400.03,3000000,3500000.76,10,9
2017-11-26,10000011,21640,1247665.83,1232999.5,1298998,9,4
2017-11-26,10000011,21867,70,70,70,2000,1
2017-11-26,10000011,21898,600,600,600,3500,2
2017-11-26,10000011,21902,1400,1400,1400,8400,1
2017-11-26,10000011,21906,950,950,950,1500,1
2017-11-26,10000011,22175,299499,198998,400000,2,2
2017-11-26,10000011,22177,232665.33,148998,400000,3,3
2017-11-26,10000011,22542,58000,58000,58000,2,1
2017-11-26,10000011,23009,897,897,897,2000,1
2017-11-26,10000011,23025,899,899,899,7000,2
2017-11-26,10000011,23089,699999.99,699999.99,699999.99,10,1
2017-11-26,10000011,23527,548998,548998,548998,1,1
2017-11-26,10000011,24445,250000,250000,250000,1,1
2017-11-26,10000011,24495,198,198,198,2000,1
2017-11-26,10000011,25593,8500,8500,8500,50,1
2017-11-26,10000011,25595,18000,18000,18000,107,2
2017-11-26,10000011,25597,4000,4000,4000,77,2
2017-11-26,10000011,25598,10000,10000,10000,103,2
2017-11-26,10000011,25599,1800,1800,1800,6,1
2017-11-26,10000011,25600,25000,25000,25000,54,2
2017-11-26,10000011,25601,5500,5500,5500,106,2
2017-11-26,10000011,25602,15000,15000,15000,72,1
2017-11-26,10000011,25612,800000,800000,800000,17,2
2017-11-26,10000011,25614,560000,560000,560000,26,2
2017-11-26,10000011,25617,350000,350000,350000,2,1
2017-11-26,10000011,25618,15000,15000,15000,1,1
2017-11-26,10000011,25620,45000,45000,45000,16,1
2017-11-26,10000011,25621,850000,850000,850000,2,1
2017-11-26,10000011,25861,211597.99,198998,279996.98,5,3
2017-11-26,10000011,25896,12998998,12998998,12998998,3,2
2017-11-26,10000011,27321,948,948,948,2000,1
2017-11-26,10000011,27361,1000,1000,1000,2000,1
2017-11-26,10000011,27381,1000,1000,1000,2000,1
2017-11-26,10000011,27387,1198,1198,1198,2000,1
2017-11-26,10000011,28294,1200000,1200000,1200000,7,1
2017-11-26,10000011,28302,1000000,1000000,1000000,7,1
2017-11-26,10000011,28576,1298998,1298998,1298998,2,1
2017-11-26,10000011,28578,1400000,1400000,1400000,1,1
2017-11-26,10000011,28668,29999.99,28900,35734.47,485,4
2017-11-26,10000011,28756,42000000,42000000,42000000,1,1
2017-11-26,10000011,28758,42000000,42000000,42000000,1,1
2017-11-26,10000011,29001,20000,20000,20000,20,1
2017-11-26,10000011,30486,3999992,3999992,3999992,16,1
2017-11-26,10000011,30488,974498.63,698998,1000000,32,3
2017-11-26,10000011,31055,2299999.5,2299999,2300000,2,2
2017-11-26,10000011,31153,300000,300000,300000,2,2
2017-11-26,10000011,31213,296997,296997,296997,2,2
2017-11-26,10000011,31360,2500000,2500000,2500000,1,1
2017-11-26,10000011,31364,5298998,5298998,5298998,1,1
2017-11-26,10000011,31658,8000000,8000000,8000000,1,1
2017-11-26,10000011,31788,598998,598998,598998,15,5
2017-11-26,10000011,31796,25999999.98,25999999.98,25999999.98,2,1
2017-11-26,10000011,31812,26998998,26998998,26998998,2,1
2017-11-26,10000011,31936,7998998,7998998,7998998,1,1
2017-11-26,10000011,32006,224498.74,198998,299998.95,80,4
2017-11-26,10000011,32014,346903.52,344998,350000,21,2
2017-11-26,10000011,33101,1200000,999999.99,1400000,2,2
2017-11-26,10000011,33103,998997.98,998997.98,998997.98,1,1
2017-11-26,10000011,33180,1833332.85,666666.69,2999999,6,2
2017-11-26,10000011,33450,1500000,1500000,1500000,15,3
2017-11-26,10000011,33474,7499497.5,3998996,10999999,2,2
2017-11-26,10000011,33475,9999899,9999899,9999899,1,1
2017-11-26,10000011,33896,15599999.67,15599999,15600000,3,2
2017-11-26,10000011,35656,500000,500000,500000,1,1
2017-11-26,10000011,35659,1049999.5,100000,1999999,2,2
2017-11-26,10000011,41057,5498996,5498996,5498996,1,1
2017-11-26,10000011,41489,40000,40000,40000,30,1
2017-11-26,10000011,42829,1998,1998,1998,300,1
2017-11-26,10000011,43551,3998997.97,3998997.97,3998997.97,1,1
2017-11-26,10000012,20,1400,1400,1400,127050,17
2017-11-26,10000012,21,3374.08,3374.08,3374.08,10,1
2017-11-26,10000012,34,6.52,6.52,6.52,65666973,16
2017-11-26,10000012,35,4.99,4.99,4.99,26758380,10
2017-11-26,10000012,36,69.99,69.99,69.99,85057,6
2017-11-26,10000012,37,54.99,54.99,54.99,68590,11
2017-11-26,10000012,38,350,350,350,7501,6
2017-11-26,10000012,39,1387.1,1387.1,1387.1,52144,8
2017-11-26,10000012,40,2302.05,2302.05,2302.05,52050,11
2017-11-26,10000012,200,200.99,200.99,200.99,50000,1
2017-11-26,10000012,202,600,600,600,2380,1
2017-11-26,10000012,203,490,490,490,5000,3
2017-11-26,10000012,205,289,289,289,1000,1
2017-11-26,10000012,206,70,70,70,3000,2
2017-11-26,10000012,209,107.99,107.99,107.99,8000,1
2017-11-26,10000012,210,60.83,60.83,60.83,500,1
2017-11-26,10000012,211,59.45,59.45,59.45,11252,3
2017-11-26,10000012,212,74.93,74.93,74.93,817,2
2017-11-26,10000012,219,300,300,300,1000,1
2017-11-26,10000012,222,98.99,98.99,98.99,5322,5
2017-11-26,10000012,227,239.99,239.99,239.99,3000,1
2017-11-26,10000012,245,5000,5000,5000,1,1
2017-11-26,10000012,264,500,500,500,90,2
2017-11-26,10000012,266,19.99,19.99,19.99,1,1
2017-11-26,10000012,377,199999.98,199999.98,199999.98,5,4
2017-11-26,10000012,380,843750,600000.01,990000,8,6
2017-11-26,10000012,394,499999,499999,499999,2,1
2017-11-26,10000012,400,1499899,1499899,1499899,2,2
2017-11-26,10000012,434,254689,254689,254689,1,1
2017-11-26,10000012,438,3450000,3450000,3450000,1,1
2017-11-26,10000012,439,9999.98,9999.98,9999.98,2,2
2017-11-26,10000012,440,5493823.02,5352557,5540911.69,4,4
2017-11-26,10000012,448,2857180.84,2798888,2996888.31,11,7
2017-11-26,10000012,519,987909.45,107000.01,1358655.12,16,9
2017-11-26,10000012,527,2631352.38,2488881.43,2645599.47,11,8
2017-11-26,10000012,530,1987987,1987987,1987987,1,1
2017-11-26,10000012,583,1499999.99,1499999.98,1500000,4,4
2017-11-26,10000012,585,1825000,750000,2900000,2,2
2017-11-26,10000012,586,1833333.33,1500000,2000000,3,3
2017-11-26,10000012,587,1300000,1300000,1300000,1,1
2017-11-26,10000012,589,1500000,1500000,1500000,3,1
2017-11-26,10000012,593,1244444.44,1200000,1250000,9,9
2017-11-26,10000012,597,1500000,1500000,1500000,1,1
2017-11-26,10000012,598,900000,900000,900000,1,1
2017-11-26,10000012,599,1600000,1600000,1600000,1,1
2017-11-26,10000012,603,700000,550000,1000000,3,3
2017-11-26,10000012,608,1199998.67,1000000,1299998,3,3
2017-11-26,10000012,621,12961538.44,500000,13999999.98,13,4
2017-11-26,10000012,629,100000.01,100000.01,100000.01,1,1
2017-11-26,10000012,632,8499999.99,8499999.99,8499999.99,1,1
2017-11-26,10000012,649,6000000,6000000,6000000,2,2
2017-11-26,10000012,652,2000000,2000000,2000000,1,1
2017-11-26,10000012,654,2888888,2888888,2888888,1,1
2017-11-26,10000012,657,4000000,4000000,4000000,1,1
2017-11-26,10000012,672,104082.6,104082.6,104082.6,1,1
2017-11-26,10000012,1182,399999,399999,399999,1,1
2017-11-26,10000012,1183,993672.24,899998.82,1058623.41,6,5
2017-11-26,10000012,1228,500,500,500,1500,1
2017-11-26,10000012,1230,360,360,360,5000,5
2017-11-26,10000012,1236,989356.59,834787.97,1242998,5,5
2017-11-26,10000012,1306,574930.27,464500,795790.82,3,3
2017-11-26,10000012,1317,77490.73,37800,249999,11,5
2017-11-26,10000012,1319,1087626.1,999999.99,1287987.91,53,23
2017-11-26,10000012,1335,706212,700530,710000,10,4
2017-11-26,10000012,1355,834142.8,747999.9,949000,7,5
2017-11-26,10000012,1405,950670.75,850000,1142120.23,86,38
2017-11-26,10000012,1447,733386.78,731000,742933.88,5,3
2017-11-26,10000012,1541,1251708.11,1233000,1298999,24,22
2017-11-26,10000012,1877,1660242.51,139002.28,2294092.6,17,4
2017-11-26,10000012,1944,5000000,5000000,5000000,2,2
2017-11-26,10000012,1952,1241199.82,103000.06,2200000,5,4
2017-11-26,10000012,1964,1600000.01,1600000.01,1600000.01,1,1
2017-11-26,10000012,1969,2939980,2939980,2939980,6,4
2017-11-26,10000012,1978,1578333.34,101000.12,1749999.99,12,11
2017-11-26,10000012,1987,1613181.62,1363204.68,1988147.03,5,5
2017-11-26,10000012,1999,988391.38,110000.02,1000000,7,5
2017-11-26,10000012,2024,1335000,1250000,1500000,10,10
2017-11-26,10000012,2032,1012150.82,949999.91,1043226.27,6,6
2017-11-26,10000012,2046,67000,67000,67000,6,6
2017-11-26,10000012,2048,829000.34,769986.86,1467999,35,35
2017-11-26,10000012,2104,2440000.7,2440000.7,2440000.7,1,1
2017-11-26,10000012,2109,1867359.72,1700000,1990000,11,8
2017-11-26,10000012,2117,2394789,2394789,2394789,3,2
2017-11-26,10000012,2161,1424999.39,1399999.18,1500000,4,2
2017-11-26,10000012,2175,1191517.86,1000000,1200124,21,6
2017-11-26,10000012,2183,49075,49000,49250,20,6
2017-11-26,10000012,2185,1200855.21,1100000,1363999.69,46,13
2017-11-26,10000012,2195,2713285.79,2279719.78,2799998.99,6,2
2017-11-26,10000012,2203,10415.94,10400,11021.63,39,5
2017-11-26,10000012,2205,634513.21,624688,725000,59,13
2017-11-26,10000012,2281,3475060.13,3199999.95,4300000,34,25
2017-11-26,10000012,2297,1996000,1996000,1996000,1,1
2017-11-26,10000012,2299,2399999.84,2399999.84,2399999.84,1,1
2017-11-26,10000012,2301,2328918.82,2299000,2684581,7,7
2017-11-26,10000012,2303,2236090.11,2229788.15,2254995.99,4,4
2017-11-26,10000012,2364,1774635.44,1774635.44,1774635.44,2,1
2017-11-26,10000012,2410,1957234.74,1324999.99,2210128.64,7,2
2017-11-26,10000012,2420,5399999,5399999,5399999,3,1
2017-11-26,10000012,2436,2399999.99,2399999.99,2399999.99,5,1
2017-11-26,10000012,2444,70000,70000,70000,4,4
2017-11-26,10000012,2446,2143713.71,2002000,2249999,7,2
2017-11-26,10000012,2454,15185.19,15000,24999.99,54,11
2017-11-26,10000012,2456,476772.35,467000,494687.95,43,14
2017-11-26,10000012,2464,249434.81,249434.81,249434.81,14,3
2017-11-26,10000012,2466,759888.89,700000,777000,45,7
2017-11-26,10000012,2476,100000,100000,100000,10,1
2017-11-26,10000012,2478,1775226.04,1500000,1900000,32,8
2017-11-26,10000012,2486,39000,39000,39000,13,2
2017-11-26,10000012,2488,478999.99,478999.99,478999.99,253,45
2017-11-26,10000012,2539,1338437.49,1299874.98,1377000,2,2
2017-11-26,10000012,2553,1221524.21,1154999.98,1549994.84,7,7
2017-11-26,10000012,2559,2625561.99,2542603.31,2750000,5,3
2017-11-26,10000012,2563,2682393.05,2664896.1,2699889.99,6,2
2017-11-26,10000012,2571,2490393.47,2490393.47,2490393.47,3,1
2017-11-26,10000012,2575,2490602.22,2490602.22,2490602.22,3,1
2017-11-26,10000012,2605,717955.4,609989,999999,32,21
2017-11-26,10000012,2613,142.83,142.83,142.83,300,1
2017-11-26,10000012,2621,999,999,999,1300,1
2017-11-26,10000012,2679,200,200,200,4000,2
2017-11-26,10000012,2817,194.89,194.89,194.89,2502,2
2017-11-26,10000012,2873,829060.38,600000,867237.11,7,2
2017-11-26,10000012,2881,978090.54,975000,989999.97,11,3
2017-11-26,10000012,2889,1350524.7,1218457.98,1388258.05,9,3
2017-11-26,10000012,2897,2281337.88,1625351.8,2499999.9,8,3
2017-11-26,10000012,2913,2306133.33,2299000,3000000,15,4
2017-11-26,10000012,2969,1916048.72,150000.03,2499998.85,18,5
2017-11-26,10000012,2977,806245,712490,900000,6,4
2017-11-26,10000012,2998,89000000,89000000,89000000,1,1
2017-11-26,10000012,3025,300000.13,300000.13,300000.13,3,1
2017-11-26,10000012,3033,2100000,2100000,2100000,2,1
2017-11-26,10000012,3041,928099.88,856200.78,999998.98,8,2
2017-11-26,10000012,3082,3600000,2000000,5200000,12,3
2017-11-26,10000012,3090,5622619,5622619,5622619,8,1
2017-11-26,10000012,3130,2540944.52,2540944.52,2540944.52,5,1
2017-11-26,10000012,3138,2276688.89,2276688.89,2276688.89,5,1
2017-11-26,10000012,3170,1054950.96,894687.89,1143986,14,4
2017-11-26,10000012,3178,1415771.54,1372881.36,1666663.12,12,4
2017-11-26,10000012,3186,4833333.33,3500000,6000000,15,2
2017-11-26,10000012,3244,2296338.35,1888500,2658551.71,17,17
2017-11-26,10000012,3256,10789999.9,9500000,15949999.48,10,9
2017-11-26,10000012,3265,8979664.13,8469496.19,10000000,3,3
2017-11-26,10000012,3302,689998.51,450000,929997.01,2,2
2017-11-26,10000012,3305,899999.99,899999.99,899999.99,1,1
2017-11-26,10000012,3320,1249996.79,1249996.79,1249996.79,3,3
2017-11-26,10000012,3323,1099999.99,1099999.99,1099999.99,1,1
2017-11-26,10000012,3332,1499999.98,1499999.98,1499999.98,1,1
2017-11-26,10000012,3337,9900000,9900000,9900000,1,1
2017-11-26,10000012,3349,4900000,4900000,4900000,1,1
2017-11-26,10000012,3355,50000,50000,50000,1,1
2017-11-26,10000012,3357,1999999.99,1999999.99,1999999.99,1,1
2017-11-26,10000012,3423,500000,500000,500000,1,1
2017-11-26,10000012,3435,149999.96,149999.96,149999.96,1,1
2017-11-26,10000012,3439,1599995.49,1599995.49,1599995.49,1,1
2017-11-26,10000012,3440,1299999.95,1299999.95,1299999.95,1,1
2017-11-26,10000012,3441,1679998.98,1679998.98,1679998.98,1,1
2017-11-26,10000012,3488,1350000,1350000,1350000,2,1
2017-11-26,10000012,3504,2999999,2999999,2999999,3,2
2017-11-26,10000012,3530,1756296.33,1648688.99,1810100,3,3
2017-11-26,10000012,3540,3499998.98,3499998.98,3499998.98,1,1
2017-11-26,10000012,3554,10000,10000,10000,40,1
2017-11-26,10000012,3568,1186846.51,1073000,1599999.99,4,4
2017-11-26,10000012,3578,3433333.33,2900000,4500000,3,2
2017-11-26,10000012,3756,62666665.99,62666665.99,62666665.99,1,1
2017-11-26,10000012,3766,1500000,1500000,1500000,1,1
2017-11-26,10000012,3814,41990.56,41990.56,41990.56,1,1
2017-11-26,10000012,3831,1041181.07,924999,1395363.28,23,11
2017-11-26,10000012,3841,1494040.02,1394999,1500000,25,14
2017-11-26,10000012,3888,1583230.9,1299999.5,1866462.31,4,4
2017-11-26,10000012,3898,19437500,18000000,19750000,24,13
2017-11-26,10000012,3962,135000000,135000000,135000000,1,1
2017-11-26,10000012,4025,373140.83,168999.82,949999.99,7,6
2017-11-26,10000012,4027,160245.33,148992,200000,12,6
2017-11-26,10000012,4250,4000000,4000000,4000000,2,2
2017-11-26,10000012,4260,2999999.98,2999999.98,2999999.98,1,1
2017-11-26,10000012,4306,72666666.67,70000000,74000000,3,3
2017-11-26,10000012,4383,2170666.6,1826666.5,2400000,5,5
2017-11-26,10000012,4385,14900000,14900000,14900000,1,1
2017-11-26,10000012,4391,300000,300000,300000,1,1
2017-11-26,10000012,4393,253346.27,200000,293355.97,7,4
2017-11-26,10000012,4403,782618.44,549900,1248055.33,3,3
2017-11-26,10000012,4405,1489841.37,107000.24,1499998.95,63,15
2017-11-26,10000012,4477,391803.25,343704.88,488000,3,2
2017-11-26,10000012,4529,999999,999999,999999,1,1
2017-11-26,10000012,4787,349999.25,199999.99,399999,4,4
2017-11-26,10000012,4833,314357.71,249555,346759.06,3,2
2017-11-26,10000012,4871,278598.34,194688,298951.79,6,6
2017-11-26,10000012,5137,155542.95,155542.95,155542.95,1,1
2017-11-26,10000012,5141,651896.3,195688.89,880000,3,3
2017-11-26,10000012,5245,290635.99,290635.99,290635.99,2,1
2017-11-26,10000012,5302,34999.99,34999.99,34999.99,2,1
2017-11-26,10000012,5319,140000,140000,140000,3,3
2017-11-26,10000012,5320,14099,14099,14099,3,2
2017-11-26,10000012,5322,98000,98000,98000,18,15
2017-11-26,10000012,5399,49999,49999,49999,1,1
2017-11-26,10000012,5405,160437.18,130000,175655.77,3,3
2017-11-26,10000012,5439,62443.27,49750,151716.37,5,5
2017-11-26,10000012,5443,181075.41,79990.57,317142.46,5,5
2017-11-26,10000012,5445,250000,250000,250000,5,1
2017-11-26,10000012,5493,250317.13,249999.96,250555,7,4
2017-11-26,10000012,5533,120000,120000,120000,2,2
2017-11-26,10000012,5599,99999.9,99999.9,99999.9,12,3
2017-11-26,10000012,5631,169999.5,90000,249999,4,2
2017-11-26,10000012,5839,1575956.28,150000.01,1733499.44,9,8
2017-11-26,10000012,5933,239888,239888,239888,3,1
2017-11-26,10000012,5945,615329.27,449987.82,698000,3,3
2017-11-26,10000012,5955,219844.5,195000,244689,2,2
2017-11-26,10000012,5971,482762.44,150000,1990000,6,6
2017-11-26,10000012,5973,865065.86,679999.99,999998,15,15
2017-11-26,10000012,5975,241170.15,150000,530214.49,17,16
2017-11-26,10000012,6001,217468.48,215878.13,222239.51,4,4
2017-11-26,10000012,6003,70833.33,70000,75000,6,6
2017-11-26,10000012,6073,399999,399999,399999,1,1
2017-11-26,10000012,6135,400000,400000,400000,1,1
2017-11-26,10000012,6160,81000,77000,97000,10,8
2017-11-26,10000012,6296,199999.98,199999.98,199999.98,1,1
2017-11-26,10000012,6437,344689,344689,344689,1,1
2017-11-26,10000012,6527,398999.78,398999.78,398999.78,1,1
2017-11-26,10000012,6923,24689,24689,24689,1,1
2017-11-26,10000012,7287,899999.99,899999.99,899999.99,3,1
2017-11-26,10000012,7291,59999,59999,59999,6,1
2017-11-26,10000012,7373,1000000,1000000,1000000,5,1
2017-11-26,10000012,7447,649999.63,500000,899999,8,2
2017-11-26,10000012,7579,1999999.91,1999999.91,1999999.91,2,1
2017-11-26,10000012,7703,999999.99,999999.99,999999.99,5,1
2017-11-26,10000012,7783,989994.89,989994.89,989994.89,8,1
2017-11-26,10000012,7827,433700,418700,448700,2,2
2017-11-26,10000012,8007,700000,700000,700000,4,1
2017-11-26,10000012,8027,1276666.66,210000,1809999.99,3,2
2017-11-26,10000012,8089,676091.88,649998.98,780000,6,3
2017-11-26,10000012,8091,699999,699999,699999,9,4
2017-11-26,10000012,8135,800000,800000,800000,2,1
2017-11-26,10000012,8225,242995.51,242995.5,242995.51,5,4
2017-11-26,10000012,8263,237999.63,237999.63,237999.63,3,2
2017-11-26,10000012,8433,697333.33,492000,800000,3,3
2017-11-26,10000012,8517,2873295.13,366475.66,3400000,5,5
2017-11-26,10000012,8521,294996.58,293546,300798.89,5,3
2017-11-26,10000012,8529,345441.05,153743.45,743531.98,12,7
2017-11-26,10000012,8585,300000,300000,300000,1,1
2017-11-26,10000012,8635,300000,300000,300000,1,1
2017-11-26,10000012,8748,70000,70000,70000,3,3
2017-11-26,10000012,9413,799999,799999,799999,1,1
2017-11-26,10000012,9451,1807500,1230000,2000000,8,3
2017-11-26,10000012,9493,50000,50000,50000,1,1
2017-11-26,10000012,9497,500,500,500,1,1
2017-11-26,10000012,9580,300000,300000,300000,1,1
2017-11-26,10000012,9632,447998,447998,447998,7,5
2017-11-26,10000012,9660,100000,100000,100000,1,1
2017-11-26,10000012,9678,508772.63,508772.63,508772.63,1,1
2017-11-26,10000012,9680,1000000,1000000,1000000,6,4
2017-11-26,10000012,9808,699889.99,699889.99,699889.99,1,1
2017-11-26,10000012,9899,14799999.15,13999999.98,14999998.94,5,5
2017-11-26,10000012,9941,12122499,11000000,12499997.99,4,4
2017-11-26,10000012,9942,14543999.99,13999999.99,14679999.99,5,5
2017-11-26,10000012,9943,12883396.84,10742599.9,13399998.98,4,4
2017-11-26,10000012,9947,3000000,3000000,3000000,4,3
2017-11-26,10000012,9950,1000000,1000000,1000000,1,1
2017-11-26,10000012,9956,12850000,11000000,14699999.99,2,2
2017-11-26,10000012,10155,9350000,9350000,9350000,3,1
2017-11-26,10000012,10156,35989998,35989998,35989998,1,1
2017-11-26,10000012,10190,1284284.49,1200000,1419999,21,16
2017-11-26,10000012,10208,25516441.71,24774662.58,26999999.99,3,3
2017-11-26,10000012,10212,25600159.15,24010398.06,26990000.91,5,5
2017-11-26,10000012,10216,26432756.87,25509767.21,27500000.07,7,7
2017-11-26,10000012,10221,24399200,23999001.71,25999993.14,5,5
2017-11-26,10000012,10225,26666666.67,25000000,30000000,3,3
2017-11-26,10000012,10228,23400000,23400000,23400000,1,1
2017-11-26,10000012,10631,817449.11,750000,884898.22,6,2
2017-11-26,10000012,10680,1160000,1100000,1200000,5,2
2017-11-26,10000012,10694,608999.2,5000,759999,5,4
2017-11-26,10000012,10850,1520000.01,110000.03,1990000,4,4
2017-11-26,10000012,10858,1999000,1999000,1999000,1,1
2017-11-26,10000012,10998,340468.16,55000,924999.5,25,10
2017-11-26,10000012,11129,49097.16,15000,80000,13,6
2017-11-26,10000012,11132,199000,199000,199000,4,3
2017-11-26,10000012,11134,270999.92,120000,950000,5,5
2017-11-26,10000012,11178,41500000,41500000,41500000,1,1
2017-11-26,10000012,11184,46860000.01,46860000.01,46860000.01,1,1
2017-11-26,10000012,11196,44999999.99,44999999.99,44999999.99,2,2
2017-11-26,10000012,11198,43375375,43000000,43500500,4,4
2017-11-26,10000012,11200,39577670.28,39577670.28,39577670.28,2,2
2017-11-26,10000012,11202,45226666.67,45000000,45680000.01,3,3
2017-11-26,10000012,11207,2999999.98,2999999.98,2999999.98,1,1
2017-11-26,10000012,11229,1999998.48,1999998.48,1999998.48,1,1
2017-11-26,10000012,11269,925249.87,833999.9,975000.06,8,6
2017-11-26,10000012,11285,40584.53,39999,40789.47,54,3
2017-11-26,10000012,11287,29700.22,29085.88,29905,40,3
2017-11-26,10000012,11317,7520.86,7520.86,7520.86,1,1
2017-11-26,10000012,11370,2276309.43,1995000,2295998.37,18,16
2017-11-26,10000012,11371,41063275,41063275,41063275,1,1
2017-11-26,10000012,11387,31042020,28000000,34084040,2,2
2017-11-26,10000012,11399,15000,15000,15000,20307,2
2017-11-26,10000012,11563,553578.8,230000,679315.2,4,4
2017-11-26,10000012,11577,4862499.14,4350000,4999998.03,8,8
2017-11-26,10000012,11578,6523064.6,6325000,7500000,5,5
2017-11-26,10000012,11579,9000000,9000000,9000000,1,1
2017-11-26,10000012,11640,1331110.72,1299999.99,1335555.11,8,3
2017-11-26,10000012,11642,1994689,1994689,1994689,1,1
2017-11-26,10000012,11644,1454999.52,110000.03,2799999,2,2
2017-11-26,10000012,11646,2106733.19,200000.01,2616545.79,4,4
2017-11-26,10000012,11648,1093776.45,110000.01,2077552.88,2,2
2017-11-26,10000012,11969,264994994.44,264994994.44,264994994.44,1,1
2017-11-26,10000012,11978,200966714.78,200966714.78,200966714.78,1,1
2017-11-26,10000012,12032,32000000,32000000,32000000,1,1
2017-11-26,10000012,12034,29000000,29000000,29000000,1,1
2017-11-26,10000012,12058,3431569.99,825000.06,3798997.72,7,7
2017-11-26,10000012,12068,4078000,4078000,4078000,1,1
2017-11-26,10000012,12076,8594687.96,8594687.96,8594687.96,1,1
2017-11-26,10000012,12084,13000000,13000000,13000000,1,1
2017-11-26,10000012,12092,6900000,6900000,6900000,3,3
2017-11-26,10000012,12198,1688888.36,1599998.95,1999999.98,18,8
2017-11-26,10000012,12199,6000000,6000000,6000000,1,1
2017-11-26,10000012,12200,16750000,16750000,16750000,15,1
2017-11-26,10000012,12201,9999999.99,9999999.99,9999999.99,1,1
2017-11-26,10000012,12202,9900000,9900000,9900000,1,1
2017-11-26,10000012,12206,7900000,7900000,7900000,1,1
2017-11-26,10000012,12207,9900000,9900000,9900000,2,1
2017-11-26,10000012,12208,9900000,9900000,9900000,1,1
2017-11-26,10000012,12212,19500000,19000000,20000000,2,2
2017-11-26,10000012,12259,4616811.94,4294687.88,4938936,2,2
2017-11-26,10000012,12267,3799999.8,3700000,3800000,5,5
2017-11-26,10000012,12271,7666666.65,7666666.65,7666666.65,1,1
2017-11-26,10000012,12274,264689,264689,264689,1,1
2017-11-26,10000012,12484,8900000,8900000,8900000,1,1
2017-11-26,10000012,12487,8899999.99,8899999.99,8899999.99,1,1
2017-11-26,10000012,12559,442849.29,300000,499989,14,2
2017-11-26,10000012,12565,99900,99900,99900,10,1
2017-11-26,10000012,12608,89.9,70,99.99,16867,6
2017-11-26,10000012,12612,120,120,120,19760,8
2017-11-26,10000012,12614,140,140,140,8600,6
2017-11-26,10000012,12618,182.62,182.62,182.62,1000,1
2017-11-26,10000012,12625,70,67,70,19541,9
2017-11-26,10000012,12631,198.88,198.88,198.88,1800,2
2017-11-26,10000012,12633,62.72,62.72,62.72,5200,5
2017-11-26,10000012,12761,960,960,960,1000,1
2017-11-26,10000012,12767,389,389,389,9150,4
2017-11-26,10000012,12771,337.55,337.55,337.55,21000,5
2017-11-26,10000012,12773,179.88,179.39,179.88,5000,3
2017-11-26,10000012,12775,501.97,501.97,501.97,7000,2
2017-11-26,10000012,12777,126.3,70,182.59,6000,3
2017-11-26,10000012,12779,649.99,649.99,649.99,48000,2
2017-11-26,10000012,12785,110,110,110,5000,1
2017-11-26,10000012,12789,110,110,110,2644,1
2017-11-26,10000012,12801,292.98,292.98,292.98,1500,2
2017-11-26,10000012,12803,1169,349,1989,4000,2
2017-11-26,10000012,12805,284.53,284.53,284.53,6753,10
2017-11-26,10000012,12807,349,349,349,40500,6
2017-11-26,10000012,12816,697990,697990,697990,20,1
2017-11-26,10000012,13001,3150500.18,2801000.17,3500000.18,2,2
2017-11-26,10000012,13003,2828244.7,2828244.7,2828244.7,2,1
2017-11-26,10000012,13119,999,999,999,2500,1
2017-11-26,10000012,13216,21731328.45,20837298.79,27095506.4,7,5
2017-11-26,10000012,13260,28000000,28000000,28000000,1,1
2017-11-26,10000012,13261,27224999.58,23999999.44,45799999.98,16,14
2017-11-26,10000012,13262,900000,900000,900000,11,3
2017-11-26,10000012,13966,7700000,7700000,7700000,1,1
2017-11-26,10000012,13968,7500000,7500000,7500000,1,1
2017-11-26,10000012,14114,38000000,38000000,38000000,1,1
2017-11-26,10000012,14202,11635679,11635679,11635679,1,1
2017-11-26,10000012,15331,175.01,175.01,175.01,249,5
2017-11-26,10000012,15460,1372202.05,1372202.05,1372202.05,55,4
2017-11-26,10000012,15463,2967111.4,2967111.4,2967111.4,12,8
2017-11-26,10000012,15464,10659330.4,10000000,10988995.6,3,2
2017-11-26,10000012,15465,29580099.79,29580099.79,29580099.79,1,1
2017-11-26,10000012,15479,4048743.29,3500000,5146229.87,3,2
2017-11-26,10000012,15510,133121,130000,136242,10,2
2017-11-26,10000012,15587,4500,4500,4500,24,1
2017-11-26,10000012,15588,8000,8000,8000,1,1
2017-11-26,10000012,15589,15000,15000,15000,4,1
2017-11-26,10000012,15590,20000,20000,20000,51,1
2017-11-26,10000012,15592,60003.07,60003.07,60003.07,38,1
2017-11-26,10000012,15593,100000,100000,100000,91,1
2017-11-26,10000012,15594,500001.23,500001.22,500001.23,54,2
2017-11-26,10000012,15620,20000,20000,20000,26,1
2017-11-26,10000012,15623,50000,50000,50000,15,1
2017-11-26,10000012,15625,4500,4500,4500,12,1
2017-11-26,10000012,15626,8000,8000,8000,17,2
2017-11-26,10000012,15627,15000,15000,15000,2,1
2017-11-26,10000012,15628,20000,20000,20000,4,2
2017-11-26,10000012,15629,25000,25000,25000,51,2
2017-11-26,10000012,15630,230007.69,230006.04,230007.89,65,2
2017-11-26,10000012,15631,210006.36,210006.36,210006.36,102,2
2017-11-26,10000012,15632,500003.73,500003.36,500004.2,48,4
2017-11-26,10000012,15646,50000,50000,50000,19,1
2017-11-26,10000012,15647,50000,50000,50000,1,1
2017-11-26,10000012,15650,2000000,2000000,2000000,2,1
2017-11-26,10000012,15660,30000,30000,30000,7,2
2017-11-26,10000012,15661,842006.3,842005.07,842006.44,19,2
2017-11-26,10000012,15671,750000,750000,750000,17,1
2017-11-26,10000012,15672,100000,100000,100000,33,1
2017-11-26,10000012,15673,750000.01,750000,750000.01,73,2
2017-11-26,10000012,15729,42680000.01,42680000.01,42680000.01,1,1
2017-11-26,10000012,15766,34994994.44,34994994.44,34994994.44,1,1
2017-11-26,10000012,15806,151300000.01,134600000.02,168000000,4,3
2017-11-26,10000012,15891,130000000,130000000,130000000,1,1
2017-11-26,10000012,15993,25000,25000,25000,9,1
2017-11-26,10000012,15994,25000,25000,25000,33,1
2017-11-26,10000012,15997,30000,30000,30000,3,1
2017-11-26,10000012,15998,50000,50000,50000,29,2
2017-11-26,10000012,16001,30000,30000,30000,14,1
2017-11-26,10000012,16002,30000.01,30000.01,30000.01,18,2
2017-11-26,10000012,16008,15000000,15000000,15000000,1,1
2017-11-26,10000012,16118,65000,65000,65000,289,16
2017-11-26,10000012,16119,10000,10000,10000,92,2
2017-11-26,10000012,16120,35000,35000,35000,86,12
2017-11-26,10000012,16121,65000,65000,65000,138,15
2017-11-26,10000012,16122,150000,150000,150000,73,13
2017-11-26,10000012,16123,200000,200000,200000,60,14
2017-11-26,10000012,16124,1000000,1000000,1000000,273,16
2017-11-26,10000012,16125,2000000,2000000,2000000,99,16
2017-11-26,10000012,16227,57800800,57800800,57800800,3,1
2017-11-26,10000012,16229,56000000,56000000,56000000,1,1
2017-11-26,10000012,16238,2000000,2000000,2000000,1,1
2017-11-26,10000012,16240,1700000,1400000,2000000,2,2
2017-11-26,10000012,16242,1302779.15,1302779.15,1302779.15,1,1
2017-11-26,10000012,16273,165,165,165,91894,77
2017-11-26,10000012,16274,850,850,925,84832,3
2017-11-26,10000012,16275,2012.05,2012.05,2012.05,1000,1
2017-11-26,10000012,16297,100000,100000,100000,6,1
2017-11-26,10000012,16301,70000,70000,70000,2,1
2017-11-26,10000012,16303,604500,604500,604500,2,2
2017-11-26,10000012,16367,199689,199689,199689,1,1
2017-11-26,10000012,16391,684131.74,684131.74,684131.74,1,1
2017-11-26,10000012,16457,3500000,3500000,3500000,1,1
2017-11-26,10000012,16467,716580.14,393740.42,878000,6,3
2017-11-26,10000012,16475,1200000,1200000,1200000,2,2
2017-11-26,10000012,16487,478840,478840,478840,2,1
2017-11-26,10000012,16505,2600000,2600000,2600000,2,2
2017-11-26,10000012,16519,443847,443847,443847,6,1
2017-11-26,10000012,16525,550000,550000,550000,4,1
2017-11-26,10000012,16527,793331.67,689999,999997,3,2
2017-11-26,10000012,16617,10000000,10000000,10000000,3,3
2017-11-26,10000012,17366,201274.15,199997.98,208931.17,14,6
2017-11-26,10000012,17367,1300000,1300000,1300000,4,2
2017-11-26,10000012,17480,24500000,24500000,24500000,1,1
2017-11-26,10000012,17559,79999999.99,79999999.99,79999999.99,1,1
2017-11-26,10000012,17720,144999999.98,144999999.98,144999999.98,1,1
2017-11-26,10000012,17843,80664896,78499999.5,84994689,3,3
2017-11-26,10000012,17887,1400,1400,1400,350000,4
2017-11-26,10000012,17888,1090.04,1090.04,1090.04,76539,6
2017-11-26,10000012,17889,948.2,948.2,948.2,1675000,16
2017-11-26,10000012,17912,4500000,4500000,4500000,2,1
2017-11-26,10000012,17924,66000000,66000000,66000000,1,1
2017-11-26,10000012,17928,67427499.96,67427499.96,67427499.96,1,1
2017-11-26,10000012,17938,199931.3,199793.89,200000,3,2
2017-11-26,10000012,17999,500000,500000,500000,22,1
2017-11-26,10000012,18639,244399.71,148998.99,267999.88,5,5
2017-11-26,10000012,18692,49999999.99,49999999.98,49999999.99,2,2
2017-11-26,10000012,18758,4000000,4000000,4000000,1,1
2017-11-26,10000012,18937,63680000,63680000,63680000,1,1
2017-11-26,10000012,19015,37000000,37000000,37000000,2,1
2017-11-26,10000012,19045,145000000,145000000,145000000,1,1
2017-11-26,10000012,19806,1296000,1250000,1319000,3,2
2017-11-26,10000012,19810,610000.33,610000.33,610000.33,2,2
2017-11-26,10000012,19814,139803.51,100000,179607.01,2,2
2017-11-26,10000012,19921,1199999.99,1199999.99,1199999.99,2,2
2017-11-26,10000012,19923,801734.97,801734.97,801734.97,1,1
2017-11-26,10000012,19925,70000,70000,70000,5,2
2017-11-26,10000012,19929,199999.99,199999.99,199999.99,1,1
2017-11-26,10000012,19937,660000.21,660000.21,660000.21,2,1
2017-11-26,10000012,19942,400000,400000,400000,1,1
2017-11-26,10000012,19944,80000,80000,80000,1,1
2017-11-26,10000012,20059,199000.65,199000.65,199000.65,1,1
2017-11-26,10000012,20210,4999991.76,4999990,4999993.52,2,2
2017-11-26,10000012,20212,9900000,9900000,9900000,1,1
2017-11-26,10000012,20351,2060000,2060000,2060000,1,1
2017-11-26,10000012,20353,3393166.17,1680000,4199999,6,6
2017-11-26,10000012,20703,109000000,109000000,109000000,1,1
2017-11-26,10000012,21096,2354967.55,1949998.69,2780729.83,49,33
2017-11-26,10000012,21603,39000000,39000000,39000000,1,1
2017-11-26,10000012,21638,1623830.75,1476633.31,1749999.99,13,5
2017-11-26,10000012,21640,1218621.37,1132999.99,1290000,56,15
2017-11-26,10000012,21740,1998.99,1998.99,1998.99,3320,3
2017-11-26,10000012,21815,2000000.02,2000000.02,2000000.02,7,1
2017-11-26,10000012,21888,59500000,54000000,65000000,2,2
2017-11-26,10000012,21890,67000000,67000000,67000000,1,1
2017-11-26,10000012,21894,1194.91,1194.91,1194.91,11200,4
2017-11-26,10000012,21896,846.89,840,846.89,43917,11
2017-11-26,10000012,21898,748.98,748.98,748.98,46341,10
2017-11-26,10000012,21902,1350,1350,1350,14900,6
2017-11-26,10000012,21904,899,899,899,35500,8
2017-11-26,10000012,21906,599,599,599,11449,10
2017-11-26,10000012,21912,800,800,800,15000,1
2017-11-26,10000012,21914,1000,1000,1000,4000,2
2017-11-26,10000012,21918,1344.51,1344.51,1344.51,17029,6
2017-11-26,10000012,21922,745.61,724.55,745.61,33550,9
2017-11-26,10000012,21924,799,799,799,21636,18
2017-11-26,10000012,21931,599,599,599,3500,2
2017-11-26,10000012,21937,678,678,678,2000,1
2017-11-26,10000012,21939,699,699,699,1500,1
2017-11-26,10000012,22175,150000,150000,150000,1,1
2017-11-26,10000012,22229,5000000,5000000,5000000,2,1
2017-11-26,10000012,22291,1370833.77,1250000,1488000,16,7
2017-11-26,10000012,22456,80999999.98,80999999.98,80999999.98,2,2
2017-11-26,10000012,22578,499999,499999,499999,1,1
2017-11-26,10000012,22778,240000,219999,240000,175,8
2017-11-26,10000012,22782,1874771.78,1794687.89,2074981.49,7,3
2017-11-26,10000012,22977,980,980,980,2800,2
2017-11-26,10000012,22993,1199,1199,1199,20000,3
2017-11-26,10000012,23009,887.99,887.99,887.99,2940,2
2017-11-26,10000012,23019,840,840,840,2000,1
2017-11-26,10000012,23025,950.84,950.84,950.84,30808,16
2017-11-26,10000012,23029,1199.99,1199.99,1199.99,6000,4
2017-11-26,10000012,23031,987.16,987.16,987.16,4805,5
2017-11-26,10000012,23033,1075,1075,1075,1200,1
2017-11-26,10000012,23035,769.81,769.81,769.81,1000,1
2017-11-26,10000012,23043,1999,1999,1999,2070,1
2017-11-26,10000012,23045,1418.7,1418.7,1418.7,35500,7
2017-11-26,10000012,23047,1367,1367,1367,20000,1
2017-11-26,10000012,23049,1292,1292,1292,58000,6
2017-11-26,10000012,23051,2100,2100,2100,20000,1
2017-11-26,10000012,23053,1398,1398,1398,33500,6
2017-11-26,10000012,23059,4400000,4400000,4400000,3,1
2017-11-26,10000012,23071,579999,579999,579999,6,3
2017-11-26,10000012,23079,699998.98,699998.98,699998.98,2,1
2017-11-26,10000012,23097,899990,899990,899990,5,1
2017-11-26,10000012,23103,571876.2,25003.22,899999.99,8,2
2017-11-26,10000012,23527,509984.61,500000,660000,22,15
2017-11-26,10000012,23533,607591.93,356775.79,733000,3,2
2017-11-26,10000012,23566,1899999.95,1899999.95,1899999.95,1,1
2017-11-26,10000012,23705,149166.68,70000.06,165000,18,2
2017-11-26,10000012,23707,31212.37,22000.01,31212.38,105,16
2017-11-26,10000012,23729,200000,200000,200000,4,1
2017-11-26,10000012,24242,7039999.98,3000000,13099999.96,5,5
2017-11-26,10000012,24348,2620832.72,1849999.89,2877777,8,4
2017-11-26,10000012,24417,1950000,1950000,1950000,4,3
2017-11-26,10000012,24427,2000000,2000000,2000000,4,2
2017-11-26,10000012,24438,1365819.4,1030000.08,1650000,17,8
2017-11-26,10000012,24443,1799999.62,1400000,1999999.43,3,3
2017-11-26,10000012,24473,249,249,249,86,1
2017-11-26,10000012,24486,190,190,190,4000,2
2017-11-26,10000012,24488,200,200,200,4000,2
2017-11-26,10000012,24490,290,290,290,4000,2
2017-11-26,10000012,24495,150,149,198,8432,6
2017-11-26,10000012,24505,109.99,109.99,109.99,3,1
2017-11-26,10000012,24509,690,690,690,200,1
2017-11-26,10000012,24511,799.99,799.99,799.99,3000,1
2017-11-26,10000012,24513,680,680,680,200,1
2017-11-26,10000012,24515,999,999,999,3000,1
2017-11-26,10000012,24702,54500000,54500000,54500000,1,1
2017-11-26,10000012,25235,799998.57,799998.57,799998.57,2,2
2017-11-26,10000012,25267,16500000,16500000,16500000,1,1
2017-11-26,10000012,25349,26671699.92,26671699.92,26671699.92,1,1
2017-11-26,10000012,25544,24000000,24000000,24000000,1,1
2017-11-26,10000012,25593,500.05,500.05,500.05,106,1
2017-11-26,10000012,25715,1450000,1450000,1450000,10,2
2017-11-26,10000012,25812,5162500,5050000,5200000,8,4
2017-11-26,10000012,25861,248317.31,230000,349998.99,28,9
2017-11-26,10000012,25888,10994689,10994689,10994689,1,1
2017-11-26,10000012,25894,15990000,15990000,15990000,3,1
2017-11-26,10000012,25896,16994789,16994789,16994789,1,1
2017-11-26,10000012,25898,14994689,14994689,14994689,1,1
2017-11-26,10000012,25948,6123672.25,6000000,6494688.99,4,2
2017-11-26,10000012,26068,13999000,13999000,13999000,1,1
2017-11-26,10000012,26224,25000000,25000000,25000000,20,7
2017-11-26,10000012,26374,77000000.57,77000000.57,77000000.57,3,2
2017-11-26,10000012,26929,543929.38,454427.41,993998.99,8,8
2017-11-26,10000012,26931,4999999.98,4999999.98,4999999.98,2,2
2017-11-26,10000012,27115,1450000,1450000,1450000,1,1
2017-11-26,10000012,27127,1451862.73,755588.46,1499999.98,6,6
2017-11-26,10000012,27143,1002480.23,760000,1487440.7,6,6
2017-11-26,10000012,27313,600,600,600,2000,1
2017-11-26,10000012,27315,900.5,900.5,900.5,1036,1
2017-11-26,10000012,27321,1248.98,1248.98,1248.98,3459,3
2017-11-26,10000012,27327,1200,1200,1200,1528,3
2017-11-26,10000012,27333,1298.94,1298.94,1298.94,400,1
2017-11-26,10000012,27351,2800,2800,2800,242,1
2017-11-26,10000012,27353,1200,1200,1200,3000,3
2017-11-26,10000012,27359,30.62,30.62,30.62,7169,1
2017-11-26,10000012,27361,1021.71,1021.71,1259.85,11860,8
2017-11-26,10000012,27371,7.75,7.75,7.75,1500,2
2017-11-26,10000012,27381,1049.5,1049.5,1049.5,4205,4
2017-11-26,10000012,27387,1295.2,1295.2,1295.2,5100,6
2017-11-26,10000012,27395,2490,2490,2490,3000,1
2017-11-26,10000012,27401,1499.99,1499.99,1499.99,2000,1
2017-11-26,10000012,27405,1499.99,1499.99,1499.99,2000,1
2017-11-26,10000012,27413,1499.99,1499.99,1499.99,4000,2
2017-11-26,10000012,27419,1599.97,1599.97,1599.97,4000,2
2017-11-26,10000012,27423,2894,2789,2999,4000,2
2017-11-26,10000012,27429,1400,1400,1400,5000,2
2017-11-26,10000012,27435,1200,1200,1200,13742,5
2017-11-26,10000012,27447,1322.13,1322.13,1322.13,1000,1
2017-11-26,10000012,27920,1122499.99,900000,1344999.98,4,2
2017-11-26,10000012,28201,649999,649999,649999,4,1
2017-11-26,10000012,28203,550000,550000,550000,5,1
2017-11-26,10000012,28209,1990000,1990000,1990000,3,2
2017-11-26,10000012,28211,1065000,1065000,1065000,3,3
2017-11-26,10000012,28215,899999.79,850000,949998.99,24,4
2017-11-26,10000012,28326,799,799,799,3000,2
2017-11-26,10000012,28332,1600,1600,1600,3000,2
2017-11-26,10000012,28334,747,747,747,25700,9
2017-11-26,10000012,28336,599,599,599,4550,3
2017-11-26,10000012,28646,6299500,5600000,6999000,2,2
2017-11-26,10000012,28668,29598.9,29598.89,29999,5083,38
2017-11-26,10000012,28678,5000000,5000000,5000000,130,8
2017-11-26,10000012,28756,39999999.99,39999999.99,39999999.99,1,1
2017-11-26,10000012,28999,24217.75,10658.5,37777,10,8
2017-11-26,10000012,29001,478646.94,15999,990000,17,13
2017-11-26,10000012,29003,48234.97,48234.97,48234.97,3,1
2017-11-26,10000012,29005,14411.44,9000,21000,32,20
2017-11-26,10000012,29007,10139.47,7000,50000,17,14
2017-11-26,10000012,29009,148999.89,148999.89,148999.89,24,11
2017-11-26,10000012,29011,12139.11,9500,49999.98,35,10
2017-11-26,10000012,29013,11295.96,10000,13887.89,3,2
2017-11-26,10000012,29015,58469.4,11355,89879,5,4
2017-11-26,10000012,29337,20000066.36,20000066.36,20000066.36,1,1
2017-11-26,10000012,29990,169999999,169999999,169999999,1,1
2017-11-26,10000012,30013,70000,70000,70000,16,1
2017-11-26,10000012,30028,199999.98,199999.98,199999.98,20,2
2017-11-26,10000012,30486,816978.04,747597.87,849500,47,5
2017-11-26,10000012,30488,547257.92,531899.99,666821.34,72,5
2017-11-26,10000012,30532,19000000,19000000,19000000,1,1
2017-11-26,10000012,30537,19000000,19000000,19000000,1,1
2017-11-26,10000012,30538,19000000,19000000,19000000,1,1
2017-11-26,10000012,30539,19000000,19000000,19000000,1,1
2017-11-26,10000012,30832,1976666.67,1976666.67,1976666.67,1,1
2017-11-26,10000012,30836,1825000,1825000,1825000,1,1
2017-11-26,10000012,31009,850000,850000,850000,1,1
2017-11-26,10000012,31011,2718518.55,2718518.55,2718518.55,1,1
2017-11-26,10000012,31015,9999999.47,9999998.98,9999999.95,2,2
2017-11-26,10000012,31045,950724.55,799997.9,1199993.95,7,6
2017-11-26,10000012,31047,2779409.46,1999999,3558819.91,2,2
2017-11-26,10000012,31051,10900000.58,10900000.58,10900000.58,1,1
2017-11-26,10000012,31055,2656297.41,2489908.94,3100000,11,4
2017-11-26,10000012,31057,9769338.44,9538687.89,9999988.98,2,2
2017-11-26,10000012,31059,25769999,25769999,25769999,2,1
2017-11-26,10000012,31063,866665.67,799999,999999,3,3
2017-11-26,10000012,31069,11264896.33,10147344.49,13500000,3,3
2017-11-26,10000012,31083,777007,777007,777007,5,3
2017-11-26,10000012,31085,6000000,6000000,6000000,6,2
2017-11-26,10000012,31105,438532.93,349089,549998.99,16,10
2017-11-26,10000012,31107,1098986,1098986,1098986,1,1
2017-11-26,10000012,31111,5000000,5000000,5000000,2,2
2017-11-26,10000012,31117,370032,370032,370032,4,2
2017-11-26,10000012,31119,1331984.12,1139999,2000000,17,7
2017-11-26,10000012,31123,11400000.07,11400000.07,11400000.07,2,1
2017-11-26,10000012,31125,11000000,11000000,11000000,2,1
2017-11-26,10000012,31153,410438.58,250000,455617.43,14,9
2017-11-26,10000012,31155,1350000,1350000,1350000,3,1
2017-11-26,10000012,31159,505790.97,408686.96,699999,6,3
2017-11-26,10000012,31165,4897859.23,4570000,5061788.85,12,4
2017-11-26,10000012,31171,5326666.33,3990000,7999998.98,3,2
2017-11-26,10000012,31173,11990000,11990000,11990000,1,1
2017-11-26,10000012,31177,899999.65,699999,999999.98,3,3
2017-11-26,10000012,31179,1800000,1800000,1800000,1,1
2017-11-26,10000012,31183,5500000,5500000,5500000,3,2
2017-11-26,10000012,31185,16999999,16999999,16999999,1,1
2017-11-26,10000012,31213,499999,499999,499999,2,1
2017-11-26,10000012,31274,931844.49,892741.5,990498.97,5,4
2017-11-26,10000012,31276,1900000,1900000,1900000,2,1
2017-11-26,10000012,31280,5500000,5500000,5500000,2,2
2017-11-26,10000012,31286,1479999.99,1479999.99,1479999.99,2,2
2017-11-26,10000012,31292,3499999.98,3499999.98,3499999.98,1,1
2017-11-26,10000012,31298,560200,560200,560200,2,2
2017-11-26,10000012,31322,375000,375000,375000,2,1
2017-11-26,10000012,31358,1175543.19,1050000,1490977.98,7,7
2017-11-26,10000012,31360,4232910.02,4232910,4232910.05,19,7
2017-11-26,10000012,31364,7999998.32,7999998.32,7999998.32,2,2
2017-11-26,10000012,31370,506250,500000,550000,8,4
2017-11-26,10000012,31372,1433332.53,1299999,2299999.97,15,7
2017-11-26,10000012,31376,6501404.29,6017106.43,7470000,3,2
2017-11-26,10000012,31378,15000000,15000000,15000000,5,3
2017-11-26,10000012,31382,499999.96,499999.96,499999.96,2,2
2017-11-26,10000012,31406,846666.33,559999,990000,3,3
2017-11-26,10000012,31490,150000,150000,150000,1,1
2017-11-26,10000012,31532,4000000,4000000,4000000,1,1
2017-11-26,10000012,31538,1250000,1250000,1250000,2,1
2017-11-26,10000012,31562,1190990,1190990,1190990,1,1
2017-11-26,10000012,31656,150000,150000,150000,1,1
2017-11-26,10000012,31658,1999999,1999999,1999999,1,1
2017-11-26,10000012,31712,7999999.99,7999999.99,7999999.99,1,1
2017-11-26,10000012,31716,303000,300000,305000,5,4
2017-11-26,10000012,31718,1248399.2,650000,1397999,5,5
2017-11-26,10000012,31722,4080817.27,2961634.53,5200000,2,2
2017-11-26,10000012,31724,8340000,7999999.99,8680000,2,2
2017-11-26,10000012,31730,399999,399999,399999,1,1
2017-11-26,10000012,31752,55000,55000,55000,1,1
2017-11-26,10000012,31760,7208695.04,6417391.08,7999999,2,2
2017-11-26,10000012,31788,569165.2,449094,994068.69,24,11
2017-11-26,10000012,31790,2060883.39,1909991.54,2525073.69,23,12
2017-11-26,10000012,31792,45000000,45000000,45000000,3,1
2017-11-26,10000012,31794,7800000,7000000,8999999.99,5,2
2017-11-26,10000012,31796,25660867.38,24956505.35,28000000,15,9
2017-11-26,10000012,31802,2300000,2300000,2300000,3,1
2017-11-26,10000012,31818,2133333.33,2000000,2200000,6,2
2017-11-26,10000012,31864,2807916.66,2807916.66,2807916.66,2,1
2017-11-26,10000012,31866,3066666.08,2899998.99,3300000,12,5
2017-11-26,10000012,31868,4660000,4660000,4660000,5,2
2017-11-26,10000012,31874,3089662.14,3089662.14,3089662.14,6,4
2017-11-26,10000012,31878,4591425.72,3940000.14,4699996.48,14,5
2017-11-26,10000012,31882,2599999.99,2599999.99,2599999.99,15,8
2017-11-26,10000012,31884,3933547.39,3932997.88,3933987,9,4
2017-11-26,10000012,31886,3219579.2,3200000,3297896,5,2
2017-11-26,10000012,31888,2172063.83,2169966.57,2175000,12,3
2017-11-26,10000012,31890,1620199.54,154500,2519398.7,17,6
2017-11-26,10000012,31892,2900810.85,2580803,3919999,66,10
2017-11-26,10000012,31894,3052154.4,2859000,3535040.4,7,3
2017-11-26,10000012,31900,55000000,55000000,55000000,1,1
2017-11-26,10000012,31926,19689999,19689999,19689999,1,1
2017-11-26,10000012,31928,13864161.61,12499997.72,13900000,14,6
2017-11-26,10000012,31930,54599999.64,49199999.27,60000000,2,2
2017-11-26,10000012,31932,41574992.5,41574992.5,41574992.5,1,1
2017-11-26,10000012,31982,65114.46,65114.46,65114.46,30,1
2017-11-26,10000012,31990,99998.03,99998.03,99998.03,30,1
2017-11-26,10000012,31998,109998.98,109998.98,109998.98,190,5
2017-11-26,10000012,32006,290000,290000,290000,857,24
2017-11-26,10000012,32014,309000,309000,309000,611,23
2017-11-26,10000012,32772,1263565.12,990695.35,1400000,3,2
2017-11-26,10000012,32774,569999.5,239999,900000,2,2
2017-11-26,10000012,32780,2500000,2500000,2500000,2,2
2017-11-26,10000012,32787,55000,55000,55000,10,2
2017-11-26,10000012,32874,2000000,2000000,2000000,1,1
2017-11-26,10000012,32878,2899999.38,2899999.38,2899999.38,1,1
2017-11-26,10000012,32880,1639348.6,1529697.83,1748999.37,2,2
2017-11-26,10000012,33076,999999.43,999999,999999.64,3,3
2017-11-26,10000012,33101,874420.29,806841.78,1200000,6,6
2017-11-26,10000012,33103,778998.99,778998.99,778998.99,1,1
2017-11-26,10000012,33157,171500000,171500000,171500000,2,2
2017-11-26,10000012,33332,124000,124000,124000,117,6
2017-11-26,10000012,33450,2916666.66,2899999.99,2999999.99,6,2
2017-11-26,10000012,33474,2087076.1,1745000,2100000,10,9
2017-11-26,10000012,33475,9691115.38,9599999.99,9699999.99,26,13
2017-11-26,10000012,33681,76000000,76000000,76000000,1,1
2017-11-26,10000012,33824,1746733.07,101000.07,1864000,15,5
2017-11-26,10000012,33890,1100000,1100000,1100000,8,4
2017-11-26,10000012,33894,5466003,5466003,5466003,3,1
2017-11-26,10000012,33898,22000000,22000000,22000000,3,1
2017-11-26,10000012,33915,496160.22,342320.43,650000,2,2
2017-11-26,10000012,34317,62680000,62680000,62680000,1,1
2017-11-26,10000012,35656,143086.67,127130,250000,6,6
2017-11-26,10000012,35657,159866.81,159866.81,159866.81,1,1
2017-11-26,10000012,35658,200000,200000,200000,5,5
2017-11-26,10000012,35659,305322.34,300000,318628.21,7,7
2017-11-26,10000012,35660,184094.77,167630.53,245212.81,10,10
2017-11-26,10000012,35661,775786.02,775786.02,775786.02,1,1
2017-11-26,10000012,35680,9900000,9900000,9900000,1,1
2017-11-26,10000012,35683,57999999.13,57999999.13,57999999.13,1,1
2017-11-26,10000012,35790,2978998,2978998,2978998,1,1
2017-11-26,10000012,35795,43028.16,13542.06,50399.68,5,3
2017-11-26,10000012,36910,9880645.99,9283875.95,10000000,12,7
2017-11-26,10000012,36912,7750000,6999999.99,8500000,2,2
2017-11-26,10000012,37451,1900000,1900000,1900000,1,1
2017-11-26,10000012,37624,34999999,34999999,34999999,1,1
2017-11-26,10000012,40334,9556.73,9556.73,9556.73,3,2
2017-11-26,10000012,41031,886885,886885,886885,1,1
2017-11-26,10000012,41034,288070.97,287993.92,288148.01,2,2
2017-11-26,10000012,41057,5999999.94,5999999.94,5999999.94,1,1
2017-11-26,10000012,41155,68888,68888,68888,1,1
2017-11-26,10000012,41218,46500000,36999999.99,56000000,2,2
2017-11-26,10000012,41411,79990000.38,79990000.38,79990000.38,1,1
2017-11-26,10000012,41489,194000,194000,194000,105,2
2017-11-26,10000012,41490,1217741.94,1150000,1500000,31,2
2017-11-26,10000012,42530,1500000,1500000,1500000,1,1
2017-11-26,10000012,42694,920,920,920,300,1
2017-11-26,10000012,42838,1046.6,1046.6,1046.6,500,1
2017-11-26,10000012,42839,1700,999,2349.5,1100,3
2017-11-26,10000012,43554,3366666.67,3300000,3500000,3,3
2017-11-26,10000012,43556,3586998.92,3500000,3929496.21,7,4
2017-11-26,10000012,44992,3332800.23,3332800.23,3332800.23,10,1
2017-11-26,10000012,45595,51999999.98,51999999.98,51999999.98,1,1
2017-11-26,10000012,45608,54000000,54000000,54000000,4,4
2017-11-26,10000012,45619,41000000,40999999.99,41000000,2,2
2017-11-26,10000012,45621,41000000,41000000,41000000,1,1
2017-11-26,10000012,45633,52000000,52000000,52000000,1,1
2017-11-26,10000012,45828,1,1,1,31,28
2017-11-26,10000012,45998,5500000,5500000,5500000,1,1
2017-11-26,10000012,46002,4472222,4444444,4500000,2,2
2017-11-26,10000012,46005,8000000,8000000,8000000,1,1
2017-11-26,10000012,46008,9870530.02,6570291,14999999,31,28
2017-11-26,10000013,34,5,5,5,13883890,2
2017-11-26,10000013,36,1.02,1.02,1.02,71629,4
2017-11-26,10000013,37,32,32,32,96371,2
2017-11-26,10000013,38,311,311,311,24105,2
2017-11-26,10000013,39,1000,1000,1000,33235,2
2017-11-26,10000013,40,900,900,900,57242,3
2017-11-26,10000013,44,13069.69,13069.69,13069.69,2420,1
2017-11-26,10000013,201,300,300,300,22000,1
2017-11-26,10000013,202,259.99,259.99,259.99,22000,2
2017-11-26,10000013,203,205,205,205,10001,2
2017-11-26,10000013,204,359.97,359.97,359.97,12500,2
2017-11-26,10000013,205,75,75,75,10000,1
2017-11-26,10000013,211,15,15,15,20000,1
2017-11-26,10000013,212,19.99,19.99,19.99,3500,2
2017-11-26,10000013,217,5,5,5,500,1
2017-11-26,10000013,230,69.69,69.69,69.69,18000,3
2017-11-26,10000013,238,153.37,153.37,153.37,10000,1
2017-11-26,10000013,380,537741.93,537741.93,537741.93,1,1
2017-11-26,10000013,400,389999.98,389999.98,389999.98,1,1
2017-11-26,10000013,434,40000,10000,70000,2,2
2017-11-26,10000013,438,3000000,3000000,3000000,1,1
2017-11-26,10000013,440,6112450.01,5774700.04,6180000,12,3
2017-11-26,10000013,444,47857.81,32862.5,50000,8,3
2017-11-26,10000013,448,1644000,1644000,1644000,1,1
2017-11-26,10000013,483,15999.99,15999.99,15999.99,1,1
2017-11-26,10000013,493,750000,750000,750000,6,1
2017-11-26,10000013,519,1390000,1390000,1390000,1,1
2017-11-26,10000013,526,40000,40000,40000,1,1
2017-11-26,10000013,527,2450000,2450000,2450000,1,1
2017-11-26,10000013,530,400000,400000,400000,1,1
2017-11-26,10000013,578,107400,99000,120000,5,3
2017-11-26,10000013,580,50000,50000,50000,1,1
2017-11-26,10000013,584,445000,445000,445000,1,1
2017-11-26,10000013,585,446666.67,446666.67,446666.67,1,1
2017-11-26,10000013,598,450000,450000,450000,1,1
2017-11-26,10000013,605,550000,550000,550000,5,2
2017-11-26,10000013,608,402499.49,402499.49,402499.49,1,1
2017-11-26,10000013,626,6333333.33,6333333.33,6333333.33,1,1
2017-11-26,10000013,638,80000000,80000000,80000000,2,2
2017-11-26,10000013,650,1199999.99,1199999.99,1199999.99,1,1
2017-11-26,10000013,655,1262337.6,1000000,1524675.2,4,4
2017-11-26,10000013,656,1234090.72,1200000,1404544.32,6,6
2017-11-26,10000013,657,1401551.67,1303103.33,1500000,2,2
2017-11-26,10000013,672,45986.47,45986.47,45986.47,1,1
2017-11-26,10000013,1244,55000,55000,55000,1,1
2017-11-26,10000013,1248,1092735.2,1092735.2,1092735.2,5,1
2017-11-26,10000013,1306,999999.99,999999.99,999999.99,1,1
2017-11-26,10000013,1317,25000,25000,25000,7,2
2017-11-26,10000013,1319,877698.88,849999.99,891548.32,21,7
2017-11-26,10000013,1403,29999.99,29999.99,29999.99,4,1
2017-11-26,10000013,1405,747522.46,740092.84,749999,4,2
2017-11-26,10000013,1422,1000000,1000000,1000000,1,1
2017-11-26,10000013,1436,1550000,1550000,1550000,1,1
2017-11-26,10000013,1445,19999,19999,19999,1,1
2017-11-26,10000013,1447,810000,810000,810000,1,1
2017-11-26,10000013,1877,1300000,1300000,1300000,6,1
2017-11-26,10000013,1944,1300000,1300000,1300000,1,1
2017-11-26,10000013,1952,1366666.67,1350000,1400000,3,3
2017-11-26,10000013,1978,1100000,1100000,1100000,3,2
2017-11-26,10000013,1987,980000,920000,1000000,4,2
2017-11-26,10000013,1999,999999.49,999999,999999.98,2,2
2017-11-26,10000013,2006,8000000,8000000,8000000,1,1
2017-11-26,10000013,2032,604835.16,600000,640000,91,10
2017-11-26,10000013,2048,609380.3,485250,628945.45,6,6
2017-11-26,10000013,2175,1261250,1200000,1500000,40,9
2017-11-26,10000013,2185,1049999.99,1049999.99,1049999.99,5,1
2017-11-26,10000013,2193,210000,210000,210000,28,3
2017-11-26,10000013,2195,2126851.85,2000000,2400000,27,4
2017-11-26,10000013,2203,4999.98,4999.98,4999.98,120,5
2017-11-26,10000013,2205,575403.87,474999.99,650000,73,7
2017-11-26,10000013,2281,3688836.34,3650000,3721199.95,11,9
2017-11-26,10000013,2291,75000,75000,75000,1,1
2017-11-26,10000013,2293,120000,120000,120000,2,2
2017-11-26,10000013,2295,75000,75000,75000,1,1
2017-11-26,10000013,2301,1890000,1890000,1890000,1,1
2017-11-26,10000013,2303,2000000,2000000,2000000,1,1
2017-11-26,10000013,2317,11687.77,11687.77,11687.77,65,1
2017-11-26,10000013,2333,1009333.33,964000,1200000,6,3
2017-11-26,10000013,2390,450,450,450,20000,1
2017-11-26,10000013,2399,770,770,770,341800,2
2017-11-26,10000013,2401,900,900,900,90000,1
2017-11-26,10000013,2410,1199000,1199000,1199000,6,1
2017-11-26,10000013,2444,60000,60000,60000,30,1
2017-11-26,10000013,2454,10000,10000,10000,67,2
2017-11-26,10000013,2456,415000,415000,415000,5,1
2017-11-26,10000013,2464,10000,10000,10000,3,1
2017-11-26,10000013,2488,467369.26,375000,480000,9,3
2017-11-26,10000013,2524,1366409.71,1366409.71,1366409.71,2,1
2017-11-26,10000013,2525,600000,600000,600000,1,1
2017-11-26,10000013,2534,605098.04,605098.04,605098.04,6,1
2017-11-26,10000013,2549,583333.33,500000,600000,6,3
2017-11-26,10000013,2550,600000,600000,600000,4,1
2017-11-26,10000013,2551,600000,600000,600000,2,1
2017-11-26,10000013,2553,1200000,1200000,1200000,6,3
2017-11-26,10000013,2563,1700000,1700000,1700000,2,1
2017-11-26,10000013,2567,2100000,2100000,2100000,10,1
2017-11-26,10000013,2571,1680000,1680000,1680000,2,1
2017-11-26,10000013,2605,719199.89,657600,750000,9,6
2017-11-26,10000013,2613,150,150,150,5000,1
2017-11-26,10000013,2621,684.48,684.48,684.48,20000,2
2017-11-26,10000013,2637,490,490,490,10000,1
2017-11-26,10000013,2870,1100000,1100000,1100000,26,1
2017-11-26,10000013,2873,894999.99,894999.99,894999.99,3,1
2017-11-26,10000013,2881,700000,700000,700000,10,1
2017-11-26,10000013,2889,700000,700000,700000,6,1
2017-11-26,10000013,2897,1650000,1650000,1650000,4,1
2017-11-26,10000013,2905,700000,700000,700000,4,2
2017-11-26,10000013,2961,5490000,5490000,5490000,4,1
2017-11-26,10000013,3244,1600000,1600000,1600000,1,1
2017-11-26,10000013,3315,1000000,1000000,1000000,1,1
2017-11-26,10000013,3317,100100,100100,100100,1,1
2017-11-26,10000013,3328,48000,48000,48000,1,1
2017-11-26,10000013,3333,600000,600000,600000,1,1
2017-11-26,10000013,3336,4000000,4000000,4000000,1,1
2017-11-26,10000013,3339,4500000,4500000,4500000,1,1
2017-11-26,10000013,3340,453333.33,453333.33,453333.33,1,1
2017-11-26,10000013,3385,55000,55000,55000,1,1
2017-11-26,10000013,3389,340000,340000,340000,1,1
2017-11-26,10000013,3423,95000,95000,95000,1,1
2017-11-26,10000013,3456,13999999.99,13999999.99,13999999.99,1,1
2017-11-26,10000013,3530,1899999,1899999,1899999,2,1
2017-11-26,10000013,3538,199999,199999,199999,1,1
2017-11-26,10000013,3540,2499999.99,2300000,2599999.98,3,2
2017-11-26,10000013,3554,1000,1000,1000,3450,1
2017-11-26,10000013,3568,1000000,1000000,1000000,4,2
2017-11-26,10000013,3576,199999.99,199999.99,199999.99,2,2
2017-11-26,10000013,3645,500,500,500,100000,1
2017-11-26,10000013,3779,1000,1000,1000,132300,2
2017-11-26,10000013,3831,1500000,1500000,1500000,3,2
2017-11-26,10000013,3839,90000,85000,95000,8,3
2017-11-26,10000013,3841,1449602.32,1197419.05,1499999,13,7
2017-11-26,10000013,3977,900000,900000,900000,8,1
2017-11-26,10000013,4051,23000,23000,23000,10000,1
2017-11-26,10000013,4250,2791666.66,2749999.99,3000000,6,3
2017-11-26,10000013,4254,1000000,1000000,1000000,1,1
2017-11-26,10000013,4312,20000,20000,20000,30775,6
2017-11-26,10000013,4349,315000000,315000000,315000000,1,1
2017-11-26,10000013,4383,1582000,1582000,1582000,1,1
2017-11-26,10000013,4395,600000,600000,600000,2,2
2017-11-26,10000013,4399,8000000,8000000,8000000,4,4
2017-11-26,10000013,4403,382928.54,382928.54,382928.54,1,1
2017-11-26,10000013,4405,1352278.83,1222754.76,1450000,18,8
2017-11-26,10000013,4409,29500,29500,29500,1,1
2017-11-26,10000013,4477,300000,300000,300000,4,1
2017-11-26,10000013,5839,2250000,2250000,2250000,1,1
2017-11-26,10000013,5945,850000,850000,850000,1,1
2017-11-26,10000013,5971,1000000,1000000,1000000,1,1
2017-11-26,10000013,5973,558859.38,475000,642718.75,2,2
2017-11-26,10000013,5975,604800.92,598167.84,611434,2,2
2017-11-26,10000013,6437,150000,150000,150000,2,1
2017-11-26,10000013,6569,59999.99,59999.99,59999.99,1,1
2017-11-26,10000013,7447,1200000,1200000,1200000,4,2
2017-11-26,10000013,8027,2000000,2000000,2000000,6,6
2017-11-26,10000013,8517,3599999.99,3599999.99,3599999.99,1,1
2017-11-26,10000013,9632,428571.42,400000,499999.98,7,4
2017-11-26,10000013,9834,125000,125000,125000,500,1
2017-11-26,10000013,9836,12000,12000,12000,10800,1
2017-11-26,10000013,9838,9524.7,9524.7,9524.7,65,1
2017-11-26,10000013,9848,50000,50000,50000,36,1
2017-11-26,10000013,9899,14999999.99,14999999.99,14999999.99,1,1
2017-11-26,10000013,9941,14999999.99,14999999.99,14999999.99,1,1
2017-11-26,10000013,9942,14999999.99,14999999.99,14999999.99,1,1
2017-11-26,10000013,9943,14999999.99,14999999.99,14999999.99,1,1
2017-11-26,10000013,9956,14999999.99,14999999.99,14999999.99,1,1
2017-11-26,10000013,10190,1300000,1300000,1300000,1,1
2017-11-26,10000013,10208,24000000,24000000,24000000,1,1
2017-11-26,10000013,10212,24000000,24000000,24000000,1,1
2017-11-26,10000013,10216,24000000,24000000,24000000,1,1
2017-11-26,10000013,10221,25500000,24000000,26999999.99,2,2
2017-11-26,10000013,10246,14799.99,14799.99,14799.99,10,2
2017-11-26,10000013,10250,1155769.23,1100000,1300000,52,5
2017-11-26,10000013,10888,350000,350000,350000,1,1
2017-11-26,10000013,10998,214802.46,100000,243999,25,5
2017-11-26,10000013,11129,39999.99,39999.99,39999.99,1,1
2017-11-26,10000013,11132,49999.98,49999.98,49999.98,1,1
2017-11-26,10000013,11176,36750000,35500000,38000000,2,2
2017-11-26,10000013,11188,28000000,28000000,28000000,1,1
2017-11-26,10000013,11198,29500000,29500000,29500000,2,1
2017-11-26,10000013,11267,200000,200000,200000,1,1
2017-11-26,10000013,11269,823349.95,670049.84,900000,3,2
2017-11-26,10000013,11287,5500,5500,5500,100,1
2017-11-26,10000013,11289,5000,5000,5000,100,1
2017-11-26,10000013,11370,2598399.8,2398000,3399999,5,4
2017-11-26,10000013,11399,7600,7600,7600,2677,4
2017-11-26,10000013,11446,15000000,15000000,15000000,1,1
2017-11-26,10000013,11452,12000000,12000000,12000000,1,1
2017-11-26,10000013,11577,4400000,4400000,4400000,1,1
2017-11-26,10000013,11578,6803333.33,6500000,6955000,3,3
2017-11-26,10000013,11640,860616.92,850000,924318.42,7,3
2017-11-26,10000013,12052,200000,200000,200000,2,2
2017-11-26,10000013,12056,48245.49,48245.49,48245.49,1,1
2017-11-26,10000013,12058,3449999.99,3449999.99,3449999.99,3,3
2017-11-26,10000013,12076,5012459.96,5012459.96,5012459.96,1,1
2017-11-26,10000013,12098,26000000,26000000,26000000,1,1
2017-11-26,10000013,12182,350000,350000,350000,1,1
2017-11-26,10000013,12183,330000,330000,330000,2,2
2017-11-26,10000013,12184,250100,250100,250100,1,1
2017-11-26,10000013,12484,4466666.65,4466666.63,4466666.67,2,2
2017-11-26,10000013,12485,9000000,9000000,9000000,1,1
2017-11-26,10000013,12608,65,65,65,978,1
2017-11-26,10000013,12625,50,50,50,1000,1
2017-11-26,10000013,14029,4500000,4500000,4500000,2,1
2017-11-26,10000013,14045,79600000,79600000,79600000,1,1
2017-11-26,10000013,15681,140000000,140000000,140000000,2,1
2017-11-26,10000013,16238,1198000,1198000,1198000,1,1
2017-11-26,10000013,16272,399,399,399,1870071,8
2017-11-26,10000013,16273,170,170,170,107630,10
2017-11-26,10000013,16275,2999.69,2800,3700,36241,9
2017-11-26,10000013,16281,330000,330000,330000,1,1
2017-11-26,10000013,16636,3731,3731,3731,4134,1
2017-11-26,10000013,16640,4998,4998,4998,49512,1
2017-11-26,10000013,16644,5250,5250,5250,16000,1
2017-11-26,10000013,16650,76000,76000,76000,50000,1
2017-11-26,10000013,16651,42500,42500,42500,100000,1
2017-11-26,10000013,16652,62000,62000,62000,286246,1
2017-11-26,10000013,16655,10702,10702,10702,8000,1
2017-11-26,10000013,16659,2794,2794,2794,8000,1
2017-11-26,10000013,16663,16645,16645,16645,1000,1
2017-11-26,10000013,16664,14999,14999,14999,500,1
2017-11-26,10000013,16665,7095,7095,7095,21300,4
2017-11-26,10000013,16668,45855,45855,45855,500,1
2017-11-26,10000013,16671,258,258,258,1053305,4
2017-11-26,10000013,16678,500,500,500,695390,3
2017-11-26,10000013,16679,1283.89,1283.89,1283.89,57735,3
2017-11-26,10000013,16681,7855,7855,7855,21068,3
2017-11-26,10000013,16682,17088.45,17088.45,17088.45,3140,1
2017-11-26,10000013,17317,104000,104000,104000,7971,6
2017-11-26,10000013,17367,100000,100000,100000,1,1
2017-11-26,10000013,17476,27504761.91,26500000,27509523.81,6,4
2017-11-26,10000013,17480,16619096.58,16446207.72,16964874.31,3,3
2017-11-26,10000013,17482,2133699.99,1845000,2148999.99,10,5
2017-11-26,10000013,17526,31000000,30000000,32000000,4,2
2017-11-26,10000013,17559,104466666.69,104466666.69,104466666.69,1,1
2017-11-26,10000013,17715,263400000,263400000,263400000,1,1
2017-11-26,10000013,17722,215000000,215000000,215000000,1,1
2017-11-26,10000013,17887,780,780,780,137334,3
2017-11-26,10000013,17888,1000,1000,1000,20300,2
2017-11-26,10000013,17889,900,900,900,33000,2
2017-11-26,10000013,17912,4060834.87,3800000,4100000,18,9
2017-11-26,10000013,17918,519999999.97,519999999.97,519999999.97,1,1
2017-11-26,10000013,17938,58636.36,45000,60000,11,4
2017-11-26,10000013,17959,11025,11025,11025,1500,2
2017-11-26,10000013,18036,83615.38,82999.99,84000,13,3
2017-11-26,10000013,18038,89500,84000,95000,4,2
2017-11-26,10000013,18040,99000,99000,99000,4,1
2017-11-26,10000013,18042,95000,95000,95000,14,3
2017-11-26,10000013,18044,98500,98000,99000,8,2
2017-11-26,10000013,18046,83000,83000,83000,4,1
2017-11-26,10000013,18050,50000.01,50000.01,50000.01,8,2
2017-11-26,10000013,18052,50250,45000,66000,4,3
2017-11-26,10000013,18056,90000,90000,90000,8,2
2017-11-26,10000013,18058,140800,140800,140800,12,3
2017-11-26,10000013,18064,156000,156000,156000,2,1
2017-11-26,10000013,18066,23551.25,23551.25,23551.25,8,2
2017-11-26,10000013,18590,868750,700000,900000,64,4
2017-11-26,10000013,18592,554766.83,550000,633999.99,74,8
2017-11-26,10000013,18594,777313.59,500000,900000,62,6
2017-11-26,10000013,18596,500000,500000,500000,4,1
2017-11-26,10000013,18598,899999.99,899999.99,899999.99,29,3
2017-11-26,10000013,18600,220000,220000,220000,2,1
2017-11-26,10000013,18602,325000,325000,325000,2,1
2017-11-26,10000013,18608,900000,900000,900000,50,1
2017-11-26,10000013,18612,350000,350000,350000,4,1
2017-11-26,10000013,18614,450000,450000,450000,4,1
2017-11-26,10000013,18616,450000,450000,450000,10,3
2017-11-26,10000013,18624,895093.76,800000,900000,68,5
2017-11-26,10000013,18626,480000,480000,480000,20,1
2017-11-26,10000013,18682,65000000,65000000,65000000,1,1
2017-11-26,10000013,19027,288000000,288000000,288000000,1,1
2017-11-26,10000013,19208,154000000,154000000,154000000,1,1
2017-11-26,10000013,19301,198700000.04,198700000.04,198700000.04,1,1
2017-11-26,10000013,19315,110000000,110000000,110000000,1,1
2017-11-26,10000013,19417,41000008,41000008,41000008,2,2
2017-11-26,10000013,19739,3669999.99,3669999.99,3669999.99,6,1
2017-11-26,10000013,19952,200000,200000,200000,4,2
2017-11-26,10000013,20185,1000000000,1000000000,1000000000,1,1
2017-11-26,10000013,20210,750000,750000,750000,2,2
2017-11-26,10000013,21096,2983333.38,2750000.69,3000000,15,6
2017-11-26,10000013,21610,27000000,27000000,27000000,1,1
2017-11-26,10000013,21611,42999999.95,42999999.95,42999999.95,1,1
2017-11-26,10000013,21815,5200000,5200000,5200000,3,2
2017-11-26,10000013,21894,1839.95,1839.95,1839.95,3040,1
2017-11-26,10000013,21896,999,999,999,4485,2
2017-11-26,10000013,21898,600,600,600,2000,1
2017-11-26,10000013,21914,700,700,700,2000,1
2017-11-26,10000013,22229,4100000,4100000,4100000,6,2
2017-11-26,10000013,22291,1010749.75,998000,1100000,8,3
2017-11-26,10000013,22542,144666.33,144000,144999.5,3,3
2017-11-26,10000013,22544,399999999,399999999,399999999,2,2
2017-11-26,10000013,22548,400750000,400750000,400750000,1,1
2017-11-26,10000013,22551,35000000,35000000,35000000,2,1
2017-11-26,10000013,22559,72500000,72500000,72500000,1,1
2017-11-26,10000013,22778,160000,160000,160000,30,1
2017-11-26,10000013,23055,3200000,3200000,3200000,108,10
2017-11-26,10000013,23525,167500,124999.99,210000,10,2
2017-11-26,10000013,23527,381666.67,300000,545000,9,6
2017-11-26,10000013,23707,8000,8000,8000,32,2
2017-11-26,10000013,24241,60000,60000,60000,1,1
2017-11-26,10000013,24305,4562962.96,4562962.96,4562962.96,2,1
2017-11-26,10000013,24348,1450000,1450000,1450000,1,1
2017-11-26,10000013,24417,1748291.27,1700000,1844873.82,3,3
2017-11-26,10000013,24427,1475125.22,1450000,1520794.01,13,7
2017-11-26,10000013,24438,1181330.62,1062661.23,1300000,2,2
2017-11-26,10000013,24535,625,625,625,13000,2
2017-11-26,10000013,24644,47319085,47319085,47319085,1,1
2017-11-26,10000013,24698,32000000,32000000,32000000,1,1
2017-11-26,10000013,24702,29500000,29500000,29500000,1,1
2017-11-26,10000013,25266,1999999,1999999,1999999,10,1
2017-11-26,10000013,25544,32000000,32000000,32000000,1,1
2017-11-26,10000013,25595,14040.01,14040.01,14040.01,5,1
2017-11-26,10000013,25598,11000,11000,11000,71,2
2017-11-26,10000013,25599,1200,1200,1200,1694,1
2017-11-26,10000013,25600,25000.01,25000.01,25000.01,118,2
2017-11-26,10000013,25601,10000,10000,10000,178,1
2017-11-26,10000013,25603,25000,25000,25000,10,1
2017-11-26,10000013,25604,20000,20000,20000,117,2
2017-11-26,10000013,25605,12000,12000,12000,1,1
2017-11-26,10000013,25861,119997.86,119990,120000,14,4
2017-11-26,10000013,25894,11000000,11000000,11000000,3,1
2017-11-26,10000013,25916,12500000,12500000,12500000,3,1
2017-11-26,10000013,25918,16000000,16000000,16000000,3,1
2017-11-26,10000013,25948,7097142.86,6000000,7920000,7,2
2017-11-26,10000013,25956,16750000,16750000,16750000,1,1
2017-11-26,10000013,26088,7000000,7000000,7000000,2,1
2017-11-26,10000013,26252,60000,60000,60000,1,1
2017-11-26,10000013,26260,120000,120000,120000,1,1
2017-11-26,10000013,26374,44500000,44500000,44500000,4,2
2017-11-26,10000013,26929,199999.99,199999.99,199999.99,2,1
2017-11-26,10000013,27371,1100,1100,1100,10000,1
2017-11-26,10000013,27423,1825,1825,1825,7000,2
2017-11-26,10000013,28213,1049999.79,999999.99,1249999,10,3
2017-11-26,10000013,28282,1100000,1100000,1100000,4,1
2017-11-26,10000013,28328,283,283,283,1654,1
2017-11-26,10000013,28366,2300000,2300000,2300000,67,2
2017-11-26,10000013,28367,400000.02,400000.02,400000.02,413,2
2017-11-26,10000013,28388,402300,402300,402300,166,2
2017-11-26,10000013,28391,290000,290000,290000,31,1
2017-11-26,10000013,28413,1900000,1900000,1900000,101,1
2017-11-26,10000013,28420,290000,290000,290000,366,12
2017-11-26,10000013,28435,399518.86,399518.86,399518.86,314,1
2017-11-26,10000013,28439,549104.01,549104.01,549104.01,148,1
2017-11-26,10000013,28443,242250.02,242250.02,242250.02,5,1
2017-11-26,10000013,28576,1029433.96,960000,1099999.99,53,11
2017-11-26,10000013,28578,999999,999999,999999,6,2
2017-11-26,10000013,28583,75000000,75000000,75000000,1,1
2017-11-26,10000013,28606,746999999.99,746999999.99,746999999.99,1,1
2017-11-26,10000013,28646,4500000,4500000,4500000,1,1
2017-11-26,10000013,28665,1350000000,1350000000,1350000000,1,1
2017-11-26,10000013,28668,29999.99,29999.99,29999.99,2626,4
2017-11-26,10000013,28756,43161666.67,38485000,45500000,3,3
2017-11-26,10000013,28999,14000,13000,15000,10,5
2017-11-26,10000013,29001,16795.98,12282.79,50000,46,10
2017-11-26,10000013,29009,6999.8,6999.8,6999.8,1,1
2017-11-26,10000013,29011,6250,6000,6500,2,2
2017-11-26,10000013,29990,190000000,190000000,190000000,1,1
2017-11-26,10000013,30013,9000,9000,9000,120,2
2017-11-26,10000013,30486,528000,500000,556000,32,2
2017-11-26,10000013,30488,502500,485000,520000,16,2
2017-11-26,10000013,30836,1642857.14,1600000,1650000,7,3
2017-11-26,10000013,31035,2460000,2460000,2460000,1,1
2017-11-26,10000013,31055,2200000,2200000,2200000,1,1
2017-11-26,10000013,31105,500000,500000,500000,7,1
2017-11-26,10000013,31117,450000,450000,450000,3,1
2017-11-26,10000013,31119,1597500,1580000,1599999.99,8,4
2017-11-26,10000013,31177,325000,325000,325000,3,2
2017-11-26,10000013,31213,299999.99,299999.99,299999.99,4,1
2017-11-26,10000013,31274,350000,350000,350000,9,1
2017-11-26,10000013,31372,1219000,1219000,1219000,12,1
2017-11-26,10000013,31412,6999999,6999999,6999999,12,1
2017-11-26,10000013,31606,14000000,14000000,14000000,1,1
2017-11-26,10000013,31610,2999999.97,2999999.97,2999999.97,1,1
2017-11-26,10000013,31718,333333.33,325000,350000,3,3
2017-11-26,10000013,31724,5500000,5500000,5500000,4,2
2017-11-26,10000013,31788,419999.99,419999.99,419999.99,2,1
2017-11-26,10000013,31790,2268750,2250000,3000000,40,8
2017-11-26,10000013,31796,26148026.32,25500000,27000000,8,4
2017-11-26,10000013,31802,2250000,2250000,2250000,3,1
2017-11-26,10000013,31864,3000000,3000000,3000000,7,1
2017-11-26,10000013,31868,4500000,4500000,4500000,3,1
2017-11-26,10000013,31870,4400000,4400000,4400000,11,3
2017-11-26,10000013,31922,4999999.99,4999999.99,4999999.99,1,1
2017-11-26,10000013,31942,34000000,34000000,34000000,1,1
2017-11-26,10000013,32043,3000000,3000000,3000000,4,1
2017-11-26,10000013,32083,2200000,2200000,2200000,1,1
2017-11-26,10000013,32774,117000,100000,134000,2,2
2017-11-26,10000013,32819,1250000,1250000,1250000,1,1
2017-11-26,10000013,32880,370000,370000,370000,8,3
2017-11-26,10000013,33003,274999.99,200000,399999.99,16,8
2017-11-26,10000013,33076,1500000,1500000,1500000,1,1
2017-11-26,10000013,33094,120000,120000,120000,1,1
2017-11-26,10000013,33103,440000,440000,440000,1,1
2017-11-26,10000013,33180,100000,100000,100000,1,1
2017-11-26,10000013,33270,999999,999999,999999,2,2
2017-11-26,10000013,33287,749999999.99,749999999.99,749999999.99,2,1
2017-11-26,10000013,33362,27800,27800,27800,22098,4
2017-11-26,10000013,33474,2000000,2000000,2000000,1,1
2017-11-26,10000013,33475,10759399.99,9999999.95,11200000,15,7
2017-11-26,10000013,33520,43000000,43000000,43000000,1,1
2017-11-26,10000013,33595,40000000,40000000,40000000,2,2
2017-11-26,10000013,33681,119700000,116000000,151200000,6,4
2017-11-26,10000013,33820,708750000,708750000,708750000,1,1
2017-11-26,10000013,33824,1549999.98,1549999.98,1549999.98,1,1
2017-11-26,10000013,33826,44000000,44000000,44000000,1,1
2017-11-26,10000013,33828,24000000,24000000,24000000,1,1
2017-11-26,10000013,33844,121981523.9,108000000,135963047.8,8,6
2017-11-26,10000013,33852,193999999.75,175000000,199999999.87,5,4
2017-11-26,10000013,33856,4500000,4500000,4500000,1,1
2017-11-26,10000013,33894,4500000,4500000,4500000,3,1
2017-11-26,10000013,34306,9000000,9000000,9000000,1,1
2017-11-26,10000013,34496,1500000,1500000,1500000,1,1
2017-11-26,10000013,34533,999999.99,999999.99,999999.99,1,1
2017-11-26,10000013,35662,560833.33,560833.33,560833.33,1,1
2017-11-26,10000013,35771,1104000,1104000,1104000,5,3
2017-11-26,10000013,35788,81666.67,81666.67,81666.67,1,1
2017-11-26,10000013,35790,1800000,1800000,1800000,3,1
2017-11-26,10000013,35899,45000000,45000000,45000000,1,1
2017-11-26,10000013,36909,8008192,8008192,8008192,1,1
2017-11-26,10000013,37450,1160000,1160000,1160000,1,1
2017-11-26,10000013,40355,45000000,45000000,45000000,1,1
2017-11-26,10000013,40362,14000000,14000000,14000000,8,1
2017-11-26,10000013,40520,875000000,875000000,875000000,3,3
2017-11-26,10000013,40556,13625000,12500000,16000000,28,3
2017-11-26,10000013,40558,11500000,11500000,11500000,9,1
2017-11-26,10000013,40560,36000000,36000000,36000000,12,3
2017-11-26,10000013,40561,35000000,35000000,35000000,18,1
2017-11-26,10000013,41057,4500000,4500000,4500000,1,1
2017-11-26,10000013,41155,10000,10000,10000,1,1
2017-11-26,10000013,41411,65000000,65000000,65000000,1,1
2017-11-26,10000013,41415,157199999.8,149999999,159000000,5,2
2017-11-26,10000013,41489,12019.16,12019.16,12019.16,1631,6
2017-11-26,10000013,42244,60000000,60000000,60000000,1,1
2017-11-26,10000013,42829,560,500,560,8081,4
2017-11-26,10000013,42830,550,520,550,9600,5
2017-11-26,10000013,42831,999.98,999.98,999.98,7799,4
2017-11-26,10000013,43551,4981818.18,4600000,5999999.99,11,5
2017-11-26,10000013,43552,3000000,3000000,3000000,5,1
2017-11-26,10000013,43555,3850000,3850000,3850000,5,1
2017-11-26,10000013,43700,5000000,5000000,5000000,5,1
2017-11-26,10000013,43701,125000000,125000000,125000000,1,1
2017-11-26,10000013,44992,2806019.96,2806019.96,2806019.96,42,1
2017-11-26,10000013,45009,185000000,185000000,185000000,1,1
2017-11-26,10000013,45537,190000000,190000000,190000000,1,1
2017-11-26,10000013,45589,55000000,55000000,55000000,1,1
2017-11-26,10000013,45591,48739999.99,48739999.99,48739999.99,1,1
2017-11-26,10000013,45595,55000000,55000000,55000000,1,1
2017-11-26,10000013,45596,45000000,45000000,45000000,1,1
2017-11-26,10000013,45607,45000000,45000000,45000000,1,1
2017-11-26,10000013,45619,55000000,55000000,55000000,1,1
2017-11-26,10000013,45631,45000000,45000000,45000000,1,1
2017-11-26,10000013,46008,15622499.75,14600000,16500000,20,11
2017-11-26,10000013,46154,24000000,24000000,24000000,1,1
2017-11-26,10000013,46355,175000,175000,175000,2,1
2017-11-26,10000013,46365,175000,175000,175000,4,1
2017-11-26,10000014,34,5.16,5.16,5.16,30136584,32
2017-11-26,10000014,35,2.99,2.99,2.99,6042383,26
2017-11-26,10000014,36,63.01,63,65,1659771,27
2017-11-26,10000014,37,25,25,25,529571,21
2017-11-26,10000014,38,324.99,324.99,390,76734,16
2017-11-26,10000014,39,960,960,960,34817,7
2017-11-26,10000014,40,1278.22,800.01,1280,5251,14
2017-11-26,10000014,44,11027.5,11027.5,11027.5,18,1
2017-11-26,10000014,182,6,6,6,2720,2
2017-11-26,10000014,184,23.57,23.57,23.57,7600,3
2017-11-26,10000014,185,18.99,18.99,18.99,4000,1
2017-11-26,10000014,187,58,58,58,500,1
2017-11-26,10000014,192,134.29,134.29,134.29,500,1
2017-11-26,10000014,193,103.55,103.55,103.55,240,2
2017-11-26,10000014,201,276.9,276.9,276.9,30000,1
2017-11-26,10000014,202,400,400,400,12200,2
2017-11-26,10000014,207,297.98,297.98,297.98,2572,5
2017-11-26,10000014,210,17.98,17.98,17.98,13920,6
2017-11-26,10000014,212,25,25,25,40000,1
2017-11-26,10000014,213,32.34,32.34,32.34,15900,6
2017-11-26,10000014,215,6.72,6.72,6.72,3000,3
2017-11-26,10000014,222,23.47,23.47,23.47,23340,8
2017-11-26,10000014,230,60,60,60,22437,5
2017-11-26,10000014,238,270,270,270,5000,1
2017-11-26,10000014,239,1100,1100,1100,4,2
2017-11-26,10000014,246,5216.48,5216.48,5216.48,11,2
2017-11-26,10000014,252,1,1,1,2,1
2017-11-26,10000014,255,1300,1300,1300,1,1
2017-11-26,10000014,257,1250,1250,1250,1,1
2017-11-26,10000014,259,1200,1200,1200,1,1
2017-11-26,10000014,262,1250,1250,1250,8,1
2017-11-26,10000014,377,81135.66,81135.66,81135.66,2,2
2017-11-26,10000014,380,925223.85,705582,1200000,13,9
2017-11-26,10000014,399,67250,67250,67250,1,1
2017-11-26,10000014,438,4183998.99,3600000,4267997.98,8,8
2017-11-26,10000014,439,75493.3,75493.3,75493.31,4,4
2017-11-26,10000014,440,6483543.59,5999999.99,6575312.82,20,19
2017-11-26,10000014,442,6998.99,6998.99,6998.99,2,2
2017-11-26,10000014,447,76827.24,25000,97558.14,7,6
2017-11-26,10000014,448,2065541.42,1773150,2195481.92,64,45
2017-11-26,10000014,450,49999.99,49999.99,49999.99,2,1
2017-11-26,10000014,452,65000,65000,65000,3,1
2017-11-26,10000014,482,2450379.19,1500000,2687973.99,10,5
2017-11-26,10000014,483,34999.99,34999.99,34999.99,8,4
2017-11-26,10000014,484,32499.99,9999.99,99999.98,4,2
2017-11-26,10000014,485,5995.72,5995.72,5995.72,10,2
2017-11-26,10000014,486,42000,42000,42000,16,4
2017-11-26,10000014,487,84000,84000,84000,3,1
2017-11-26,10000014,499,16000,16000,16000,54,2
2017-11-26,10000014,501,87500.04,87500.04,87500.04,4,2
2017-11-26,10000014,519,1512493.85,1389998,1785896,93,47
2017-11-26,10000014,520,149999.99,149999.99,149999.99,5,4
2017-11-26,10000014,523,25610,25610,25610,1,1
2017-11-26,10000014,526,68642.56,500,79999.65,7,7
2017-11-26,10000014,527,1338658.09,1049999.98,1520449.99,18,15
2017-11-26,10000014,563,87437.5,45304.21,88998,28,5
2017-11-26,10000014,564,34999.99,34999.99,34999.99,6,2
2017-11-26,10000014,565,48999.99,48999.99,48999.99,5,1
2017-11-26,10000014,577,95800,95800,95800,1,1
2017-11-26,10000014,578,116105.33,111000,118658,3,3
2017-11-26,10000014,582,446099.99,400000,493999.98,10,6
2017-11-26,10000014,583,728999.99,460000,997999.98,6,6
2017-11-26,10000014,584,453717.95,379998.93,1249999.99,8,4
2017-11-26,10000014,585,749999.99,749999.99,749999.99,4,4
2017-11-26,10000014,587,426017.14,371103.05,436999.96,6,2
2017-11-26,10000014,589,850000,850000,850000,3,3
2017-11-26,10000014,591,450000,450000,450000,4,2
2017-11-26,10000014,592,485999.9,485999.9,485999.9,1,1
2017-11-26,10000014,593,533333.33,450000,700000,3,2
2017-11-26,10000014,594,500000,500000,500000,2,2
2017-11-26,10000014,597,968749.25,875000,999999,4,2
2017-11-26,10000014,598,494999.98,494999.98,494999.98,2,2
2017-11-26,10000014,599,455532.46,419958.43,500000,9,2
2017-11-26,10000014,602,524230.76,520000,599999.99,13,5
2017-11-26,10000014,605,774249.96,549999.92,998500,2,2
2017-11-26,10000014,607,531299.77,460000,816498.84,10,10
2017-11-26,10000014,608,495666.67,400000,998500,18,13
2017-11-26,10000014,609,687500,449999.99,925000,4,3
2017-11-26,10000014,620,12515871.96,12515871.96,12515871.96,5,1
2017-11-26,10000014,621,9642335.29,3949995,10999998.9,24,18
2017-11-26,10000014,622,11899997.21,11899997.18,11899997.24,4,4
2017-11-26,10000014,623,10570832.48,9999999,11141665.96,2,2
2017-11-26,10000014,624,12998769.9,12998769.9,12998769.9,1,1
2017-11-26,10000014,626,11130895.48,9072175.15,11424998.13,8,8
2017-11-26,10000014,627,13499999,13499999,13499999,1,1
2017-11-26,10000014,628,9999999.89,9999999.89,9999999.89,1,1
2017-11-26,10000014,629,10834889.56,10231281.9,12159128.07,10,7
2017-11-26,10000014,630,14999999.93,14999999.93,14999999.93,1,1
2017-11-26,10000014,631,9444354.62,9000000,9555443.29,5,4
2017-11-26,10000014,643,181999999.99,181999999.99,181999999.99,1,1
2017-11-26,10000014,649,4999999.99,4999999.98,4999999.99,2,2
2017-11-26,10000014,650,3303506.58,2401243.74,5108032.25,3,3
2017-11-26,10000014,652,3666664.36,1999998.99,5333329.72,2,2
2017-11-26,10000014,654,2919199.99,1500000,3999999.97,5,5
2017-11-26,10000014,655,1708270.8,1300000,1799997.99,10,10
2017-11-26,10000014,656,3616533.54,3499499.99,3749000,7,7
2017-11-26,10000014,657,2528970.46,2200000,3499999,7,7
2017-11-26,10000014,672,319000,319000,319000,1,1
2017-11-26,10000014,1182,24657.99,24657.99,24657.99,1,1
2017-11-26,10000014,1183,55000000,55000000,55000000,1,1
2017-11-26,10000014,1236,1294899.63,949998.96,1499884.82,23,21
2017-11-26,10000014,1244,50000,50000,50000,2,2
2017-11-26,10000014,1266,1400000,1400000,1400000,2,2
2017-11-26,10000014,1304,28451.33,28451.33,28451.33,1,1
2017-11-26,10000014,1306,749635.27,345999.99,790000,11,6
2017-11-26,10000014,1317,2800,2800,2800,11,2
2017-11-26,10000014,1319,869395.45,687999.98,1432573.99,61,31
2017-11-26,10000014,1333,44318.93,43999.99,44637.87,2,2
2017-11-26,10000014,1335,747920.45,600000,749999.58,27,10
2017-11-26,10000014,1355,1067572.69,950000,1243820,16,15
2017-11-26,10000014,1403,69999.99,69999.99,69999.99,10,4
2017-11-26,10000014,1405,899999.89,899999.88,979983.59,119,59
2017-11-26,10000014,1422,1300000,1300000,1300000,5,2
2017-11-26,10000014,1447,813324.51,702999.86,827589.85,26,13
2017-11-26,10000014,1541,1252856.96,1149246.83,1620377,43,31
2017-11-26,10000014,1565,459999.8,450000,499999,5,3
2017-11-26,10000014,1808,34999,34999,34999,1,1
2017-11-26,10000014,1877,1578886.23,1495510.7,1690986.48,96,22
2017-11-26,10000014,1944,1922499.99,1844999.98,2000000,2,2
2017-11-26,10000014,1952,1656363.99,1643393.49,1800000,57,41
2017-11-26,10000014,1964,1800000,1400000,2200000,2,2
2017-11-26,10000014,1969,2683991.15,2683991.15,2683991.15,7,6
2017-11-26,10000014,1978,1649994.99,1649994.99,1649994.99,5,3
2017-11-26,10000014,1987,1264440.96,1232492.96,1399999,9,7
2017-11-26,10000014,1999,1276080.51,1089999.89,1559995.99,35,21
2017-11-26,10000014,2024,1974500.01,1759000,2190000.01,2,2
2017-11-26,10000014,2032,640837.07,624960.95,663997.93,39,16
2017-11-26,10000014,2038,950000,950000,950000,1,1
2017-11-26,10000014,2046,11666.46,9999.99,35000,15,12
2017-11-26,10000014,2048,749999.97,610999.99,755489.9,151,130
2017-11-26,10000014,2073,0.04,0.04,0.04,277060,1
2017-11-26,10000014,2109,2275865,2275865,2275865,1,1
2017-11-26,10000014,2117,2183546.19,2100000,2199990,6,5
2017-11-26,10000014,2173,31304.35,20000,40000,69,11
2017-11-26,10000014,2175,1113511.06,179013.15,1249999,32,7
2017-11-26,10000014,2178,12499.99,12499.99,12499.99,500,1
2017-11-26,10000014,2180,14999.98,14999.98,14999.98,500,1
2017-11-26,10000014,2182,19999.99,19999.99,19999.99,500,1
2017-11-26,10000014,2183,23496.67,20000,28741.67,50,6
2017-11-26,10000014,2185,806670.3,199000.01,999989.97,49,16
2017-11-26,10000014,2188,16999.99,16999.99,16999.99,500,1
2017-11-26,10000014,2193,197079.45,197079.45,197079.47,27,4
2017-11-26,10000014,2195,2361736.89,2285999.88,2400000,81,12
2017-11-26,10000014,2203,4407.14,4407.14,4407.14,111,23
2017-11-26,10000014,2205,571291.28,571291.28,571291.28,192,35
2017-11-26,10000014,2254,1000000,1000000,1000000,3,2
2017-11-26,10000014,2281,3747989.97,3700170,3747990,141,84
2017-11-26,10000014,2286,0.04,0.04,0.04,247584,1
2017-11-26,10000014,2299,1847000,1847000,1847000,1,1
2017-11-26,10000014,2301,2604084.14,2300000,3195995.99,21,17
2017-11-26,10000014,2303,2145267.56,1999999,2300000,12,8
2017-11-26,10000014,2306,0.04,0.04,0.04,55473,1
2017-11-26,10000014,2307,0.05,0.05,0.05,89412,1
2017-11-26,10000014,2308,0.05,0.05,0.05,458319,1
2017-11-26,10000014,2309,0.04,0.04,0.04,193017,1
2017-11-26,10000014,2333,2448997.23,2399999,2497995.46,6,4
2017-11-26,10000014,2364,1329359.1,1155142.23,1698999,16,12
2017-11-26,10000014,2390,10.2,10.2,10.2,3340,1
2017-11-26,10000014,2393,5.2,5.2,5.2,1220,1
2017-11-26,10000014,2397,10.12,10.12,10.12,1260,1
2017-11-26,10000014,2398,10.2,10.2,10.2,9080,2
2017-11-26,10000014,2399,566,566,566,45015,2
2017-11-26,10000014,2400,355,355,355,44690,1
2017-11-26,10000014,2401,869.54,869.54,869.54,125000,2
2017-11-26,10000014,2404,1575004.56,1398999,1764472,54,17
2017-11-26,10000014,2410,1386859.38,1299999.99,1460000,7,3
2017-11-26,10000014,2444,81942.62,80309.02,82555.22,11,3
2017-11-26,10000014,2446,2031982.58,1999920.91,2039998,15,8
2017-11-26,10000014,2454,7788.39,4431.85,10000,45,10
2017-11-26,10000014,2456,421487.91,420979.98,421519.65,94,27
2017-11-26,10000014,2466,459972.22,424000,494500,36,8
2017-11-26,10000014,2488,460000,460000,487000,267,49
2017-11-26,10000014,2506,300,300,300,500,1
2017-11-26,10000014,2508,698.97,698.97,698.97,300,1
2017-11-26,10000014,2512,25,25,25,2000,1
2017-11-26,10000014,2516,24.99,24.99,24.99,400,2
2017-11-26,10000014,2524,1000000,1000000,1000000,2,2
2017-11-26,10000014,2525,416666.67,125000,1000000,3,2
2017-11-26,10000014,2534,1000000,1000000,1000000,1,1
2017-11-26,10000014,2537,99414.79,99414.79,99414.79,6,3
2017-11-26,10000014,2539,745283.88,55851.88,1089999.88,3,2
2017-11-26,10000014,2547,954999.89,909999.99,999999.78,2,2
2017-11-26,10000014,2549,640494.7,460742.06,1000000,3,3
2017-11-26,10000014,2550,125000,125000,125000,2,1
2017-11-26,10000014,2551,875000,125000,1250000,3,3
2017-11-26,10000014,2553,1170051.32,1139865.42,1343000,29,24
2017-11-26,10000014,2559,1999909.99,1999909.99,1999909.99,5,1
2017-11-26,10000014,2563,2099000,2099000,2099000,5,1
2017-11-26,10000014,2567,2265306.12,2200000,2314285.71,7,2
2017-11-26,10000014,2571,1650000,1650000,1650000,5,1
2017-11-26,10000014,2575,2200000,2200000,2200000,5,1
2017-11-26,10000014,2603,17998.09,17997.94,17999,7,4
2017-11-26,10000014,2605,528079.98,416821.68,528080,136,88
2017-11-26,10000014,2613,150,120,165,17920,13
2017-11-26,10000014,2621,846.97,846.97,846.97,7838,1
2017-11-26,10000014,2629,525,525,525,9100,4
2017-11-26,10000014,2647,119.98,119.98,119.98,1100,1
2017-11-26,10000014,2811,1398.4,1398.4,1398.4,360,1
2017-11-26,10000014,2872,2250000,2250000,2250000,176,4
2017-11-26,10000014,2873,1052173.74,999999.5,1200000,69,18
2017-11-26,10000014,2875,1400000,1400000,1400000,32,1
2017-11-26,10000014,2876,2990000,2990000,2990000,16,1
2017-11-26,10000014,2881,699998.65,699998.65,699998.65,9,1
2017-11-26,10000014,2889,806256.16,699999.98,819999.99,39,11
2017-11-26,10000014,2897,2119746.79,2000000,2149995.98,20,4
2017-11-26,10000014,2905,600000,600000,600000,3,1
2017-11-26,10000014,2913,2425727.58,2199999.99,2549999.99,23,6
2017-11-26,10000014,2921,1500000,1500000,1500000,32,6
2017-11-26,10000014,2945,5300000,5300000,5300000,7,3
2017-11-26,10000014,2969,2427463.92,1827926.39,2499999.96,70,14
2017-11-26,10000014,2977,1274970.58,1196999.99,1389997.99,36,11
2017-11-26,10000014,2993,849571.42,849000,849999.99,7,3
2017-11-26,10000014,2998,83399999.5,73999999,92800000,2,2
2017-11-26,10000014,3001,610000,610000,610000,4,1
2017-11-26,10000014,3017,1200000,1200000,1200000,4,1
2017-11-26,10000014,3025,1439999.6,1439999.6,1439999.6,6,2
2017-11-26,10000014,3033,1130503.77,974139.5,1199999,13,4
2017-11-26,10000014,3041,1200000,1200000,1200000,4,1
2017-11-26,10000014,3065,3861999.5,3700000,4995995.99,8,2
2017-11-26,10000014,3074,1333333.33,1250000,1800000,12,5
2017-11-26,10000014,3082,2474329.38,2149998.97,2550000,26,9
2017-11-26,10000014,3098,549599.6,400000,899999.99,20,5
2017-11-26,10000014,3106,2250000,2250000,2250000,5,1
2017-11-26,10000014,3130,1967086.05,1967086.05,1967086.05,4,1
2017-11-26,10000014,3146,2200000,2200000,2200000,5,1
2017-11-26,10000014,3154,1475200,1475200,1475200,1,1
2017-11-26,10000014,3162,699999.99,699999.99,699999.99,3,1
2017-11-26,10000014,3170,999998.59,999998.59,999998.6,8,3
2017-11-26,10000014,3178,1381186.93,1374999.99,1385998.99,16,6
2017-11-26,10000014,3242,36144.97,4300,67989.93,6,6
2017-11-26,10000014,3244,2321081.16,2099999.99,2627428.92,62,59
2017-11-26,10000014,3256,9154496.98,8009999.46,10298994,8,8
2017-11-26,10000014,3265,9489211.18,9410018.97,9499999,25,11
2017-11-26,10000014,3297,60000,60000,60000,1,1
2017-11-26,10000014,3304,400000,400000,400000,1,1
2017-11-26,10000014,3305,1000000,1000000,1000000,1,1
2017-11-26,10000014,3308,2500000,2500000,2500000,1,1
2017-11-26,10000014,3319,500000,500000,500000,1,1
2017-11-26,10000014,3321,149999,149999,149999,2,2
2017-11-26,10000014,3323,1999999,1999999,1999999,1,1
2017-11-26,10000014,3326,424000,424000,424000,1,1
2017-11-26,10000014,3329,250000,250000,250000,1,1
2017-11-26,10000014,3330,224999.5,199999,250000,2,2
2017-11-26,10000014,3331,90000,90000,90000,1,1
2017-11-26,10000014,3332,566666,500000,599999,3,3
2017-11-26,10000014,3333,300000,300000,300000,1,1
2017-11-26,10000014,3334,599999,599999,599999,1,1
2017-11-26,10000014,3335,545000,545000,545000,1,1
2017-11-26,10000014,3337,4900000,4900000,4900000,1,1
2017-11-26,10000014,3338,4999999,4999999,4999999,1,1
2017-11-26,10000014,3340,399999,399999,399999,3,3
2017-11-26,10000014,3343,399999,399999,399999,2,2
2017-11-26,10000014,3350,209998,209998,209998,1,1
2017-11-26,10000014,3380,75000,75000,75000,1,1
2017-11-26,10000014,3405,650000,650000,650000,2,2
2017-11-26,10000014,3409,1000000,1000000,1000000,1,1
2017-11-26,10000014,3410,599999,599999,599999,3,3
2017-11-26,10000014,3420,299999,299999,299999,1,1
2017-11-26,10000014,3423,175000,175000,175000,1,1
2017-11-26,10000014,3425,249999.99,249999.99,249999.99,1,1
2017-11-26,10000014,3438,99999,99999,99999,1,1
2017-11-26,10000014,3439,299999,299999,299999,2,2
2017-11-26,10000014,3440,399999,399999,399999,1,1
2017-11-26,10000014,3441,499999,499999,499999,5,5
2017-11-26,10000014,3442,599999,599999,599999,2,2
2017-11-26,10000014,3444,850000,850000,850000,2,2
2017-11-26,10000014,3451,150000,150000,150000,1,1
2017-11-26,10000014,3456,14000000,14000000,14000000,1,1
2017-11-26,10000014,3488,937500,800000,1075000,2,2
2017-11-26,10000014,3496,2379987.38,2299978.97,2500000,5,5
2017-11-26,10000014,3512,2496000,2496000,2496000,3,1
2017-11-26,10000014,3520,1460865.28,1460865.28,1460865.28,3,1
2017-11-26,10000014,3530,1956110.93,1899999,2299998.68,8,6
2017-11-26,10000014,3542,395000000,395000000,395000000,2,1
2017-11-26,10000014,3554,2750,2750,2750,13,1
2017-11-26,10000014,3568,938246.99,900995.99,1050000,16,13
2017-11-26,10000014,3578,3332598.67,2000000,3998898,3,3
2017-11-26,10000014,3588,1098999,1095995.99,1100000,12,4
2017-11-26,10000014,3645,10.69,10.69,10.69,2880,1
2017-11-26,10000014,3683,376.13,376.13,376.13,94,1
2017-11-26,10000014,3689,9500,9500,9500,18,1
2017-11-26,10000014,3695,51.41,51.41,51.41,205,1
2017-11-26,10000014,3756,59999999,59999999,59999999,2,2
2017-11-26,10000014,3828,11500,11500,11500,6011,2
2017-11-26,10000014,3829,42699.29,42643.22,47633.72,89,14
2017-11-26,10000014,3831,1259274.88,1199999.98,1320111,78,49
2017-11-26,10000014,3841,1600000,1444999,1830799,125,63
2017-11-26,10000014,3887,43000,43000,43000,1,1
2017-11-26,10000014,3888,1598527.98,1500000,1639222.92,15,11
2017-11-26,10000014,3898,17555555.56,17000000,18000000,9,7
2017-11-26,10000014,3949,3600000,3600000,3600000,1,1
2017-11-26,10000014,3955,2228571.12,2228571.12,2228571.12,1,1
2017-11-26,10000014,4025,141578.94,99999.99,300000,19,13
2017-11-26,10000014,4027,209038.46,159999.99,400000,26,20
2017-11-26,10000014,4247,19000,19000,19000,25320,3
2017-11-26,10000014,4250,2779326.47,2299999.99,3018989.71,3,3
2017-11-26,10000014,4254,1653496.71,1040000,2498989,14,13
2017-11-26,10000014,4258,2499999.97,2499999.97,2499999.97,1,1
2017-11-26,10000014,4260,1800000,1800000,1800000,1,1
2017-11-26,10000014,4292,112999999.96,112999999.96,112999999.96,1,1
2017-11-26,10000014,4310,65444443.5,61888887,69000000,2,2
2017-11-26,10000014,4383,2000190.02,2000190.02,2000190.02,1,1
2017-11-26,10000014,4391,299945.99,299945.99,299945.99,2,2
2017-11-26,10000014,4393,120090.95,120090.95,120090.97,16,6
2017-11-26,10000014,4395,664482.09,600000,669997.07,12,6
2017-11-26,10000014,4399,6488998.97,6488998.97,6488998.97,1,1
2017-11-26,10000014,4403,499999.99,499999.99,499999.99,1,1
2017-11-26,10000014,4405,1961758.46,1332999.97,2396988.3,67,33
2017-11-26,10000014,4435,11925.2,11925.2,11925.2,1,1
2017-11-26,10000014,4471,169999.99,169999.99,169999.99,6,4
2017-11-26,10000014,4477,71737.48,70229.14,74000,5,5
2017-11-26,10000014,4573,349999,349999,349999,7,6
2017-11-26,10000014,4833,335287.79,313219.48,350000,5,4
2017-11-26,10000014,5011,282644.38,282644.38,282644.38,3,3
2017-11-26,10000014,5051,149999.96,149999.96,149999.96,1,1
2017-11-26,10000014,5137,49994.95,49994.95,49994.96,13,6
2017-11-26,10000014,5141,199999.99,199999.99,199999.99,3,3
2017-11-26,10000014,5181,19999.99,19999.99,19999.99,1,1
2017-11-26,10000014,5221,199999.99,199999.99,199999.99,3,1
2017-11-26,10000014,5239,5000,5000,5000,1,1
2017-11-26,10000014,5245,3637.55,3637.55,3637.55,12,2
2017-11-26,10000014,5279,1000000,1000000,1000000,1,1
2017-11-26,10000014,5282,9664,9664,9664,103,1
2017-11-26,10000014,5299,45000,45000,45000,1,1
2017-11-26,10000014,5301,45000,45000,45000,1,1
2017-11-26,10000014,5302,37483.33,37483.33,37483.33,11,7
2017-11-26,10000014,5320,498998.99,498998.99,498998.99,1,1
2017-11-26,10000014,5322,46000,46000,46000,5,4
2017-11-26,10000014,5365,13000,13000,13000,3,3
2017-11-26,10000014,5399,66306.81,59337.87,76760.22,5,5
2017-11-26,10000014,5403,397999.91,29000,1200000.01,16,12
2017-11-26,10000014,5405,14264.33,11999.99,18793,3,3
2017-11-26,10000014,5439,29500.1,7500.5,35000,10,10
2017-11-26,10000014,5443,204140,200000,241400,20,14
2017-11-26,10000014,5445,93999.98,67999.98,250000,7,7
2017-11-26,10000014,5493,53988.83,53988.83,53988.83,6,2
2017-11-26,10000014,5533,25222.87,25000,25669.35,23,8
2017-11-26,10000014,5599,34394.58,34394.58,34394.58,10,4
2017-11-26,10000014,5631,48995,48995,48995,9,3
2017-11-26,10000014,5647,49999,49999,49999,6,2
2017-11-26,10000014,5649,42000,42000,42000,1,1
2017-11-26,10000014,5839,1727276.06,1539261.2,1889999.99,20,19
2017-11-26,10000014,5849,104999,104999,104999,2,2
2017-11-26,10000014,5871,104000,104000,104000,2,1
2017-11-26,10000014,5933,189990,189990,189990,7,5
2017-11-26,10000014,5945,600000,600000,600000,2,2
2017-11-26,10000014,5955,99000,99000,99000,16,12
2017-11-26,10000014,5971,50550.76,45581.99,69999.99,33,22
2017-11-26,10000014,5973,582515.22,499000,584555,77,71
2017-11-26,10000014,5975,151320.07,150000,199000,28,24
2017-11-26,10000014,6001,41125,37000,69999.99,16,11
2017-11-26,10000014,6003,31938.46,12713.85,80000,7,5
2017-11-26,10000014,6005,10000,5400,33000,12,8
2017-11-26,10000014,6135,100000,100000,100000,1,1
2017-11-26,10000014,6159,25479.99,25479.99,25479.99,1,1
2017-11-26,10000014,6160,37615.38,30000,39000,13,8
2017-11-26,10000014,6296,15272.42,15272.42,15272.42,9,9
2017-11-26,10000014,6527,67499.71,63000,71999.42,2,2
2017-11-26,10000014,6569,49704.03,49704.03,49704.03,3,3
2017-11-26,10000014,6677,399999.99,399999.99,399999.99,2,1
2017-11-26,10000014,6863,3475913.13,2750000,3911461,8,3
2017-11-26,10000014,6921,54000.2,1,67500,5,5
2017-11-26,10000014,6963,552164.94,552164.94,552164.94,3,2
2017-11-26,10000014,7131,5000,5000,5000,1,1
2017-11-26,10000014,7367,1888749.99,1800000,2200000,24,5
2017-11-26,10000014,7373,275000,275000,275000,8,1
2017-11-26,10000014,8025,74990,74990,74990,4,1
2017-11-26,10000014,8027,1807513.02,1750999.99,1906084,39,10
2017-11-26,10000014,8089,551016.9,549999,557748.57,99,22
2017-11-26,10000014,8105,1951161,1681161,1981161,10,3
2017-11-26,10000014,8117,115624.25,89000,160000,24,8
2017-11-26,10000014,8175,12555.4,12555.4,12555.4,8,6
2017-11-26,10000014,8177,30935,30935,30935,7,3
2017-11-26,10000014,8225,71000,71000,71000,3,2
2017-11-26,10000014,8263,37530.82,29999.98,74999.99,6,5
2017-11-26,10000014,8419,89999.99,89999.99,89999.99,6,5
2017-11-26,10000014,8433,620128.54,570000,630681.92,23,20
2017-11-26,10000014,8517,4541786.54,4499999.99,4622430,26,18
2017-11-26,10000014,8521,600000,600000,600000,3,3
2017-11-26,10000014,8529,104097.6,76997,210000,20,13
2017-11-26,10000014,8535,84000,84000,84000,30,1
2017-11-26,10000014,8579,121772.94,121772.94,121772.94,3,1
2017-11-26,10000014,8585,129970.75,129883,130000,12,2
2017-11-26,10000014,8641,539999.99,539999.99,539999.99,3,1
2017-11-26,10000014,8748,400000,400000,400000,4,2
2017-11-26,10000014,8759,999999.99,999999.99,1000000,12,2
2017-11-26,10000014,8863,2000000,2000000,2000000,3,1
2017-11-26,10000014,9091,100000,100000,100000,20,1
2017-11-26,10000014,9135,725000,650000,800000,8,2
2017-11-26,10000014,9207,999999.99,999999.99,999999.99,4,2
2017-11-26,10000014,9417,849990,849990,849990,8,2
2017-11-26,10000014,9451,2852767.98,2499999.99,3381919.96,10,2
2017-11-26,10000014,9491,6500000,6500000,6500000,8,2
2017-11-26,10000014,9497,1179999.98,1179999.98,1179999.98,6,1
2017-11-26,10000014,9568,199999,199999,199999,1,1
2017-11-26,10000014,9580,94500,83000,150000,6,6
2017-11-26,10000014,9622,47472.12,47472.12,47472.12,4,3
2017-11-26,10000014,9632,509925.66,498996.3,550000,14,10
2017-11-26,10000014,9646,300000,300000,300000,1,1
2017-11-26,10000014,9660,80000,80000,80000,2,2
2017-11-26,10000014,9678,491000,490000,499999.99,10,4
2017-11-26,10000014,9680,400000,400000,400000,10,10
2017-11-26,10000014,9744,50000,50000,50000,2,2
2017-11-26,10000014,9784,41600,40000,44000,5,5
2017-11-26,10000014,9808,50000.02,50000.02,50000.02,8,1
2017-11-26,10000014,9832,8207.99,8207.99,8207.99,39,1
2017-11-26,10000014,9834,94500,94500,94500,3,1
2017-11-26,10000014,9836,11007.45,11007.45,11007.45,50,3
2017-11-26,10000014,9838,50.38,50.38,50.38,60,1
2017-11-26,10000014,9840,313,313,313,26,1
2017-11-26,10000014,9844,5000,5000,5000,40,1
2017-11-26,10000014,9848,63100,42600,100000,14,2
2017-11-26,10000014,9899,12223135.91,11780997.97,12399991.83,7,7
2017-11-26,10000014,9941,12499993.32,12499989.99,12499996,6,6
2017-11-26,10000014,9942,12333324.21,11999988.99,12499991.83,6,6
2017-11-26,10000014,9943,12451735.24,12387384.93,12499997.98,7,7
2017-11-26,10000014,9944,106412.22,106412.22,106412.22,8,5
2017-11-26,10000014,9950,3989999.99,3989999.99,3989999.99,1,1
2017-11-26,10000014,9956,11624999.89,10000000,11999999.79,4,4
2017-11-26,10000014,10190,1511858.46,1404260.61,1899997,22,11
2017-11-26,10000014,10208,24249992.47,23499997.5,24999987.43,4,4
2017-11-26,10000014,10212,25666660.17,23000000,27999993,6,6
2017-11-26,10000014,10216,24590714.32,23000000,25099987.02,6,6
2017-11-26,10000014,10221,25258994.33,23499998,28776987,3,3
2017-11-26,10000014,10225,25416666.37,23499999.5,27333333.24,4,4
2017-11-26,10000014,10246,7557.69,7448.71,8800,62,9
2017-11-26,10000014,10250,1279461.49,1030999.95,1999999.97,39,5
2017-11-26,10000014,10629,7480.42,7465.8,7487.73,9,5
2017-11-26,10000014,10631,1169699.44,899998.98,1300000,20,6
2017-11-26,10000014,10680,949211.04,911119.32,1000000,7,4
2017-11-26,10000014,10850,700000,700000,700000,2,1
2017-11-26,10000014,10872,349999.99,349999.99,349999.99,1,1
2017-11-26,10000014,10998,67327.35,48000,149999.9,43,22
2017-11-26,10000014,11083,1125000,1125000,1125000,1,1
2017-11-26,10000014,11129,299333.33,99999.99,697999.99,6,6
2017-11-26,10000014,11132,619994.49,249997.99,989990.99,2,2
2017-11-26,10000014,11134,256727.71,40000,690183.14,3,3
2017-11-26,10000014,11172,42354162.16,42000000,42708324.32,2,2
2017-11-26,10000014,11174,54999999,54999999,54999999,1,1
2017-11-26,10000014,11176,41126198.7,39851982.63,42831521.99,8,8
2017-11-26,10000014,11178,40124999.5,39999999,45500000,4,4
2017-11-26,10000014,11182,37499998.87,37499998.87,37499998.87,1,1
2017-11-26,10000014,11184,39472372.96,39000000,40343991.82,8,7
2017-11-26,10000014,11186,44500000,44500000,44500000,2,2
2017-11-26,10000014,11188,42500000,42500000,42500000,1,1
2017-11-26,10000014,11190,32999999,32999999,32999999,2,1
2017-11-26,10000014,11196,48999999.99,45000000,49999999.99,5,5
2017-11-26,10000014,11198,42499999.75,35000000,49999999.5,4,4
2017-11-26,10000014,11200,41124999.94,39999999.99,44499999.79,4,4
2017-11-26,10000014,11202,43186666.18,39999999,44999998.99,15,15
2017-11-26,10000014,11207,500000,500000,500000,1,1
2017-11-26,10000014,11269,1362611.1,1249999.99,1388999.99,18,12
2017-11-26,10000014,11279,1878355.36,1878355.36,1878355.36,2,1
2017-11-26,10000014,11285,3500,3500,3500,5,1
2017-11-26,10000014,11287,7252.52,7112.78,7500.99,79,4
2017-11-26,10000014,11293,113998.36,113998.36,113998.36,1,1
2017-11-26,10000014,11295,154562.57,154562.57,154562.57,1,1
2017-11-26,10000014,11311,534498,534498,534498,6,1
2017-11-26,10000014,11317,350000,350000,350000,3,2
2017-11-26,10000014,11325,632341.7,614683.39,650000,4,4
2017-11-26,10000014,11327,650000,650000,650000,1,1
2017-11-26,10000014,11349,30000,30000,30000,1,1
2017-11-26,10000014,11351,100011.77,100000,100023.53,2,2
2017-11-26,10000014,11370,2001370.08,1949997.22,2052055.89,36,35
2017-11-26,10000014,11371,32999999,32999999,32999999,1,1
2017-11-26,10000014,11387,30000000,30000000,30000000,2,2
2017-11-26,10000014,11396,18500,18500,18500,2472,1
2017-11-26,10000014,11399,9899.93,9899.93,9899.93,1000,3
2017-11-26,10000014,11443,5000000,5000000,5000000,1,1
2017-11-26,10000014,11447,11000000,11000000,11000000,1,1
2017-11-26,10000014,11533,59900,59900,59900,500,1
2017-11-26,10000014,11534,40000,40000,40000,1500,2
2017-11-26,10000014,11538,75000,75000,75000,1522,1
2017-11-26,10000014,11540,80000,80000,80000,3590,3
2017-11-26,10000014,11552,74000,74000,74000,2000,2
2017-11-26,10000014,11563,257000.81,247455.73,320000,32,23
2017-11-26,10000014,11577,4960558.74,4800000,4977999,13,13
2017-11-26,10000014,11578,7024865.44,6899999.96,7119998.97,17,17
2017-11-26,10000014,11640,1023387.09,1021989.98,1027095.85,14,9
2017-11-26,10000014,11642,2079997.47,1999998.99,2159995.95,2,2
2017-11-26,10000014,11644,1737052.04,1638567.32,1800000,16,4
2017-11-26,10000014,11646,2330000.04,1790000,2510000.05,4,4
2017-11-26,10000014,11648,1799998.01,1799998,1799998.01,2,2
2017-11-26,10000014,11690,1,1,1,66,1
2017-11-26,10000014,11957,277000000,277000000,277000000,1,1
2017-11-26,10000014,11969,274999999.98,274999999.98,274999999.98,1,1
2017-11-26,10000014,11978,247768168.35,205420420.88,274000000,5,5
2017-11-26,10000014,11987,214999999.99,214999999.99,214999999.99,1,1
2017-11-26,10000014,11989,199999993.5,199999989.99,199999997,2,2
2017-11-26,10000014,11995,379999999.99,379999999.99,379999999.99,1,1
2017-11-26,10000014,12021,349999999.99,349999999.99,349999999.99,1,1
2017-11-26,10000014,12032,36982964.84,27312496.48,45000000,10,8
2017-11-26,10000014,12034,40999666.33,40000000,42998999,3,3
2017-11-26,10000014,12044,34999999.99,34999999.99,34999999.99,1,1
2017-11-26,10000014,12052,175000,175000,175000,1,1
2017-11-26,10000014,12058,3378097.5,3000000,3428978.99,10,10
2017-11-26,10000014,12068,3576666.66,1830000,4449999.99,3,3
2017-11-26,10000014,12076,6391999.98,6000000,6499999.99,5,5
2017-11-26,10000014,12084,11479550.67,10999997.34,11959104,2,2
2017-11-26,10000014,12092,1500000,1500000,1500000,4,4
2017-11-26,10000014,12095,4000000,4000000,4000000,1,1
2017-11-26,10000014,12184,450000,450000,450000,1,1
2017-11-26,10000014,12198,1802553.96,1013999.99,1863292.59,7,3
2017-11-26,10000014,12200,14555999.86,14555999.86,14555999.86,1,1
2017-11-26,10000014,12201,1000000,1000000,1000000,1,1
2017-11-26,10000014,12202,2000000,2000000,2000000,1,1
2017-11-26,10000014,12203,9999999,9999999,9999999,1,1
2017-11-26,10000014,12206,2500000,2500000,2500000,2,2
2017-11-26,10000014,12213,1000000,1000000,1000000,1,1
2017-11-26,10000014,12257,175000,175000,175000,1,1
2017-11-26,10000014,12259,5888296,5888000,5888888,3,3
2017-11-26,10000014,12263,5500000,5500000,5500000,2,1
2017-11-26,10000014,12267,4231998.65,4199999.99,4295995.98,3,3
2017-11-26,10000014,12271,7848370.32,7836555.53,7871999.9,3,3
2017-11-26,10000014,12274,118467.53,118467.52,118467.55,8,7
2017-11-26,10000014,12346,1179989.99,1179989.99,1179989.99,5,1
2017-11-26,10000014,12484,3500000,3500000,3500000,1,1
2017-11-26,10000014,12557,234374.43,150000,299998.99,16,5
2017-11-26,10000014,12559,377380.05,300000,424998.55,21,6
2017-11-26,10000014,12563,111846.12,88999.9,121500,13,4
2017-11-26,10000014,12565,96075.23,77999.99,117163,13,3
2017-11-26,10000014,12608,73.98,73.98,73.98,25302,18
2017-11-26,10000014,12612,54.13,54.13,54.13,8050,6
2017-11-26,10000014,12614,54.96,54.96,54.96,51336,28
2017-11-26,10000014,12618,44.12,42.76,44.9,17220,11
2017-11-26,10000014,12620,34,34,34,15500,5
2017-11-26,10000014,12625,56.99,56.99,58.29,11201,11
2017-11-26,10000014,12631,94,94,94,4092,6
2017-11-26,10000014,12633,68.98,68.98,68.98,7332,7
2017-11-26,10000014,12709,80000,80000,80000,1,1
2017-11-26,10000014,12729,210999999.98,210999999.98,210999999.98,1,1
2017-11-26,10000014,12767,369.17,369.17,369.17,13440,10
2017-11-26,10000014,12771,200,200,200,9100,9
2017-11-26,10000014,12773,150,150,150,8954,5
2017-11-26,10000014,12777,169.03,169.03,169.03,50952,8
2017-11-26,10000014,12785,99,99,99,2000,1
2017-11-26,10000014,12787,290,290,290,1000,1
2017-11-26,10000014,12789,125,96.61,149,28100,8
2017-11-26,10000014,12791,240,240,240,2660,3
2017-11-26,10000014,12801,216.11,216.11,216.11,27104,10
2017-11-26,10000014,12805,119.99,119.99,119.99,41616,15
2017-11-26,10000014,12814,484999.99,484999.99,484999.99,3,1
2017-11-26,10000014,12820,499999.99,499999.99,499999.99,8,1
2017-11-26,10000014,12822,222000,222000,222000,9,2
2017-11-26,10000014,12824,522500,522500,522500,8,1
2017-11-26,10000014,12826,199995.48,199995.48,199995.48,12,3
2017-11-26,10000014,12828,545999.99,545999.99,545999.99,8,1
2017-11-26,10000014,13001,3449500,3400000,3499000,4,4
2017-11-26,10000014,13003,2649684.43,2600000,2700384.68,11,7
2017-11-26,10000014,13216,27332663.33,25000000,28498994.99,3,2
2017-11-26,10000014,13219,30000000,30000000,30000000,1,1
2017-11-26,10000014,13261,27670587.79,26400000,29500000,12,11
2017-11-26,10000014,13283,400000,400000,400000,2,2
2017-11-26,10000014,13285,1000000,1000000,1000000,1,1
2017-11-26,10000014,13286,400000,400000,400000,1,1
2017-11-26,10000014,13287,4000000,4000000,4000000,1,1
2017-11-26,10000014,13970,10999999.99,10999999.99,10999999.99,1,1
2017-11-26,10000014,13972,2300000,2300000,2300000,2,1
2017-11-26,10000014,13978,4300000,4300000,4300000,1,1
2017-11-26,10000014,13982,3900000,3900000,3900000,1,1
2017-11-26,10000014,14041,20000000,20000000,20000000,1,1
2017-11-26,10000014,14104,60000000,60000000,60000000,1,1
2017-11-26,10000014,14242,160000000,160000000,160000000,1,1
2017-11-26,10000014,14258,120000000,120000000,120000000,1,1
2017-11-26,10000014,14266,63000000.01,63000000.01,63000000.01,1,1
2017-11-26,10000014,15460,2499993.92,2499993.92,2499993.92,4,1
2017-11-26,10000014,15463,3309475.93,3300000,3498994.46,21,6
2017-11-26,10000014,15466,4166666.54,4000000,4499999.62,3,2
2017-11-26,10000014,15477,28999999.98,28999999.98,28999999.98,2,1
2017-11-26,10000014,15478,14990000,14990000,14990000,1,1
2017-11-26,10000014,15479,3550000,3500000,3600000,2,2
2017-11-26,10000014,15480,12000000,12000000,12000000,6,2
2017-11-26,10000014,15729,39999999,39999999,39999999,1,1
2017-11-26,10000014,15753,63000000,63000000,63000000,1,1
2017-11-26,10000014,15891,130000000,130000000,130000000,1,1
2017-11-26,10000014,16227,49053332.98,49053332.98,49053332.98,1,1
2017-11-26,10000014,16233,54370833.33,54370833.33,54370833.33,1,1
2017-11-26,10000014,16238,686023.72,120000,1580059.24,5,4
2017-11-26,10000014,16240,1849989.76,1849989.69,1849989.82,4,4
2017-11-26,10000014,16242,1437487.06,1193961.11,1499999.95,11,11
2017-11-26,10000014,16272,575,575,575,480332,7
2017-11-26,10000014,16273,100,65.5,129,80711,62
2017-11-26,10000014,16274,917.91,917.91,917.91,200695,7
2017-11-26,10000014,16275,6498.86,6498.86,6498.86,9261,15
2017-11-26,10000014,16278,2396988.26,2300000,2443976.51,8,4
2017-11-26,10000014,16367,10000,10000,10000,1,1
2017-11-26,10000014,16401,136000,136000,136000,1,1
2017-11-26,10000014,16431,168785.83,168785.83,168785.83,5,5
2017-11-26,10000014,16451,150000,150000,150000,5,4
2017-11-26,10000014,16475,134999.67,4999,200000,3,2
2017-11-26,10000014,16487,150000,150000,150000,2,2
2017-11-26,10000014,16497,2987.93,2987.93,2987.93,1,1
2017-11-26,10000014,16507,499999.98,499999.98,499999.98,1,1
2017-11-26,10000014,16519,239998.99,239998.99,239998.99,10,2
2017-11-26,10000014,16521,3000,3000,3000,3,1
2017-11-26,10000014,16527,699999.99,699999.99,699999.99,8,2
2017-11-26,10000014,16633,2895,2895,2895,128,3
2017-11-26,10000014,16635,2,2,2,40,1
2017-11-26,10000014,16637,4400,4400,4400,28,1
2017-11-26,10000014,16638,4400,4400,4400,5000,1
2017-11-26,10000014,16639,8.14,8.14,8.14,58,1
2017-11-26,10000014,16640,4800,4800,4800,1,1
2017-11-26,10000014,16643,7500,7500,7500,10000,1
2017-11-26,10000014,16647,9000,9000,9000,5430,3
2017-11-26,10000014,16651,37000,37000,37000,2000,1
2017-11-26,10000014,16655,13000,13000,13000,5000,1
2017-11-26,10000014,16662,9000,9000,9000,20000,1
2017-11-26,10000014,16667,36000,36000,36000,1000,1
2017-11-26,10000014,16669,59000,59000,59000,2000,1
2017-11-26,10000014,16671,424,424,424,100000,1
2017-11-26,10000014,16679,1375,1375,1375,40000,1
2017-11-26,10000014,16680,2500,2500,2500,10356,2
2017-11-26,10000014,16682,27844.76,27844.76,27844.76,139,1
2017-11-26,10000014,17366,407812.5,150000,650000,16,12
2017-11-26,10000014,17476,40142805.18,30285710.36,49999900,2,2
2017-11-26,10000014,17480,21353985.12,20000000.01,22995894.62,11,9
2017-11-26,10000014,17482,2600000,2500000,3000000,22,10
2017-11-26,10000014,17703,20000000,20000000,20000000,1,1
2017-11-26,10000014,17715,233999998.99,233999998.99,233999998.99,1,1
2017-11-26,10000014,17718,114999997.5,114999997,114999998,2,2
2017-11-26,10000014,17720,161299999.99,160599999.99,161999999.99,2,2
2017-11-26,10000014,17738,539999999.99,539999999.99,539999999.99,1,1
2017-11-26,10000014,17812,18659999.33,15000000,20489999,3,3
2017-11-26,10000014,17843,76699999.9,73999999.99,81500000,10,10
2017-11-26,10000014,17871,750000,750000,750000,1,1
2017-11-26,10000014,17887,960.38,960.38,960.38,424361,11
2017-11-26,10000014,17888,898.9,898.9,898.9,331258,20
2017-11-26,10000014,17889,869.68,869.68,869.68,996033,25
2017-11-26,10000014,17893,135000.01,135000.01,135000.01,3,1
2017-11-26,10000014,17895,255000.01,255000.01,255000.01,3,1
2017-11-26,10000014,17912,5499999.99,5499999.99,5499999.99,12,4
2017-11-26,10000014,17918,483000000,483000000,483000000,1,1
2017-11-26,10000014,17922,102999997.87,102999997.87,102999997.87,1,1
2017-11-26,10000014,17926,62999999.98,62999999.98,62999999.98,1,1
2017-11-26,10000014,17938,42559.1,19000,129015.79,16,16
2017-11-26,10000014,17940,999999.99,999999.99,999999.99,5,5
2017-11-26,10000014,17959,11000,11000,11000,5000,1
2017-11-26,10000014,18025,750000,750000,750000,1,1
2017-11-26,10000014,18044,139990.87,130000,149981.74,8,2
2017-11-26,10000014,18054,175000,175000,175000,6,1
2017-11-26,10000014,18064,159999.99,159999.99,159999.99,4,1
2017-11-26,10000014,18068,3766897,3766897,3766897,6,1
2017-11-26,10000014,18590,783333.17,750000,800000,12,4
2017-11-26,10000014,18592,539999.75,520000,599999,8,2
2017-11-26,10000014,18594,733333.17,700000,899999,12,2
2017-11-26,10000014,18596,449999,449999,449999,2,1
2017-11-26,10000014,18598,681810.61,600000,749999.95,22,4
2017-11-26,10000014,18624,777272.18,550000,899999,22,4
2017-11-26,10000014,18639,85276.94,27999.99,799000,13,11
2017-11-26,10000014,19133,16000000,16000000,16000000,2,1
2017-11-26,10000014,19147,14389839.55,13000000,18897999.99,17,5
2017-11-26,10000014,19181,15000000,15000000,15000000,1,1
2017-11-26,10000014,19200,310000000,310000000,310000000,1,1
2017-11-26,10000014,19207,223500000,223500000,223500000,1,1
2017-11-26,10000014,19208,168700000,168700000,168700000,1,1
2017-11-26,10000014,19211,3681436,3681436,3681436,2,1
2017-11-26,10000014,19215,39898989,39898989,39898989,2,1
2017-11-26,10000014,19301,197500000.02,197500000.02,197500000.02,1,1
2017-11-26,10000014,19325,78675705.03,78675705.03,78675705.03,1,1
2017-11-26,10000014,19500,50000,50000,50000,2,2
2017-11-26,10000014,19806,2054281.64,1452111.93,3104414.99,8,7
2017-11-26,10000014,19814,90850.86,42558.33,249999.5,17,10
2017-11-26,10000014,19921,225000,225000,225000,1,1
2017-11-26,10000014,19927,30999.99,30999.99,30999.99,6,2
2017-11-26,10000014,19939,41000,41000,41000,6,2
2017-11-26,10000014,19946,98225.12,98225.12,98225.12,6,2
2017-11-26,10000014,19952,64225.36,64225.36,64225.36,9,3
2017-11-26,10000014,20172,125000,125000,125000,30,1
2017-11-26,10000014,20210,910000,910000,910000,2,2
2017-11-26,10000014,20347,844999.98,844999.98,844999.98,2,2
2017-11-26,10000014,20351,1749999.75,1749999.75,1749999.75,1,1
2017-11-26,10000014,20353,3999999.33,3999999,4000000,3,3
2017-11-26,10000014,20411,116829.27,115000,130000,41,3
2017-11-26,10000014,20413,115000.03,115000,115000.03,50,3
2017-11-26,10000014,20414,97501.03,97501.03,97501.03,14,1
2017-11-26,10000014,20416,95000,95000,95000,26,1
2017-11-26,10000014,20421,45000.01,45000.01,45000.01,20,1
2017-11-26,10000014,20424,35000.02,35000.02,35000.02,30,2
2017-11-26,10000014,20703,75000000,75000000,75000000,1,1
2017-11-26,10000014,20737,4000,4000,4000,3000,1
2017-11-26,10000014,20739,5000,5000,5000,1859,2
2017-11-26,10000014,21037,4250000.19,4250000.19,4250000.19,2,1
2017-11-26,10000014,21096,2275363.43,1949998.99,2388988.85,78,49
2017-11-26,10000014,21592,1,1,1,139,1
2017-11-26,10000014,21594,1,1,1,92,1
2017-11-26,10000014,21596,1,1,1,71,1
2017-11-26,10000014,21610,26000000,26000000,26000000,1,1
2017-11-26,10000014,21638,1578103.14,1578103.14,1578103.14,2,1
2017-11-26,10000014,21640,1092189.26,1040999.89,1178657.54,57,12
2017-11-26,10000014,21666,19000000,19000000,19000000,1,1
2017-11-26,10000014,21740,1625,1350,1899.99,4000,5
2017-11-26,10000014,21791,8999.9,8999.9,8999.9,1,1
2017-11-26,10000014,21889,40000000,40000000,40000000,1,1
2017-11-26,10000014,21894,1523.89,1447.51,1523.89,10532,6
2017-11-26,10000014,21896,765,765,765,35704,29
2017-11-26,10000014,21898,750,745.03,810.08,44510,40
2017-11-26,10000014,21902,1359.87,1359.87,1373.27,7190,6
2017-11-26,10000014,21904,919.38,797.56,1113.41,13995,14
2017-11-26,10000014,21906,777.5,777.5,777.5,11476,16
2017-11-26,10000014,21910,1743.13,1690.26,1795.99,2000,2
2017-11-26,10000014,21912,920,920,920,2900,4
2017-11-26,10000014,21914,664.87,664.87,664.87,1400,2
2017-11-26,10000014,21918,1719.93,1115.71,1799,3184,4
2017-11-26,10000014,21922,1271.44,1271.44,1271.44,15740,17
2017-11-26,10000014,21924,799.74,799.74,799.74,16498,19
2017-11-26,10000014,21926,1346.09,1346.09,1346.09,968,1
2017-11-26,10000014,21928,1299.98,1299.98,1299.98,1050,2
2017-11-26,10000014,21931,730.8,730.8,730.8,1400,2
2017-11-26,10000014,21935,1996.85,1996.85,1996.85,2108,2
2017-11-26,10000014,21937,899,899,899,8600,10
2017-11-26,10000014,21939,567.19,563.25,567.2,5020,8
2017-11-26,10000014,22175,93729.96,55000,96999.75,16,9
2017-11-26,10000014,22177,83198.46,83040.4,84749.75,20,13
2017-11-26,10000014,22229,5899999.99,5899999.99,5899999.99,4,2
2017-11-26,10000014,22291,1266319.46,1150000,1349998.99,86,40
2017-11-26,10000014,22444,525000000,525000000,525000000,1,1
2017-11-26,10000014,22452,79538950,79489000,79588900,2,2
2017-11-26,10000014,22456,80999999.4,75000000,84999999,10,10
2017-11-26,10000014,22464,83999979,83999979,83999979,1,1
2017-11-26,10000014,22534,31999999,31999999,31999999,1,1
2017-11-26,10000014,22541,10000000,10000000,10000000,4,4
2017-11-26,10000014,22542,48642.08,47995.95,60870.18,12,9
2017-11-26,10000014,22578,199999,199999,199999,3,3
2017-11-26,10000014,22778,150000,147456.07,185000,678,23
2017-11-26,10000014,22782,1554602.16,1479453,1751990,12,12
2017-11-26,10000014,22961,809.94,809.94,809.94,3500,4
2017-11-26,10000014,22987,540,540,540,9000,3
2017-11-26,10000014,23009,759.1,759.1,759.1,21708,21
2017-11-26,10000014,23015,750,750,750,3500,3
2017-11-26,10000014,23019,702.66,702.66,702.66,2000,1
2017-11-26,10000014,23025,747.99,747.97,756.08,68954,36
2017-11-26,10000014,23029,1149.92,1149.92,1149.92,20000,2
2017-11-26,10000014,23031,997.91,997.91,997.91,33968,16
2017-11-26,10000014,23033,1082.54,1082.54,1082.54,3000,2
2017-11-26,10000014,23035,949.98,949.98,949.98,19774,6
2017-11-26,10000014,23037,1475,1475,1475,20880,3
2017-11-26,10000014,23039,1099.76,1099.76,1099.76,6260,6
2017-11-26,10000014,23045,2998.52,2998.52,2998.52,1000,1
2017-11-26,10000014,23055,3318461.55,3300000,3400000,65,11
2017-11-26,10000014,23059,3471441.03,3458001.51,3500000,25,3
2017-11-26,10000014,23071,394027.94,289999.99,411365.94,28,8
2017-11-26,10000014,23079,499424.23,499424.23,499424.23,13,4
2017-11-26,10000014,23087,75,75,75,1,1
2017-11-26,10000014,23089,663863.17,505999.99,669000,20,7
2017-11-26,10000014,23095,850000,850000,850000,6,1
2017-11-26,10000014,23097,602470.47,549999.88,619941,12,4
2017-11-26,10000014,23099,1000000,1000000,1000000,3,1
2017-11-26,10000014,23103,900000,900000,900000,8,2
2017-11-26,10000014,23527,292167.5,287499.98,309999.99,25,17
2017-11-26,10000014,23533,119000,119000,119000,1,1
2017-11-26,10000014,23566,549999,549999,549999,1,1
2017-11-26,10000014,23594,550000,550000,550000,1,1
2017-11-26,10000014,23606,299999,299999,299999,2,2
2017-11-26,10000014,23618,99999.5,99999,100000,2,2
2017-11-26,10000014,23705,71999.47,45998.99,99999.99,27,4
2017-11-26,10000014,23707,6999.98,6999.98,7044.43,255,51
2017-11-26,10000014,23709,26000,26000,26000,4,1
2017-11-26,10000014,23711,14888.89,11000,16000,18,6
2017-11-26,10000014,23719,9094.01,9094.01,9094.01,136,4
2017-11-26,10000014,23731,45000,45000,45000,5,1
2017-11-26,10000014,24242,1766665.99,1300000,1999998.99,3,3
2017-11-26,10000014,24283,59857142.42,56000000,64999998.99,7,4
2017-11-26,10000014,24305,5199999.99,5199999.99,5199999.99,6,3
2017-11-26,10000014,24348,1668064.5,1536129,1800000,2,2
2017-11-26,10000014,24395,344999.46,339999.99,349998.93,2,2
2017-11-26,10000014,24417,1791662.39,1574999.5,1899993.84,6,6
2017-11-26,10000014,24427,1351993.88,674997.99,1439283.07,14,10
2017-11-26,10000014,24438,1499999.99,1499999.99,1499999.99,2,1
2017-11-26,10000014,24443,950000,950000,950000,1,1
2017-11-26,10000014,24445,250000,250000,250000,5,1
2017-11-26,10000014,24473,60,60,60,2222,1
2017-11-26,10000014,24475,114.99,114.99,114.99,1000,1
2017-11-26,10000014,24477,44.99,44.99,44.99,2000,1
2017-11-26,10000014,24478,48.99,48.99,48.99,134,1
2017-11-26,10000014,24486,124.27,124.27,124.27,1500,1
2017-11-26,10000014,24488,129.98,129.98,129.98,6000,1
2017-11-26,10000014,24490,249,248.99,250,140000,4
2017-11-26,10000014,24494,199,199,199,1500,1
2017-11-26,10000014,24495,109,109,109,26594,7
2017-11-26,10000014,24497,120.03,120.03,120.03,115269,8
2017-11-26,10000014,24499,122.18,122.18,122.18,20350,8
2017-11-26,10000014,24501,99,99,99,10000,1
2017-11-26,10000014,24505,105,105,105,3000,2
2017-11-26,10000014,24507,379.29,379.29,379.29,1000,1
2017-11-26,10000014,24509,799.64,799.64,799.64,14325,5
2017-11-26,10000014,24511,479.8,479.8,479.8,8800,2
2017-11-26,10000014,24515,120.03,120.03,120.03,1000,1
2017-11-26,10000014,24517,479.99,479.99,479.99,2500,1
2017-11-26,10000014,24519,1464.58,1464.58,1464.58,2520,1
2017-11-26,10000014,24521,1995.7,1995.7,1995.7,1020,2
2017-11-26,10000014,24696,48999999.99,42000000,55999999.98,2,2
2017-11-26,10000014,24698,50500000,48999999.99,52000000,2,2
2017-11-26,10000014,24702,49799797.99,48998989.95,50000000,5,5
2017-11-26,10000014,25266,2900000,2900000,2900000,4,2
2017-11-26,10000014,25267,20000000,20000000,20000000,1,1
2017-11-26,10000014,25349,27000000,27000000,27000000,2,2
2017-11-26,10000014,25530,113999998.99,113999998.99,113999998.99,1,1
2017-11-26,10000014,25538,197998999.99,197998999.99,197998999.99,1,1
2017-11-26,10000014,25563,2207152.77,2207152.77,2207152.77,4,4
2017-11-26,10000014,25565,136650.16,126925.22,195000,14,4
2017-11-26,10000014,25590,125000,125000,125000,189,3
2017-11-26,10000014,25592,5449.84,5100,6849.21,5,2
2017-11-26,10000014,25594,50000,50000,50000,14,1
2017-11-26,10000014,25595,20000,20000,20000,76,2
2017-11-26,10000014,25598,11500,11500,11500,854,2
2017-11-26,10000014,25599,1000,1000,1000,1079,2
2017-11-26,10000014,25600,29000,29000,29000,1879,6
2017-11-26,10000014,25601,5000,5000,5000,1030,2
2017-11-26,10000014,25605,25000.28,25000.28,25000.28,4,2
2017-11-26,10000014,25609,300000,300000,300000,32,2
2017-11-26,10000014,25611,65000,65000,65000,17,1
2017-11-26,10000014,25612,700000,700000,700000,5,1
2017-11-26,10000014,25614,710000.12,710000.12,710000.12,18,2
2017-11-26,10000014,25616,10000,10000,10000,26,2
2017-11-26,10000014,25617,415000.18,415000.17,415000.18,69,5
2017-11-26,10000014,25618,20000,20000,20000,63,2
2017-11-26,10000014,25619,671235.96,650000,685000,89,4
2017-11-26,10000014,25620,40000,40000,40000,36,1
2017-11-26,10000014,25621,1000000,1000000,1000000,2,1
2017-11-26,10000014,25624,4198437.5,4100000,4200000,64,5
2017-11-26,10000014,25715,1490000.01,1490000.01,1490000.01,6,1
2017-11-26,10000014,25739,599999,599999,599999,1,1
2017-11-26,10000014,25861,120867.34,100000,147994.88,46,13
2017-11-26,10000014,25894,13459998.9,13400000,13499998.16,5,3
2017-11-26,10000014,26076,2498998.88,2498998.88,2498998.88,2,2
2017-11-26,10000014,26088,9022221.99,8174999.48,9700000,9,4
2017-11-26,10000014,26252,60000,60000,60000,1,1
2017-11-26,10000014,26256,150000,150000,150000,1,1
2017-11-26,10000014,26259,250000,250000,250000,1,1
2017-11-26,10000014,26261,175000,175000,175000,1,1
2017-11-26,10000014,26436,16000000,16000000,16000000,1,1
2017-11-26,10000014,26888,41000000,40000000,42000000,2,2
2017-11-26,10000014,26912,1732488.32,1732488.32,1732488.32,3,1
2017-11-26,10000014,26913,2599893.91,2599893.91,2599893.91,1,1
2017-11-26,10000014,26914,2679968,2679968,2679968,6,3
2017-11-26,10000014,26929,121994.9,119987.97,128000,12,9
2017-11-26,10000014,27075,1000000,1000000,1000000,1,1
2017-11-26,10000014,27087,250000,250000,250000,3,2
2017-11-26,10000014,27117,2750000,2750000,2750000,1,1
2017-11-26,10000014,27127,1250925.32,950000,1500000,27,9
2017-11-26,10000014,27143,1123369.28,1000000,1548887.38,13,4
2017-11-26,10000014,27186,29000000,29000000,29000000,1,1
2017-11-26,10000014,27188,55000000,55000000,55000000,2,2
2017-11-26,10000014,27315,1346.97,1346.97,1346.97,6848,8
2017-11-26,10000014,27321,1023.99,1023.99,1023.99,400,1
2017-11-26,10000014,27327,900,900,900,2700,6
2017-11-26,10000014,27333,824.99,824.99,824.99,16601,9
2017-11-26,10000014,27339,2938.98,2938.98,2938.98,297,1
2017-11-26,10000014,27345,2793.85,2793.85,2793.85,5299,9
2017-11-26,10000014,27349,3200,3200,3200,500,1
2017-11-26,10000014,27351,2962.28,2879.92,2962.28,2800,4
2017-11-26,10000014,27359,2889.99,2889.99,2889.99,4250,4
2017-11-26,10000014,27361,1119.99,1119.99,1119.99,31089,26
2017-11-26,10000014,27371,999.98,903.17,1257.91,29815,23
2017-11-26,10000014,27377,1900,1900,1900,2000,1
2017-11-26,10000014,27381,1347.66,1347.66,1347.66,37318,35
2017-11-26,10000014,27387,1048.01,995,1972,40061,27
2017-11-26,10000014,27435,2138.53,2138.53,2138.53,2832,3
2017-11-26,10000014,27441,1734.26,1734.26,1734.26,1934,2
2017-11-26,10000014,27447,1623.96,1623.96,1623.96,9291,5
2017-11-26,10000014,27453,1832.97,1832.97,1832.97,2827,2
2017-11-26,10000014,27914,1998427.84,1997798.98,2000000,7,7
2017-11-26,10000014,27916,1145509.91,1057686.84,1349999.99,12,4
2017-11-26,10000014,27920,1115289.82,1099887.97,1200000,26,7
2017-11-26,10000014,27924,1176389.39,1176389.39,1176389.39,2,1
2017-11-26,10000014,28207,1400000,1400000,1400000,4,1
2017-11-26,10000014,28211,600000,600000,600000,6,2
2017-11-26,10000014,28213,1270000,1200000,1300000,5,3
2017-11-26,10000014,28272,89300000.01,89300000.01,89300000.01,4,1
2017-11-26,10000014,28326,719,719,719,300,1
2017-11-26,10000014,28332,1300.99,1300.99,1300.99,3000,3
2017-11-26,10000014,28334,1094.7,1094.7,1094.7,9181,11
2017-11-26,10000014,28336,575,575,575,2435,5
2017-11-26,10000014,28374,554999999.51,554999999.51,554999999.51,1,1
2017-11-26,10000014,28576,1132915.95,995000,1144998.91,12,10
2017-11-26,10000014,28578,1139999.99,1139999.99,1139999.99,9,3
2017-11-26,10000014,28583,50000000,50000000,50000000,1,1
2017-11-26,10000014,28585,30000000,25000000,35000000,2,2
2017-11-26,10000014,28606,690000000,690000000,690000000,1,1
2017-11-26,10000014,28646,5082842.89,5000000,5248528.67,3,3
2017-11-26,10000014,28652,34999999.95,34999999.95,34999999.95,2,2
2017-11-26,10000014,28668,27890,27479.96,27899.83,16038,154
2017-11-26,10000014,28674,1500000,1500000,1500000,2,1
2017-11-26,10000014,28676,670000,650000,700000,5,3
2017-11-26,10000014,28678,8192,8192,8192,2,1
2017-11-26,10000014,28680,1200000,1200000,1200000,1,1
2017-11-26,10000014,28756,42500000,42500000,42500000,1,1
2017-11-26,10000014,28758,39993870.71,37975482.94,39999999.95,4,4
2017-11-26,10000014,28999,13000,10000,15999.99,12,6
2017-11-26,10000014,29001,12760.73,11166.86,19999.99,11,6
2017-11-26,10000014,29003,118783.14,118783.14,118783.14,4,1
2017-11-26,10000014,29005,10172.39,10172.39,10172.39,6,5
2017-11-26,10000014,29007,11851.5,11478.7,11892.92,10,5
2017-11-26,10000014,29009,12414.56,12414.56,12414.56,144,28
2017-11-26,10000014,29011,18000,18000,18000,142,48
2017-11-26,10000014,29013,19600,7000,25000,20,11
2017-11-26,10000014,29015,11200,10000,15000,25,15
2017-11-26,10000014,29248,506469.32,500000,512938.63,2,2
2017-11-26,10000014,29336,67499999.99,67499999.99,67499999.99,1,1
2017-11-26,10000014,29337,73000000,73000000,73000000,1,1
2017-11-26,10000014,29618,13989.98,13989.98,13989.98,7500,2
2017-11-26,10000014,29990,233999999.99,233999999.99,233999999.99,1,1
2017-11-26,10000014,30013,9759.87,9759.87,9759.87,153,16
2017-11-26,10000014,30028,84999.99,84999.99,84999.99,40,4
2017-11-26,10000014,30486,671590.59,648484.5,704100,51,6
2017-11-26,10000014,30488,512999.97,512999.97,512999.97,212,17
2017-11-26,10000014,30653,1999999,1999999,1999999,1,1
2017-11-26,10000014,30832,1859999.68,1859999.68,1859999.68,2,2
2017-11-26,10000014,30834,2197998.97,2197998.97,2197998.97,3,3
2017-11-26,10000014,30836,2070967.48,1849999.99,2500000,31,9
2017-11-26,10000014,30987,499240.91,350000,548987.88,24,7
2017-11-26,10000014,30993,55000000,55000000,55000000,3,1
2017-11-26,10000014,30999,1751725.07,1415519.34,2199999.37,7,6
2017-11-26,10000014,31009,538999.8,447499.5,600000,5,5
2017-11-26,10000014,31011,2195939.32,2195939.32,2195939.32,5,5
2017-11-26,10000014,31021,499999.5,499998.99,500000,2,2
2017-11-26,10000014,31023,1685999.98,1685999.98,1685999.98,3,3
2017-11-26,10000014,31035,1947368.02,1694736.7,2199999.34,4,4
2017-11-26,10000014,31045,947499.5,795000,1099998.99,4,4
2017-11-26,10000014,31047,2599999.59,2200000,2999999.17,2,2
2017-11-26,10000014,31055,2261748.94,1929999.98,2499999.53,24,8
2017-11-26,10000014,31057,8949995.97,8949995.97,8949995.97,3,1
2017-11-26,10000014,31059,21286749.51,21150002.95,21399999.96,11,6
2017-11-26,10000014,31085,4315441.18,4315441.18,4315441.18,4,2
2017-11-26,10000014,31105,343705.15,339000,344489.34,7,5
2017-11-26,10000014,31117,454159.92,454159.92,454159.92,1,1
2017-11-26,10000014,31119,1620000,1620000,1620000,5,3
2017-11-26,10000014,31125,11999999.84,11999999.76,12000000,6,4
2017-11-26,10000014,31153,280201.57,262998.98,310000,44,21
2017-11-26,10000014,31155,1863632,1863631.99,1863632,6,4
2017-11-26,10000014,31159,376180.1,292996.85,500000,33,15
2017-11-26,10000014,31161,2162448.63,2126875.75,2198021.5,6,2
2017-11-26,10000014,31165,5633045.45,5499998.99,6720449.81,37,19
2017-11-26,10000014,31167,20579320.98,19999999.97,20868981.44,9,5
2017-11-26,10000014,31171,5580971.58,5500000,5653846,19,16
2017-11-26,10000014,31173,11999998.41,11999998.41,11999998.41,2,1
2017-11-26,10000014,31177,312950.94,300000,315828.92,22,18
2017-11-26,10000014,31179,1913997.92,1913997.92,1913997.93,6,5
2017-11-26,10000014,31183,5424996.69,5249998.99,5499995.81,10,9
2017-11-26,10000014,31201,462781.71,462781.71,462781.71,3,3
2017-11-26,10000014,31213,94654.72,76630.02,247800.98,20,11
2017-11-26,10000014,31220,3399999.98,3399999.98,3399999.98,1,1
2017-11-26,10000014,31238,189999.99,189999.99,189999.99,2,2
2017-11-26,10000014,31262,250000,250000,250000,2,1
2017-11-26,10000014,31274,276171.12,252953.23,400000,19,12
2017-11-26,10000014,31276,999999.27,999999.27,999999.27,2,1
2017-11-26,10000014,31280,4874998.53,4874998.53,4874998.53,5,5
2017-11-26,10000014,31286,149879.86,149879.86,149879.86,6,2
2017-11-26,10000014,31298,179990.05,179990.03,179990.11,14,7
2017-11-26,10000014,31300,500998,500998,500998,2,1
2017-11-26,10000014,31310,500000,500000,500000,1,1
2017-11-26,10000014,31322,326068.16,325500,326749.95,11,5
2017-11-26,10000014,31324,1777484.33,1772453,1780000,3,2
2017-11-26,10000014,31328,6000000,6000000,6000000,2,1
2017-11-26,10000014,31358,630173.82,531646.99,750000,28,21
2017-11-26,10000014,31360,3524942.61,3465746.26,3970876.04,23,17
2017-11-26,10000014,31364,4970710.7,4900000,4998994.99,7,7
2017-11-26,10000014,31366,26481889.1,26481889.1,26481889.1,5,5
2017-11-26,10000014,31370,290781.54,268998.55,370000,23,6
2017-11-26,10000014,31372,1204577.38,1070000.98,1239992.23,24,11
2017-11-26,10000014,31376,5979994.99,5900000,5999993.74,5,3
2017-11-26,10000014,31378,12361456.32,11942184.48,13199999.99,3,3
2017-11-26,10000014,31442,159999.97,159999.97,159999.97,3,3
2017-11-26,10000014,31454,489999.99,489999.98,490000,3,3
2017-11-26,10000014,31456,1499000,1499000,1499000,2,2
2017-11-26,10000014,31478,213894.27,213894.27,213894.28,3,2
2017-11-26,10000014,31480,1999996.99,1999996.99,1999996.99,1,1
2017-11-26,10000014,31484,4493999.36,4493999.36,4493999.37,3,2
2017-11-26,10000014,31526,1099999.98,1099999.98,1099999.98,4,4
2017-11-26,10000014,31532,3899998.61,3899998.61,3899998.61,1,1
2017-11-26,10000014,31538,1808993.99,1808993.99,1808993.99,1,1
2017-11-26,10000014,31562,844999.69,844999.69,844999.69,1,1
2017-11-26,10000014,31586,380000,320000,620000,5,4
2017-11-26,10000014,31588,1699999.99,1699999.99,1699999.99,2,2
2017-11-26,10000014,31598,420000,420000,420000,22,11
2017-11-26,10000014,31600,1830303.93,1830303.88,1830304.2,13,11
2017-11-26,10000014,31604,5999999.96,5999999.96,5999999.96,2,2
2017-11-26,10000014,31608,319986.36,319986.34,319986.38,11,10
2017-11-26,10000014,31620,559996.96,559996.96,559996.96,1,1
2017-11-26,10000014,31668,170014.98,168228.23,182522.2,8,8
2017-11-26,10000014,31680,249997.84,249997.83,249997.84,10,9
2017-11-26,10000014,31682,1566666.66,700000,1999999.99,3,2
2017-11-26,10000014,31686,5800000,5800000,5800000,12,3
2017-11-26,10000014,31692,220000,220000,220000,1,1
2017-11-26,10000014,31706,1000000,1000000,1000000,1,1
2017-11-26,10000014,31716,74811.37,70000,74996,27,14
2017-11-26,10000014,31718,374127.98,360000,374999.75,36,24
2017-11-26,10000014,31722,3441666.67,3200000,4000000,12,10
2017-11-26,10000014,31724,6695561.37,6491127.79,8899999.96,8,7
2017-11-26,10000014,31730,397999.57,397999.57,397999.57,2,1
2017-11-26,10000014,31740,239999.77,239999,240000.53,2,2
2017-11-26,10000014,31742,399994.99,399994.99,399994.99,2,2
2017-11-26,10000014,31752,148377.32,148377.28,148377.38,5,5
2017-11-26,10000014,31754,318489.74,299999.99,333209.11,14,12
2017-11-26,10000014,31760,6709867.84,6000000,7899997.86,8,8
2017-11-26,10000014,31788,386431.8,385000,389898.84,56,29
2017-11-26,10000014,31790,2210387.08,2210387,2219217.3,131,53
2017-11-26,10000014,31792,46000000,46000000,46000000,5,2
2017-11-26,10000014,31794,11166110.53,10000000,11498998.97,18,10
2017-11-26,10000014,31796,26143865.2,25999999.96,26400000,30,18
2017-11-26,10000014,31802,2010968.32,2010968.32,2010968.32,4,2
2017-11-26,10000014,31866,3979999.75,3979999.75,3979999.75,6,1
2017-11-26,10000014,31868,4355555.56,4300000,4400000,9,3
2017-11-26,10000014,31870,5949902.98,5300000,6149875.25,27,7
2017-11-26,10000014,31876,2400000,2400000,2400000,2,1
2017-11-26,10000014,31892,3739999.19,3100000,3899998.99,10,3
2017-11-26,10000014,31900,50000000,50000000,50000000,1,1
2017-11-26,10000014,31928,14824283.88,14249999.99,16036351.5,13,10
2017-11-26,10000014,31930,55000000,55000000,55000000,2,2
2017-11-26,10000014,31932,44414734.02,39000000,47122101.03,6,4
2017-11-26,10000014,31936,14899999.99,14899999.99,14899999.99,1,1
2017-11-26,10000014,31942,85000000,85000000,85000000,2,2
2017-11-26,10000014,31982,124997.99,124997.99,124997.99,120,2
2017-11-26,10000014,31990,77692.31,70000,149999.99,52,4
2017-11-26,10000014,31998,150000,150000,150000,18,3
2017-11-26,10000014,32006,219999.99,132999.99,220000,875,31
2017-11-26,10000014,32014,324990.47,324990.47,324990.47,158,6
2017-11-26,10000014,32043,2285999.56,2264999.92,2299999.48,5,4
2017-11-26,10000014,32047,41999999.99,41999999.99,41999999.99,5,3
2017-11-26,10000014,32083,1,1,1,4,1
2017-11-26,10000014,32339,124999999,124999999,124999999,1,1
2017-11-26,10000014,32772,990000,990000,990000,1,1
2017-11-26,10000014,32774,233000,233000,233000,1,1
2017-11-26,10000014,32780,1381999.95,1313999.9,1450000,4,3
2017-11-26,10000014,32782,13.08,13.08,13.08,700,3
2017-11-26,10000014,32787,34608.69,1000,34999.99,23,7
2017-11-26,10000014,32817,2299999.99,2299999.99,2299999.99,2,1
2017-11-26,10000014,32819,2814986.75,2814986.75,2814986.75,4,2
2017-11-26,10000014,32876,999999,999999,999999,2,2
2017-11-26,10000014,32878,2045362.98,1979090,2199999.94,10,10
2017-11-26,10000014,32880,443636.36,385000,750000,11,10
2017-11-26,10000014,32918,300000.01,300000.01,300000.01,1,1
2017-11-26,10000014,33003,500000,500000,500000,2,1
2017-11-26,10000014,33011,25000,25000,25000,15,1
2017-11-26,10000014,33076,275749,190000,374999.91,22,22
2017-11-26,10000014,33091,199999,199999,199999,1,1
2017-11-26,10000014,33094,199999,199999,199999,3,3
2017-11-26,10000014,33098,1851000,1851000,1851000,1,1
2017-11-26,10000014,33101,249999.92,249999.92,249999.92,1,1
2017-11-26,10000014,33157,173000000,173000000,173000000,2,2
2017-11-26,10000014,33176,649999.92,649999.92,649999.92,10,3
2017-11-26,10000014,33178,82499.99,82000,82999.98,4,4
2017-11-26,10000014,33180,147416.66,146999.99,149499.98,12,11
2017-11-26,10000014,33195,14826.37,10181.82,16219.73,26,5
2017-11-26,10000014,33285,42000000,42000000,42000000,2,1
2017-11-26,10000014,33332,18000,18000,18000,5,1
2017-11-26,10000014,33334,51652.33,51652.33,51652.33,10,1
2017-11-26,10000014,33359,25000,25000,25000,2000,1
2017-11-26,10000014,33360,27000,27000,27000,2000,1
2017-11-26,10000014,33362,30000,30000,30000,5000,1
2017-11-26,10000014,33450,3400000,3400000,3400000,5,1
2017-11-26,10000014,33468,54849999.97,36700000,72999999.94,2,2
2017-11-26,10000014,33470,223139998.93,222779997.93,223499999.93,2,2
2017-11-26,10000014,33474,2323537.6,1934999.94,2775919.37,9,9
2017-11-26,10000014,33475,9752419.91,8799999.96,10000000,54,30
2017-11-26,10000014,33476,68000000,68000000,68000000,2,2
2017-11-26,10000014,33699,199999,199999,199999,3,3
2017-11-26,10000014,33706,8498.55,8498.55,8498.55,1,1
2017-11-26,10000014,33712,950000,950000,950000,2,2
2017-11-26,10000014,33816,66866666.65,66714285.7,67171428.56,3,3
2017-11-26,10000014,33824,2080416.49,1244999.97,2358888.65,8,8
2017-11-26,10000014,33890,744981.63,700000,848249.56,69,15
2017-11-26,10000014,33892,4999898.18,4999898.18,4999898.19,10,5
2017-11-26,10000014,33894,4499998.15,4499997.67,4499998.94,16,7
2017-11-26,10000014,33896,10012857.1,10012857.1,10012857.1,3,1
2017-11-26,10000014,33915,398500,300000,497000,2,2
2017-11-26,10000014,34126,279999999.99,279999999.99,279999999.99,2,1
2017-11-26,10000014,34201,335850,332044.45,337118.52,8,3
2017-11-26,10000014,34203,700000,700000,700000,4,1
2017-11-26,10000014,34204,437500.05,0.01,500000.06,8,3
2017-11-26,10000014,34205,450000,450000,450000,1,1
2017-11-26,10000014,34206,350000,350000,350000,2,1
2017-11-26,10000014,34264,2971705.66,2971705.66,2971705.66,3,1
2017-11-26,10000014,34268,1400000,1400000,1400000,4,3
2017-11-26,10000014,34317,62309999.55,62309999.55,62309999.55,1,1
2017-11-26,10000014,34390,1999999,1999999,1999999,1,1
2017-11-26,10000014,34562,57778497.93,57000000,58167746.9,3,3
2017-11-26,10000014,34593,11000000,11000000,11000000,1,1
2017-11-26,10000014,34595,174499999.49,169999998.96,179000000.01,2,2
2017-11-26,10000014,34828,51868582,45000000,60772413.33,9,5
2017-11-26,10000014,35656,47000,47000,47000,5,5
2017-11-26,10000014,35657,162500,125000,199999.99,2,2
2017-11-26,10000014,35658,54541.19,49488.21,69999,60,56
2017-11-26,10000014,35659,57099.32,48598.33,87499.99,23,19
2017-11-26,10000014,35660,14131.74,14000,16000,27,24
2017-11-26,10000014,35661,250000,250000,250000,1,1
2017-11-26,10000014,35662,100001,100001,100001,5,1
2017-11-26,10000014,35771,1731056.24,1708324.94,1749998.99,11,6
2017-11-26,10000014,35790,2339258.1,2125000,2482227,10,6
2017-11-26,10000014,35794,24006.8,18016.99,28000,5,4
2017-11-26,10000014,35795,30428.35,24000,34999.99,7,6
2017-11-26,10000014,36910,8487999.91,7700000,9669999.77,10,7
2017-11-26,10000014,36912,8200000,8200000,8200000,1,1
2017-11-26,10000014,37458,47988278.95,47988278.95,47988278.95,2,2
2017-11-26,10000014,37479,2500000,2500000,2500000,2,2
2017-11-26,10000014,37480,81000000,81000000,81000000,1,1
2017-11-26,10000014,37482,77000000,77000000,77000000,1,1
2017-11-26,10000014,37545,149819.99,149819.99,149819.99,1,1
2017-11-26,10000014,37608,2422085.69,2399999,2510431.47,5,4
2017-11-26,10000014,37610,2400000,2400000,2400000,1,1
2017-11-26,10000014,40328,4499999.99,4499999.99,4499999.99,1,1
2017-11-26,10000014,40334,99000,99000,99000,3,3
2017-11-26,10000014,40335,10000,10000,10000,2,2
2017-11-26,10000014,40346,7999999.99,7999999.99,7999999.99,5,1
2017-11-26,10000014,40356,100000000,100000000,100000000,2,1
2017-11-26,10000014,40357,140000000,140000000,140000000,1,1
2017-11-26,10000014,40360,2500000,2500000,2500000,12,1
2017-11-26,10000014,40520,887332660.46,884999999.99,888498990.7,6,4
2017-11-26,10000014,40553,10200075,10200075,10200075,36,1
2017-11-26,10000014,40556,12497589.61,12320196.49,13999999.74,37,6
2017-11-26,10000014,40567,14000000,14000000,14000000,18,1
2017-11-26,10000014,40598,2000000,2000000,2000000,1,1
2017-11-26,10000014,40659,45000000,45000000,45000000,2,2
2017-11-26,10000014,41034,110925,110925,110925,1,1
2017-11-26,10000014,41155,13035.79,12053.71,14999.95,12,10
2017-11-26,10000014,41218,35000000,35000000,35000000,3,3
2017-11-26,10000014,41275,20000,20000,20000,500,1
2017-11-26,10000014,41316,2699.97,2699.97,2699.97,2000,2
2017-11-26,10000014,41411,49999999.93,49999999.93,49999999.93,1,1
2017-11-26,10000014,41415,150000000,150000000,150000000,2,1
2017-11-26,10000014,41489,12000,12000,12483,217,5
2017-11-26,10000014,41490,1169998.96,1169998.96,1169998.96,163,5
2017-11-26,10000014,41491,39999999.92,39999999.92,39999999.92,1,1
2017-11-26,10000014,42244,62000000,62000000,62000000,1,1
2017-11-26,10000014,42528,612140.19,600000,624280.38,2,2
2017-11-26,10000014,42529,787500,750000,800000,4,4
2017-11-26,10000014,42530,4000000,4000000,4000000,1,1
2017-11-26,10000014,42694,999,999,999,800,3
2017-11-26,10000014,42695,1099.97,1099.97,1099.97,2986,5
2017-11-26,10000014,42696,1359.36,1359.36,1359.36,1000,5
2017-11-26,10000014,42829,667.29,667.29,667.29,13265,5
2017-11-26,10000014,42830,799,799,813.59,6200,6
2017-11-26,10000014,42835,1499.95,1499.95,1499.95,200,1
2017-11-26,10000014,42838,950,950,950,303,1
2017-11-26,10000014,42839,998,998,998,303,1
2017-11-26,10000014,42840,998.58,998.58,998.58,303,1
2017-11-26,10000014,43551,5100000,5100000,5100000,1,1
2017-11-26,10000014,43555,4209417.87,3900000,4254544.69,5,5
2017-11-26,10000014,43556,3851271,3851271,3851271,1,1
2017-11-26,10000014,43700,3503150.24,3004200.32,5000000,4,3
2017-11-26,10000014,44067,289999999.99,289999999.99,289999999.99,1,1
2017-11-26,10000014,44102,4249976.27,4249976.27,4249976.27,2,2
2017-11-26,10000014,44917,1,1,1,1,1
2017-11-26,10000014,44992,2906000.96,2906000.6,2907021.34,3066,9
2017-11-26,10000014,45010,290000,290000,290000,4,1
2017-11-26,10000014,45493,15,15,15,78,1
2017-11-26,10000014,45504,60,60,60,24,1
2017-11-26,10000014,45512,100,100,100,696,1
2017-11-26,10000014,45589,52000000,52000000,52000000,2,2
2017-11-26,10000014,45596,61999999.99,61999999.99,61999999.99,1,1
2017-11-26,10000014,45602,69999899.99,69999899.99,69999899.99,1,1
2017-11-26,10000014,45613,55800000.01,46000000,65600000.01,2,2
2017-11-26,10000014,45621,45000000,45000000,45000000,1,1
2017-11-26,10000014,45625,28000000,28000000,28000000,1,1
2017-11-26,10000014,45631,46748554.99,46748554.99,46748554.99,1,1
2017-11-26,10000014,45635,198318666.32,197999999.99,198955998.99,3,3
2017-11-26,10000014,45746,1499999,1499999,1499999,1,1
2017-11-26,10000014,46002,5999999.84,5999999.69,5999999.99,2,2
2017-11-26,10000014,46008,19548450.75,12999999.99,23999999,65,56
2017-11-26,10000014,46152,11000000,11000000,11000000,1,1
2017-11-26,10000014,46153,16000000,16000000,16000000,1,1
2017-11-26,10000014,46154,21000000,21000000,21000000,1,1
2017-11-26,10000014,46155,18000000,18000000,18000000,1,1
2017-11-26,10000014,46156,31000000,31000000,31000000,1,1
2017-11-26,10000014,46308,60,60,60,89,1
2017-11-26,10000014,46310,60,60,60,94,1
2017-11-26,10000014,46356,1600000,1600000,1600000,2,1
2017-11-26,10000014,46370,1899999.99,1899999.99,1899999.99,2,1
2017-11-26,10000014,46372,2999999.99,2999999.99,2999999.99,2,1
2017-11-26,10000014,46713,45000000,45000000,45000000,1,1
2017-11-26,10000015,20,1424.9,1424.9,1424.9,122352,15
2017-11-26,10000015,34,3,3,3,13567,2
2017-11-26,10000015,35,4,4,4,2645,1
2017-11-26,10000015,36,78.99,78.99,78.99,3290,2
2017-11-26,10000015,37,47.48,47.48,47.48,918,2
2017-11-26,10000015,38,315.73,315,359,60,2
2017-11-26,10000015,39,1000,1000,1000,3,1
2017-11-26,10000015,40,1324,1099,1999,4,2
2017-11-26,10000015,400,276990,276990,276990,3,2
2017-11-26,10000015,440,6500000,6500000,6500000,1,1
2017-11-26,10000015,448,2650000,2650000,2650000,1,1
2017-11-26,10000015,527,2500000,2500000,2500000,3,3
2017-11-26,10000015,578,300000,300000,300000,1,1
2017-11-26,10000015,603,4111111,4111111,4111111,1,1
2017-11-26,10000015,605,1990000,1990000,1990000,1,1
2017-11-26,10000015,622,11999999.99,11999999.99,11999999.99,1,1
2017-11-26,10000015,648,3750000,3750000,3750000,1,1
2017-11-26,10000015,657,14495500,14495500,14495500,1,1
2017-11-26,10000015,672,449000,449000,449000,1,1
2017-11-26,10000015,1236,999999.98,999999.98,999999.98,1,1
2017-11-26,10000015,1248,1444444,1444444,1444444,1,1
2017-11-26,10000015,1319,2499999.99,2499999.92,2500000,6,2
2017-11-26,10000015,1405,2855882.33,2250000,3499999.96,17,9
2017-11-26,10000015,1999,985000,985000,985000,3,1
2017-11-26,10000015,2032,1844185.56,1844185.56,1844185.56,1,1
2017-11-26,10000015,2048,1398333.33,1097500,2000000,3,3
2017-11-26,10000015,2175,1120664.83,1096994.99,1200000,30,6
2017-11-26,10000015,2185,1307142.86,1200000,1350000,7,3
2017-11-26,10000015,2195,2180000,2180000,2180000,2,1
2017-11-26,10000015,2205,999999,999999,999999,10,1
2017-11-26,10000015,2281,4666666.67,4000000,5000000,3,2
2017-11-26,10000015,2456,999999,999998,999999.99,10,3
2017-11-26,10000015,2466,999998,999998,999998,4,2
2017-11-26,10000015,2478,1999999.99,1999999.99,1999999.99,6,2
2017-11-26,10000015,2488,433152.05,431978.13,449000,29,5
2017-11-26,10000015,2605,1499999,1499999,1499999,2,2
2017-11-26,10000015,2679,248,248,248,14000,2
2017-11-26,10000015,2873,1570000,1500000,1590000,9,3
2017-11-26,10000015,3138,4000000,4000000,4000000,5,1
2017-11-26,10000015,3162,549899,549899,549899,6,2
2017-11-26,10000015,3178,2000000,2000000,2000000,2,1
2017-11-26,10000015,3244,2900000,2900000,2900000,1,1
2017-11-26,10000015,3520,1500000,1500000,1500000,1,1
2017-11-26,10000015,3568,990900,990900,990900,2,2
2017-11-26,10000015,3814,16996,16996,16996,1,1
2017-11-26,10000015,3831,2000000,2000000,2000000,4,2
2017-11-26,10000015,3841,3000000,3000000,3000000,1,1
2017-11-26,10000015,4051,24499.95,24499.95,24499.95,500,3
2017-11-26,10000015,4250,5000000,5000000,5000000,1,1
2017-11-26,10000015,4258,3999999.99,3999999.99,3999999.99,1,1
2017-11-26,10000015,4405,3000000,3000000,3000000,1,1
2017-11-26,10000015,5445,400000,400000,400000,1,1
2017-11-26,10000015,5839,2390000,2390000,2390000,1,1
2017-11-26,10000015,5973,1157200,450000,1798999.99,10,9
2017-11-26,10000015,6003,250000,250000,250000,3,3
2017-11-26,10000015,8517,2000000,2000000,2000000,1,1
2017-11-26,10000015,8521,3999999.28,3999998.99,4000000,7,4
2017-11-26,10000015,8529,550000,550000,550000,1,1
2017-11-26,10000015,10190,1190443.88,1190443.88,1190443.88,6,3
2017-11-26,10000015,10212,26000000,26000000,26000000,1,1
2017-11-26,10000015,10998,890000,890000,890000,5,2
2017-11-26,10000015,11182,38000000,38000000,38000000,1,1
2017-11-26,10000015,11202,41000000,41000000,41000000,3,3
2017-11-26,10000015,11269,5475000,5000000,5950000,2,2
2017-11-26,10000015,11287,46000.01,46000.01,46000.01,1,1
2017-11-26,10000015,11370,6950000,6950000,6950000,1,1
2017-11-26,10000015,11381,34999999.98,34999999.98,34999999.98,1,1
2017-11-26,10000015,11563,720000,450000,990000,2,2
2017-11-26,10000015,11577,6597999.99,6597999.99,6597999.99,1,1
2017-11-26,10000015,11578,6666666.67,5000000,7500000,3,3
2017-11-26,10000015,11640,3000000,3000000,3000000,1,1
2017-11-26,10000015,11644,2750009.1,2750009.1,2750009.1,1,1
2017-11-26,10000015,11985,199999999,199999999,199999999,2,2
2017-11-26,10000015,11993,214999999.67,214999999,215000000,3,2
2017-11-26,10000015,12038,40000001,40000001,40000001,1,1
2017-11-26,10000015,12612,149.99,149.99,149.99,11196,4
2017-11-26,10000015,12822,181400,181400,181400,53,1
2017-11-26,10000015,13261,48296295.21,48296295.21,48296295.21,1,1
2017-11-26,10000015,15596,4500,4500,4500,12,2
2017-11-26,10000015,15597,8000,8000,8000,7,2
2017-11-26,10000015,15598,15000,15000,15000,2,2
2017-11-26,10000015,15599,20000,20000,20000,2,2
2017-11-26,10000015,15601,30000.02,30000.02,30000.02,2,2
2017-11-26,10000015,15602,60000.02,60000.02,60000.02,2,2
2017-11-26,10000015,15656,100000,100000,100000,1,1
2017-11-26,10000015,15671,750000,750000,750000,1,1
2017-11-26,10000015,15806,119899999.53,99999999,139800000.06,2,2
2017-11-26,10000015,15996,30000,30000,30000,5,2
2017-11-26,10000015,16180,12000,12000,12000,3,1
2017-11-26,10000015,16184,30000,30000,30000,1,1
2017-11-26,10000015,16242,6000000,6000000,6000000,1,1
2017-11-26,10000015,16273,740,740,740,9592,19
2017-11-26,10000015,16303,3000000,3000000,3000000,1,1
2017-11-26,10000015,17366,2000000,2000000,2000000,1,1
2017-11-26,10000015,17841,29999999.98,29999999.98,29999999.98,1,1
2017-11-26,10000015,17889,749.99,749.99,749.99,155823,1
2017-11-26,10000015,17928,80000000,80000000,80000000,1,1
2017-11-26,10000015,17932,55000000,55000000,55000000,1,1
2017-11-26,10000015,17938,1500000,1500000,1500000,1,1
2017-11-26,10000015,19295,150000000,150000000,150000000,1,1
2017-11-26,10000015,20280,30000000,30000000,30000000,1,1
2017-11-26,10000015,20701,30000000,30000000,30000000,1,1
2017-11-26,10000015,21096,3414285.43,2800000,4999999,7,5
2017-11-26,10000015,21640,1006250,1000000,1100000,16,2
2017-11-26,10000015,22229,3899998.9,3899998.9,3899998.9,1,1
2017-11-26,10000015,23009,878,878,878,600,2
2017-11-26,10000015,23055,2500000,2500000,2500000,42,1
2017-11-26,10000015,23059,2500000,2500000,2500000,12,1
2017-11-26,10000015,23707,15856.7,9000,24998.97,35,3
2017-11-26,10000015,24242,11100000.02,11100000.02,11100000.02,1,1
2017-11-26,10000015,24445,2500000,2500000,2500000,4,1
2017-11-26,10000015,25861,1399999,1399999,1399999,1,1
2017-11-26,10000015,27143,1999999.98,1999999.98,1999999.98,1,1
2017-11-26,10000015,27321,950,950,950,10,1
2017-11-26,10000015,27345,2309.82,2309.82,2309.82,1000,1
2017-11-26,10000015,27441,1300,1300,1300,1000,1
2017-11-26,10000015,27914,1900000,1900000,1900000,1,1
2017-11-26,10000015,28215,650000,650000,650000,31,1
2017-11-26,10000015,28237,5000000,5000000,5000000,1,1
2017-11-26,10000015,28646,7999999.98,7999999.98,7999999.98,3,3
2017-11-26,10000015,28668,25000,24306.95,25000,1064,5
2017-11-26,10000015,28758,50000000,50000000,50000000,1,1
2017-11-26,10000015,30832,1350000,1350000,1350000,1,1
2017-11-26,10000015,31177,1386375,850000,2995500,4,2
2017-11-26,10000015,31322,499999.98,499999.98,499999.98,1,1
2017-11-26,10000015,31360,3600000,3600000,3600000,3,1
2017-11-26,10000015,31544,2800000.01,2800000.01,2800000.01,1,1
2017-11-26,10000015,31716,149999.66,100000,249998.99,3,2
2017-11-26,10000015,31728,25000,25000,25000,1,1
2017-11-26,10000015,31752,150000,150000,150000,1,1
2017-11-26,10000015,31788,2999989.98,2999989.98,2999989.98,5,2
2017-11-26,10000015,31790,3374999.98,3374999.97,3374999.98,4,2
2017-11-26,10000015,31936,25000000.05,25000000.05,25000000.05,1,1
2017-11-26,10000015,31998,699999.99,699999.99,700000,34,4
2017-11-26,10000015,32006,202307.69,200000,250000,65,3
2017-11-26,10000015,32872,4777777,4777777,4777777,1,1
2017-11-26,10000015,32878,2757757,2757757,2757757,2,2
2017-11-26,10000015,33076,3000000,3000000,3000000,1,1
2017-11-26,10000015,33474,5833333.32,3749999.99,10000000,3,3
2017-11-26,10000015,33475,11200000,11200000,11200000,1,1
2017-11-26,10000015,33890,1999999.99,1999999.99,1999999.99,1,1
2017-11-26,10000015,35659,200000,200000,200000,1,1
2017-11-26,10000015,35660,1250000,1250000,1250000,1,1
2017-11-26,10000015,36911,8166664,8166664,8166664,2,1
2017-11-26,10000015,40354,58800000.02,58800000.02,58800000.02,3,2
2017-11-26,10000015,41489,98000,98000,98000,40,1
2017-11-26,10000015,44992,3800000,3800000,3800000,1,1
2017-11-26,10000015,46008,17000000,17000000,17000000,3,3
2017-11-26,10000016,18,58,58,58.01,9511288,124
2017-11-26,10000016,19,100.01,100.01,100.01,3,1
2017-11-26,10000016,20,375.6,375.6,375.6,567345,73
2017-11-26,10000016,21,360,360,360,1749,2
2017-11-26,10000016,34,5,5,5,470343828,621
2017-11-26,10000016,35,6.49,4.96,14.5,47713033,415
2017-11-26,10000016,36,58,58,58,18263739,341
2017-11-26,10000016,37,51,49.99,53.21,609829,222
2017-11-26,10000016,38,306,301.32,399.99,120015,172
2017-11-26,10000016,39,1291,1291,1291,81301,155
2017-11-26,10000016,40,1100,1100,1125,20084,107
2017-11-26,10000016,41,22.52,14,26,69,2
2017-11-26,10000016,42,800,800,800,70,6
2017-11-26,10000016,43,342.94,342.66,348.55,410326,17
2017-11-26,10000016,45,25.05,24.97,25.07,191,19
2017-11-26,10000016,178,0.01,0.01,0.01,100,1
2017-11-26,10000016,179,0.01,0.01,0.01,200,2
2017-11-26,10000016,180,0.01,0.01,0.01,800,6
2017-11-26,10000016,181,0.01,0.01,0.01,400,3
2017-11-26,10000016,182,7.5,7,15,23401,8
2017-11-26,10000016,183,0.01,0.01,0.01,239,3
2017-11-26,10000016,184,16,16,16,3200,3
2017-11-26,10000016,185,1.01,1.01,1.01,500,5
2017-11-26,10000016,188,0.01,0.01,0.01,15,1
2017-11-26,10000016,190,34,34,34,3001,2
2017-11-26,10000016,191,91.63,91.63,91.63,14030,2
2017-11-26,10000016,192,115,115,115,3640,3
2017-11-26,10000016,193,67.48,67.48,67.48,12827,5
2017-11-26,10000016,194,29,29,29,7500,1
2017-11-26,10000016,196,59,59,59,100,1
2017-11-26,10000016,197,1,1,1,100,1
2017-11-26,10000016,198,59,59,59,100,1
2017-11-26,10000016,199,210,210,210,8525,2
2017-11-26,10000016,200,200,200,200,17589,3
2017-11-26,10000016,201,210,210,210,15000,2
2017-11-26,10000016,202,320,320,320,10960,7
2017-11-26,10000016,203,240,240,240,269033,17
2017-11-26,10000016,204,349.99,349.99,349.99,19000,7
2017-11-26,10000016,205,299.57,299.57,299.57,6542,4
2017-11-26,10000016,206,30,17.01,47.13,46285,12
2017-11-26,10000016,207,54.52,50,58.5,22736,8
2017-11-26,10000016,208,59.9,59.9,59.9,58068,24
2017-11-26,10000016,209,62,60,63,155235,37
2017-11-26,10000016,210,10,10,11,733102,82
2017-11-26,10000016,211,11.59,11.59,11.59,175907,51
2017-11-26,10000016,212,18,17.95,18,231653,48
2017-11-26,10000016,213,10.8,10.75,12.13,47747,35
2017-11-26,10000016,215,4.2,4.2,4.2,245376,71
2017-11-26,10000016,216,7,7,7,55915,39
2017-11-26,10000016,217,8.99,8.99,8.99,77133,33
2017-11-26,10000016,218,6,5.98,10.99,44714,36
2017-11-26,10000016,219,8.27,7.99,8.27,26120,27
2017-11-26,10000016,220,8.5,8.5,8.5,136540,27
2017-11-26,10000016,221,10.5,10.5,10.5,55492,27
2017-11-26,10000016,222,17.75,17.75,17.75,914853,228
2017-11-26,10000016,223,30,25,30,39500,12
2017-11-26,10000016,224,34.13,34.13,34.13,26501,7
2017-11-26,10000016,225,33.13,33.13,33.13,5819,7
2017-11-26,10000016,226,6.61,6.61,6.61,3100,7
2017-11-26,10000016,227,80,80,80,47270,8
2017-11-26,10000016,228,60,60,60,5828,8
2017-11-26,10000016,229,50.13,50.13,50.13,38500,9
2017-11-26,10000016,230,59,59,59,428571,45
2017-11-26,10000016,232,55,55,55,40000,1
2017-11-26,10000016,235,120,120,120,4500,2
2017-11-26,10000016,238,5,5,5,600,2
2017-11-26,10000016,239,0.01,0.01,0.01,5,5
2017-11-26,10000016,240,0.01,0.01,0.01,2,2
2017-11-26,10000016,241,0.01,0.01,0.01,4,4
2017-11-26,10000016,242,0.01,0.01,0.01,4,4
2017-11-26,10000016,243,284.78,0.01,854.33,3,3
2017-11-26,10000016,244,133.34,0.01,800,6,6
2017-11-26,10000016,245,0.01,0.01,0.01,3,3
2017-11-26,10000016,246,1825.01,0.01,5250,8,7
2017-11-26,10000016,250,2502.66,2502.66,2502.66,1,1
2017-11-26,10000016,253,18000,18000,18000,3,1
2017-11-26,10000016,256,45,45,45,8,1
2017-11-26,10000016,257,4000,4000,4000,8,1
2017-11-26,10000016,258,16222.98,4445.95,28000,16,2
2017-11-26,10000016,260,1.02,1.02,1.02,1,1
2017-11-26,10000016,261,10510.95,10510.95,10510.95,1,1
2017-11-26,10000016,262,19,19,19,8,1
2017-11-26,10000016,263,199.75,199.75,214.27,1087,31
2017-11-26,10000016,264,470,470,470,372,2
2017-11-26,10000016,266,7.24,5.26,7.25,248538,74
2017-11-26,10000016,267,55.9,55.9,55.9,263,2
2017-11-26,10000016,269,10.84,10.84,10.84,600,4
2017-11-26,10000016,377,13726.73,12000,21050.07,68,43
2017-11-26,10000016,380,712108.95,2777.78,899999.99,5,5
2017-11-26,10000016,393,20000,20000,20000,9,7
2017-11-26,10000016,394,544612.55,499995,678465.21,8,5
2017-11-26,10000016,399,37756.4,18500,95000,69,63
2017-11-26,10000016,400,528700,494000,850000,10,10
2017-11-26,10000016,434,61471.73,57777.77,67500,65,38
2017-11-26,10000016,438,3112992.22,2799999,3269488.83,3,3
2017-11-26,10000016,439,7699.83,6999,8980,172,136
2017-11-26,10000016,440,5637499.34,4900000,5999998.45,4,4
2017-11-26,10000016,442,19857.14,19500,20000,7,6
2017-11-26,10000016,443,79999.99,79999.99,79999.99,1,1
2017-11-26,10000016,444,30065.88,19000,50000,28,25
2017-11-26,10000016,447,69999,69999,69999,2,2
2017-11-26,10000016,448,1921247.59,1842500,1999995.19,4,4
2017-11-26,10000016,450,9000,6500,23999.99,7,2
2017-11-26,10000016,452,30000,30000,30000,1,1
2017-11-26,10000016,482,1163488.47,1099999.98,1499999.99,68,40
2017-11-26,10000016,483,14500,14500,14950,518,92
2017-11-26,10000016,484,9500,9500,9500,1,1
2017-11-26,10000016,486,19250.04,16000,20000,56,6
2017-11-26,10000016,499,19999.95,19000,20000,161,71
2017-11-26,10000016,501,60644.3,50000,80499.5,18,6
2017-11-26,10000016,519,429367.32,429367.32,429367.32,2,1
2017-11-26,10000016,520,54736.84,48000,80000,19,2
2017-11-26,10000016,523,25119.39,22400,37200.13,27,20
2017-11-26,10000016,524,56833.33,40500,65000,6,6
2017-11-26,10000016,526,25140.78,7999,42777.77,11,11
2017-11-26,10000016,527,1298110.48,1224496.41,1309000,18,7
2017-11-26,10000016,530,36860.1,36860.1,36860.1,1,1
2017-11-26,10000016,561,3820.94,177.78,4550,79,52
2017-11-26,10000016,562,20893.12,3788.91,45000,31,21
2017-11-26,10000016,563,40199.88,40008.78,42875.25,15,3
2017-11-26,10000016,564,63144.43,24000,78999.99,30,11
2017-11-26,10000016,565,25555.55,25555.55,25555.55,104,53
2017-11-26,10000016,566,95005,10,190000,10,7
2017-11-26,10000016,567,74371.53,66000,82743.07,4,3
2017-11-26,10000016,569,374990,374990,374990,6,3
2017-11-26,10000016,570,324500.13,324500.13,324500.13,4,2
2017-11-26,10000016,578,102019.65,95000,149998,61,53
2017-11-26,10000016,582,275000,274750,275000,160,49
2017-11-26,10000016,583,307438.29,277337.88,360000,26,26
2017-11-26,10000016,584,310000,310000,310000,1,1
2017-11-26,10000016,586,205158.57,135555,365000,7,7
2017-11-26,10000016,587,428166.67,387250,510000,3,3
2017-11-26,10000016,588,5060,120,10000,2,2
2017-11-26,10000016,590,420000,420000,420000,5,2
2017-11-26,10000016,591,361538.46,350000,500000,13,4
2017-11-26,10000016,592,345907.33,318860.8,400000.39,3,3
2017-11-26,10000016,593,481142.86,450000,500000,7,7
2017-11-26,10000016,594,454333.33,406500,550000,3,3
2017-11-26,10000016,596,133.33,100,200,3,3
2017-11-26,10000016,597,472000.03,472000.03,472000.03,1,1
2017-11-26,10000016,598,150000,150000,150000,1,1
2017-11-26,10000016,599,165000,165000,165000,1,1
2017-11-26,10000016,601,21402.39,8150,75000,29,25
2017-11-26,10000016,602,393913.59,335000,420000,27,19
2017-11-26,10000016,603,271769.69,210000,342249.5,87,73
2017-11-26,10000016,605,382872.82,285000,428999.99,55,53
2017-11-26,10000016,606,7121.21,501,40222.28,6,6
2017-11-26,10000016,607,1372660.53,1245320.99,1500000.06,2,2
2017-11-26,10000016,608,65000,65000,65000,1,1
2017-11-26,10000016,620,6961248.79,6961248.79,6961248.79,1,1
2017-11-26,10000016,621,10346289.47,10000000,10500000,19,19
2017-11-26,10000016,623,10616271.73,10200000,10900000,11,11
2017-11-26,10000016,625,6999999.97,6999999.97,6999999.97,2,2
2017-11-26,10000016,626,10749999.99,10749999.99,10749999.99,1,1
2017-11-26,10000016,627,8600000,8600000,8600000,1,1
2017-11-26,10000016,629,9375000,8750000,10000000,2,2
2017-11-26,10000016,630,7866700.99,5100103,9249999.99,3,3
2017-11-26,10000016,632,8750000,8750000,8750000,1,1
2017-11-26,10000016,638,167000000,167000000,167000000,1,1
2017-11-26,10000016,642,101000120.03,101000120.03,101000120.03,1,1
2017-11-26,10000016,643,195000000,195000000,195000000,1,1
2017-11-26,10000016,648,368894.74,325000,480000,38,35
2017-11-26,10000016,649,1455319.68,1290000,3450000,25,25
2017-11-26,10000016,650,2296666.67,820000,5250000,3,3
2017-11-26,10000016,652,1849500,1599000,2100000,2,2
2017-11-26,10000016,653,790000,325000,945000,4,4
2017-11-26,10000016,654,1200000,1200000,1200000,1,1
2017-11-26,10000016,655,968777.78,650000,974000,9,4
2017-11-26,10000016,656,1064142.86,950000,1275000,7,7
2017-11-26,10000016,657,4599999.99,2050000,7000000,5,5
2017-11-26,10000016,672,15826.08,13499.5,19000,94,79
2017-11-26,10000016,683,2550000,2550000,2550000,4,1
2017-11-26,10000016,684,2150000,2150000,2150000,4,4
2017-11-26,10000016,685,2350000,2350000,2350000,7,7
2017-11-26,10000016,686,80500000,80500000,80500000,2,2
2017-11-26,10000016,687,82500000,82500000,82500000,1,1
2017-11-26,10000016,785,92720,92720,92720,2,2
2017-11-26,10000016,786,60000,60000,60000,1,1
2017-11-26,10000016,803,5000000,5000000,5000000,2,2
2017-11-26,10000016,804,3000000,3000000,3000000,1,1
2017-11-26,10000016,805,4000000,4000000,4000000,1,1
2017-11-26,10000016,806,2500000,2500000,2500000,1,1
2017-11-26,10000016,807,700000,700000,700000,2,2
2017-11-26,10000016,808,900000,900000,900000,1,1
2017-11-26,10000016,809,800000,800000,800000,3,3
2017-11-26,10000016,810,750000,750000,750000,2,2
2017-11-26,10000016,811,150000,150000,150000,9,9
2017-11-26,10000016,812,160000,160000,160000,7,7
2017-11-26,10000016,813,180000,180000,180000,6,6
2017-11-26,10000016,814,140000,140000,140000,6,6
2017-11-26,10000016,949,2850000,2850000,2850000,4,1
2017-11-26,10000016,950,2850000,2850000,2850000,4,1
2017-11-26,10000016,952,2750000,2750000,2750000,5,2
2017-11-26,10000016,967,50000,50000,50000,6,6
2017-11-26,10000016,968,83500000,83500000,83500000,2,2
2017-11-26,10000016,977,81500000,81500000,81500000,1,1
2017-11-26,10000016,983,3487500,3487500,3487500,1,1
2017-11-26,10000016,984,7425000,7425000,7425000,1,1
2017-11-26,10000016,1010,49920,49920,49920,1,1
2017-11-26,10000016,1072,64500,64500,64500,1,1
2017-11-26,10000016,1112,20000,20000,20000,2,2
2017-11-26,10000016,1115,120000,120000,120000,1,1
2017-11-26,10000016,1119,1200000,1200000,1200000,1,1
2017-11-26,10000016,1130,20000,20000,20000,6,6
2017-11-26,10000016,1131,30000,30000,30000,4,4
2017-11-26,10000016,1132,40000,40000,40000,5,5
2017-11-26,10000016,1133,50000,50000,50000,4,4
2017-11-26,10000016,1134,60000,60000,60000,2,2
2017-11-26,10000016,1135,70000,70000,70000,5,5
2017-11-26,10000016,1136,80000,80000,80000,3,3
2017-11-26,10000016,1137,100000,100000,100000,12,12
2017-11-26,10000016,1139,110000,110000,110000,2,2
2017-11-26,10000016,1141,175000,175000,175000,1,1
2017-11-26,10000016,1144,325000,325000,325000,1,1
2017-11-26,10000016,1145,400000,400000,400000,3,3
2017-11-26,10000016,1146,200000,200000,200000,1,1
2017-11-26,10000016,1147,300000,300000,300000,1,1
2017-11-26,10000016,1148,400000,400000,400000,1,1
2017-11-26,10000016,1149,500000,500000,500000,1,1
2017-11-26,10000016,1150,600000,600000,600000,1,1
2017-11-26,10000016,1151,700000,700000,700000,1,1
2017-11-26,10000016,1152,800000,800000,800000,1,1
2017-11-26,10000016,1153,1000000,1000000,1000000,2,2
2017-11-26,10000016,1178,100000,100000,100000,3,3
2017-11-26,10000016,1182,21323.11,20400,25000,13,9
2017-11-26,10000016,1183,771433.81,324301.43,995000,3,2
2017-11-26,10000016,1185,41481.55,25000,49888.99,9,7
2017-11-26,10000016,1195,68888.88,60000,79999.99,9,6
2017-11-26,10000016,1198,160000,160000,160000,10,1
2017-11-26,10000016,1201,94987.82,32000.01,130000.01,48,9
2017-11-26,10000016,1202,6277.78,6000,6750,18,6
2017-11-26,10000016,1214,5000000,5000000,5000000,5,2
2017-11-26,10000016,1218,1498600,1498600,1498600,1,1
2017-11-26,10000016,1220,45000,45000,45000,1,1
2017-11-26,10000016,1223,1000,1000,1000,3,1
2017-11-26,10000016,1224,46,46,46,5863413,148
2017-11-26,10000016,1226,424.01,424.01,424.01,602,3
2017-11-26,10000016,1227,184.32,184.32,184.32,1345960,50
2017-11-26,10000016,1228,17,17,17,4267896,133
2017-11-26,10000016,1229,100.01,100.01,100.01,12,1
2017-11-26,10000016,1230,14,14,14,24291110,305
2017-11-26,10000016,1231,815.47,815.47,815.47,18731,6
2017-11-26,10000016,1236,613533.33,378778.78,669444,10,7
2017-11-26,10000016,1244,8781.43,556.04,25000.95,41,27
2017-11-26,10000016,1246,40000,40000,40000,1,1
2017-11-26,10000016,1248,940000,940000,940000,6,3
2017-11-26,10000016,1254,54999,54999,54999,1,1
2017-11-26,10000016,1274,7000,7000,7000,1,1
2017-11-26,10000016,1276,140000,140000,140000,5,1
2017-11-26,10000016,1286,229999,229999,229999,2,2
2017-11-26,10000016,1304,12266,12000,12399,3,2
2017-11-26,10000016,1306,599999.99,599999.99,599999.99,1,1
2017-11-26,10000016,1317,1111.36,1111.36,2000,155,54
2017-11-26,10000016,1319,796928.62,699888,949999.99,85,39
2017-11-26,10000016,1335,614284.85,599998.99,699999.98,7,4
2017-11-26,10000016,1353,21230.57,20866.74,29985.92,10,10
2017-11-26,10000016,1355,1562497.5,1024995,2100000,2,2
2017-11-26,10000016,1403,27474.4,22530,29890,50,10
2017-11-26,10000016,1404,54380,54380,54380,1,1
2017-11-26,10000016,1405,908860.07,899995,1399998.99,47,21
2017-11-26,10000016,1422,972642.47,952124.34,999999.98,7,4
2017-11-26,10000016,1436,1575000,1575000,1575000,1,1
2017-11-26,10000016,1445,34916.43,19665.72,40000,8,6
2017-11-26,10000016,1447,798989.67,798989.67,798989.67,2,1
2017-11-26,10000016,1539,27109.9,21980,27777,11,9
2017-11-26,10000016,1540,99200,99200,99200,1,1
2017-11-26,10000016,1541,1562102.03,1450000,1679999.98,19,12
2017-11-26,10000016,1808,42039.4,37500,59999,7,7
2017-11-26,10000016,1809,187420,187420,187420,1,1
2017-11-26,10000016,1810,10,10,10,49400,6
2017-11-26,10000016,1811,150000,150000,150000,2,2
2017-11-26,10000016,1814,8.25,8.25,8.25,699,9
2017-11-26,10000016,1816,1,1,1,700,7
2017-11-26,10000016,1818,8.2,8.2,8.2,400,4
2017-11-26,10000016,1824,51.03,51.03,51.03,100,1
2017-11-26,10000016,1826,32.01,32.01,32.01,63,1
2017-11-26,10000016,1875,21840.74,16000,26603.15,15,6
2017-11-26,10000016,1876,90000,90000,90000,1,1
2017-11-26,10000016,1877,1599995,1599995,1599995,5,2
2017-11-26,10000016,1944,1273424.02,1100000,1446848.04,2,2
2017-11-26,10000016,1952,2247825.19,1523801.46,2499997.99,15,7
2017-11-26,10000016,1957,55000,55000,55000,3,3
2017-11-26,10000016,1963,29999.99,29999.99,29999.99,2,1
2017-11-26,10000016,1973,34121.41,30000,45000,26,13
2017-11-26,10000016,1977,22597.66,18899.95,31099.93,89,87
2017-11-26,10000016,1998,82110.96,35000,97814.61,4,4
2017-11-26,10000016,1999,1590911.76,663647.07,1999999.99,4,4
2017-11-26,10000016,2006,7140000,7140000,7140000,1,1
2017-11-26,10000016,2018,52000,52000,52000,4,2
2017-11-26,10000016,2019,250000,250000,250000,1,1
2017-11-26,10000016,2024,1299995,1299995,1299995,2,1
2017-11-26,10000016,2032,610407.68,550000,844000,19,12
2017-11-26,10000016,2038,1000000,1000000,1000000,2,2
2017-11-26,10000016,2046,16047.69,8749,23000,76,61
2017-11-26,10000016,2047,50000,50000,50000,2,2
2017-11-26,10000016,2048,732500.44,599900,799995,27,23
2017-11-26,10000016,2082,101566877.51,101566877.51,101566877.51,1,1
2017-11-26,10000016,2108,36171.67,35990,36535,3,3
2017-11-26,10000016,2161,1000000.09,1000000.09,1000000.09,1,1
2017-11-26,10000016,2173,18750,7500,21000,12,3
2017-11-26,10000016,2175,1245971.7,1209952.83,1300000,5,2
2017-11-26,10000016,2183,37467.5,27000,40000,100,22
2017-11-26,10000016,2185,1199992.79,1199967.2,1199995.35,22,2
2017-11-26,10000016,2193,59692.4,56001.04,60000.01,13,3
2017-11-26,10000016,2195,3199999.99,3199999.99,3199999.99,5,1
2017-11-26,10000016,2203,3450,3450,3450,119,36
2017-11-26,10000016,2205,504133.32,500000,540000,30,8
2017-11-26,10000016,2254,81000,81000,81000,23,8
2017-11-26,10000016,2268,2.5,2.5,2.5,1091210,2
2017-11-26,10000016,2281,3573461.99,3250000,4399999.5,27,16
2017-11-26,10000016,2290,750000,750000,750000,1,1
2017-11-26,10000016,2291,131733.38,100000,147600.07,3,3
2017-11-26,10000016,2293,309499.34,118998.68,500000,2,2
2017-11-26,10000016,2294,750000,750000,750000,1,1
2017-11-26,10000016,2295,124100.07,100000,148200.13,2,2
2017-11-26,10000016,2299,2263756.16,1888799,2399999.99,4,4
2017-11-26,10000016,2301,2599999.99,2399999.99,3000000,3,2
2017-11-26,10000016,2303,2150000,2000000,2299999.99,2,2
2017-11-26,10000016,2306,7.04,7.04,7.04,5620486,3
2017-11-26,10000016,2310,1,1,1,723085,2
2017-11-26,10000016,2328,9999.99,9999.99,9999.99,1400,1
2017-11-26,10000016,2331,19428.57,18000,20000,7,6
2017-11-26,10000016,2333,930271.62,174999,1049998.99,9,9
2017-11-26,10000016,2348,809990.01,809990.01,809990.01,251,2
2017-11-26,10000016,2364,421455.76,421455.76,421455.76,2,1
2017-11-26,10000016,2366,168000,168000,168000,240,1
2017-11-26,10000016,2390,599,599,599,1279,2
2017-11-26,10000016,2396,245,245,245,8360,1
2017-11-26,10000016,2397,600,600,600,4483,1
2017-11-26,10000016,2398,349,349,349,16520,2
2017-11-26,10000016,2400,422.02,422.02,422.02,59315,2
2017-11-26,10000016,2403,7500000,7500000,7500000,3,3
2017-11-26,10000016,2404,1254000,1254000,1254000,2,1
2017-11-26,10000016,2406,993798.27,925579.22,1000000,12,12
2017-11-26,10000016,2410,1666666.22,1599998.99,1750000,18,5
2017-11-26,10000016,2420,5924240.93,5648481.85,6200000,12,4
2017-11-26,10000016,2436,1779154.32,949999.09,2079799,15,4
2017-11-26,10000016,2444,102923.08,57000,150000,26,8
2017-11-26,10000016,2446,2299999.99,2299999.99,2299999.99,2,1
2017-11-26,10000016,2454,4476.95,3500,6000,664,148
2017-11-26,10000016,2455,250000,250000,250000,5,2
2017-11-26,10000016,2456,461113.37,435540,490000,81,17
2017-11-26,10000016,2463,6800,6800,6800,80,1
2017-11-26,10000016,2464,2995,1111.11,4000,441,57
2017-11-26,10000016,2465,300000,300000,300000,2,1
2017-11-26,10000016,2466,447747.5,10000,524995,40,10
2017-11-26,10000016,2476,21447.72,13049.99,50000,22,8
2017-11-26,10000016,2478,2104397.28,2104397.28,2104397.28,3,1
2017-11-26,10000016,2486,8450,7900,9500,181,43
2017-11-26,10000016,2487,400000,400000,400000,2,2
2017-11-26,10000016,2488,450000,450000,450000,108,22
2017-11-26,10000016,2495,500000,499999.99,500000,10,10
2017-11-26,10000016,2505,500000,499999.99,500000,11,11
2017-11-26,10000016,2507,7000000,7000000,7000000,1,1
2017-11-26,10000016,2511,8000000,8000000,8000000,1,1
2017-11-26,10000016,2512,20.3,20.3,20.3,17360,14
2017-11-26,10000016,2513,35000,35000,35000,1,1
2017-11-26,10000016,2514,6.99,6.99,6.99,60036,21
2017-11-26,10000016,2515,40000,40000,40000,1,1
2017-11-26,10000016,2516,7,7,7,13060,14
2017-11-26,10000016,2517,50000,50000,50000,1,1
2017-11-26,10000016,2524,81000.01,81000,81000.01,9,6
2017-11-26,10000016,2525,80500,79000,81000,12,6
2017-11-26,10000016,2529,24666.67,24000,25000,3,2
2017-11-26,10000016,2530,187420,187420,187420,1,1
2017-11-26,10000016,2531,889963.11,889963.11,889963.11,1,1
2017-11-26,10000016,2533,83111.11,81000,100000,9,5
2017-11-26,10000016,2534,80782.6,79999.97,81000,23,7
2017-11-26,10000016,2537,36222.25,30000,59888.99,4,3
2017-11-26,10000016,2538,187420,187420,187420,1,1
2017-11-26,10000016,2539,1338944.5,927889,1749999.99,4,3
2017-11-26,10000016,2545,25000,25000,25000,1,1
2017-11-26,10000016,2549,80851.85,79999.97,81000,27,12
2017-11-26,10000016,2550,81000,81000,81000,14,8
2017-11-26,10000016,2551,80624.99,79999.97,81000,8,3
2017-11-26,10000016,2553,1999746.59,1999493.9,1999999.27,2,2
2017-11-26,10000016,2589,102426266.8,102426266.8,102426266.8,2,2
2017-11-26,10000016,2603,6514.31,499,8489,20,11
2017-11-26,10000016,2604,16640,16640,16640,1,1
2017-11-26,10000016,2605,526616.08,439995.7,865000,27,16
2017-11-26,10000016,2621,737,737,737,16263,4
2017-11-26,10000016,2629,535.5,535.5,535.5,120260,12
2017-11-26,10000016,2679,195,195,195,45000,4
2017-11-26,10000016,2811,1645,1645,1645,9000,1
2017-11-26,10000016,2870,891111.19,20000,1000000.09,9,2
2017-11-26,10000016,2876,1000,1000,1000,4,1
2017-11-26,10000016,2881,589999.99,589999.99,589999.99,2,1
2017-11-26,10000016,2913,1833000,1833000,1833000,5,1
2017-11-26,10000016,2937,2799999.94,2799999.94,2799999.94,4,1
2017-11-26,10000016,2961,8400000,8400000,8400000,1,1
2017-11-26,10000016,2998,59259000.28,41086001.12,65950000,4,4
2017-11-26,10000016,3025,1859999,1859999,1859999,5,1
2017-11-26,10000016,3057,972243.58,972243.58,972243.58,8,1
2017-11-26,10000016,3074,978835.62,978835.62,978835.63,6,2
2017-11-26,10000016,3082,2916665.84,2700000,3999995.01,6,2
2017-11-26,10000016,3162,754983.1,754983.1,754983.1,3,1
2017-11-26,10000016,3170,300000.62,300000.62,300000.62,2,2
2017-11-26,10000016,3178,1250000.07,750000,1500000.11,24,3
2017-11-26,10000016,3184,1600000,1600000,1600000,13,13
2017-11-26,10000016,3242,74905.47,55000,115767.77,7,7
2017-11-26,10000016,3244,1749999.49,1599998.99,1899999.99,2,2
2017-11-26,10000016,3293,28000,28000,28000,15,3
2017-11-26,10000016,3297,11905.19,2400,20000,45,10
2017-11-26,10000016,3301,19597.59,10000,20000,22,18
2017-11-26,10000016,3302,20000,20000,20000,9,9
2017-11-26,10000016,3303,20187.5,20000,23000,16,16
2017-11-26,10000016,3304,100041.43,100000,100662.84,32,32
2017-11-26,10000016,3305,100000,100000,100000,8,8
2017-11-26,10000016,3306,100000,100000,100000,7,7
2017-11-26,10000016,3307,2000000,2000000,2000000,4,4
2017-11-26,10000016,3308,2160000,2000000,2800000,5,5
2017-11-26,10000016,3309,2000000,2000000,2000000,4,4
2017-11-26,10000016,3310,40000,40000,40000,6,6
2017-11-26,10000016,3311,80000,80000,80000,3,3
2017-11-26,10000016,3312,59814.81,59444.44,60000,3,3
2017-11-26,10000016,3315,854999.9,275000,1000000,10,10
2017-11-26,10000016,3316,70000,70000,70000,7,7
2017-11-26,10000016,3317,100000,100000,100000,9,9
2017-11-26,10000016,3318,80000,80000,80000,24,24
2017-11-26,10000016,3319,20000,20000,20000,5,5
2017-11-26,10000016,3320,10263.16,10000,15000,38,38
2017-11-26,10000016,3321,20000.05,20000,20001.6,69,66
2017-11-26,10000016,3322,25000,25000,25000,18,18
2017-11-26,10000016,3323,30013.08,30000,30274.77,21,21
2017-11-26,10000016,3324,100000,100000,100000,28,28
2017-11-26,10000016,3325,397863.25,380769.23,400000,9,9
2017-11-26,10000016,3326,366250,350000,415000,8,8
2017-11-26,10000016,3328,40000,40000,40000,19,19
2017-11-26,10000016,3329,40000,40000,40000,11,11
2017-11-26,10000016,3330,42885.49,40000,160000,42,42
2017-11-26,10000016,3331,39294.77,30126.76,40000,14,14
2017-11-26,10000016,3332,495454.55,400000,500000,22,22
2017-11-26,10000016,3333,500000,500000,500000,5,5
2017-11-26,10000016,3334,500000,500000,500000,44,44
2017-11-26,10000016,3335,500000,500000,500000,7,7
2017-11-26,10000016,3336,4000000,4000000,4000000,11,10
2017-11-26,10000016,3337,4000000,4000000,4000000,6,5
2017-11-26,10000016,3338,4000000,4000000,4000000,13,12
2017-11-26,10000016,3339,4000000,4000000,4000000,5,4
2017-11-26,10000016,3340,310714.29,300000,449999.99,14,13
2017-11-26,10000016,3341,300000,300000,300000,6,6
2017-11-26,10000016,3342,300000,300000,300000,4,4
2017-11-26,10000016,3343,300000,300000,300000,4,4
2017-11-26,10000016,3348,20775.13,20000,30464.32,27,27
2017-11-26,10000016,3349,75000,75000,75000,2,2
2017-11-26,10000016,3350,100000,100000,100000,3,3
2017-11-26,10000016,3351,400000,400000,400000,3,3
2017-11-26,10000016,3352,400000,400000,400000,2,2
2017-11-26,10000016,3354,2500000,2500000,2500000,1,1
2017-11-26,10000016,3355,20502.22,20000,40000,41,41
2017-11-26,10000016,3356,59473.68,40000,60000,38,38
2017-11-26,10000016,3357,180000,180000,180000,27,27
2017-11-26,10000016,3358,109090.91,100000,200000,11,11
2017-11-26,10000016,3359,200000,200000,200000,27,27
2017-11-26,10000016,3361,200000,200000,200000,20,20
2017-11-26,10000016,3363,20084.45,20000,22280.11,27,27
2017-11-26,10000016,3368,40000,40000,40000,1,1
2017-11-26,10000016,3373,1000000,1000000,1000000,2,2
2017-11-26,10000016,3380,20000,20000,20000,16,11
2017-11-26,10000016,3385,42871.6,150.02,50000,40,39
2017-11-26,10000016,3386,19666.67,19000,20000,3,3
2017-11-26,10000016,3387,130398.15,100000,150000,33,33
2017-11-26,10000016,3388,210181.51,155000,250000,13,12
2017-11-26,10000016,3389,279779.08,275360.62,280000,21,21
2017-11-26,10000016,3392,20000,20000,20000,1,1
2017-11-26,10000016,3393,29851.14,20000,30000,40,40
2017-11-26,10000016,3394,53111.75,5000.14,60000,8,8
2017-11-26,10000016,3395,87272.73,80000,160000,11,11
2017-11-26,10000016,3396,2285714.29,2000000,4000000,7,7
2017-11-26,10000016,3397,1000000,1000000,1000000,5,5
2017-11-26,10000016,3398,25000000,25000000,25000000,1,1
2017-11-26,10000016,3402,20000,20000,20000,2,2
2017-11-26,10000016,3403,315000,300000,600000,20,16
2017-11-26,10000016,3405,25000,25000,25000,34,30
2017-11-26,10000016,3406,316666.67,300000,600000,18,14
2017-11-26,10000016,3409,375000,350000,700000,14,14
2017-11-26,10000016,3410,450033.34,450000,900000,30,26
2017-11-26,10000016,3411,75000,75000,75000,4,4
2017-11-26,10000016,3412,450000,450000,450000,1,1
2017-11-26,10000016,3416,33409.18,2.01,35000,22,22
2017-11-26,10000016,3417,40000,40000,40000,7,7
2017-11-26,10000016,3418,170000,170000,170000,5,5
2017-11-26,10000016,3419,169979.17,169975,170000,6,6
2017-11-26,10000016,3420,210000,210000,210000,6,6
2017-11-26,10000016,3421,130000,130000,130000,34,34
2017-11-26,10000016,3422,67889.04,816.01,80000,23,23
2017-11-26,10000016,3423,75057.73,75000,76660.22,52,52
2017-11-26,10000016,3424,79000,79000,79000,9,9
2017-11-26,10000016,3425,84200,84000,85000,5,5
2017-11-26,10000016,3426,20000,20000,20000,3,3
2017-11-26,10000016,3427,138571.43,120000,250000,7,7
2017-11-26,10000016,3428,88000,88000,88000,5,5
2017-11-26,10000016,3429,87625,1000,100000,8,8
2017-11-26,10000016,3430,560000,500000,1020000,7,7
2017-11-26,10000016,3431,75000,75000,75000,8,8
2017-11-26,10000016,3432,100000,100000,100000,5,5
2017-11-26,10000016,3433,100000,100000,100000,11,11
2017-11-26,10000016,3434,80000,80000,80000,41,41
2017-11-26,10000016,3435,145836.35,141672.69,150000,2,2
2017-11-26,10000016,3436,19972.65,19644.45,20000,13,13
2017-11-26,10000016,3437,40000.32,40000,40004.13,13,13
2017-11-26,10000016,3438,43500,40000,145000,30,30
2017-11-26,10000016,3439,200000,200000,200000,17,17
2017-11-26,10000016,3440,246868.75,220000,649900,16,16
2017-11-26,10000016,3441,380000,380000,380000,18,18
2017-11-26,10000016,3442,525000,500000,1100000,24,23
2017-11-26,10000016,3443,20000,20000,20000,4,4
2017-11-26,10000016,3444,100000,100000,100000,16,16
2017-11-26,10000016,3446,102970.59,100000,201000,34,34
2017-11-26,10000016,3447,7500000,7500000,7500000,2,2
2017-11-26,10000016,3449,20000,20000,20000,2,2
2017-11-26,10000016,3450,21644.75,20789.5,22500,2,2
2017-11-26,10000016,3451,34736.81,30000,120000,19,19
2017-11-26,10000016,3452,40000,40000,40000,50,46
2017-11-26,10000016,3453,25000,25000,25000,6,6
2017-11-26,10000016,3454,340000,340000,340000,2,2
2017-11-26,10000016,3455,30000,30000,30000,7,7
2017-11-26,10000016,3456,9900000.21,9000002.13,10000000,10,10
2017-11-26,10000016,3467,9000,9000,9000,1,1
2017-11-26,10000016,3488,1399994.99,1399989.99,1399999.99,4,2
2017-11-26,10000016,3504,2100000,2100000,2100000,1,1
2017-11-26,10000016,3528,90253.06,82500,113200.13,8,8
2017-11-26,10000016,3530,1499900,1499900,1499900,1,1
2017-11-26,10000016,3538,115000,115000,115000,1,1
2017-11-26,10000016,3540,1881122.42,1012244.84,2749999.99,2,2
2017-11-26,10000016,3551,36000,36000,36000,3,3
2017-11-26,10000016,3552,1000,1000,1000,120,2
2017-11-26,10000016,3554,9999.98,9999.98,9999.98,259,7
2017-11-26,10000016,3555,1666000,1666000,1666000,1,1
2017-11-26,10000016,3566,6937.5,6000,8000,8,8
2017-11-26,10000016,3568,1716104.99,1574157.5,1999999.97,3,3
2017-11-26,10000016,3581,14000000,14000000,14000000,1,1
2017-11-26,10000016,3598,750000,750000,750000,1,1
2017-11-26,10000016,3616,35000000,35000000,35000000,1,1
2017-11-26,10000016,3645,151,151,151,560,42
2017-11-26,10000016,3647,290.4,290.31,290.48,67000,2
2017-11-26,10000016,3651,1657.1,0.01,2336.84,75,62
2017-11-26,10000016,3673,10.01,10.01,10.01,60,6
2017-11-26,10000016,3683,0.06,0.06,0.06,40,2
2017-11-26,10000016,3685,499.61,499.6,500.76,744102,30
2017-11-26,10000016,3687,848.14,775.01,849.37,541817,44
2017-11-26,10000016,3689,9400,9400,9400,1822,4
2017-11-26,10000016,3703,100,100,100.01,70,6
2017-11-26,10000016,3705,100,100,100,120,11
2017-11-26,10000016,3707,100,100,100,50,3
2017-11-26,10000016,3709,142.86,100,1000,84,6
2017-11-26,10000016,3711,100,100,100,10,1
2017-11-26,10000016,3713,1000,1000,1000,30,3
2017-11-26,10000016,3715,105.06,90.53,116.05,87826,26
2017-11-26,10000016,3717,7.77,7.77,7.77,180,13
2017-11-26,10000016,3719,1000.01,1000.01,1000.01,50,4
2017-11-26,10000016,3756,61045245.48,51000225.51,64999999.99,7,7
2017-11-26,10000016,3766,356666.67,350000,360000,3,3
2017-11-26,10000016,3767,2300000,2300000,2300000,1,1
2017-11-26,10000016,3771,150.02,150.02,150.02,473,77
2017-11-26,10000016,3773,623.73,623.67,623.74,1706168,30
2017-11-26,10000016,3777,1300.01,1300.01,1300.01,219,18
2017-11-26,10000016,3810,302.56,300,305.11,20,2
2017-11-26,10000016,3812,145.32,141.19,170.11,15290,10
2017-11-26,10000016,3814,34.22,34.22,34.24,436629,17
2017-11-26,10000016,3818,100,100,100,10,1
2017-11-26,10000016,3820,100,100,100,20,2
2017-11-26,10000016,3822,100.25,100,101,40,4
2017-11-26,10000016,3824,100,100,100,10,1
2017-11-26,10000016,3826,100,100,100,110,9
2017-11-26,10000016,3828,11000,11000,11000,471,3
2017-11-26,10000016,3829,42916.2,32000,55000.88,57,44
2017-11-26,10000016,3830,124740,124740,124740,1,1
2017-11-26,10000016,3831,1441164.75,1199999,1599995,12,8
2017-11-26,10000016,3839,56788,47500,70720,5,3
2017-11-26,10000016,3841,1503949.02,1195000,1699999.93,19,10
2017-11-26,10000016,3887,30665.17,29997.76,35000,6,4
2017-11-26,10000016,3888,1441834.22,1239999,2999999.91,11,8
2017-11-26,10000016,3893,44300000,44300000,44300000,2,2
2017-11-26,10000016,3895,50000000,50000000,50000000,2,2
2017-11-26,10000016,3898,15999999,15999999,15999999,2,2
2017-11-26,10000016,4025,62536.37,10650.02,75000,11,9
2017-11-26,10000016,4027,191093636.72,58000.19,2100000000.07,11,10
2017-11-26,10000016,4136,25000,25000,25000,1,1
2017-11-26,10000016,4137,25000,25000,25000,1,1
2017-11-26,10000016,4138,25000,25000,25000,1,1
2017-11-26,10000016,4141,25000,25000,25000,1,1
2017-11-26,10000016,4142,25000,25000,25000,1,1
2017-11-26,10000016,4238,100000,100000,100000,1,1
2017-11-26,10000016,4246,25000,25000,25000,160,2
2017-11-26,10000016,4247,24999.98,24999.98,24999.98,1602,1
2017-11-26,10000016,4250,2944285.66,2750000,3300000,7,5
2017-11-26,10000016,4258,2195000,2190000,2200000,2,2
2017-11-26,10000016,4349,321721476,321721476,321721476,1,1
2017-11-26,10000016,4385,4500000,4500000,4500000,3,3
2017-11-26,10000016,4393,64538.31,58000,99999.99,13,9
2017-11-26,10000016,4395,1449999.75,1099999.5,1800000,4,4
2017-11-26,10000016,4399,6681818.17,6499999.91,6700000,11,3
2017-11-26,10000016,4405,2059615.23,1512500,2710000,13,8
2017-11-26,10000016,4411,600000,600000,600000,10,10
2017-11-26,10000016,4435,49525.5,102.01,68000,12,10
2017-11-26,10000016,4471,3179.06,600.01,49999,19,11
2017-11-26,10000016,4477,2054.61,1068.4,7999.5,14,9
2017-11-26,10000016,4529,185.04,185.04,185.04,1,1
2017-11-26,10000016,4531,119.06,119.06,119.06,1,1
2017-11-26,10000016,4533,186851.85,91388.89,377777.77,3,3
2017-11-26,10000016,4535,119.07,119.07,119.07,1,1
2017-11-26,10000016,4571,5.06,5.06,5.06,2,1
2017-11-26,10000016,4573,359001.9,8003.8,710000,2,2
2017-11-26,10000016,4611,5526.54,1003.07,10050,2,2
2017-11-26,10000016,4613,494999.94,489999.92,499999.96,2,2
2017-11-26,10000016,4615,99999,99999,99999,1,1
2017-11-26,10000016,4787,29308.79,200.01,67777.77,35,29
2017-11-26,10000016,4829,159999.99,159999.99,159999.99,1,1
2017-11-26,10000016,4831,58.99,58.99,58.99,4,3
2017-11-26,10000016,4833,17000,17000,17000,3,2
2017-11-26,10000016,4871,90000,90000,90000,1,1
2017-11-26,10000016,5007,129.9,129.9,129.9,2,1
2017-11-26,10000016,5009,400.07,400.07,400.07,7,3
2017-11-26,10000016,5011,425016.5,33.01,849999.99,2,2
2017-11-26,10000016,5013,600,599.99,600,11,3
2017-11-26,10000016,5053,40000.01,40000.01,40000.01,1,1
2017-11-26,10000016,5087,250.21,250.21,250.21,3,2
2017-11-26,10000016,5089,1080.93,0.01,1179.19,12,10
2017-11-26,10000016,5091,5.01,5.01,5.01,3,2
2017-11-26,10000016,5093,1202.49,1101.43,1317.65,41,32
2017-11-26,10000016,5137,3444.7,600,12999.96,13,11
2017-11-26,10000016,5141,534.44,10,600,9,8
2017-11-26,10000016,5175,17.78,17.78,17.78,1,1
2017-11-26,10000016,5177,7.77,7.77,7.77,1,1
2017-11-26,10000016,5179,160000,160000,160000,1,1
2017-11-26,10000016,5215,3405.18,107.77,10000,3,2
2017-11-26,10000016,5217,2014.22,17.78,10000,5,5
2017-11-26,10000016,5219,17.78,17.78,17.78,1,1
2017-11-26,10000016,5221,33338.18,7.77,99999,3,2
2017-11-26,10000016,5239,9984.37,2014.08,9999.99,91,51
2017-11-26,10000016,5245,23072.41,20000,37767.76,35,19
2017-11-26,10000016,5279,5.02,5.02,5.02,5,5
2017-11-26,10000016,5281,176.96,2.01,177.82,8,8
2017-11-26,10000016,5282,254.08,5.44,1000,4,4
2017-11-26,10000016,5299,600,200,1000,2,2
2017-11-26,10000016,5301,9050,200,12000,4,3
2017-11-26,10000016,5302,10718.67,5.11,75000,7,7
2017-11-26,10000016,5319,300,300,300.01,11,9
2017-11-26,10000016,5320,1556.57,316,9000,7,5
2017-11-26,10000016,5321,17166.67,750.01,50000,3,3
2017-11-26,10000016,5322,528.4,528.4,528.4,4,1
2017-11-26,10000016,5339,217.75,9.69,1050,5,4
2017-11-26,10000016,5340,12.34,12.34,12.34,2,1
2017-11-26,10000016,5342,10,10,10,2,1
2017-11-26,10000016,5361,1998.8,1.01,9990,5,4
2017-11-26,10000016,5399,4320.81,777.79,14950,8,8
2017-11-26,10000016,5403,137000,125000,149000,2,2
2017-11-26,10000016,5405,6030.01,1050.01,13500,5,5
2017-11-26,10000016,5439,12021.04,1500.19,15000,14,5
2017-11-26,10000016,5443,163667.12,90000,599999.94,6,6
2017-11-26,10000016,5445,13854.61,1005.37,15000,24,5
2017-11-26,10000016,5493,92659.26,90100,97777.77,15,6
2017-11-26,10000016,5533,63218.03,5.07,85000,8,8
2017-11-26,10000016,5599,98742.86,75200,240000,7,4
2017-11-26,10000016,5631,42000.22,1501.01,50000,9,7
2017-11-26,10000016,5647,11.01,11.01,11.01,1,1
2017-11-26,10000016,5683,10.01,10.01,10.01,1,1
2017-11-26,10000016,5693,103333.67,100000,106667.34,2,2
2017-11-26,10000016,5745,5,5,5,4,4
2017-11-26,10000016,5747,10.01,10.01,10.01,3,3
2017-11-26,10000016,5755,102001.01,102001.01,102001.01,1,1
2017-11-26,10000016,5759,5.04,5.04,5.04,1,1
2017-11-26,10000016,5839,1976479.75,827777.78,2158190.99,9,9
2017-11-26,10000016,5849,132.79,132.79,132.79,2,2
2017-11-26,10000016,5865,16250.51,1.01,32500,2,2
2017-11-26,10000016,5871,52500,30000,74999.99,2,2
2017-11-26,10000016,5933,151059.99,2800.01,249899.98,5,3
2017-11-26,10000016,5945,278571.29,150000,350000,7,6
2017-11-26,10000016,5955,86286.62,1002.09,149999,7,6
2017-11-26,10000016,5971,34216.51,5000.11,67777.77,37,25
2017-11-26,10000016,5973,330248.88,299999,445002.83,59,45
2017-11-26,10000016,5975,32655.5,25000,99999.89,45,16
2017-11-26,10000016,6001,37413.51,2800,99777,40,29
2017-11-26,10000016,6003,12130.76,860,14887.77,34,27
2017-11-26,10000016,6005,10921.55,59.01,14750,11,10
2017-11-26,10000016,6073,10428.57,600,35000,7,7
2017-11-26,10000016,6131,23000.01,17500,62499.99,11,6
2017-11-26,10000016,6135,106062.54,104.24,265000,5,4
2017-11-26,10000016,6159,7000,7000,7000,106,16
2017-11-26,10000016,6160,9477.86,20,17757.77,17,16
2017-11-26,10000016,6173,40002.67,10004,100000,3,3
2017-11-26,10000016,6176,6159.17,5000,67777.77,24,9
2017-11-26,10000016,6296,7328.05,2785.06,25000,5,5
2017-11-26,10000016,6325,78280.78,101.02,97100.97,5,5
2017-11-26,10000016,6437,55793.89,45500,59930,19,15
2017-11-26,10000016,6439,4388.25,851,15000,4,4
2017-11-26,10000016,6441,36205.88,5.56,46909,4,4
2017-11-26,10000016,6443,12927.59,5,19388.89,3,3
2017-11-26,10000016,6485,10088.29,6500,68999.99,21,18
2017-11-26,10000016,6527,3815.01,350.01,35000,10,10
2017-11-26,10000016,6569,16541.83,15000,70000,25,18
2017-11-26,10000016,6631,7.77,7.77,7.77,2,1
2017-11-26,10000016,6633,41252.91,7.77,79999.99,8,3
2017-11-26,10000016,6635,17.78,17.78,17.78,1,1
2017-11-26,10000016,6637,40005.83,7.77,159999.99,4,3
2017-11-26,10000016,6673,17503.89,7.77,35000,2,2
2017-11-26,10000016,6675,550000,550000,550000,1,1
2017-11-26,10000016,6715,7.77,7.77,7.77,1,1
2017-11-26,10000016,6865,200000,200000,200000,2,2
2017-11-26,10000016,6923,52300,52300,52300,1,1
2017-11-26,10000016,6959,99999,99999,99999,1,1
2017-11-26,10000016,7001,16100,16100,16100,1,1
2017-11-26,10000016,7043,150,150,150,1,1
2017-11-26,10000016,7045,106000.05,106000.05,106000.05,2,2
2017-11-26,10000016,7125,42000.06,42000.06,42000.06,1,1
2017-11-26,10000016,7247,203340.83,37787.77,700000,4,4
2017-11-26,10000016,7249,11906,10,30000,10,9
2017-11-26,10000016,7251,17739.26,2000.01,37767.77,6,5
2017-11-26,10000016,7253,119191.87,3787.81,350000,3,2
2017-11-26,10000016,7287,685676.22,599999,819899.98,39,13
2017-11-26,10000016,7289,42692.15,30000,49926.79,30,14
2017-11-26,10000016,7291,48464.75,40000,68200,42,21
2017-11-26,10000016,7293,72878.99,67650,75983.94,68,24
2017-11-26,10000016,7327,60002.79,60002.79,60002.79,1,1
2017-11-26,10000016,7331,194999.36,10000,379998.71,2,2
2017-11-26,10000016,7333,224800,222000,229000,5,4
2017-11-26,10000016,7367,1119999.6,999999,1400000,5,5
2017-11-26,10000016,7369,80866.43,1,161731.85,2,2
2017-11-26,10000016,7371,77273.64,10,85000,11,3
2017-11-26,10000016,7373,49667.02,0.54,149000,3,3
2017-11-26,10000016,7409,20500,20500,20500,1,1
2017-11-26,10000016,7413,20500,20500,20500,1,1
2017-11-26,10000016,7489,96935.39,79990,147777.77,12,3
2017-11-26,10000016,7535,450943.96,1888,899999.91,2,2
2017-11-26,10000016,7537,88200,87000.66,89999,5,2
2017-11-26,10000016,7539,75000,75000,75000,3,1
2017-11-26,10000016,7541,71749.88,60000,83499.75,2,2
2017-11-26,10000016,7579,658333.33,500000,850000,6,5
2017-11-26,10000016,7581,162169.78,1787.77,179990,10,4
2017-11-26,10000016,7583,87997.77,87997.77,87997.77,7,1
2017-11-26,10000016,7585,238533.33,7800,699999.99,3,3
2017-11-26,10000016,7621,163800.01,163800.01,163800.01,1,1
2017-11-26,10000016,7623,25888,25888,25888,1,1
2017-11-26,10000016,7625,289203,289203,289203,1,1
2017-11-26,10000016,7663,479488.99,479488.99,479488.99,10,1
2017-11-26,10000016,7665,1,1,1,1,1
2017-11-26,10000016,7667,199666.66,199000,199999.99,3,3
2017-11-26,10000016,7669,298009.98,298009.98,298009.98,2,1
2017-11-26,10000016,7705,10,10,10,2,2
2017-11-26,10000016,7707,199959.97,199959.97,199959.97,5,2
2017-11-26,10000016,7743,44000,44000,44000,1,1
2017-11-26,10000016,7747,93501.03,93501.03,93501.03,1,1
2017-11-26,10000016,7749,87000.08,87000.08,87000.08,1,1
2017-11-26,10000016,7785,115600.06,115600.06,115600.06,3,2
2017-11-26,10000016,7787,133502.06,133502.06,133502.06,2,2
2017-11-26,10000016,7789,309500,119000,500000,2,2
2017-11-26,10000016,7829,106000,106000,106000,1,1
2017-11-26,10000016,7831,106000,106000,106000,1,1
2017-11-26,10000016,7997,157591.82,10000.62,199790.79,26,10
2017-11-26,10000016,8007,170349.06,162856.26,399999.9,14,8
2017-11-26,10000016,8023,544.33,544.33,544.33,2,2
2017-11-26,10000016,8025,5538.97,808.46,15000,3,3
2017-11-26,10000016,8027,1423884.57,1190000,1477387.47,28,11
2017-11-26,10000016,8089,576625.82,380000,841998.99,29,18
2017-11-26,10000016,8091,128966.12,128604.96,135000,54,23
2017-11-26,10000016,8101,56.22,9.33,150,3,3
2017-11-26,10000016,8103,149850.33,149850.33,149850.33,2,2
2017-11-26,10000016,8105,2153063.77,1100002.79,4699999.99,16,15
2017-11-26,10000016,8117,10000.8,10000.8,10000.8,3,1
2017-11-26,10000016,8177,74999.5,50000,99999,2,2
2017-11-26,10000016,8225,118617.23,97777.76,690000,18,15
2017-11-26,10000016,8263,48443.73,35000,150000,15,14
2017-11-26,10000016,8295,1787.77,1787.77,1787.77,1,1
2017-11-26,10000016,8297,52.01,52.01,52.01,1,1
2017-11-26,10000016,8335,36432.09,753,40000,11,2
2017-11-26,10000016,8337,166668.34,5.01,250000.01,3,2
2017-11-26,10000016,8419,79999.8,75000,99999,5,3
2017-11-26,10000016,8427,188666.22,100000,249999,9,8
2017-11-26,10000016,8433,502539.68,475000,654999.99,14,8
2017-11-26,10000016,8517,2876143.43,2225001.01,4499999.51,7,7
2017-11-26,10000016,8521,173571.02,39999,197551.33,25,21
2017-11-26,10000016,8529,226497.8,118585.02,267787.79,20,15
2017-11-26,10000016,8531,5000.02,5000.02,5000.02,5,3
2017-11-26,10000016,8535,6300.01,6300,6300.01,13,6
2017-11-26,10000016,8537,5296.76,132.09,6000.02,11,7
2017-11-26,10000016,8579,15.34,15.34,15.34,3,2
2017-11-26,10000016,8583,2217.04,2217.04,2217.04,7,4
2017-11-26,10000016,8585,15858.72,15000,22000,7,3
2017-11-26,10000016,8635,90111.02,185.04,225000,5,3
2017-11-26,10000016,8641,11000,11000,11000,1,1
2017-11-26,10000016,8748,31455.51,30000,69888.99,14,8
2017-11-26,10000016,8785,199999,199999,199999,1,1
2017-11-26,10000016,8817,14596,13000,16990,5,3
2017-11-26,10000016,8819,777.77,777.77,777.77,1,1
2017-11-26,10000016,8863,217777.8,217777.8,217777.8,11,4
2017-11-26,10000016,8869,1777.78,1777.77,1777.78,3,3
2017-11-26,10000016,8907,1787.78,1787.77,1787.78,2,2
2017-11-26,10000016,9073,133796.66,1390,199999.99,3,2
2017-11-26,10000016,9127,900000,900000,900000,1,1
2017-11-26,10000016,9135,962500.45,287501.4,1299999.98,6,3
2017-11-26,10000016,9291,50000,50000,50000,1,1
2017-11-26,10000016,9293,82000,82000,82000,1,1
2017-11-26,10000016,9327,106001,106001,106001,6,1
2017-11-26,10000016,9329,102000.01,102000.01,102000.01,1,1
2017-11-26,10000016,9333,113000.07,113000.07,113000.07,1,1
2017-11-26,10000016,9411,2799999.98,2799999.98,2799999.98,2,1
2017-11-26,10000016,9451,1000000,1000000,1000000,2,2
2017-11-26,10000016,9457,150000,150000,150000,3,3
2017-11-26,10000016,9495,370777.78,137000,400000,9,2
2017-11-26,10000016,9521,4133.33,200,12000,9,6
2017-11-26,10000016,9556,1750.01,1750.01,1750.01,2,1
2017-11-26,10000016,9568,43425.93,16250.01,97777.77,3,3
2017-11-26,10000016,9580,92801.14,10017.78,177280.11,8,6
2017-11-26,10000016,9582,39711.11,30000,67777.77,5,4
2017-11-26,10000016,9608,10909.32,2000,25000,22,13
2017-11-26,10000016,9622,5131.84,8.44,27000,16,8
2017-11-26,10000016,9632,334645.41,57777.77,488112.76,25,21
2017-11-26,10000016,9646,7750.73,5000.01,20000,14,11
2017-11-26,10000016,9660,3992.96,2100,25000,12,8
2017-11-26,10000016,9668,200001,200001,200001,8,5
2017-11-26,10000016,9670,1106.42,433.03,3800,5,5
2017-11-26,10000016,9728,120000,120000,120000,1,1
2017-11-26,10000016,9762,170002,170002,170002,1,1
2017-11-26,10000016,9784,255.06,255.06,255.06,6,4
2017-11-26,10000016,9800,163001,163001,163001,7,6
2017-11-26,10000016,9826,359.17,332.5,385.86,16368,10
2017-11-26,10000016,9830,10999.99,10999.99,10999.99,2100,2
2017-11-26,10000016,9832,12500,12500,12500,1400,1
2017-11-26,10000016,9836,13000,13000,13000,3390,2
2017-11-26,10000016,9838,10300.01,10300.01,10300.01,1694,3
2017-11-26,10000016,9840,8052.32,8052.31,8052.33,3,2
2017-11-26,10000016,9842,125,125,125,29,4
2017-11-26,10000016,9846,154000,154000,154000,88,1
2017-11-26,10000016,9848,78229.06,78229.06,78229.06,1537,2
2017-11-26,10000016,9850,500,500,500,53970,5
2017-11-26,10000016,9852,54.35,54.33,54.51,241746,14
2017-11-26,10000016,9899,8880000.35,6000000.79,10800000.08,5,5
2017-11-26,10000016,9941,10800000,10799999.9,10800000.06,6,6
2017-11-26,10000016,9942,11699999.93,10799999.88,12599999.98,2,2
2017-11-26,10000016,9943,10637500.29,9000000.79,11450000,8,7
2017-11-26,10000016,9944,67405.66,54500,97746.96,39,28
2017-11-26,10000016,9950,2850000,2850000,2850000,1,1
2017-11-26,10000016,9956,10250000.08,10000000.07,10500000.08,2,2
2017-11-26,10000016,10039,4673.31,1100,19309.99,61,58
2017-11-26,10000016,10040,3586.85,3360,4721.12,12,8
2017-11-26,10000016,10190,1628571.4,1199999.96,2999999.96,14,6
2017-11-26,10000016,10208,22334268.36,15002805.61,25999999.74,3,3
2017-11-26,10000016,10212,24499999.96,24499999.94,24499999.98,2,2
2017-11-26,10000016,10216,24399998.98,24399998.98,24399998.98,1,1
2017-11-26,10000016,10221,24924998.72,24399998.62,25449998.81,2,2
2017-11-26,10000016,10225,22449999.94,20000000,24899999.87,2,2
2017-11-26,10000016,10246,8600,7800,12250,185,57
2017-11-26,10000016,10247,19986000,19986000,19986000,4,2
2017-11-26,10000016,10250,1280999.99,1200000,1349999.99,50,8
2017-11-26,10000016,10629,5987.86,4999.95,6000,36,15
2017-11-26,10000016,10678,17820.37,16000,19499.99,136,72
2017-11-26,10000016,10688,29106.11,1,53997.77,19,8
2017-11-26,10000016,10690,22473.62,1000.01,24999.99,38,15
2017-11-26,10000016,10692,30419.47,1777.77,47777.77,17,13
2017-11-26,10000016,10694,186571.34,64999.5,213499.98,14,7
2017-11-26,10000016,10836,32850.04,28000,44000,22,22
2017-11-26,10000016,10838,120361.25,1445,140000,4,4
2017-11-26,10000016,10850,979875.2,799844,1699999.99,10,7
2017-11-26,10000016,10858,1825000.34,1700000,1950000.67,2,2
2017-11-26,10000016,10866,851.01,851.01,851.01,2,2
2017-11-26,10000016,10868,95002.51,5.01,190000,2,2
2017-11-26,10000016,10870,37500,37500,37500,3,1
2017-11-26,10000016,10872,36275.67,17654.01,40000,12,7
2017-11-26,10000016,10880,75000,75000,75000,1,1
2017-11-26,10000016,10882,71000.01,71000.01,71000.01,1,1
2017-11-26,10000016,10884,60000.01,60000.01,60000.01,2,2
2017-11-26,10000016,10998,43978.47,25500,80200.39,74,32
2017-11-26,10000016,11082,964000,940000,1000000,5,5
2017-11-26,10000016,11084,1999990,1999990,1999990,2,2
2017-11-26,10000016,11105,349554.71,123888.89,499999,5,4
2017-11-26,10000016,11129,20357.5,12000,22000,12,11
2017-11-26,10000016,11130,50000,50000,50000,2,2
2017-11-26,10000016,11132,12701.49,11000,25000,67,16
2017-11-26,10000016,11134,30000.01,30000.01,30000.01,107,96
2017-11-26,10000016,11135,50000,50000,50000,1,1
2017-11-26,10000016,11172,35687499.87,35499999.99,36500000.02,8,7
2017-11-26,10000016,11174,34899999,34899999,34899999,1,1
2017-11-26,10000016,11176,38249999.5,34499999,41999999.99,2,2
2017-11-26,10000016,11178,50500000,45000000,56000000,2,2
2017-11-26,10000016,11182,28999999.99,28999999.99,28999999.99,1,1
2017-11-26,10000016,11184,38299999,38299999,38299999,1,1
2017-11-26,10000016,11192,47500450,47500450,47500450,1,1
2017-11-26,10000016,11196,34998998.99,34998998.99,34998998.99,1,1
2017-11-26,10000016,11200,38701000,38701000,38701000,1,1
2017-11-26,10000016,11202,36399999,36399999,36399999,1,1
2017-11-26,10000016,11207,500000,500000,500000,25,25
2017-11-26,10000016,11259,740000,740000,740000,10,1
2017-11-26,10000016,11269,1000000,1000000,1000000,1,1
2017-11-26,10000016,11283,7000,7000,7000,100,1
2017-11-26,10000016,11285,3200,3200,3200,100,1
2017-11-26,10000016,11286,3300000,3300000,3300000,1,1
2017-11-26,10000016,11287,5621,5621,5621,50,1
2017-11-26,10000016,11289,1851.07,1851.07,1851.07,2391,15
2017-11-26,10000016,11290,6666000,6666000,6666000,1,1
2017-11-26,10000016,11293,30033.33,100,45000,3,3
2017-11-26,10000016,11295,185000,185000,185000,1,1
2017-11-26,10000016,11309,103250.03,91000.06,140000,4,4
2017-11-26,10000016,11311,94102.02,94102.02,94102.02,1,1
2017-11-26,10000016,11317,399999.99,399999.99,399999.99,1,1
2017-11-26,10000016,11319,250005,250005,250005,3,3
2017-11-26,10000016,11325,900000,900000,900000,5,1
2017-11-26,10000016,11327,501000.79,501000.79,501000.79,3,3
2017-11-26,10000016,11341,3500.01,3500,3500.01,3,3
2017-11-26,10000016,11343,31000,31000,31000,1,1
2017-11-26,10000016,11349,74613.24,101.07,95913,9,7
2017-11-26,10000016,11351,5.07,5.07,5.07,2,2
2017-11-26,10000016,11359,38000,38000,38000,1,1
2017-11-26,10000016,11370,6698840,2000000,145000000,30,22
2017-11-26,10000016,11381,35699999.5,34899999,36500000,2,2
2017-11-26,10000016,11387,35699999,35699999,35699999,1,1
2017-11-26,10000016,11395,500000,500000,500000,10,9
2017-11-26,10000016,11399,13994.73,13994.73,13994.73,166,6
2017-11-26,10000016,11433,10000000,10000000,10000000,5,3
2017-11-26,10000016,11442,10000000,10000000,10000000,2,2
2017-11-26,10000016,11443,10000000,10000000,10000000,2,2
2017-11-26,10000016,11444,10000000,10000000,10000000,5,5
2017-11-26,10000016,11445,10000000,10000000,10000000,2,2
2017-11-26,10000016,11446,10833333.33,10000000,15000000,6,6
2017-11-26,10000016,11447,10000000,10000000,10000000,6,4
2017-11-26,10000016,11448,10000000,10000000,10000000,4,4
2017-11-26,10000016,11449,10000000,10000000,10000000,4,4
2017-11-26,10000016,11450,10000000,10000000,10000000,4,4
2017-11-26,10000016,11452,10000000,10000000,10000000,6,6
2017-11-26,10000016,11453,10000000,10000000,10000000,6,6
2017-11-26,10000016,11454,9833331.5,8999989,10000000,6,6
2017-11-26,10000016,11489,277847.32,275000,324015.13,13,5
2017-11-26,10000016,11529,9666666.67,9000000,10000000,3,3
2017-11-26,10000016,11530,9.99,9.99,9.99,1,1
2017-11-26,10000016,11534,55000,55000,55000,68,1
2017-11-26,10000016,11539,12360,12360,12360,2,1
2017-11-26,10000016,11540,106000,106000,106000,20,1
2017-11-26,10000016,11542,15000,15000,15000,20,1
2017-11-26,10000016,11547,180000,180000,180000,3,1
2017-11-26,10000016,11553,82000,82000,82000,20,1
2017-11-26,10000016,11558,54477.82,7575.09,92000,27,2
2017-11-26,10000016,11561,400000,200000,999999.99,4,4
2017-11-26,10000016,11563,304770.12,289999,390000,69,40
2017-11-26,10000016,11566,120000,120000,120000,23,23
2017-11-26,10000016,11569,400000,400000,400000,2,2
2017-11-26,10000016,11572,400000,400000,400000,2,2
2017-11-26,10000016,11574,2000000,2000000,2000000,3,3
2017-11-26,10000016,11577,5270000,5250000,5299999.99,5,4
2017-11-26,10000016,11578,7636503.98,7499999.99,8999998.22,15,14
2017-11-26,10000016,11579,3500000,3500000,3500000,20,20
2017-11-26,10000016,11584,74117.65,60000,75000,17,16
2017-11-26,10000016,11613,99940,99940,99940,2,2
2017-11-26,10000016,11614,298240,298240,298240,1,1
2017-11-26,10000016,11640,759900,700000,999500,5,4
2017-11-26,10000016,11642,1489999,1489999,1489999,3,1
2017-11-26,10000016,11644,2649999,2649999,2649999,3,1
2017-11-26,10000016,11646,2439999,2439999,2439999,3,1
2017-11-26,10000016,11648,1979999,1979999,1979999,3,1
2017-11-26,10000016,11688,35000,35000,35000,100,1
2017-11-26,10000016,11689,40000,40000,40000,224,3
2017-11-26,10000016,11695,35000,35000,35000,20,1
2017-11-26,10000016,11855,200,200,200,1370008,42
2017-11-26,10000016,11985,199932445.55,199932445.55,199932445.55,1,1
2017-11-26,10000016,12032,37000000,37000000,37000000,2,2
2017-11-26,10000016,12034,20000000,20000000,20000000,1,1
2017-11-26,10000016,12052,249000,249000,249000,1,1
2017-11-26,10000016,12054,687000.26,101000.79,980000,3,3
2017-11-26,10000016,12056,48445.41,43992.67,60090.01,17,13
2017-11-26,10000016,12058,3582857,3500000,3759999.67,7,4
2017-11-26,10000016,12066,243448.72,230346.15,250000,3,3
2017-11-26,10000016,12067,1612800,1612800,1612800,1,1
2017-11-26,10000016,12068,4127353.14,1754711.28,6499995,2,2
2017-11-26,10000016,12084,10747826.28,10747826.28,10747826.28,1,1
2017-11-26,10000016,12092,1000000,1000000,1000000,5,5
2017-11-26,10000016,12093,4444444.44,4000000,8000000,9,9
2017-11-26,10000016,12095,4000000,4000000,4000000,3,3
2017-11-26,10000016,12096,28000000,28000000,28000000,5,3
2017-11-26,10000016,12098,16666668.05,5000004.15,22500000,3,3
2017-11-26,10000016,12108,500000,500000,500000,2,2
2017-11-26,10000016,12109,3500000,3500000,3500000,1,1
2017-11-26,10000016,12179,40000000,40000000,40000000,1,1
2017-11-26,10000016,12180,375000,375000,375000,1,1
2017-11-26,10000016,12181,350000,350000,350000,2,2
2017-11-26,10000016,12182,325000,325000,325000,1,1
2017-11-26,10000016,12183,275000,275000,275000,2,2
2017-11-26,10000016,12184,250000,250000,250000,2,2
2017-11-26,10000016,12185,225000,225000,225000,1,1
2017-11-26,10000016,12186,200000,200000,200000,1,1
2017-11-26,10000016,12187,175000,175000,175000,2,2
2017-11-26,10000016,12188,150000,150000,150000,6,5
2017-11-26,10000016,12189,400000,400000,400000,1,1
2017-11-26,10000016,12190,125000,125000,125000,8,6
2017-11-26,10000016,12191,76529.95,75000,87239.58,16,15
2017-11-26,10000016,12192,100546.22,100000,107647.06,14,12
2017-11-26,10000016,12193,50000,50000,50000,13,13
2017-11-26,10000016,12194,300000,300000,300000,2,2
2017-11-26,10000016,12195,25542.34,25000,29360.05,16,16
2017-11-26,10000016,12196,300000,300000,300000,7,7
2017-11-26,10000016,12198,1550000,1550000,1550000,1,1
2017-11-26,10000016,12201,1999990,1999990,1999990,2,2
2017-11-26,10000016,12203,13499999,13499999,13499999,1,1
2017-11-26,10000016,12205,10999997,10999997,10999997,1,1
2017-11-26,10000016,12206,3000000,3000000,3000000,5,5
2017-11-26,10000016,12207,7200000,6300000,9000000,3,3
2017-11-26,10000016,12208,3888350,3888350,3888350,2,1
2017-11-26,10000016,12209,13897983.98,13897983.98,13897983.98,1,1
2017-11-26,10000016,12210,1699989.5,1599990,1799989,2,2
2017-11-26,10000016,12211,3400000,3400000,3400000,2,2
2017-11-26,10000016,12219,26000000,26000000,26000000,1,1
2017-11-26,10000016,12237,19999990,19999990,19999990,1,1
2017-11-26,10000016,12239,36499972,36499972,36499972,1,1
2017-11-26,10000016,12261,250000,250000,250000,3,1
2017-11-26,10000016,12270,4996740,4996740,4996740,1,1
2017-11-26,10000016,12274,148566.21,83997,275000,33,22
2017-11-26,10000016,12305,97031.25,5000,100000,32,31
2017-11-26,10000016,12344,97500,95000,100000,2,2
2017-11-26,10000016,12365,120000,120000,120000,23,23
2017-11-26,10000016,12366,120000,120000,120000,27,27
2017-11-26,10000016,12367,120000,120000,120000,23,23
2017-11-26,10000016,12441,80000,80000,80000,39,39
2017-11-26,10000016,12442,100000,100000,100000,39,39
2017-11-26,10000016,12484,5000055.7,5000000,5000335.21,6,6
2017-11-26,10000016,12485,4856308.23,4799969,4897135.8,7,7
2017-11-26,10000016,12486,5249995,4999990,6000000,8,8
2017-11-26,10000016,12487,6214999.8,4900000,7900000,10,10
2017-11-26,10000016,12530,50000,50000,50000,1,1
2017-11-26,10000016,12533,250.79,250.79,250.79,1,1
2017-11-26,10000016,12543,641598.81,57599.99,699998.69,22,3
2017-11-26,10000016,12547,1000005.79,1000005.79,1000005.79,1,1
2017-11-26,10000016,12563,140392.54,140392.54,140392.54,6,1
2017-11-26,10000016,12608,139.58,139.58,139.58,5500,2
2017-11-26,10000016,12612,160.01,160.01,160.01,3206,5
2017-11-26,10000016,12614,128.85,128.85,128.85,9934,3
2017-11-26,10000016,12618,39,39,39,15800,8
2017-11-26,10000016,12620,55,55,55,3500,3
2017-11-26,10000016,12625,99.74,99.74,99.74,5250,2
2017-11-26,10000016,12729,223000000,223000000,223000000,1,1
2017-11-26,10000016,12787,310,310,310,50000,1
2017-11-26,10000016,12791,112.5,5,219.99,200,2
2017-11-26,10000016,12801,210,195,210,24140,8
2017-11-26,10000016,12805,179.99,179.99,179.99,14000,7
2017-11-26,10000016,12814,300000,300000,300000,16,2
2017-11-26,10000016,12818,300000,300000,300000,8,1
2017-11-26,10000016,12828,415000,415000,415000,1,1
2017-11-26,10000016,13000,100000000,100000000,100000000,2,2
2017-11-26,10000016,13001,2499999.99,2499999.99,2499999.99,2,2
2017-11-26,10000016,13245,2000000,2000000,2000000,1,1
2017-11-26,10000016,13261,28900000,28900000,28900000,1,1
2017-11-26,10000016,13267,3988.44,3988.44,3988.44,1,1
2017-11-26,10000016,13278,100000,100000,100000,5,5
2017-11-26,10000016,13279,250000,250000,250000,13,13
2017-11-26,10000016,13283,21202.77,12708.69,25596.47,5,5
2017-11-26,10000016,13284,849995,200000,1499990,2,2
2017-11-26,10000016,13285,1453440.88,1453440.88,1453440.88,1,1
2017-11-26,10000016,13286,94399.65,16000.65,99998.47,5,5
2017-11-26,10000016,13287,1378977.68,1378977.68,1378977.68,1,1
2017-11-26,10000016,13320,46000,30000,50000,10,2
2017-11-26,10000016,14003,14500000,14500000,14500000,2,1
2017-11-26,10000016,14047,63324103.79,63324103.79,63324103.79,1,1
2017-11-26,10000016,14260,84999999,84999999,84999999,1,1
2017-11-26,10000016,14272,1,1,1,1,1
2017-11-26,10000016,14274,55750.5,1,111500,2,2
2017-11-26,10000016,14278,100000,100000,100000,1,1
2017-11-26,10000016,14280,500.01,500.01,500.01,1,1
2017-11-26,10000016,14286,500000,500000,500000,1,1
2017-11-26,10000016,14295,5884950,4069900,7700000,2,2
2017-11-26,10000016,14296,5850000,4500000,7200000,2,2
2017-11-26,10000016,14297,4999999.99,4999999.99,4999999.99,1,1
2017-11-26,10000016,14298,7000000,6250000,8500000,3,3
2017-11-26,10000016,14299,2539800,2539800,2539800,1,1
2017-11-26,10000016,14358,100,100,100,25,1
2017-11-26,10000016,15331,1002,1002,1002,5297,545
2017-11-26,10000016,15508,38000,38000,38000,297,16
2017-11-26,10000016,15509,1600000,1600000,1600000,9,3
2017-11-26,10000016,15510,23000,23000,23000,1,1
2017-11-26,10000016,15587,4500,4500,4500,285,27
2017-11-26,10000016,15588,5277.5,80,8000,64,25
2017-11-26,10000016,15589,10907.08,220,15000,65,17
2017-11-26,10000016,15590,18068.39,201,20000,41,16
2017-11-26,10000016,15591,22080,300,30000,30,11
2017-11-26,10000016,15592,573001.01,573001,573001.01,23,10
2017-11-26,10000016,15593,100000,100000,100000,50,9
2017-11-26,10000016,15594,1570115.38,1510000,1909999.96,26,9
2017-11-26,10000016,15596,1000,1000,1000,23,3
2017-11-26,10000016,15597,1314.22,1314.22,1314.22,16,13
2017-11-26,10000016,15598,1000,1000,1000,3,3
2017-11-26,10000016,15602,63007.28,63003.71,63099.99,27,3
2017-11-26,10000016,15614,150.01,150.01,150.01,1,1
2017-11-26,10000016,15625,2328.07,1,4500,29,5
2017-11-26,10000016,15626,4973.35,1,8000,37,7
2017-11-26,10000016,15627,7575,150,15000,6,2
2017-11-26,10000016,15628,13268,200.01,20000,50,8
2017-11-26,10000016,15629,16000,250,25000,11,6
2017-11-26,10000016,15630,60014.7,60010,60019.99,17,9
2017-11-26,10000016,15631,215000.01,215000.01,215000.01,28,6
2017-11-26,10000016,15632,1254844.83,1254689.66,1254999.99,10,2
2017-11-26,10000016,15646,39726.47,100,50000,34,13
2017-11-26,10000016,15660,28750.04,1,30000,24,4
2017-11-26,10000016,15661,809150,809100.01,809199.99,40,2
2017-11-26,10000016,15673,722869.56,653999.99,750000,92,10
2017-11-26,10000016,15681,74482952.49,74482952.49,74482952.49,1,1
2017-11-26,10000016,15994,23000.5,206.19,25000,62,22
2017-11-26,10000016,15997,30000,30000,30000,1,1
2017-11-26,10000016,15998,50000,50000,50000,6,2
2017-11-26,10000016,16002,30094.44,30000,30100,18,10
2017-11-26,10000016,16069,99583.33,85000,260000,12,12
2017-11-26,10000016,16118,1001.56,1001.56,1001.56,9,3
2017-11-26,10000016,16119,150,150,150,12,4
2017-11-26,10000016,16227,46000000,46000000,46000000,1,1
2017-11-26,10000016,16236,904000,658000,1150000,2,2
2017-11-26,10000016,16238,1197230.53,830000,1245000,47,47
2017-11-26,10000016,16239,8416400,8416400,8416400,6,2
2017-11-26,10000016,16240,1096965.87,833250,1100000,44,6
2017-11-26,10000016,16242,726776.97,255080.66,962625.13,3,3
2017-11-26,10000016,16265,196000,196000,196000,5152,48
2017-11-26,10000016,16272,520,520,520,9750,1
2017-11-26,10000016,16273,139.99,63.78,140,80523,69
2017-11-26,10000016,16274,889,889,889,50806,3
2017-11-26,10000016,16275,4110,3700,4195.3,14458,8
2017-11-26,10000016,16278,2264857.14,2100000,2450000,14,7
2017-11-26,10000016,16281,375000,375000,375000,18,18
2017-11-26,10000016,16297,9000,9000,9000,1,1
2017-11-26,10000016,16301,157399.99,95000,499999.97,5,3
2017-11-26,10000016,16311,781001.06,781001.06,781001.06,1,1
2017-11-26,10000016,16351,10.01,10.01,10.01,1,1
2017-11-26,10000016,16355,84000.03,84000.03,84000.03,1,1
2017-11-26,10000016,16359,81000.79,81000.79,81000.79,1,1
2017-11-26,10000016,16361,110000.03,110000.03,110000.03,1,1
2017-11-26,10000016,16363,103000.03,103000.03,103000.03,1,1
2017-11-26,10000016,16365,110000.04,110000.04,110000.04,1,1
2017-11-26,10000016,16367,111000.79,111000.79,111000.79,1,1
2017-11-26,10000016,16375,118667.19,93000.79,170000,3,2
2017-11-26,10000016,16377,91000.03,91000.03,91000.03,1,1
2017-11-26,10000016,16391,800000.05,800000.05,800000.05,1,1
2017-11-26,10000016,16399,4.99,4.99,4.99,1,1
2017-11-26,10000016,16421,22000.03,22000.03,22000.03,1,1
2017-11-26,10000016,16423,1,1,1,1,1
2017-11-26,10000016,16435,5,5,5,1,1
2017-11-26,10000016,16455,125.79,125.79,125.79,1,1
2017-11-26,10000016,16457,3913165.82,3500000,3994999.99,6,4
2017-11-26,10000016,16477,1024.04,1024.04,1024.04,1,1
2017-11-26,10000016,16483,28000.02,28000.02,28000.02,1,1
2017-11-26,10000016,16499,121803,121803,121803,2,2
2017-11-26,10000016,16519,99990,99990,99990,10,1
2017-11-26,10000016,16521,15888.07,12000,28990,9,6
2017-11-26,10000016,16523,10003.13,6.33,20000,8,6
2017-11-26,10000016,16525,134999.99,134999.99,134999.99,4,2
2017-11-26,10000016,16591,32000000,32000000,32000000,3,3
2017-11-26,10000016,16594,1875000,1500000,3000000,4,4
2017-11-26,10000016,16595,12500000,12500000,12500000,4,4
2017-11-26,10000016,16596,35000000,35000000,35000000,4,4
2017-11-26,10000016,16597,20000000,20000000,20000000,3,3
2017-11-26,10000016,16598,3500000,3500000,3500000,23,23
2017-11-26,10000016,16622,5000000,5000000,5000000,7,7
2017-11-26,10000016,16649,9164,9164,9164,6300,1
2017-11-26,10000016,16670,180,180,180,105913,3
2017-11-26,10000016,16671,225,225,225,26000,1
2017-11-26,10000016,16678,282,282,282,19795,1
2017-11-26,10000016,16679,1657.01,1657.01,1657.01,10016,3
2017-11-26,10000016,16680,2460,2460,2460,6033,3
2017-11-26,10000016,16681,3500,3500,3500,12,3
2017-11-26,10000016,16682,10000.01,10000.01,10000.01,20,1
2017-11-26,10000016,16683,33000.03,33000.03,33000.03,878,1
2017-11-26,10000016,17136,35000.01,35000.01,35000.01,9,1
2017-11-26,10000016,17174,3000000,3000000,3000000,1,1
2017-11-26,10000016,17175,3000000,3000000,3000000,1,1
2017-11-26,10000016,17176,3000000,3000000,3000000,1,1
2017-11-26,10000016,17177,3000000,3000000,3000000,1,1
2017-11-26,10000016,17178,3395000,3395000,3395000,1,1
2017-11-26,10000016,17192,1000000,1000000,1000000,1,1
2017-11-26,10000016,17199,1,1,1,1,1
2017-11-26,10000016,17205,507913.66,35005.79,1191899.38,16,10
2017-11-26,10000016,17206,179998.6,179998.6,179998.6,2,1
2017-11-26,10000016,17207,5800000.01,5800000.01,5800000.01,2,2
2017-11-26,10000016,17209,1.1,1.1,1.1,9,2
2017-11-26,10000016,17214,1,1,1,9,1
2017-11-26,10000016,17219,0.01,0.01,0.01,1,1
2017-11-26,10000016,17243,2100.56,5.09,6990,10,8
2017-11-26,10000016,17244,599998,599998,599998,1,1
2017-11-26,10000016,17251,0.33,0.33,0.33,1,1
2017-11-26,10000016,17366,72156.41,49999,125000,74,25
2017-11-26,10000016,17368,558333.33,250000,2100000,12,2
2017-11-26,10000016,17449,260,260,260,8964,5
2017-11-26,10000016,17452,173,173,173,6752,6
2017-11-26,10000016,17453,138,138,138,17021,4
2017-11-26,10000016,17455,61,61,61,15044005,182
2017-11-26,10000016,17456,65,65,65,11657092,215
2017-11-26,10000016,17459,48,48,48,5520036,147
2017-11-26,10000016,17460,49,49,49,6808615,125
2017-11-26,10000016,17463,18,18,18,8517019,166
2017-11-26,10000016,17464,19,19,19,13909814,156
2017-11-26,10000016,17470,14,14,14,26022670,253
2017-11-26,10000016,17471,15,15,15,30715963,287
2017-11-26,10000016,17476,27447943.6,21470000,28942429.5,5,5
2017-11-26,10000016,17478,24747449.71,21599999,25850000,20,18
2017-11-26,10000016,17480,20980667.58,17992002.45,21500000,6,6
2017-11-26,10000016,17482,2088633.06,1900000,2499998.99,32,21
2017-11-26,10000016,17483,16130080,16130080,16130080,2,2
2017-11-26,10000016,17634,87500500.5,80001001,94999999.99,2,2
2017-11-26,10000016,17636,549999999,549999998.99,549999999,2,2
2017-11-26,10000016,17647,960000,960000,960000,5,1
2017-11-26,10000016,17662,999.99,999.99,999.99,300,1
2017-11-26,10000016,17715,240000000,240000000,240000000,1,1
2017-11-26,10000016,17765,10000,10000,10000,30,1
2017-11-26,10000016,17772,2890611.43,2890611.43,2890611.43,8,3
2017-11-26,10000016,17843,86999998.99,86999998.99,86999998.99,1,1
2017-11-26,10000016,17867,45,45,45,353476,12
2017-11-26,10000016,17868,66.54,66.54,66.54,5134,2
2017-11-26,10000016,17887,1049.26,1049.26,1049.26,70000,2
2017-11-26,10000016,17888,799.99,799.99,799.99,160000,1
2017-11-26,10000016,17889,980,980,980,125000,4
2017-11-26,10000016,17893,137000.05,137000.05,137000.05,2,1
2017-11-26,10000016,17894,85000,85000,85000,1,1
2017-11-26,10000016,17912,3933399.44,3900000,4599999.93,55,11
2017-11-26,10000016,17918,418799614.22,387599228.43,450000000,2,2
2017-11-26,10000016,17930,63999989,63999989,63999989,1,1
2017-11-26,10000016,17932,58000000,58000000,58000000,1,1
2017-11-26,10000016,17938,19767.85,19767.85,19767.85,101,63
2017-11-26,10000016,17939,60000,60000,60000,6,4
2017-11-26,10000016,17940,486206.86,100000.01,500000,29,26
2017-11-26,10000016,18029,100,100,100,10,1
2017-11-26,10000016,18036,190000,190000,190000,2,1
2017-11-26,10000016,18040,150000,150000,150000,2,1
2017-11-26,10000016,18042,100000,100000,100000,2,1
2017-11-26,10000016,18044,100499.84,100499.84,100499.84,2,1
2017-11-26,10000016,18048,112500,100000,125000,12,2
2017-11-26,10000016,18050,125000,125000,125000,6,1
2017-11-26,10000016,18052,99999,99999,99999,10,1
2017-11-26,10000016,18060,19307.69,17000,20000,26,3
2017-11-26,10000016,18062,22999.99,22999.99,22999.99,2,1
2017-11-26,10000016,18066,19567,19567,19567,112,2
2017-11-26,10000016,18580,100000000,100000000,100000000,2,2
2017-11-26,10000016,18602,400000,400000,400000,6,1
2017-11-26,10000016,18612,259999,259999,259999,10,1
2017-11-26,10000016,18614,211022.74,163256.48,258789,4,2
2017-11-26,10000016,18616,99989.95,99989.95,99989.95,116,4
2017-11-26,10000016,18618,239990,239990,239990,20,4
2017-11-26,10000016,18635,170000,170000,170000,17,2
2017-11-26,10000016,18639,106272.81,24999.5,999999.04,15,13
2017-11-26,10000016,18640,60000,60000,60000,1,1
2017-11-26,10000016,19207,219332003.18,219332003.18,219332003.18,1,1
2017-11-26,10000016,19209,150000.1,150000.1,150000.1,1,1
2017-11-26,10000016,19219,17000000,17000000,17000000,1,1
2017-11-26,10000016,19241,5249990,5249990,5249990,1,1
2017-11-26,10000016,19282,184999999.97,184999999.97,184999999.97,1,1
2017-11-26,10000016,19283,9999989,9999989,9999989,1,1
2017-11-26,10000016,19284,51499994.95,48999989.9,53999999.99,2,2
2017-11-26,10000016,19286,9999990,9999990,9999990,1,1
2017-11-26,10000016,19345,169999999,169999999,169999999,1,1
2017-11-26,10000016,19349,79999844,79999844,79999844,1,1
2017-11-26,10000016,19400,10991.16,10990.42,10991.9,16,6
2017-11-26,10000016,19401,20000,20000,20000,1,1
2017-11-26,10000016,19402,40000,40000,40000,2,2
2017-11-26,10000016,19403,60000,60000,60000,1,1
2017-11-26,10000016,19404,180000,180000,180000,116,12
2017-11-26,10000016,19405,360000,360000,360000,12,5
2017-11-26,10000016,19406,600000,600000,600000,1062,31
2017-11-26,10000016,19407,1200000,1200000,1200000,374,24
2017-11-26,10000016,19408,2100000,2100000,2100000,242,35
2017-11-26,10000016,19409,6300000,6300000,6300000,13,6
2017-11-26,10000016,19410,9900000,9900000,9900000,7,6
2017-11-26,10000016,19411,13200000,13200000,13200000,3,3
2017-11-26,10000016,19412,17160000,17160000,17160000,10,7
2017-11-26,10000016,19413,21840000,21840000,21840000,5,5
2017-11-26,10000016,19416,43200000,43200000,43200000,76,18
2017-11-26,10000016,19417,51680000,51680000,51680000,690,59
2017-11-26,10000016,19418,61200000,61200000,61200000,44,10
2017-11-26,10000016,19419,80000000,80000000,80000000,74,21
2017-11-26,10000016,19420,101640000,101640000,101640000,7,4
2017-11-26,10000016,19421,133837000,133837000,133837000,667,65
2017-11-26,10000016,19422,3360000,3360000,3360000,7,7
2017-11-26,10000016,19719,30000000,30000000,30000000,5,5
2017-11-26,10000016,19739,1914238.51,1687701.15,3499999.99,8,2
2017-11-26,10000016,19744,480000,480000,480000,2,2
2017-11-26,10000016,19759,200000,200000,200000,8,8
2017-11-26,10000016,19760,160000,160000,160000,13,13
2017-11-26,10000016,19761,1000000,1000000,1000000,8,8
2017-11-26,10000016,19766,800000,800000,800000,6,6
2017-11-26,10000016,19767,400000,400000,400000,3,3
2017-11-26,10000016,19806,1500000,1500000,1500000,1,1
2017-11-26,10000016,19810,590000,590000,590000,2,2
2017-11-26,10000016,19812,38964.33,150.89,77777.77,2,2
2017-11-26,10000016,19814,66336.66,24505.5,149999,3,3
2017-11-26,10000016,19921,90000,90000,90000,14,14
2017-11-26,10000016,19922,600000,600000,600000,6,6
2017-11-26,10000016,19923,600.92,201.01,5000,12,9
2017-11-26,10000016,19925,199.1,102,490.39,4,4
2017-11-26,10000016,19927,504.37,13.12,750,3,3
2017-11-26,10000016,19929,6257.5,10,25000,4,4
2017-11-26,10000016,19931,24151.29,15.01,74500,7,5
2017-11-26,10000016,19937,21.13,21.13,21.13,1,1
2017-11-26,10000016,19939,1001.8,1001.8,1001.8,2,2
2017-11-26,10000016,19942,1001.42,1001.42,1001.42,1,1
2017-11-26,10000016,19946,241039.4,2079.8,479999,2,2
2017-11-26,10000016,19950,22500,22500,22500,2,1
2017-11-26,10000016,19952,1001.75,1001.75,1001.75,1,1
2017-11-26,10000016,20002,6985.52,6985.52,6985.52,500,1
2017-11-26,10000016,20038,160,160,160,1000,1
2017-11-26,10000016,20171,141698,141698,141698,20,1
2017-11-26,10000016,20172,53501.07,53501.07,53501.07,1,1
2017-11-26,10000016,20209,1000000,1000000,1000000,6,6
2017-11-26,10000016,20210,981818.18,900000,1000000,11,11
2017-11-26,10000016,20211,1796000,1000000,3000000,25,9
2017-11-26,10000016,20212,8980000,8900000,9000000,5,5
2017-11-26,10000016,20213,8997948.11,8995896.22,9000000,2,2
2017-11-26,10000016,20280,68500000,68500000,68500000,1,1
2017-11-26,10000016,20306,95,95,95,2000,2
2017-11-26,10000016,20307,65.97,65.93,66,4000,3
2017-11-26,10000016,20308,100,100,100,10145,2
2017-11-26,10000016,20312,500000,500000,500000,8,8
2017-11-26,10000016,20314,60000,60000,60000,41,41
2017-11-26,10000016,20315,1000000,1000000,1000000,25,23
2017-11-26,10000016,20342,47692307.86,20000002.12,50000000,13,12
2017-11-26,10000016,20351,996798.91,996798.91,996798.91,1,1
2017-11-26,10000016,20411,223555.56,223000,224000,9,2
2017-11-26,10000016,20414,170000,170000,170000,510,4
2017-11-26,10000016,20415,150050.97,150050.97,150050.97,20,2
2017-11-26,10000016,20418,97178.05,65125.68,109999,14,2
2017-11-26,10000016,20419,135869.45,70000.07,150507.09,11,2
2017-11-26,10000016,20420,61001.09,61001.09,61001.09,2,1
2017-11-26,10000016,20423,164000,164000,164000,5,1
2017-11-26,10000016,20424,91721.67,25503.01,99999,18,2
2017-11-26,10000016,20433,399997.97,399997.97,399997.97,1,1
2017-11-26,10000016,20494,100000,100000,100000,4,4
2017-11-26,10000016,20495,100000,100000,100000,3,3
2017-11-26,10000016,20526,75000000,75000000,75000000,6,5
2017-11-26,10000016,20528,114999998.99,114999998.99,114999998.99,1,1
2017-11-26,10000016,20530,100000000,100000000,100000000,2,2
2017-11-26,10000016,20532,149999999.98,149999999.98,149999999.98,1,1
2017-11-26,10000016,20533,400000000,400000000,400000000,7,7
2017-11-26,10000016,20965,39.99,39.99,39.99,3377,2
2017-11-26,10000016,21059,120000,120000,120000,42,38
2017-11-26,10000016,21071,40000,40000,40000,36,36
2017-11-26,10000016,21084,2000,2000,2000,2,2
2017-11-26,10000016,21086,200.3,200.3,200.3,1,1
2017-11-26,10000016,21096,2412510.24,1781000,3500000,32,29
2017-11-26,10000016,21320,0.03,0.03,0.03,1000,1
2017-11-26,10000016,21384,1.15,1.15,1.15,1000,1
2017-11-26,10000016,21587,0.02,0.02,0.02,236,4
2017-11-26,10000016,21588,0.01,0.01,0.01,73,5
2017-11-26,10000016,21603,10000000,10000000,10000000,8,8
2017-11-26,10000016,21610,20000000,20000000,20000000,6,6
2017-11-26,10000016,21611,30000000,30000000,30000000,6,6
2017-11-26,10000016,21638,1136167.94,797000.5,1250000,39,8
2017-11-26,10000016,21640,1000000,1000000,1000000,15,2
2017-11-26,10000016,21668,15000000,15000000,15000000,2,2
2017-11-26,10000016,21718,99428.43,95999,100000,7,7
2017-11-26,10000016,21727,10000,10000,10000,1,1
2017-11-26,10000016,21789,3999997,3999997,3999997,2,2
2017-11-26,10000016,21791,249999.99,249999.99,249999.99,1,1
2017-11-26,10000016,21802,27000000,25000000,35000000,5,5
2017-11-26,10000016,21803,17500000,17500000,17500000,2,2
2017-11-26,10000016,21841,174474.09,174474.09,174474.09,2,1
2017-11-26,10000016,21853,11436.49,2000,74532.76,78,11
2017-11-26,10000016,21855,6836.01,2505.02,12500,15,9
2017-11-26,10000016,21857,18473.89,1000.01,22000,66,55
2017-11-26,10000016,21867,32.07,32.07,32.07,700,2
2017-11-26,10000016,21894,758.69,758.69,758.69,4,1
2017-11-26,10000016,21898,649.72,649.72,649.72,2021,2
2017-11-26,10000016,21902,1350,1350,1350,3000,1
2017-11-26,10000016,21904,435.65,435.65,435.65,581,1
2017-11-26,10000016,21906,529,529,529,2000,1
2017-11-26,10000016,21912,996.76,996.76,996.76,500,1
2017-11-26,10000016,21914,899.05,899.05,899.05,200,1
2017-11-26,10000016,21924,1500,1500,1500,3818,4
2017-11-26,10000016,21931,482.99,482.99,482.99,200,1
2017-11-26,10000016,21939,886.74,886.74,886.74,2100,2
2017-11-26,10000016,21954,200000000,200000000,200000000,1,1
2017-11-26,10000016,22043,25000000,25000000,25000000,1,1
2017-11-26,10000016,22111,26670091.05,26670091.05,26670091.05,1,1
2017-11-26,10000016,22175,69455.16,48000,75000,74,62
2017-11-26,10000016,22176,332640,332640,332640,4,4
2017-11-26,10000016,22177,92749.44,75000,144994.99,67,59
2017-11-26,10000016,22178,332640,332640,332640,4,4
2017-11-26,10000016,22229,6000000,6000000,6000000,2,1
2017-11-26,10000016,22242,75000000,75000000,75000000,8,8
2017-11-26,10000016,22291,1140283.83,712499.07,1199999,35,18
2017-11-26,10000016,22442,389700000,389700000,389700000,1,1
2017-11-26,10000016,22534,15336648.41,2009945.24,22000000,3,3
2017-11-26,10000016,22535,178998960.54,178998960.54,178998960.54,1,1
2017-11-26,10000016,22536,999992.5,999990,1000000,4,4
2017-11-26,10000016,22541,9494444.44,9000000,18000000,18,18
2017-11-26,10000016,22542,34000,34000,34000,745,78
2017-11-26,10000016,22544,369499781.27,299999562.53,439000000,2,2
2017-11-26,10000016,22546,282500116.08,282500116.07,282500116.08,2,2
2017-11-26,10000016,22548,355000000,355000000,355000000,1,1
2017-11-26,10000016,22551,28000000,28000000,28000000,9,9
2017-11-26,10000016,22552,1750000,1750000,1750000,1,1
2017-11-26,10000016,22576,44857.14,33000,50000,7,4
2017-11-26,10000016,22578,80963.23,80000,160950,95,92
2017-11-26,10000016,22611,26999999,26999999,26999999,3,1
2017-11-26,10000016,22761,32000000,32000000,32000000,2,2
2017-11-26,10000016,22806,120000,120000,120000,21,21
2017-11-26,10000016,22807,120000,120000,120000,20,20
2017-11-26,10000016,22808,120000,120000,120000,20,20
2017-11-26,10000016,22809,120000,120000,120000,19,19
2017-11-26,10000016,22961,648.82,648.82,648.82,2000,2
2017-11-26,10000016,22993,1298.87,1298.87,1298.87,14000,2
2017-11-26,10000016,23009,550,549,998.99,11578,12
2017-11-26,10000016,23011,849.99,849.99,849.99,200,1
2017-11-26,10000016,23023,650,650,650,7000,3
2017-11-26,10000016,23025,750,750,750,19950,11
2017-11-26,10000016,23031,858,858,858,4532,4
2017-11-26,10000016,23035,799.99,799.99,799.99,3500,3
2017-11-26,10000016,23039,1000,1000,1000,5950,6
2017-11-26,10000016,23057,3171428.57,3000000,3500000,35,2
2017-11-26,10000016,23069,50000000,50000000,50000000,4,4
2017-11-26,10000016,23071,599899.98,599899.98,599899.98,15,2
2017-11-26,10000016,23073,798970.51,798970.51,798970.51,1,1
2017-11-26,10000016,23075,798948.78,798948.78,798948.78,1,1
2017-11-26,10000016,23077,798970.48,798970.48,798970.48,1,1
2017-11-26,10000016,23079,798970.45,798970.45,798970.45,1,1
2017-11-26,10000016,23085,999979.9,999979.9,999979.9,4,1
2017-11-26,10000016,23087,175000,175000,175000,1,1
2017-11-26,10000016,23123,266666.34,250000,283332.67,2,2
2017-11-26,10000016,23124,590000,590000,590000,1,1
2017-11-26,10000016,23163,1,1,1,151,1
2017-11-26,10000016,23164,1,1,1,56,1
2017-11-26,10000016,23525,1,1,1,2,1
2017-11-26,10000016,23527,287500,250000,399999.99,4,3
2017-11-26,10000016,23533,43500,43500,43500,3,2
2017-11-26,10000016,23559,1500,1500,1500,2,1
2017-11-26,10000016,23561,183749.93,75000,219999.91,4,2
2017-11-26,10000016,23563,65000,65000,65000,4,1
2017-11-26,10000016,23566,400000,400000,400000,19,19
2017-11-26,10000016,23594,450000,450000,450000,11,11
2017-11-26,10000016,23606,150000,150000,150000,22,21
2017-11-26,10000016,23618,50000,50000,50000,29,28
2017-11-26,10000016,23707,7250,7250,7250,137,5
2017-11-26,10000016,23711,5750,5750,5750,1,1
2017-11-26,10000016,23717,31000,31000,31000,1,1
2017-11-26,10000016,23719,4988.89,4500,5600,9,2
2017-11-26,10000016,23731,7490,7490,7490,1,1
2017-11-26,10000016,23791,39999.5,30000,49999,2,2
2017-11-26,10000016,23911,1249999998.99,1249999998.99,1249999998.99,1,1
2017-11-26,10000016,23950,64000000,64000000,64000000,3,3
2017-11-26,10000016,24241,50160.7,50000,50447.3,73,73
2017-11-26,10000016,24242,1028571.43,1000000,2000000,35,32
2017-11-26,10000016,24268,7916666.67,7500000,10000000,6,6
2017-11-26,10000016,24270,7916666.67,7500000,10000000,6,6
2017-11-26,10000016,24283,49800000,49000000,51000000,5,2
2017-11-26,10000016,24305,4340750,4340750,4340750,4,2
2017-11-26,10000016,24311,500000000,500000000,500000000,1,1
2017-11-26,10000016,24313,500000000,500000000,500000000,6,6
2017-11-26,10000016,24314,500000000,500000000,500000000,1,1
2017-11-26,10000016,24348,1218610.83,144999,1530000,18,8
2017-11-26,10000016,24349,90000,90000,90000,2,2
2017-11-26,10000016,24395,899999.97,899999.97,899999.97,1,1
2017-11-26,10000016,24417,2499999.99,2499999.99,2499999.99,1,1
2017-11-26,10000016,24427,3087500,950000.01,3800000,4,2
2017-11-26,10000016,24438,1999999.99,1999999.99,1999999.99,1,1
2017-11-26,10000016,24443,1624949.51,1249899,2000000.02,4,3
2017-11-26,10000016,24445,100000,100000,100000,1,1
2017-11-26,10000016,24471,139.87,139.87,139.87,15000,2
2017-11-26,10000016,24483,1299999999.88,1299999999.88,1299999999.88,1,1
2017-11-26,10000016,24490,249.97,249.97,249.97,10070,2
2017-11-26,10000016,24492,500,500,500,4000,1
2017-11-26,10000016,24497,148.77,148.77,148.77,6800,1
2017-11-26,10000016,24509,699.95,699.95,699.95,31500,3
2017-11-26,10000016,24513,750,750,750,8700,2
2017-11-26,10000016,24515,769.68,769.68,769.68,1500,1
2017-11-26,10000016,24517,700,700,700,5000,2
2017-11-26,10000016,24521,3500,3500,3500,2500,3
2017-11-26,10000016,24529,1899.97,1899.97,1899.97,2000,1
2017-11-26,10000016,24533,575,575,575,505400,3
2017-11-26,10000016,24535,649.98,649.98,649.98,67700,1
2017-11-26,10000016,24539,700,700,700,5000,1
2017-11-26,10000016,24562,50000000,50000000,50000000,1,1
2017-11-26,10000016,24568,10000000,10000000,10000000,2,2
2017-11-26,10000016,24569,34999998.95,34999998.95,34999998.95,1,1
2017-11-26,10000016,24571,11000000,10000000,15000000,5,5
2017-11-26,10000016,24572,10000000,10000000,10000000,1,1
2017-11-26,10000016,24593,0.03,0.03,0.03,100,1
2017-11-26,10000016,24613,17900000,15000000,29500000,5,5
2017-11-26,10000016,24624,20000000,20000000,20000000,4,4
2017-11-26,10000016,24625,20000000,20000000,20000000,9,9
2017-11-26,10000016,24688,172050550.63,155101101.26,189000000,2,2
2017-11-26,10000016,24696,47999999.99,47999999.99,47999999.99,1,1
2017-11-26,10000016,24698,42875325.54,35000651.09,50000000,8,8
2017-11-26,10000016,24764,20000000,20000000,20000000,1,1
2017-11-26,10000016,25233,150000,150000,150000,6,6
2017-11-26,10000016,25235,150000,150000,150000,19,19
2017-11-26,10000016,25266,2510555.39,2400000,3100000,18,13
2017-11-26,10000016,25544,27646559.29,27464998.43,27999682,6,6
2017-11-26,10000016,25565,0.05,0.05,0.05,4,4
2017-11-26,10000016,25567,222.33,222.33,222.33,2,2
2017-11-26,10000016,25571,531,38.75,2500,5,5
2017-11-26,10000016,25588,13339.99,13339.99,13339.99,1375,174
2017-11-26,10000016,25589,4469.99,3000.18,4479.99,957,142
2017-11-26,10000016,25590,93000,72181.03,100000,328,52
2017-11-26,10000016,25591,184101.67,170001.53,195000,335,47
2017-11-26,10000016,25592,7007.78,7007.75,7021,109,35
2017-11-26,10000016,25593,5540.05,5540.04,5540.07,225,36
2017-11-26,10000016,25594,32180.01,32180,32189.99,138,36
2017-11-26,10000016,25595,16520.03,16520.02,16520.06,155,32
2017-11-26,10000016,25596,27100.01,27100,27120,322,53
2017-11-26,10000016,25597,3730.06,3500,3751,589,104
2017-11-26,10000016,25598,9360.06,9356.13,9379.99,2085,136
2017-11-26,10000016,25599,406,404.03,881.61,1651,124
2017-11-26,10000016,25600,23200.05,23200.02,25500,2994,134
2017-11-26,10000016,25601,1839.99,1830.19,1851.07,1761,141
2017-11-26,10000016,25602,12847.41,10001.06,20000,75,7
2017-11-26,10000016,25603,35000,35000,35000,134,22
2017-11-26,10000016,25604,9070.1,7001.07,9080.01,518,107
2017-11-26,10000016,25605,21069.99,21060.14,21069.99,186,25
2017-11-26,10000016,25606,48000.05,35000.42,48000.05,482,49
2017-11-26,10000016,25607,26689.99,26689.99,26689.99,2,2
2017-11-26,10000016,25608,386899.99,386899.99,386899.99,2,2
2017-11-26,10000016,25611,80000,80000,80000,6,1
2017-11-26,10000016,25616,20752.5,8009.99,25000,12,3
2017-11-26,10000016,25617,349159.99,225000,380199.99,5,2
2017-11-26,10000016,25618,8261.25,8260,8269.99,8,4
2017-11-26,10000016,25619,591199.99,591199.98,591199.99,8,3
2017-11-26,10000016,25620,58738.88,31939.99,60000,89,5
2017-11-26,10000016,25625,1656000.02,1656000.02,1656000.02,2,2
2017-11-26,10000016,25707,497254.5,76012,750000,8,5
2017-11-26,10000016,25709,73744.79,5008.33,98008.33,8,6
2017-11-26,10000016,25711,2309.99,2309.99,2309.99,1,1
2017-11-26,10000016,25715,1742857.14,1500000,1999999.99,14,3
2017-11-26,10000016,25718,3000000,3000000,3000000,3,3
2017-11-26,10000016,25719,100000,100000,100000,29,29
2017-11-26,10000016,25739,450000,450000,450000,10,10
2017-11-26,10000016,25810,450000,450000,450000,13,13
2017-11-26,10000016,25811,450000,450000,450000,7,7
2017-11-26,10000016,25861,57000,50000,62500,125,91
2017-11-26,10000016,25862,332640,332640,332640,2,2
2017-11-26,10000016,25863,1000000,1000000,1000000,2,2
2017-11-26,10000016,25887,110000,110000,110000,20,2
2017-11-26,10000016,25894,12000000,12000000,12000000,1,1
2017-11-26,10000016,26016,13920000,13920000,13920000,1,1
2017-11-26,10000016,26028,10000000,10000000,10000000,1,1
2017-11-26,10000016,26084,9000000,9000000,9000000,1,1
2017-11-26,10000016,26088,9000000,9000000,9000000,1,1
2017-11-26,10000016,26224,50000000,50000000,50000000,1,1
2017-11-26,10000016,26252,58496.06,50000,60000,46,46
2017-11-26,10000016,26253,100000,99999.98,100000,19,10
2017-11-26,10000016,26254,20000,20000,20000,25,25
2017-11-26,10000016,26255,100052.99,100000,101377.62,26,26
2017-11-26,10000016,26256,98928.57,70000,100000,28,19
2017-11-26,10000016,26257,100000,99999.95,100000,18,9
2017-11-26,10000016,26258,99888.88,98000,100000,18,9
2017-11-26,10000016,26259,99942.86,98000,100000,35,26
2017-11-26,10000016,26260,99814.81,95000,100000,27,18
2017-11-26,10000016,26261,100014.32,100000,100444,31,31
2017-11-26,10000016,26328,238333333.32,224999999.96,245000000,3,2
2017-11-26,10000016,26374,65307065.4,64999999,65400000,5,4
2017-11-26,10000016,26762,600000,600000,600000,1,1
2017-11-26,10000016,26888,37664999.46,37664999.46,37664999.46,1,1
2017-11-26,10000016,26913,3300000,3300000,3300000,2,1
2017-11-26,10000016,26929,169828.62,117777.75,249999.97,39,25
2017-11-26,10000016,26931,3499999.98,3499999.98,3499999.98,1,1
2017-11-26,10000016,27015,20000,20000,20000,198,198
2017-11-26,10000016,27127,850000.01,850000.01,850000.01,2,2
2017-11-26,10000016,27143,1434999.91,869999.99,1999999.83,2,2
2017-11-26,10000016,27260,28500000,28500000,28500000,2,2
2017-11-26,10000016,27315,998.58,998.58,998.58,400,1
2017-11-26,10000016,27321,998.87,998.87,998.87,1500,1
2017-11-26,10000016,27333,1250,1250,1250,10000,2
2017-11-26,10000016,27345,3799.99,3799.99,3799.99,1100,3
2017-11-26,10000016,27353,78,78,78,1000,1
2017-11-26,10000016,27359,1390.68,1390.68,1390.68,1294,1
2017-11-26,10000016,27361,1708.58,1708.58,1708.58,23000,5
2017-11-26,10000016,27371,2499.97,2499.97,2499.97,1403,3
2017-11-26,10000016,27381,571.19,571.19,571.19,305,1
2017-11-26,10000016,27383,4.31,4.31,4.31,1000,1
2017-11-26,10000016,27401,2499.98,2499.98,2499.98,1940,1
2017-11-26,10000016,27405,2499.9,2499.9,2499.9,1940,1
2017-11-26,10000016,27411,1.31,1.31,1.31,1000,1
2017-11-26,10000016,27413,2499.97,2499.97,2499.97,1940,1
2017-11-26,10000016,27419,1977.96,1977.96,1977.96,1880,1
2017-11-26,10000016,27423,2000,2000,2000,1000,1
2017-11-26,10000016,27429,2238.57,2238.57,2238.57,1000,1
2017-11-26,10000016,27441,1499,1499,1499,1000,1
2017-11-26,10000016,27672,2995000,2995000,2995000,2,2
2017-11-26,10000016,27902,98450,70000,100000,20,20
2017-11-26,10000016,27904,62500,62500,62500,1,1
2017-11-26,10000016,27906,25000000,25000000,25000000,1,1
2017-11-26,10000016,27911,17750000,12000000,23500000,2,2
2017-11-26,10000016,27914,2799999.97,2799999.97,2799999.97,1,1
2017-11-26,10000016,27934,49999921.38,49999921.38,49999921.38,1,1
2017-11-26,10000016,28073,8000000,8000000,8000000,2,2
2017-11-26,10000016,28164,4500000,4500000,4500000,3,3
2017-11-26,10000016,28209,643147.82,643147.82,643147.82,4,2
2017-11-26,10000016,28211,1299997.59,1299997.59,1299997.59,20,1
2017-11-26,10000016,28270,1549999.99,1549999.99,1549999.99,5,1
2017-11-26,10000016,28274,124545.46,67000.01,700000,11,7
2017-11-26,10000016,28286,67000.09,67000.09,67000.09,3,3
2017-11-26,10000016,28334,994.12,994.12,994.12,4000,1
2017-11-26,10000016,28361,5000.28,5000.28,5000.28,63,1
2017-11-26,10000016,28374,500000000,500000000,500000000,2,2
2017-11-26,10000016,28411,0.01,0.01,0.01,14,1
2017-11-26,10000016,28417,0.01,0.01,0.01,42,1
2017-11-26,10000016,28421,5200,5200,5200,1107,3
2017-11-26,10000016,28422,5100,5100,5100,1483,2
2017-11-26,10000016,28423,5300,5300,5300,843,2
2017-11-26,10000016,28427,1503.02,1503.02,1503.02,81,1
2017-11-26,10000016,28432,1500,1500,1500,4108,2
2017-11-26,10000016,28576,994227.03,980000,1207657.5,32,21
2017-11-26,10000016,28578,1239999.99,1100000,1250000,10,6
2017-11-26,10000016,28585,25000000,25000000,25000000,2,2
2017-11-26,10000016,28606,654666666.74,420000000.24,772000000,3,3
2017-11-26,10000016,28609,32000000,32000000,32000000,3,3
2017-11-26,10000016,28615,4000000,4000000,4000000,2,2
2017-11-26,10000016,28646,5499999.99,5499999.99,5499999.99,1,1
2017-11-26,10000016,28656,64000000,64000000,64000000,4,4
2017-11-26,10000016,28667,64000000,64000000,64000000,2,2
2017-11-26,10000016,28668,25650,25650,29876.54,1701,17
2017-11-26,10000016,28697,95.18,95.18,95.18,917,1
2017-11-26,10000016,28756,57999999.98,57999999.98,57999999.98,1,1
2017-11-26,10000016,28758,40449999.5,37999999,42900000,2,2
2017-11-26,10000016,28879,1000000,1000000,1000000,11,11
2017-11-26,10000016,28880,5000000,5000000,5000000,5,5
2017-11-26,10000016,28999,20540.88,12500,39898.98,100,8
2017-11-26,10000016,29001,40538.81,12500,67777.77,10,8
2017-11-26,10000016,29005,12000,12000,12000,8,1
2017-11-26,10000016,29007,5750,5750,5750,12,1
2017-11-26,10000016,29009,24797.03,10000,400000,27,7
2017-11-26,10000016,29010,1500000,1500000,1500000,1,1
2017-11-26,10000016,29011,49999.99,49999.99,49999.99,117,5
2017-11-26,10000016,29015,7.77,7.77,7.77,1,1
2017-11-26,10000016,29029,100000000,100000000,100000000,2,2
2017-11-26,10000016,29248,432500,215000,650000,2,2
2017-11-26,10000016,29266,3568105.79,3568105.79,3568105.79,1,1
2017-11-26,10000016,29637,50000000,50000000,50000000,8,6
2017-11-26,10000016,30003,10000000,10000000,10000000,1,1
2017-11-26,10000016,30009,10000000,10000000,10000000,1,1
2017-11-26,10000016,30013,7000,6999.99,8040.39,1588,105
2017-11-26,10000016,30014,5000000,5000000,5000000,2,2
2017-11-26,10000016,30028,84400.79,79307.64,85000,76,10
2017-11-26,10000016,30325,10000000,10000000,10000000,1,1
2017-11-26,10000016,30328,0.1,0.1,0.1,8,8
2017-11-26,10000016,30420,2210,9.99,4410,2,2
2017-11-26,10000016,30422,7505.01,10.01,15000,2,2
2017-11-26,10000016,30424,14720.99,12000,14995,6,6
2017-11-26,10000016,30465,10000000,10000000,10000000,1,1
2017-11-26,10000016,30486,737930.23,575000,799998.89,29,2
2017-11-26,10000016,30488,547611.47,500000,650000,91,10
2017-11-26,10000016,30497,1500.07,1500.07,1500.07,3,2
2017-11-26,10000016,30532,5000000,5000000,5000000,4,4
2017-11-26,10000016,30537,5000000,5000000,5000000,4,4
2017-11-26,10000016,30538,5000000,5000000,5000000,4,4
2017-11-26,10000016,30539,5000000,5000000,5000000,4,4
2017-11-26,10000016,30540,5000000,5000000,5000000,3,3
2017-11-26,10000016,30545,5000000,5000000,5000000,1,1
2017-11-26,10000016,30546,5000000,5000000,5000000,2,2
2017-11-26,10000016,30547,5000000,5000000,5000000,1,1
2017-11-26,10000016,30550,5000000,5000000,5000000,3,3
2017-11-26,10000016,30551,5000000,5000000,5000000,1,1
2017-11-26,10000016,30553,5000000,5000000,5000000,2,2
2017-11-26,10000016,30554,5000000,5000000,5000000,1,1
2017-11-26,10000016,30650,1500000,1500000,1500000,5,5
2017-11-26,10000016,30651,1500000,1500000,1500000,2,2
2017-11-26,10000016,30652,1500000,1500000,1500000,3,3
2017-11-26,10000016,30653,1500000,1500000,1500000,3,3
2017-11-26,10000016,30744,200000,200000,200000,22939,34
2017-11-26,10000016,30745,500000,500000,500000,12522,30
2017-11-26,10000016,30746,1500000,1500000,1500000,12200,25
2017-11-26,10000016,30747,5000000,5000000,5000000,6640,21
2017-11-26,10000016,30832,2049999.99,1600000,2499999.97,2,2
2017-11-26,10000016,30834,1435000,1400000,1750000,10,3
2017-11-26,10000016,30836,1320675.55,808017.77,1899999.99,6,4
2017-11-26,10000016,30839,1860.01,10.01,15000,73,9
2017-11-26,10000016,30987,999995,999995,999995,1,1
2017-11-26,10000016,30997,1200000,1200000,1200000,1,1
2017-11-26,10000016,30999,2999936,2999878,2999994,2,2
2017-11-26,10000016,31009,975000.02,975000,975000.04,2,2
2017-11-26,10000016,31015,11930678.72,11930678.72,11930678.72,1,1
2017-11-26,10000016,31021,539995,539995,539995,1,1
2017-11-26,10000016,31023,3489990,3489990,3489990,1,1
2017-11-26,10000016,31033,425000,425000,425000,1,1
2017-11-26,10000016,31035,4799990,4799990,4799990,1,1
2017-11-26,10000016,31045,966665.57,899999,999998.85,3,2
2017-11-26,10000016,31047,4517499.97,3069999.97,4999999.97,4,2
2017-11-26,10000016,31055,9999999,9999999,9999999,1,1
2017-11-26,10000016,31059,29999499.94,29999499.94,29999499.94,1,1
2017-11-26,10000016,31069,10999999.99,10999999.99,10999999.99,1,1
2017-11-26,10000016,31083,770833.08,749999,777777.77,4,2
2017-11-26,10000016,31085,2999990,2999990,2999990,3,2
2017-11-26,10000016,31105,315038.8,315038.8,315038.8,2,1
2017-11-26,10000016,31117,544162.19,499999,615623.25,13,6
2017-11-26,10000016,31119,2016166.65,1650000,2498999.98,9,7
2017-11-26,10000016,31153,394998.41,394998.39,394998.42,3,2
2017-11-26,10000016,31159,672500.09,344999.98,1000000.19,4,2
2017-11-26,10000016,31161,1672463.52,1399990,3199998,21,5
2017-11-26,10000016,31165,4499994.29,4499994.29,4499994.29,1,1
2017-11-26,10000016,31171,7833315.2,7499945.59,8000000,3,2
2017-11-26,10000016,31177,479908.7,399999.66,499886,10,4
2017-11-26,10000016,31179,1914920,1914920,1914920,2,1
2017-11-26,10000016,31183,9316655.48,8999989.97,9949986.51,6,4
2017-11-26,10000016,31201,301656.39,280000,344999,15,13
2017-11-26,10000016,31202,125000,125000,125000,1,1
2017-11-26,10000016,31203,1499990,1499990,1499990,1,1
2017-11-26,10000016,31213,118892.1,94985,135000,55,29
2017-11-26,10000016,31214,125000,125000,125000,8,2
2017-11-26,10000016,31226,173111.11,170000,177777.77,5,5
2017-11-26,10000016,31238,291140.06,255000,324948.5,17,13
2017-11-26,10000016,31239,125000,125000,125000,1,1
2017-11-26,10000016,31244,2493600,2493600,2493600,3,2
2017-11-26,10000016,31274,447872.53,447872.53,447872.53,1,1
2017-11-26,10000016,31322,638129.09,614799.09,684789.09,3,3
2017-11-26,10000016,31358,1683730.11,830213,9999999,11,11
2017-11-26,10000016,31360,4875558.14,4750000,4938337.22,3,3
2017-11-26,10000016,31364,7466661.9,6999999,7699993.35,3,2
2017-11-26,10000016,31366,43933333.33,41999999.99,44900000,3,2
2017-11-26,10000016,31370,309852.34,299996,325000,35,25
2017-11-26,10000016,31372,1714284.14,1500000,1874994.5,7,5
2017-11-26,10000016,31376,5699990,5699990,5699990,2,1
2017-11-26,10000016,31378,14900000,14900000,14900000,2,1
2017-11-26,10000016,31382,745590,745590,745590,1,1
2017-11-26,10000016,31394,806614.1,806614.1,806614.1,1,1
2017-11-26,10000016,31406,686771.14,679972,713967.73,5,5
2017-11-26,10000016,31408,2800000,2800000,2800000,3,3
2017-11-26,10000016,31504,5647837.52,5647837.52,5647837.52,1,1
2017-11-26,10000016,31526,1250000,1250000,1250000,2,2
2017-11-26,10000016,31538,1349947.24,1199894.5,1499999.99,4,4
2017-11-26,10000016,31562,1249990,1249990,1249990,5,4
2017-11-26,10000016,31586,694310.35,656888,728887.8,7,7
2017-11-26,10000016,31587,125000,125000,125000,1,1
2017-11-26,10000016,31588,2365751.75,2250000,2597255.25,3,3
2017-11-26,10000016,31598,494999.99,494999.99,494999.99,1,1
2017-11-26,10000016,31606,16938334.37,16938334.37,16938334.37,1,1
2017-11-26,10000016,31608,999000,999000,999000,2,2
2017-11-26,10000016,31610,2000000,2000000,2000000,3,1
2017-11-26,10000016,31616,39999999,39999999,39999999,1,1
2017-11-26,10000016,31620,599978.93,524958.4,849999.92,4,4
2017-11-26,10000016,31622,2535785.29,2462624.27,2999999.98,7,5
2017-11-26,10000016,31626,4000000,4000000,4000000,1,1
2017-11-26,10000016,31632,450000,450000,450000,3,1
2017-11-26,10000016,31644,400000,400000,400000,1,1
2017-11-26,10000016,31646,2699989.64,2699989.64,2699989.64,1,1
2017-11-26,10000016,31668,129979,129979,129979,3,2
2017-11-26,10000016,31680,199999.99,199999.99,199999.99,2,1
2017-11-26,10000016,31683,750000,750000,750000,1,1
2017-11-26,10000016,31692,399999,399999,399999,1,1
2017-11-26,10000016,31706,750000,750000,750000,1,1
2017-11-26,10000016,31716,119579.19,111887.97,150000,26,21
2017-11-26,10000016,31717,125000,125000,125000,2,2
2017-11-26,10000016,31718,383797.48,325000,399995,10,8
2017-11-26,10000016,31719,750000,750000,750000,1,1
2017-11-26,10000016,31724,7400000,7400000,7400000,1,1
2017-11-26,10000016,31729,125000,125000,125000,1,1
2017-11-26,10000016,31730,450000,450000,450000,1,1
2017-11-26,10000016,31740,71428.57,60000,139999.99,7,5
2017-11-26,10000016,31741,125000,125000,125000,1,1
2017-11-26,10000016,31742,450000,450000,450000,1,1
2017-11-26,10000016,31748,6999999.99,6999999.99,6999999.99,1,1
2017-11-26,10000016,31752,140999.63,130000,144999,16,15
2017-11-26,10000016,31753,125000,125000,125000,1,1
2017-11-26,10000016,31754,1463333.32,1399999.99,1494999.99,3,3
2017-11-26,10000016,31758,6999989.99,6999989.99,6999989.99,1,1
2017-11-26,10000016,31764,1030000.66,1030000.66,1030000.66,3,3
2017-11-26,10000016,31766,349999.99,349999.99,349999.99,1,1
2017-11-26,10000016,31776,99165.79,99165.79,99165.79,2,2
2017-11-26,10000016,31778,650000,650000,650000,1,1
2017-11-26,10000016,31788,470863.24,400000,499995,25,16
2017-11-26,10000016,31790,2363832.22,2050000,2500000,18,9
2017-11-26,10000016,31794,9999990,9999990,9999990,1,1
2017-11-26,10000016,31796,24000000,24000000,24000000,11,3
2017-11-26,10000016,31800,519101,518998,519204,6,2
2017-11-26,10000016,31801,125000,125000,125000,1,1
2017-11-26,10000016,31802,2223684.21,2150000,2500000,19,11
2017-11-26,10000016,31803,750000,750000,750000,1,1
2017-11-26,10000016,31812,30999989,30999989,30999989,5,2
2017-11-26,10000016,31864,2499990,2499990,2499990,10,1
2017-11-26,10000016,31874,3750000.99,3750000.99,3750000.99,16,4
2017-11-26,10000016,31876,4899990,4899990,4899990,4,1
2017-11-26,10000016,31878,7489990,7489990,7489990,2,1
2017-11-26,10000016,31880,2107132.33,1915885,2489627,15,2
2017-11-26,10000016,31886,4678957.83,4678957.83,4678957.83,10,1
2017-11-26,10000016,31888,2799990,2799990,2799990,3,3
2017-11-26,10000016,31924,7500000,7500000,7500000,1,1
2017-11-26,10000016,31926,16999990,16999990,16999990,1,1
2017-11-26,10000016,31928,13000000,13000000,13000000,1,1
2017-11-26,10000016,31952,29999999,29999999,29999999,1,1
2017-11-26,10000016,31982,59990,59990,59990,10,1
2017-11-26,10000016,31998,104189.24,15000.1,180000,74,3
2017-11-26,10000016,32006,124999.99,124999.99,124999.99,191,11
2017-11-26,10000016,32014,299998.88,251888,299998.88,126,5
2017-11-26,10000016,32027,2500000,2500000,2500000,1,1
2017-11-26,10000016,32034,275000,275000,275000,1,1
2017-11-26,10000016,32041,860000,860000,860000,2,1
2017-11-26,10000016,32043,3574995,3099990,3900000,8,4
2017-11-26,10000016,32047,42999999.99,42999999.99,42999999.99,7,2
2017-11-26,10000016,32071,1750000,1750000,1750000,1,1
2017-11-26,10000016,32083,3249990,3249990,3249990,2,1
2017-11-26,10000016,32339,100000000,100000000,100000000,1,1
2017-11-26,10000016,32435,15000000,15000000,15000000,4,4
2017-11-26,10000016,32459,498.04,200,1094.12,6,6
2017-11-26,10000016,32772,922248.58,699000,999999.99,4,4
2017-11-26,10000016,32774,106425.07,21449,110000,11,11
2017-11-26,10000016,32780,1374999.99,1300000,1449999.97,2,2
2017-11-26,10000016,32787,22500,22500,22500,1096,33
2017-11-26,10000016,32797,500000,500000,500000,7,7
2017-11-26,10000016,32819,1200000,1200000,1200000,2,2
2017-11-26,10000016,32858,180000,180000,180000,3,3
2017-11-26,10000016,32859,850000,850000,850000,1,1
2017-11-26,10000016,32860,850000,850000,850000,1,1
2017-11-26,10000016,32863,24800000,24800000,24800000,1,1
2017-11-26,10000016,32872,983333.33,750000,1100000,3,3
2017-11-26,10000016,32874,656001,656001,656001,2,2
2017-11-26,10000016,32876,1248459.59,1200000,1300000,17,17
2017-11-26,10000016,32877,8795138,8795138,8795138,1,1
2017-11-26,10000016,32878,1250000,1125000,1500000,3,3
2017-11-26,10000016,32880,195000,141000.01,250000,106,97
2017-11-26,10000016,32918,44333.33,40000,105000,15,15
2017-11-26,10000016,32982,29986000,29986000,29986000,4,1
2017-11-26,10000016,32999,200000,200000,200000,11,11
2017-11-26,10000016,33000,207500,200000,305000,14,14
2017-11-26,10000016,33001,200685.9,200000,204115.38,6,6
2017-11-26,10000016,33002,200000,200000,200000,8,8
2017-11-26,10000016,33003,310000,310000,310000,2,1
2017-11-26,10000016,33007,85000,85000,85000,1,1
2017-11-26,10000016,33009,48958,27500,66665.99,8,6
2017-11-26,10000016,33010,850000,850000,850000,1,1
2017-11-26,10000016,33011,21000,21000,21000,3,1
2017-11-26,10000016,33012,850000,850000,850000,1,1
2017-11-26,10000016,33062,36001,36001,36001,1,1
2017-11-26,10000016,33076,248530.59,134999,279470,29,6
2017-11-26,10000016,33078,1000000,1000000,1000000,21,21
2017-11-26,10000016,33091,100000,100000,100000,6,6
2017-11-26,10000016,33092,55825.39,951,95000,31,30
2017-11-26,10000016,33093,100090.73,100000,106814.56,20,20
2017-11-26,10000016,33094,100000,100000,100000,7,7
2017-11-26,10000016,33095,1240000,1000000,2200000,5,5
2017-11-26,10000016,33096,1000000,1000000,1000000,12,12
2017-11-26,10000016,33097,1000000,1000000,1000000,14,14
2017-11-26,10000016,33098,1000000,1000000,1000000,6,6
2017-11-26,10000016,33103,122951.8,115001,599999.96,61,2
2017-11-26,10000016,33138,1500000,1500000,1500000,4,1
2017-11-26,10000016,33139,3366666.67,3150000,6100000,12,8
2017-11-26,10000016,33140,21462499.72,17550000,21999999.79,52,25
2017-11-26,10000016,33141,23257350.67,17950000,24300000,71,32
2017-11-26,10000016,33153,276333333.33,274500000,280000000,3,3
2017-11-26,10000016,33176,277776,240000,333333,6,6
2017-11-26,10000016,33177,600000,600000,600000,1,1
2017-11-26,10000016,33178,154583.25,95000,333333,4,3
2017-11-26,10000016,33179,600000,600000,600000,1,1
2017-11-26,10000016,33180,248437.5,190000,270000,32,24
2017-11-26,10000016,33181,600000,600000,600000,3,3
2017-11-26,10000016,33195,14000,14000,14000,7,3
2017-11-26,10000016,33270,66333.33,59000,70000,3,3
2017-11-26,10000016,33330,14990,14990,14990,100,1
2017-11-26,10000016,33332,49999.96,49999.96,49999.96,131,3
2017-11-26,10000016,33359,12001.01,12001.01,12001.01,11,2
2017-11-26,10000016,33360,8135,8135,8135,2,1
2017-11-26,10000016,33399,5428571.43,5000000,8000000,7,7
2017-11-26,10000016,33407,36000000,36000000,36000000,1,1
2017-11-26,10000016,33440,74998.46,74990,75000,13,3
2017-11-26,10000016,33441,5.01,5.01,5.01,2,2
2017-11-26,10000016,33450,3288887,3288887,3288887,1,1
2017-11-26,10000016,33467,3000000,3000000,3000000,4,4
2017-11-26,10000016,33468,66333331.65,65000000,74999989.89,6,6
2017-11-26,10000016,33472,400000000,400000000,400000000,1,1
2017-11-26,10000016,33474,1716176.48,550000,1900000,17,11
2017-11-26,10000016,33475,11451757.45,8200000,13999999.99,33,31
2017-11-26,10000016,33476,75000000,75000000,75000000,1,1
2017-11-26,10000016,33517,1000000,1000000,1000000,3,3
2017-11-26,10000016,33569,0.01,0.01,0.01,600,1
2017-11-26,10000016,33571,0.01,0.01,0.01,200,1
2017-11-26,10000016,33572,0.01,0.01,0.01,200,1
2017-11-26,10000016,33573,0.01,0.01,0.01,200,1
2017-11-26,10000016,33697,37999999.99,37999999.99,38000000,3,3
2017-11-26,10000016,33699,104545.45,100000,250000,33,32
2017-11-26,10000016,33702,359999999,359999999,359999999,1,1
2017-11-26,10000016,33706,14000,14000,14000,1,1
2017-11-26,10000016,33720,50000,50000,50000,1,1
2017-11-26,10000016,33824,2099999.51,1999999.98,2199999.04,2,2
2017-11-26,10000016,33856,4000000,4000000,4000000,4,4
2017-11-26,10000016,33890,2129640.64,1828922.62,2799999.54,6,3
2017-11-26,10000016,33981,35000000,35000000,35000000,1,1
2017-11-26,10000016,34201,288642.85,275099.99,380000,7,6
2017-11-26,10000016,34203,515074.74,514999,515099.99,4,4
2017-11-26,10000016,34204,902075.54,804099.99,1250001.1,4,4
2017-11-26,10000016,34205,293222,293222,293222,3,3
2017-11-26,10000016,34206,188556,176450,275000,25,8
2017-11-26,10000016,34207,2500005,2500005,2500005,1,1
2017-11-26,10000016,34327,35000000,35000000,35000000,1,1
2017-11-26,10000016,34390,1033333.33,1000000,1200000,6,6
2017-11-26,10000016,34496,1303650.88,705476.32,2500000,3,3
2017-11-26,10000016,34533,1000000,1000000,1000000,4,4
2017-11-26,10000016,34590,140000000,140000000,140000000,1,1
2017-11-26,10000016,35074,1800000,1800000,1800000,1,1
2017-11-26,10000016,35150,2200000,2200000,2200000,1,1
2017-11-26,10000016,35656,22281.28,391.02,26053.89,15,10
2017-11-26,10000016,35657,116001,44502.02,187499.98,4,4
2017-11-26,10000016,35658,25731.02,202,36449.5,35,27
2017-11-26,10000016,35659,46742.37,7787.79,162500,8,8
2017-11-26,10000016,35660,9648.98,3778.78,39000,6,5
2017-11-26,10000016,35661,232727.28,201000.01,550000,11,6
2017-11-26,10000016,35662,150000,150000,150000,6,3
2017-11-26,10000016,35680,1000000,1000000,1000000,5,5
2017-11-26,10000016,35685,1000000,1000000,1000000,4,4
2017-11-26,10000016,35770,34632.06,30000,40000,6,6
2017-11-26,10000016,35771,1368000,1295000,1400000,10,5
2017-11-26,10000016,35774,705213.04,700000,706426.07,6,4
2017-11-26,10000016,35788,81183.78,77033.93,90000,7,7
2017-11-26,10000016,35789,1200000,300000,2100000,2,2
2017-11-26,10000016,35790,1897378.81,1699990,2239999,11,8
2017-11-26,10000016,35794,48981.12,42666,49999,74,10
2017-11-26,10000016,35795,29971.2,29000,30000,20,6
2017-11-26,10000016,35940,31500000,31500000,31500000,1,1
2017-11-26,10000016,35947,34965000,34965000,34965000,1,1
2017-11-26,10000016,35949,35000000,35000000,35000000,1,1
2017-11-26,10000016,37135,47999999.99,47999999.99,47999999.99,1,1
2017-11-26,10000016,37450,380000,380000,380000,5,3
2017-11-26,10000016,37455,19990000,19990000,19990000,4,2
2017-11-26,10000016,37544,3400.67,101.01,10000,3,3
2017-11-26,10000016,37545,643.11,642.79,643.15,10,8
2017-11-26,10000016,37608,1201000.04,1201000.03,1201000.04,8,7
2017-11-26,10000016,37610,1077636.37,1000000,1201000.01,11,8
2017-11-26,10000016,37611,1220000.01,1200000.01,1230000.01,3,3
2017-11-26,10000016,37615,20000000,20000000,20000000,1,1
2017-11-26,10000016,37796,5000000,5000000,5000000,2,2
2017-11-26,10000016,37797,5000000,5000000,5000000,1,1
2017-11-26,10000016,37798,5000000,5000000,5000000,2,2
2017-11-26,10000016,37799,5000000,5000000,5000000,2,2
2017-11-26,10000016,37820,44000000,44000000,44000000,3,1
2017-11-26,10000016,37855,8000000,8000000,8000000,1,1
2017-11-26,10000016,37856,8000000,8000000,8000000,1,1
2017-11-26,10000016,37857,8000000,8000000,8000000,1,1
2017-11-26,10000016,40328,4000000,4000000,4000000,3,3
2017-11-26,10000016,40338,298240,298240,298240,1,1
2017-11-26,10000016,40354,50000000,50000000,50000000,2,1
2017-11-26,10000016,40357,125000000,125000000,125000000,2,2
2017-11-26,10000016,40519,341538845.25,335807000,365000000,24,12
2017-11-26,10000016,40520,807956633.15,797550000,819799998.99,60,47
2017-11-26,10000016,40560,36000000,36000000,36000000,6,1
2017-11-26,10000016,40572,100000000,100000000,100000000,5,5
2017-11-26,10000016,40573,100000000,100000000,100000000,1,1
2017-11-26,10000016,41031,150202.47,5,599999.89,4,3
2017-11-26,10000016,41032,1651.67,977.51,3000,3,3
2017-11-26,10000016,41033,441.25,5,1750,8,8
2017-11-26,10000016,41034,61277.83,23994.5,63988.99,9,7
2017-11-26,10000016,41054,344857.29,300000,457000.51,7,7
2017-11-26,10000016,41055,300000,300000,300000,5,5
2017-11-26,10000016,41056,300000,300000,300000,5,4
2017-11-26,10000016,41057,4953138.62,4953138.62,4953138.62,1,1
2017-11-26,10000016,41155,29722.13,20000,97777,8,5
2017-11-26,10000016,41409,27000000,27000000,27000000,1,1
2017-11-26,10000016,41410,27000000,27000000,27000000,1,1
2017-11-26,10000016,41411,58000000,56000000,60000000,2,2
2017-11-26,10000016,41490,835000,835000,835000,40,1
2017-11-26,10000016,42529,1399990,1399990,1399990,1,1
2017-11-26,10000016,42685,29999999.98,22500000,44999999.95,3,3
2017-11-26,10000016,42695,690,690,690,500,1
2017-11-26,10000016,42702,300000,300000,300000,1,1
2017-11-26,10000016,42829,600,580,750,4266,7
2017-11-26,10000016,42830,680,680,720,3119,7
2017-11-26,10000016,42831,730,730,730,3328,6
2017-11-26,10000016,42885,10000000,10000000,10000000,1,1
2017-11-26,10000016,42905,15000,15000,15000,1,1
2017-11-26,10000016,43545,2000000,2000000,2000000,1,1
2017-11-26,10000016,43551,7666660,6499990,9999999.99,3,2
2017-11-26,10000016,43694,76089087.26,74999999.99,78999999.99,11,3
2017-11-26,10000016,43702,80000,80000,80000,8,8
2017-11-26,10000016,43703,18000000,18000000,18000000,1,1
2017-11-26,10000016,43911,30000000,30000000,30000000,1,1
2017-11-26,10000016,44067,266666666.67,250000000,300000000,3,3
2017-11-26,10000016,44113,45000,45000,45000,1,1
2017-11-26,10000016,44138,50000,50000,50000,1,1
2017-11-26,10000016,44174,50000.01,50000.01,50000.01,1,1
2017-11-26,10000016,44176,50000,50000,50000,1,1
2017-11-26,10000016,44186,25000.01,25000.01,25000.01,1,1
2017-11-26,10000016,44992,3075522.11,3075214.1,3102860,17012,115
2017-11-26,10000016,45591,99999999.01,99999999.01,99999999.01,1,1
2017-11-26,10000016,45601,54999999,54999999,54999999,1,1
2017-11-26,10000016,45615,59999999,59999999,59999999,1,1
2017-11-26,10000016,45626,99999999,99999999,99999999,2,2
2017-11-26,10000016,45635,173380000,170340000,176800000,23,17
2017-11-26,10000016,45740,56000,56000,56000,1,1
2017-11-26,10000016,45746,1000000,1000000,1000000,31,31
2017-11-26,10000016,45748,5000000,5000000,5000000,13,13
2017-11-26,10000016,45749,25000000,25000000,25000000,9,9
2017-11-26,10000016,45750,15000000,15000000,15000000,10,7
2017-11-26,10000016,45767,100000,100000,100000,1,1
2017-11-26,10000016,45770,100000,100000,100000,1,1
2017-11-26,10000016,45793,2000000,2000000,2000000,1,1
2017-11-26,10000016,45811,30000,30000,30000,1,1
2017-11-26,10000016,45814,500011.11,500011.11,500011.11,1,1
2017-11-26,10000016,45828,550000,100000,1000000,2,2
2017-11-26,10000016,45834,700000,700000,700000,1,1
2017-11-26,10000016,45835,1499999.99,1499999.99,1499999.99,1,1
2017-11-26,10000016,45847,2000000,2000000,2000000,1,1
2017-11-26,10000016,45853,10000000,10000000,10000000,1,1
2017-11-26,10000016,45869,100001.12,100001.12,100001.12,1,1
2017-11-26,10000016,45870,5000,5000,5000,1,1
2017-11-26,10000016,45872,11.11,11.11,11.11,1,1
2017-11-26,10000016,45875,11.49,11.49,11.49,1,1
2017-11-26,10000016,45888,33000,33000,33000,1,1
2017-11-26,10000016,45891,10540000.01,10540000.01,10540000.01,1,1
2017-11-26,10000016,45913,11.11,11.11,11.11,1,1
2017-11-26,10000016,45938,10000,10000,10000,1,1
2017-11-26,10000016,45955,150000,150000,150000,1,1
2017-11-26,10000016,45996,154298.73,136666,163115.1,6,4
2017-11-26,10000016,46002,2250000.33,2250000.33,2250000.33,1,1
2017-11-26,10000016,46008,8907599.8,8499999.48,10000000,25,17
2017-11-26,10000016,46050,300000.06,300000.06,300000.06,1,1
2017-11-26,10000016,46152,10000000,10000000,10000000,3,3
2017-11-26,10000016,46153,15000000,15000000,15000000,2,2
2017-11-26,10000016,46154,20000000,20000000,20000000,2,2
2017-11-26,10000016,46155,25000000,25000000,25000000,3,3
2017-11-26,10000016,46156,30000000,30000000,30000000,2,2
2017-11-26,10000016,46157,15000000,15000000,15000000,1,1
2017-11-26,10000016,46159,15000000,15000000,15000000,1,1
2017-11-26,10000016,46160,15000000,15000000,15000000,1,1
2017-11-26,10000016,46161,15000000,15000000,15000000,1,1
2017-11-26,10000016,46162,15000000,15000000,15000000,1,1
2017-11-26,10000016,46178,10000000,10000000,10000000,8,2
2017-11-26,10000016,46205,20000000,20000000,20000000,1,1
2017-11-26,10000016,46213,20000000,20000000,20000000,1,1
2017-11-26,10000016,46350,10000000,10000000,10000000,1,1
2017-11-26,10000016,46352,10000000,10000000,10000000,1,1
2017-11-26,10000016,46357,10000000,10000000,10000000,1,1
2017-11-26,10000016,46359,10000000,10000000,10000000,1,1
2017-11-26,10000016,46361,10000000,10000000,10000000,1,1
2017-11-26,10000018,22,3.58,3.58,3.58,92,1
2017-11-26,10000018,34,3.15,3.15,3.15,7308375,3
2017-11-26,10000018,35,0.26,0.26,0.26,1143148,1
2017-11-26,10000018,36,50,50,50,636080,3
2017-11-26,10000018,37,3.52,3.52,3.52,56403,1
2017-11-26,10000018,39,9.06,9.06,9.06,8987,1
2017-11-26,10000018,199,300,300,300,2400,3
2017-11-26,10000018,210,75,75,75,500,1
2017-11-26,10000018,394,999999.99,999999.99,999999.99,1,1
2017-11-26,10000018,440,5400000,5400000,5400000,2,2
2017-11-26,10000018,448,2150000,2150000,2150000,4,3
2017-11-26,10000018,482,1285197,1285197,1285197,10,3
2017-11-26,10000018,483,49999.99,49999.99,49999.99,14,1
2017-11-26,10000018,486,25000,25000,25000,1,1
2017-11-26,10000018,527,1291361.25,1291361.25,1291361.25,1,1
2017-11-26,10000018,570,999999.99,999999.99,999999.99,6,1
2017-11-26,10000018,584,100000,100000,100000,6,2
2017-11-26,10000018,597,850000,850000,850000,1,1
2017-11-26,10000018,620,10000000,10000000,10000000,1,1
2017-11-26,10000018,626,13000000,13000000,13000000,1,1
2017-11-26,10000018,632,10000000,10000000,10000000,11,2
2017-11-26,10000018,651,1200000,1200000,1200000,1,1
2017-11-26,10000018,654,1650000,1650000,1650000,1,1
2017-11-26,10000018,655,1000000,1000000,1000000,1,1
2017-11-26,10000018,657,1950000,1950000,1950000,3,3
2017-11-26,10000018,1182,24999,24999,24999,2,2
2017-11-26,10000018,1225,4.64,4.64,4.64,16,1
2017-11-26,10000018,1236,1374999.99,1250000,1499999.98,6,2
2017-11-26,10000018,1319,850000,850000,850000,11,4
2017-11-26,10000018,1333,59999.99,59999.99,59999.99,2,1
2017-11-26,10000018,1355,821264.5,820000,822528.99,4,3
2017-11-26,10000018,1405,999999.99,999999.99,999999.99,18,2
2017-11-26,10000018,1422,1499999.99,1499999.99,1499999.99,4,1
2017-11-26,10000018,1447,998000,998000,998000,4,3
2017-11-26,10000018,1541,1344000,1344000,1344000,6,4
2017-11-26,10000018,1877,1526200,1526200,1526200,16,2
2017-11-26,10000018,1948,94606.36,94606.36,94606.36,1,1
2017-11-26,10000018,1952,1466688.72,1426728.6,1999999.98,96,33
2017-11-26,10000018,1955,77574.17,77574.17,77574.17,2,2
2017-11-26,10000018,1957,73699.94,73699.94,73699.94,1,1
2017-11-26,10000018,1958,31899.54,31899.54,31899.54,1,1
2017-11-26,10000018,1978,1748000,1748000,1748000,2,2
2017-11-26,10000018,1999,1500000,1500000,1500000,12,6
2017-11-26,10000018,2024,1437000,1437000,1437000,2,2
2017-11-26,10000018,2032,875000,875000,875000,2,1
2017-11-26,10000018,2046,12098.9,12098.9,12098.9,1,1
2017-11-26,10000018,2048,729999.99,729999.99,729999.99,7,7
2017-11-26,10000018,2109,2000000,2000000,2000000,2,2
2017-11-26,10000018,2173,95000,95000,95000,5,1
2017-11-26,10000018,2175,1212586,1212586,1212586,12,3
2017-11-26,10000018,2185,1199624.08,1198999.92,1199998,56,11
2017-11-26,10000018,2195,2808108.11,2500000,3100000,37,8
2017-11-26,10000018,2205,449996,449996,449996,15,3
2017-11-26,10000018,2254,999999,999999,999999,1,1
2017-11-26,10000018,2281,3699999.99,3699999.99,3700000,13,6
2017-11-26,10000018,2301,2750000,2750000,2750000,1,1
2017-11-26,10000018,2303,2400000,2400000,2400000,1,1
2017-11-26,10000018,2364,1800000,1800000,1800000,1,1
2017-11-26,10000018,2397,1,1,1,12020,2
2017-11-26,10000018,2444,45000,45000,45000,5,1
2017-11-26,10000018,2454,25000,25000,25000,10,2
2017-11-26,10000018,2456,467100,450000,521820,42,7
2017-11-26,10000018,2476,120000,120000,120000,10,1
2017-11-26,10000018,2486,10873.48,10873.48,10873.48,2,1
2017-11-26,10000018,2488,469260.72,458067.47,570000,50,10
2017-11-26,10000018,2534,626923.08,626923.08,626923.08,1,1
2017-11-26,10000018,2550,999999,999999,999999,1,1
2017-11-26,10000018,2605,343139.28,324999.99,404650,14,7
2017-11-26,10000018,2889,905250,905250,905250,2,1
2017-11-26,10000018,2961,4264177.6,4250000,4320888,10,2
2017-11-26,10000018,2993,900000,900000,900000,4,1
2017-11-26,10000018,3041,800000,800000,800000,4,1
2017-11-26,10000018,3130,1950000,1950000,1950000,3,1
2017-11-26,10000018,3244,1808047.22,1789766,1999999.99,46,5
2017-11-26,10000018,3332,500000,500000,500000,1,1
2017-11-26,10000018,3340,300000,300000,300000,1,1
2017-11-26,10000018,3488,1450000,1450000,1450000,1,1
2017-11-26,10000018,3520,2000000,2000000,2000000,6,1
2017-11-26,10000018,3568,1274000,1274000,1274000,10,10
2017-11-26,10000018,3608,1950000,1950000,1950000,1,1
2017-11-26,10000018,3689,113.09,113.09,113.09,14,1
2017-11-26,10000018,3828,12.6,12.6,12.6,7,1
2017-11-26,10000018,3829,52000,52000,52000,1,1
2017-11-26,10000018,3831,999000,999000,999000,5,3
2017-11-26,10000018,3841,1576759.13,1499999.99,1725277.41,18,7
2017-11-26,10000018,3888,1645000,1640000,1650000,2,2
2017-11-26,10000018,4025,500000,500000,500000,1,1
2017-11-26,10000018,4258,2999999.99,2999999.99,2999999.99,1,1
2017-11-26,10000018,4312,23000,23000,23000,2600,1
2017-11-26,10000018,4383,2000000,2000000,2000000,1,1
2017-11-26,10000018,4403,850000,850000,850000,2,1
2017-11-26,10000018,4405,1846874.99,1650000,1999999.99,16,4
2017-11-26,10000018,5141,15468.7,15468.7,15468.7,2,2
2017-11-26,10000018,5282,1000000,1000000,1000000,30,1
2017-11-26,10000018,5399,1000000,1000000,1000000,1,1
2017-11-26,10000018,5955,200000,200000,200000,31,31
2017-11-26,10000018,5971,37748,37748,37748,1,1
2017-11-26,10000018,5973,800000,700000,1000000,6,6
2017-11-26,10000018,5975,75000,75000,75000,2,2
2017-11-26,10000018,6005,50000,50000,50000,2,2
2017-11-26,10000018,6160,952000,39999.98,1000000,20,6
2017-11-26,10000018,7367,2200000,2200000,2200000,15,3
2017-11-26,10000018,8089,400000,400000,400000,2,1
2017-11-26,10000018,8517,3500000,3500000,3500000,1,1
2017-11-26,10000018,8529,100000,100000,100000,2,1
2017-11-26,10000018,9411,2700000,2700000,2700000,4,1
2017-11-26,10000018,9491,6000000,6000000,6000000,8,1
2017-11-26,10000018,9580,55000,55000,55000,2,2
2017-11-26,10000018,9632,203998,203998,203998,2,1
2017-11-26,10000018,9848,123.29,123.29,123.29,23,1
2017-11-26,10000018,10190,1726067.84,1700000,1781927.5,22,3
2017-11-26,10000018,10246,54650,9300,99999.99,10,2
2017-11-26,10000018,10998,592857.14,50000,999999.99,7,2
2017-11-26,10000018,11132,30000,30000,30000,1,1
2017-11-26,10000018,11176,42000000,42000000,42000000,2,2
2017-11-26,10000018,11182,27900000,27900000,27900000,1,1
2017-11-26,10000018,11184,40000000,40000000,40000000,3,3
2017-11-26,10000018,11186,44500000,44500000,44500000,1,1
2017-11-26,10000018,11198,31500000,31500000,31500000,1,1
2017-11-26,10000018,11202,45000000,45000000,45000000,1,1
2017-11-26,10000018,11269,928659.83,898989.75,988000,6,2
2017-11-26,10000018,11287,8450,8450,8450,100,1
2017-11-26,10000018,11370,1970705.36,1970375,1975000,14,5
2017-11-26,10000018,11399,9500,9500,9500,155,1
2017-11-26,10000018,11577,5100000,5100000,5100000,5,4
2017-11-26,10000018,11640,1000000,1000000,1000000,4,1
2017-11-26,10000018,12066,219998.89,219998.89,219998.89,1,1
2017-11-26,10000018,12076,8198750,8198750,8198750,1,1
2017-11-26,10000018,12084,11479000,11479000,11479000,1,1
2017-11-26,10000018,12096,30000000,30000000,30000000,1,1
2017-11-26,10000018,12200,15000000,15000000,15000000,7,1
2017-11-26,10000018,12259,4999999.97,4999999.97,4999999.97,4,1
2017-11-26,10000018,12557,115000,115000,115000,16,2
2017-11-26,10000018,12559,175000,175000,175000,16,2
2017-11-26,10000018,12563,98000,98000,98000,8,1
2017-11-26,10000018,12565,90000,90000,90000,8,1
2017-11-26,10000018,12608,20,20,20,5000,2
2017-11-26,10000018,12625,60,60,60,2000,1
2017-11-26,10000018,12761,849.99,849.99,849.99,400,1
2017-11-26,10000018,12765,300,300,300,11500,6
2017-11-26,10000018,12805,197.13,197.13,197.13,5000,3
2017-11-26,10000018,15465,26889996.95,26889996.95,26889996.95,1,1
2017-11-26,10000018,16242,1000000,1000000,1000000,3,1
2017-11-26,10000018,16272,650,650,650,7248,1
2017-11-26,10000018,16273,50,50,50,36850,24
2017-11-26,10000018,16274,985,985,985,30000,2
2017-11-26,10000018,16275,3400,3400,3400,150,1
2017-11-26,10000018,16278,2399999.5,2399999,2400000,6,2
2017-11-26,10000018,16682,1.25,1.25,1.25,4,1
2017-11-26,10000018,16683,1.22,1.22,1.22,68,1
2017-11-26,10000018,17478,29000000,29000000,29000000,1,1
2017-11-26,10000018,17480,20674073.13,20000000,21011109.7,3,3
2017-11-26,10000018,17482,2412500,2300000,2450000,8,4
2017-11-26,10000018,17843,84999999.99,84999999.99,84999999.99,2,2
2017-11-26,10000018,17887,975,975,975,625558,10
2017-11-26,10000018,17888,975,975,975,350000,2
2017-11-26,10000018,17889,985,985,985,270000,2
2017-11-26,10000018,17912,5000000,5000000,5000000,1,1
2017-11-26,10000018,17938,299999.98,299999.98,299999.98,1,1
2017-11-26,10000018,18639,30000,30000,30000,1,1
2017-11-26,10000018,19744,1000000,1000000,1000000,1,1
2017-11-26,10000018,19806,1389700,1389700,1389700,10,10
2017-11-26,10000018,19814,64270.83,55000,500000,48,45
2017-11-26,10000018,19921,90000,90000,90000,1,1
2017-11-26,10000018,20351,2999999.97,2999999.97,2999999.97,4,1
2017-11-26,10000018,21096,2118181.82,1900000,3500000,22,17
2017-11-26,10000018,21638,1350000,1350000,1350000,1,1
2017-11-26,10000018,21896,500,500,500,2500,1
2017-11-26,10000018,21898,550,550,550,4600,3
2017-11-26,10000018,22229,5223466.67,5000000,5413600,6,3
2017-11-26,10000018,22291,1400000,1400000,1400000,3,1
2017-11-26,10000018,22542,40000.99,40000.99,40000.99,5,3
2017-11-26,10000018,22576,27000,27000,27000,18,2
2017-11-26,10000018,22778,200000,200000,200000,280,5
2017-11-26,10000018,23025,750,750,750,14344,9
2017-11-26,10000018,23039,1049.66,1049.66,1049.66,12000,3
2017-11-26,10000018,23055,3624336.29,3000000,4226374.86,55,3
2017-11-26,10000018,23525,200000,200000,200000,154,34
2017-11-26,10000018,23527,929096.92,358193.85,1500000,4,4
2017-11-26,10000018,23559,250000,250000,250000,3,1
2017-11-26,10000018,23711,10000,10000,10000,5,1
2017-11-26,10000018,24242,19800000,19800000,19800000,1,1
2017-11-26,10000018,24305,4800000,4800000,4800000,1,1
2017-11-26,10000018,24395,263997,263997,263997,7,2
2017-11-26,10000018,24417,1925000,1925000,1925000,3,3
2017-11-26,10000018,24427,1856785.7,1766249.99,2399999.97,14,9
2017-11-26,10000018,24438,1250000,1250000,1250000,2,1
2017-11-26,10000018,24490,201,201,201,50000,1
2017-11-26,10000018,24493,111,111,111,20000,1
2017-11-26,10000018,24698,40000000,40000000,40000000,1,1
2017-11-26,10000018,25894,14999999,14999999,14999999,2,1
2017-11-26,10000018,25956,17333333.33,13000000,19500000,3,3
2017-11-26,10000018,26888,35000000,35000000,35000000,1,1
2017-11-26,10000018,27371,1300,1300,1300,2500,1
2017-11-26,10000018,27387,1375,1375,1375,3000,1
2017-11-26,10000018,27906,26000000,26000000,26000000,1,1
2017-11-26,10000018,28211,836842.11,830000,840000,19,5
2017-11-26,10000018,28213,1387429.39,1150182.61,1399875,64,14
2017-11-26,10000018,28215,2000000,2000000,2000000,10,1
2017-11-26,10000018,28668,27399.98,27399.98,27399.98,580,7
2017-11-26,10000018,28674,1400000,1400000,1400000,1,1
2017-11-26,10000018,28999,9000,9000,9000,4,4
2017-11-26,10000018,29001,11542.17,9000,11999.76,59,3
2017-11-26,10000018,29005,17500,17500,17500,2,2
2017-11-26,10000018,29007,9421.1,9421.1,9421.1,2,2
2017-11-26,10000018,29009,10100,10100,10100,126,22
2017-11-26,10000018,29011,8890.82,8302.77,9171.5,94,29
2017-11-26,10000018,30013,75000,75000,75000,16,1
2017-11-26,10000018,30488,650000,650000,650000,16,1
2017-11-26,10000018,31083,900000,900000,900000,3,1
2017-11-26,10000018,31105,283875,268750,299000,2,2
2017-11-26,10000018,31163,32000000,32000000,32000000,2,1
2017-11-26,10000018,31171,5000000,5000000,5000000,5,3
2017-11-26,10000018,31177,1100000,1100000,1100000,2,2
2017-11-26,10000018,31179,1124849.87,1124849.87,1124849.87,1,1
2017-11-26,10000018,31183,4750000,4750000,4750000,1,1
2017-11-26,10000018,31358,849999.99,849999.99,849999.99,1,1
2017-11-26,10000018,31372,1371110,1300000,1427998,9,4
2017-11-26,10000018,31378,11924398,11924398,11924398,1,1
2017-11-26,10000018,31718,500000,500000,500000,5,4
2017-11-26,10000018,31724,6000000,6000000,6000000,1,1
2017-11-26,10000018,31754,275000,275000,275000,3,3
2017-11-26,10000018,31788,590000,590000,590000,1,1
2017-11-26,10000018,31790,2949696.68,2949696.68,2949696.69,11,4
2017-11-26,10000018,31802,1850000,1850000,1850000,3,1
2017-11-26,10000018,31868,5000000,5000000,5000000,5,1
2017-11-26,10000018,31870,5314230.76,5200000,5496999.98,13,5
2017-11-26,10000018,32006,136000,136000,136000,446,13
2017-11-26,10000018,32780,1250000,1250000,1250000,1,1
2017-11-26,10000018,32787,20000,20000,20000,5,1
2017-11-26,10000018,32872,1300000,1300000,1300000,1,1
2017-11-26,10000018,32878,1300000,1300000,1300000,1,1
2017-11-26,10000018,32880,237960.53,237960.53,237960.53,1,1
2017-11-26,10000018,33003,633333.33,200000,1499999.99,3,3
2017-11-26,10000018,33005,100000,100000,100000,7,4
2017-11-26,10000018,33180,175000,175000,175000,1,1
2017-11-26,10000018,33450,5000000,5000000,5000000,11,3
2017-11-26,10000018,33468,70000000,70000000,70000000,1,1
2017-11-26,10000018,33475,11250000.01,11250000.01,11250000.01,11,2
2017-11-26,10000018,33520,2000000.01,2000000.01,2000000.01,1,1
2017-11-26,10000018,33824,1899999.99,1899999.99,1899999.99,2,2
2017-11-26,10000018,33894,3634400.46,3634400.46,3634400.46,2,1
2017-11-26,10000018,34268,1268299.65,1268299.65,1268299.65,1,1
2017-11-26,10000018,34593,21000000,21000000,21000000,1,1
2017-11-26,10000018,35656,899999.98,899999.98,899999.98,2,2
2017-11-26,10000018,35657,150000,150000,150000,3,3
2017-11-26,10000018,35659,1999999,1999999,1999999,4,4
2017-11-26,10000018,35660,100000,100000,100000,2,2
2017-11-26,10000018,35662,790940,790940,790940,1,1
2017-11-26,10000018,35795,15600,15600,15600,1,1
2017-11-26,10000018,40520,899500000.01,899500000.01,899500000.01,1,1
2017-11-26,10000018,40556,14500000,14500000,14500000,36,1
2017-11-26,10000018,41155,10000,10000,10000,18,11
2017-11-26,10000018,41490,2000000,2000000,2000000,50,1
2017-11-26,10000018,42694,1170,1170,1170,5000,1
2017-11-26,10000018,43699,99999.99,99999.99,99999.99,5,1
2017-11-26,10000018,44102,4625000,4625000,4625000,1,1
2017-11-26,10000018,46008,27547393.99,19000000,36094787.97,2,2
2017-11-26,10000020,18,30,30,30,6469,4
2017-11-26,10000020,20,181,181,181,2248622,136
2017-11-26,10000020,21,385.12,385.12,385.12,794,2
2017-11-26,10000020,22,3500.26,3500.26,3500.26,82,2
2017-11-26,10000020,34,4.25,3.35,4.5,96938927,272
2017-11-26,10000020,35,5.8,5.8,5.8,22649543,178
2017-11-26,10000020,36,64,64,64,2626577,153
2017-11-26,10000020,37,41.32,41.32,41.32,14849413,137
2017-11-26,10000020,38,320,304.1,320,178588,90
2017-11-26,10000020,39,1295,1295,1295,241283,80
2017-11-26,10000020,40,1600,1600,1600,13102,60
2017-11-26,10000020,41,14,14,14,273270,11
2017-11-26,10000020,42,0.02,0.02,0.02,42,1
2017-11-26,10000020,43,344.5,344.5,357.62,947466,96
2017-11-26,10000020,45,67.48,63.92,92.97,111690,11
2017-11-26,10000020,179,1.93,1.93,1.93,300,3
2017-11-26,10000020,180,1.05,1.05,1.05,600,5
2017-11-26,10000020,181,0.25,0.25,0.25,398,4
2017-11-26,10000020,182,1.94,1.94,1.94,200,2
2017-11-26,10000020,183,0.3,0.3,0.3,360,3
2017-11-26,10000020,184,1.93,1.93,1.93,100,1
2017-11-26,10000020,185,11,11,11,113120,5
2017-11-26,10000020,191,6.1,6.1,6.1,100,1
2017-11-26,10000020,192,58,58,58,1100,2
2017-11-26,10000020,193,71.99,71.99,71.99,1000,1
2017-11-26,10000020,197,5.17,5.17,5.17,100,1
2017-11-26,10000020,202,130.05,130.05,130.05,17883,4
2017-11-26,10000020,204,7.63,7.63,7.63,10472,2
2017-11-26,10000020,205,149.99,149.99,149.99,5000,1
2017-11-26,10000020,206,49.9,49.9,49.9,12500,5
2017-11-26,10000020,207,46.69,46.69,46.69,84699,4
2017-11-26,10000020,208,69.9,69.9,69.9,12607,6
2017-11-26,10000020,209,57,57,57,20936,6
2017-11-26,10000020,210,9.52,9.52,9.52,2500,1
2017-11-26,10000020,211,9.45,9,10.5,9162,11
2017-11-26,10000020,212,21.5,18.25,34.99,14920,15
2017-11-26,10000020,213,0.34,0.34,0.34,5085,12
2017-11-26,10000020,215,0.5,0.5,0.5,662,6
2017-11-26,10000020,216,7,7,7,5200,3
2017-11-26,10000020,217,1.1,1.1,1.1,1374,5
2017-11-26,10000020,219,1.05,1.05,1.05,400,2
2017-11-26,10000020,220,0.85,0.85,0.85,500,5
2017-11-26,10000020,222,1.03,1.03,1.03,190880,16
2017-11-26,10000020,223,3.03,3.03,3.03,100,1
2017-11-26,10000020,225,7.5,7.5,7.5,100,1
2017-11-26,10000020,226,10.01,10.01,10.01,200,1
2017-11-26,10000020,227,8.04,8.04,8.04,100,1
2017-11-26,10000020,228,6.04,6.04,6.04,300,2
2017-11-26,10000020,229,8.01,8.01,8.01,100,1
2017-11-26,10000020,230,2.3,2.3,2.3,100,1
2017-11-26,10000020,236,10.01,10.01,10.01,200,2
2017-11-26,10000020,238,7.78,7.78,7.78,200,2
2017-11-26,10000020,239,4687.73,2150,6999,40,16
2017-11-26,10000020,240,2745.94,1700,5750,95,16
2017-11-26,10000020,241,1799.99,1799.99,1799.99,1660,47
2017-11-26,10000020,242,2200,2200,2200,140,46
2017-11-26,10000020,243,3375.25,1600,5750,41,13
2017-11-26,10000020,244,5105.77,2000,22725,31,18
2017-11-26,10000020,245,3713.21,50.04,8950,31,18
2017-11-26,10000020,246,6190.51,4000,6190.51,179,37
2017-11-26,10000020,247,16671.88,7500,18400,21,6
2017-11-26,10000020,248,11761.9,11000,15000,21,2
2017-11-26,10000020,249,11822.29,11111,11999,38,6
2017-11-26,10000020,250,11130.79,10999,13701.03,57,5
2017-11-26,10000020,251,13000,13000,13000,5,1
2017-11-26,10000020,252,11100,11100,11100,56,3
2017-11-26,10000020,253,19636.46,19000,25555,24,5
2017-11-26,10000020,254,39478.26,39000,40000,23,5
2017-11-26,10000020,255,80000,80000,80000,10,1
2017-11-26,10000020,259,3101.4,3101.4,3101.4,1,1
2017-11-26,10000020,261,62000,62000,62000,1,1
2017-11-26,10000020,262,25000.04,25000.04,25000.04,6,1
2017-11-26,10000020,263,500,500,500,125,6
2017-11-26,10000020,266,1.93,1.93,1.93,300,3
2017-11-26,10000020,267,23.81,23.81,23.81,100,1
2017-11-26,10000020,269,1.2,1.2,1.2,100,1
2017-11-26,10000020,377,14368.18,13275,15000,11,8
2017-11-26,10000020,380,435761.58,149999.93,507201.99,5,3
2017-11-26,10000020,399,18006.36,15000,25998,22,11
2017-11-26,10000020,400,580000,580000,580000,2,1
2017-11-26,10000020,434,91885.31,59999,125000,16,9
2017-11-26,10000020,439,17367.18,3504.02,19399.99,87,57
2017-11-26,10000020,442,12216.67,11900,12850,3,2
2017-11-26,10000020,443,17999.98,17999.98,17999.98,1,1
2017-11-26,10000020,444,6443.74,6200,7050,15,11
2017-11-26,10000020,447,32045.93,2505.25,35000,11,2
2017-11-26,10000020,450,17742.41,50,17999.99,60,28
2017-11-26,10000020,451,53517.36,25000,95000,32,18
2017-11-26,10000020,452,27056.44,20000,34998,86,39
2017-11-26,10000020,453,45989.4,45989,45990,5,4
2017-11-26,10000020,454,83153.92,75000,95000,13,10
2017-11-26,10000020,455,40000,40000,40000,6,1
2017-11-26,10000020,456,120000,120000,120000,2,1
2017-11-26,10000020,457,195416.25,190000,235000,12,7
2017-11-26,10000020,458,305000,305000,305000,1,1
2017-11-26,10000020,459,350000,350000,350000,7,4
2017-11-26,10000020,462,10000,10000,10000,1,1
2017-11-26,10000020,464,10000,10000,10000,5,1
2017-11-26,10000020,482,1231080.25,1199999.97,1249999.99,58,23
2017-11-26,10000020,483,7773.59,5810,9100,53,27
2017-11-26,10000020,485,150000,150000,150000,3,1
2017-11-26,10000020,486,15000,15000,15000,3,1
2017-11-26,10000020,499,25000,25000,25000,7,1
2017-11-26,10000020,523,19357.52,3977.77,23997.77,27,24
2017-11-26,10000020,526,24000,5000,43000,2,2
2017-11-26,10000020,527,1522000,1522000,1522000,2,2
2017-11-26,10000020,530,39999,39999,39999,2,1
2017-11-26,10000020,561,45000,45000,45000,4,1
2017-11-26,10000020,577,55000,55000,55000,1,1
2017-11-26,10000020,578,127855.15,92500,147767.77,28,20
2017-11-26,10000020,586,413138.38,413138.38,413138.38,1,1
2017-11-26,10000020,587,100000.67,1,300000,3,2
2017-11-26,10000020,589,259501.41,150000,375000,22,13
2017-11-26,10000020,590,299020,299020,299020,3,2
2017-11-26,10000020,591,291446.77,238723.71,344999.99,22,19
2017-11-26,10000020,592,257500,220000,295000,2,2
2017-11-26,10000020,593,326484,300000,349999.99,5,4
2017-11-26,10000020,594,350000,350000,350000,1,1
2017-11-26,10000020,596,723.88,265,2350,21,20
2017-11-26,10000020,597,303395.91,247000,329000,12,12
2017-11-26,10000020,601,251,251,251,1,1
2017-11-26,10000020,603,290000,290000,290000,1,1
2017-11-26,10000020,605,355000,340000,370000,2,2
2017-11-26,10000020,606,1400,300,2500,2,2
2017-11-26,10000020,607,539000,539000,539000,1,1
2017-11-26,10000020,623,8312605,7500000,10750420,4,4
2017-11-26,10000020,624,10535000,10400000,12860000,6,6
2017-11-26,10000020,626,2606249.5,10498.99,5202000,2,2
2017-11-26,10000020,628,8990000,8990000,8990000,2,2
2017-11-26,10000020,630,9875674.2,9875674.2,9875674.2,2,2
2017-11-26,10000020,632,7500419.69,7500419.69,7500419.69,1,1
2017-11-26,10000020,642,128001000.01,128001000.01,128001000.01,1,1
2017-11-26,10000020,648,675000,600000,750000,2,2
2017-11-26,10000020,649,1250000,1100000,1400000,2,2
2017-11-26,10000020,650,1000000,1000000,1000000,1,1
2017-11-26,10000020,654,1009000,1001000,1024999.99,3,3
2017-11-26,10000020,655,1150000,1100000,1200000,2,2
2017-11-26,10000020,656,1101000,1100000,1200000,10,10
2017-11-26,10000020,657,1371666.66,1319999.99,1475000,3,3
2017-11-26,10000020,672,8000,8000,8000,317,16
2017-11-26,10000020,684,4000000,4000000,4000000,1,1
2017-11-26,10000020,786,60000,60000,60000,4,4
2017-11-26,10000020,805,4000000,4000000,4000000,1,1
2017-11-26,10000020,811,150000,150000,150000,1,1
2017-11-26,10000020,812,160000,160000,160000,1,1
2017-11-26,10000020,821,90000,90000,90000,1,1
2017-11-26,10000020,836,90000,90000,90000,4,3
2017-11-26,10000020,838,150000,150000,150000,1,1
2017-11-26,10000020,841,900000,900000,900000,1,1
2017-11-26,10000020,879,20000,20000,20000,1,1
2017-11-26,10000020,936,2175000,2175000,2175000,1,1
2017-11-26,10000020,952,4650000,4650000,4650000,1,1
2017-11-26,10000020,967,50000,50000,50000,2,2
2017-11-26,10000020,1010,49920,49920,49920,1,1
2017-11-26,10000020,1026,87360,87360,87360,1,1
2017-11-26,10000020,1032,91160,91160,91160,2,2
2017-11-26,10000020,1067,316360,316360,316360,1,1
2017-11-26,10000020,1072,64500,64500,64500,1,1
2017-11-26,10000020,1076,20000,20000,20000,1,1
2017-11-26,10000020,1096,243200,243200,243200,1,1
2017-11-26,10000020,1099,200000,200000,200000,1,1
2017-11-26,10000020,1109,199680,199680,199680,2,2
2017-11-26,10000020,1114,90000,90000,90000,1,1
2017-11-26,10000020,1115,235000,235000,235000,1,1
2017-11-26,10000020,1116,150000,150000,150000,2,2
2017-11-26,10000020,1129,750000,750000,750000,1,1
2017-11-26,10000020,1130,20000,20000,20000,1,1
2017-11-26,10000020,1133,50000,50000,50000,1,1
2017-11-26,10000020,1154,30000,30000,30000,1,1
2017-11-26,10000020,1155,20000,20000,20000,2,2
2017-11-26,10000020,1156,10000,10000,10000,1,1
2017-11-26,10000020,1160,35000,35000,35000,1,1
2017-11-26,10000020,1161,40000,40000,40000,1,1
2017-11-26,10000020,1182,277000,154000,400000,2,2
2017-11-26,10000020,1183,800996.32,665488.96,874999.99,6,5
2017-11-26,10000020,1185,60000,60000,60000,2,2
2017-11-26,10000020,1195,55000,55000,55000,3,3
2017-11-26,10000020,1197,60000,60000,60000,1,1
2017-11-26,10000020,1202,7523.57,7523.57,7523.57,6,1
2017-11-26,10000020,1214,5000000,5000000,5000000,1,1
2017-11-26,10000020,1224,40.18,40.17,40.18,6468275,109
2017-11-26,10000020,1226,380.09,380.09,380.09,6202,4
2017-11-26,10000020,1227,60,60,60,383179,13
2017-11-26,10000020,1228,15.04,15.04,15.04,5884774,104
2017-11-26,10000020,1229,100.82,100.82,100.82,27,1
2017-11-26,10000020,1230,13,12.52,13.52,22200438,195
2017-11-26,10000020,1231,250.05,250.05,250.05,97,1
2017-11-26,10000020,1236,814000.03,814000.03,814000.03,2,2
2017-11-26,10000020,1244,10206.99,3007.77,75000,10,5
2017-11-26,10000020,1246,20000,20000,20000,2,1
2017-11-26,10000020,1248,17000,17000,17000,7,1
2017-11-26,10000020,1254,86257.14,86257.14,86257.14,1,1
2017-11-26,10000020,1275,49740,49740,49740,1,1
2017-11-26,10000020,1294,44250,44000,44500,2,2
2017-11-26,10000020,1304,32998.33,32998,32999,3,3
2017-11-26,10000020,1305,74680,74680,74680,1,1
2017-11-26,10000020,1306,490917.33,461876,549000,6,3
2017-11-26,10000020,1317,8923.72,500,11500,42,27
2017-11-26,10000020,1318,13320,10000,16640,2,2
2017-11-26,10000020,1319,711840.57,699999.99,798207.93,42,13
2017-11-26,10000020,1334,125000,125000,125000,2,2
2017-11-26,10000020,1335,451249.75,440000,724999,4,3
2017-11-26,10000020,1353,21500,21500,21500,1,1
2017-11-26,10000020,1355,1112281.02,1112281.02,1112281.02,2,2
2017-11-26,10000020,1403,31928.94,27400,37924.5,17,10
2017-11-26,10000020,1405,1194920.31,950000,1299886.15,10,5
2017-11-26,10000020,1422,1279770,1279770,1279770,1,1
2017-11-26,10000020,1445,75000,75000,75000,2,1
2017-11-26,10000020,1447,29005.03,29005.03,29005.03,5,1
2017-11-26,10000020,1539,31298.44,13950,52984,9,2
2017-11-26,10000020,1541,1060000,900000,1100000,5,3
2017-11-26,10000020,1808,62242,47499,76985,2,2
2017-11-26,10000020,1809,187420,187420,187420,1,1
2017-11-26,10000020,1810,1.02,1.02,1.02,310,5
2017-11-26,10000020,1814,1.03,1.03,1.03,400,4
2017-11-26,10000020,1815,140000,140000,140000,1,1
2017-11-26,10000020,1816,1.21,1.2,1.22,524,5
2017-11-26,10000020,1818,10.03,10.03,10.03,300,3
2017-11-26,10000020,1820,1.08,1.08,1.08,199,2
2017-11-26,10000020,1822,10,10,10,100,1
2017-11-26,10000020,1824,10,10,10,499,4
2017-11-26,10000020,1826,86.1,86.1,86.1,100,1
2017-11-26,10000020,1828,90.44,90.44,90.44,100,1
2017-11-26,10000020,1855,4899999.98,4899999.98,4899999.98,1,1
2017-11-26,10000020,1944,1006866.08,335700,1069999.99,13,13
2017-11-26,10000020,1945,4977500,4977500,4977500,3,3
2017-11-26,10000020,1952,1350000,1350000,1350000,2,2
2017-11-26,10000020,1957,24999,24999,24999,1,1
2017-11-26,10000020,1977,33809.84,17850,34999.96,46,46
2017-11-26,10000020,1978,2788870.21,2788870.21,2788870.21,1,1
2017-11-26,10000020,1986,34666.67,34666.67,34666.67,3,2
2017-11-26,10000020,1998,106825.92,105000,107738.89,3,3
2017-11-26,10000020,1999,1200000,1200000,1200000,4,2
2017-11-26,10000020,2006,11463481.74,9999999.11,11949373.99,7,7
2017-11-26,10000020,2018,100500,1000,200000,2,2
2017-11-26,10000020,2024,120001.03,120001.03,120001.03,1,1
2017-11-26,10000020,2032,509558.51,19012.33,749998.99,7,5
2017-11-26,10000020,2046,17917.36,17000,19922.5,36,24
2017-11-26,10000020,2047,50000,50000,50000,3,3
2017-11-26,10000020,2048,662575.19,11110.13,690277.5,11,11
2017-11-26,10000020,2108,32400,32400,32400,2,1
2017-11-26,10000020,2173,21462.96,19000,43000,54,8
2017-11-26,10000020,2174,1700000,1700000,1700000,1,1
2017-11-26,10000020,2175,1071875,1050000,1137500,8,3
2017-11-26,10000020,2183,20874.07,8503.71,25555.55,46,14
2017-11-26,10000020,2184,1800000,1800000,1800000,1,1
2017-11-26,10000020,2185,687465.94,29998.25,1199900,12,3
2017-11-26,10000020,2194,6000000,6000000,6000000,1,1
2017-11-26,10000020,2203,2499.99,1999,2500,200,35
2017-11-26,10000020,2204,200000,200000,200000,3,3
2017-11-26,10000020,2205,466149.99,455000,479999.98,40,8
2017-11-26,10000020,2254,81000.01,81000,81000.02,14,6
2017-11-26,10000020,2270,5,5,5,1964588,2
2017-11-26,10000020,2281,2615524.75,1502525.8,3369999,7,5
2017-11-26,10000020,2294,750000,750000,750000,1,1
2017-11-26,10000020,2295,85000,85000,85000,1,1
2017-11-26,10000020,2299,2565800,2565800,2565800,1,1
2017-11-26,10000020,2301,2999998,2999998,2999998,1,1
2017-11-26,10000020,2303,1924181,1924181,1924181,1,1
2017-11-26,10000020,2306,6,6,6,976838,1
2017-11-26,10000020,2309,3.79,3.79,3.79,1569359,2
2017-11-26,10000020,2317,8400.01,8400.01,8400.01,190,1
2017-11-26,10000020,2319,7902.48,7902.48,7902.48,270,1
2017-11-26,10000020,2331,190000,190000,190000,1,1
2017-11-26,10000020,2333,1849854.79,1750000,1899782.18,3,3
2017-11-26,10000020,2363,56250,55000,60000,8,6
2017-11-26,10000020,2364,2700000,2700000,2700000,4,1
2017-11-26,10000020,2399,970,970,970,73720,2
2017-11-26,10000020,2403,6909091,1000000.99,7500000,11,11
2017-11-26,10000020,2406,1000000,1000000,1000000,8,8
2017-11-26,10000020,2410,2677887.93,2677887.91,2677887.95,2,2
2017-11-26,10000020,2436,2350000,2350000,2350000,15,2
2017-11-26,10000020,2444,55000,55000,55000,10,1
2017-11-26,10000020,2445,7000000,7000000,7000000,2,1
2017-11-26,10000020,2446,1949896.93,1949894.94,1949897.51,22,3
2017-11-26,10000020,2454,2800,2500,3001.01,279,41
2017-11-26,10000020,2455,250000,250000,250000,2,2
2017-11-26,10000020,2456,425969.73,425969.73,425969.73,282,17
2017-11-26,10000020,2464,3386.49,2699.99,3450,74,20
2017-11-26,10000020,2465,300000,300000,300000,2,2
2017-11-26,10000020,2466,521467.68,520000,522935.36,10,2
2017-11-26,10000020,2477,4000000,4000000,4000000,1,1
2017-11-26,10000020,2478,2149898,2149898,2149898,7,1
2017-11-26,10000020,2486,5606.61,5500,7000,67,18
2017-11-26,10000020,2487,400000,400000,400000,3,3
2017-11-26,10000020,2488,198666.05,41000.09,513997.98,3,2
2017-11-26,10000020,2495,500000,500000,500000,6,6
2017-11-26,10000020,2505,500000,500000,500000,6,6
2017-11-26,10000020,2508,20.45,20.45,20.45,200,1
2017-11-26,10000020,2510,22.4,22.4,22.4,100,1
2017-11-26,10000020,2512,1.93,1.93,1.93,400,3
2017-11-26,10000020,2514,0.15,0.15,0.15,3363,3
2017-11-26,10000020,2516,1.93,1.93,1.93,301,4
2017-11-26,10000020,2524,81007.3,81006.95,81014.99,20,7
2017-11-26,10000020,2525,81000.02,81000.02,81000.02,8,2
2017-11-26,10000020,2533,80962.23,80660,81000.01,9,3
2017-11-26,10000020,2534,81004.26,81000,81006.46,12,6
2017-11-26,10000020,2539,1351913,1351913,1351913,1,1
2017-11-26,10000020,2545,149777,149777,149777,1,1
2017-11-26,10000020,2549,81004.6,81000,81006.36,11,5
2017-11-26,10000020,2550,80998.62,80946.4,81004.77,10,4
2017-11-26,10000020,2551,81000,81000,81000,10,4
2017-11-26,10000020,2553,882500.04,15000.07,1750000,2,2
2017-11-26,10000020,2575,1687495.9,1687495.9,1687495.9,2,1
2017-11-26,10000020,2603,41166.67,39000,50000,12,3
2017-11-26,10000020,2604,16640,16640,16640,1,1
2017-11-26,10000020,2605,859713.57,18001.02,999999,7,4
2017-11-26,10000020,2629,682,682,682,9000,2
2017-11-26,10000020,2679,275,275,275,10000,1
2017-11-26,10000020,2863,7500000,5000000,10000000,2,2
2017-11-26,10000020,2870,1250000,1250000,1250000,13,1
2017-11-26,10000020,2913,373210,373210,373210,1,1
2017-11-26,10000020,3033,1300000,1300000,1300000,3,1
2017-11-26,10000020,3130,2600929,2599999,2601859,8,3
2017-11-26,10000020,3184,1600000,1600000,1600000,16,7
2017-11-26,10000020,3242,35000,35000,35000,20,1
2017-11-26,10000020,3244,1598900,1598900,1598900,2,2
2017-11-26,10000020,3297,5994.38,3000,8985,8,3
2017-11-26,10000020,3301,20000,20000,20000,4,4
2017-11-26,10000020,3302,20000,20000,20000,2,2
2017-11-26,10000020,3303,19887.89,18688.78,20006.62,14,14
2017-11-26,10000020,3304,100000,100000,100000,4,4
2017-11-26,10000020,3305,100000,100000,100000,16,3
2017-11-26,10000020,3306,100000,100000,100000,13,13
2017-11-26,10000020,3307,2000000,2000000,2000000,4,4
2017-11-26,10000020,3308,2000000,2000000,2000000,1,1
2017-11-26,10000020,3309,2000000,2000000,2000000,2,2
2017-11-26,10000020,3310,40000,40000,40000,2,2
2017-11-26,10000020,3311,79500,79000,80000,2,2
2017-11-26,10000020,3312,60000,60000,60000,2,2
2017-11-26,10000020,3315,1000000,1000000,1000000,3,3
2017-11-26,10000020,3316,70000,70000,70000,2,2
2017-11-26,10000020,3317,100000,100000,100000,2,2
2017-11-26,10000020,3318,80000,80000,80000,3,3
2017-11-26,10000020,3319,20000,20000,20000,3,3
2017-11-26,10000020,3320,10000,10000,10000,2,2
2017-11-26,10000020,3321,20000,20000,20000,9,6
2017-11-26,10000020,3322,25000,25000,25000,2,2
2017-11-26,10000020,3323,30000,30000,30000,3,3
2017-11-26,10000020,3324,100000,100000,100000,5,5
2017-11-26,10000020,3325,400000,400000,400000,2,2
2017-11-26,10000020,3326,350000,350000,350000,2,2
2017-11-26,10000020,3328,40000,40000,40000,8,8
2017-11-26,10000020,3329,40000,40000,40000,3,3
2017-11-26,10000020,3330,40000,40000,40000,3,3
2017-11-26,10000020,3331,40000,40000,40000,23,23
2017-11-26,10000020,3332,500000,500000,500000,2,2
2017-11-26,10000020,3333,500000,500000,500000,1,1
2017-11-26,10000020,3334,500000,500000,500000,6,6
2017-11-26,10000020,3335,500000,500000,500000,14,14
2017-11-26,10000020,3336,4000000,4000000,4000000,2,2
2017-11-26,10000020,3337,4000000,4000000,4000000,2,2
2017-11-26,10000020,3338,4000000,4000000,4000000,3,3
2017-11-26,10000020,3339,4000000,4000000,4000000,4,4
2017-11-26,10000020,3340,300000,300000,300000,7,7
2017-11-26,10000020,3341,300000,300000,300000,1,1
2017-11-26,10000020,3342,300000,300000,300000,2,2
2017-11-26,10000020,3343,300000,300000,300000,3,3
2017-11-26,10000020,3348,20000,20000,20000,52,14
2017-11-26,10000020,3350,100000,100000,100000,17,6
2017-11-26,10000020,3351,400000,400000,400000,2,2
2017-11-26,10000020,3352,400000,400000,400000,1,1
2017-11-26,10000020,3355,20000,20000,20000,13,13
2017-11-26,10000020,3356,60000,60000,60000,51,16
2017-11-26,10000020,3357,180000,180000,180000,12,12
2017-11-26,10000020,3358,99857.14,99000,100000,7,2
2017-11-26,10000020,3359,200000,200000,200000,9,9
2017-11-26,10000020,3361,200000,200000,200000,3,3
2017-11-26,10000020,3363,20000,20000,20000,4,4
2017-11-26,10000020,3368,40000,40000,40000,4,1
2017-11-26,10000020,3380,17750,15500,20000,4,4
2017-11-26,10000020,3385,45049.18,500.03,50000,61,10
2017-11-26,10000020,3386,20000,20000,20000,1,1
2017-11-26,10000020,3387,81886.36,150,150000,11,8
2017-11-26,10000020,3388,66071.45,2500.03,225000,7,5
2017-11-26,10000020,3389,280000,280000,280000,4,4
2017-11-26,10000020,3393,29667.3,28669.21,30000,4,4
2017-11-26,10000020,3394,60000,60000,60000,3,3
2017-11-26,10000020,3395,80000,80000,80000,2,2
2017-11-26,10000020,3397,1000000,1000000,1000000,2,2
2017-11-26,10000020,3398,25000000,25000000,25000000,1,1
2017-11-26,10000020,3403,300000,300000,300000,7,6
2017-11-26,10000020,3405,25000,25000,25000,7,7
2017-11-26,10000020,3406,300000,300000,300000,5,4
2017-11-26,10000020,3409,350000,350000,350000,5,4
2017-11-26,10000020,3410,419705.89,192500.05,450000,17,12
2017-11-26,10000020,3412,450000,450000,450000,23,2
2017-11-26,10000020,3413,20000,20000,20000,2,2
2017-11-26,10000020,3416,35012.05,35000,35072.27,12,12
2017-11-26,10000020,3417,40000,40000,40000,4,4
2017-11-26,10000020,3418,170000,170000,170000,3,3
2017-11-26,10000020,3419,170000,170000,170000,4,4
2017-11-26,10000020,3420,210000,210000,210000,5,5
2017-11-26,10000020,3421,130000,130000,130000,10,10
2017-11-26,10000020,3422,80000,80000,80000,8,8
2017-11-26,10000020,3423,75000,75000,75000,10,10
2017-11-26,10000020,3424,79000,79000,79000,3,3
2017-11-26,10000020,3425,84000,84000,84000,2,2
2017-11-26,10000020,3426,20000,20000,20000,1,1
2017-11-26,10000020,3427,120000,120000,120000,2,2
2017-11-26,10000020,3428,88000,88000,88000,20,4
2017-11-26,10000020,3429,100000,100000,100000,5,5
2017-11-26,10000020,3430,500000,500000,500000,2,2
2017-11-26,10000020,3431,75000,75000,75000,5,5
2017-11-26,10000020,3432,100000,100000,100000,1,1
2017-11-26,10000020,3433,100000,100000,100000,3,3
2017-11-26,10000020,3434,80000,80000,80000,8,8
2017-11-26,10000020,3435,149999.99,149999.98,150000,3,3
2017-11-26,10000020,3436,20000,20000,20000,1,1
2017-11-26,10000020,3437,40000,40000,40000,2,2
2017-11-26,10000020,3438,40000,40000,40000.02,57,14
2017-11-26,10000020,3439,200000,200000,200000,35,6
2017-11-26,10000020,3440,220000,220000,220000,1,1
2017-11-26,10000020,3441,380000,380000,380000,32,3
2017-11-26,10000020,3442,500000,500000,500000,11,11
2017-11-26,10000020,3444,100000,100000,100000,3,3
2017-11-26,10000020,3446,100000,100000,100000,11,11
2017-11-26,10000020,3447,7500000,7500000,7500000,1,1
2017-11-26,10000020,3450,22500,22500,22500,2,2
2017-11-26,10000020,3451,30000,30000,30000,6,6
2017-11-26,10000020,3452,40000,40000,40000,12,12
2017-11-26,10000020,3453,25000,25000,25000,4,4
2017-11-26,10000020,3454,340000,340000,340000,3,3
2017-11-26,10000020,3455,30000,30000,30000,4,4
2017-11-26,10000020,3456,10000000,10000000,10000000,5,4
2017-11-26,10000020,3488,10000,10000,10000,1,1
2017-11-26,10000020,3520,2128862.74,2100000,2388627.35,10,3
2017-11-26,10000020,3528,61200,50000,64000,5,4
2017-11-26,10000020,3530,2019449.02,2009765.16,2024290.95,3,3
2017-11-26,10000020,3538,80000,80000,80000,2,2
2017-11-26,10000020,3552,555.55,555.55,555.55,15,2
2017-11-26,10000020,3554,1424.66,1399.99,1474,30,3
2017-11-26,10000020,3645,202.23,202.23,202.23,1799,15
2017-11-26,10000020,3647,275.74,275.74,277.5,118550,13
2017-11-26,10000020,3651,2707.18,10,19000,31,19
2017-11-26,10000020,3673,116.23,116.23,116.23,10,1
2017-11-26,10000020,3683,253.01,253.01,253.01,45,2
2017-11-26,10000020,3685,490,490,490,363368,15
2017-11-26,10000020,3687,830,830,830,552844,41
2017-11-26,10000020,3689,8888.88,8888.88,8888.88,263,2
2017-11-26,10000020,3695,8999.05,8999.05,8999.05,180,2
2017-11-26,10000020,3699,57.19,57.17,58.06,597334,18
2017-11-26,10000020,3703,0.01,0.01,0.01,10,1
2017-11-26,10000020,3709,0.01,0.01,0.01,20,2
2017-11-26,10000020,3715,114.29,90.18,115.32,181734,9
2017-11-26,10000020,3717,17.78,17.78,17.78,70,7
2017-11-26,10000020,3721,834.75,834.75,834.75,30,1
2017-11-26,10000020,3725,10400.01,10400.01,10400.01,10,1
2017-11-26,10000020,3756,74498000,74498000,74498000,1,1
2017-11-26,10000020,3773,706.62,706.4,713.56,60618,6
2017-11-26,10000020,3777,1836.19,810.38,2861.99,40,3
2017-11-26,10000020,3812,142.56,141.01,144.11,2,2
2017-11-26,10000020,3814,24.2,24.2,24.2,20,2
2017-11-26,10000020,3828,9990.03,9990.03,9990.03,235,1
2017-11-26,10000020,3829,51248.75,50000,55000,8,6
2017-11-26,10000020,3839,95155.15,68999,110000,10,6
2017-11-26,10000020,3840,312420,312420,312420,1,1
2017-11-26,10000020,3841,1060525,679999.99,1898910,8,5
2017-11-26,10000020,3887,39269.33,18449.99,49679,9,4
2017-11-26,10000020,3888,1888728.27,1888725.67,1888730,5,5
2017-11-26,10000020,3895,50999999,50999999,50999999,2,2
2017-11-26,10000020,3953,250000,250000,250000,1,1
2017-11-26,10000020,4025,94918.93,10003.03,499999.99,12,10
2017-11-26,10000020,4027,126250.1,60000.18,192500.03,4,4
2017-11-26,10000020,4051,24951.09,24951.09,24951.09,80,2
2017-11-26,10000020,4247,22783.96,22783.96,22783.96,36644,5
2017-11-26,10000020,4250,2800000,2800000,2800000,7,3
2017-11-26,10000020,4258,2899000,2898999.99,2899000,3,2
2017-11-26,10000020,4302,75000000,75000000,75000000,1,1
2017-11-26,10000020,4383,2600000,2600000,2600000,1,1
2017-11-26,10000020,4393,69697.97,57000,88888.79,14,8
2017-11-26,10000020,4394,499200,499200,499200,3,3
2017-11-26,10000020,4395,1500000,1100000,1700000,3,2
2017-11-26,10000020,4396,750000,750000,750000,1,1
2017-11-26,10000020,4397,6799000,6799000,6799000,1,1
2017-11-26,10000020,4405,2347127.34,2296902.94,2999997,14,8
2017-11-26,10000020,4411,600000,600000,600000,1,1
2017-11-26,10000020,4435,5396.85,500.07,23000,16,12
2017-11-26,10000020,4471,8502.4,1003.23,31000,12,8
2017-11-26,10000020,4477,3201.17,3201.17,3201.17,2,2
2017-11-26,10000020,4529,39556.04,251.1,40000,9,8
2017-11-26,10000020,4531,24433.5,150.25,73000,3,3
2017-11-26,10000020,4533,144992.59,12988.89,409000,3,3
2017-11-26,10000020,4535,20000,20000,20000,1,1
2017-11-26,10000020,4569,1500.02,1500.02,1500.02,1,1
2017-11-26,10000020,4573,587000,587000,587000,2,2
2017-11-26,10000020,4575,173000,173000,173000,1,1
2017-11-26,10000020,4609,68500,68500,68500,1,1
2017-11-26,10000020,4613,5001.03,5001.03,5001.03,1,1
2017-11-26,10000020,4787,17785.07,25.08,44425.05,5,5
2017-11-26,10000020,4829,971.85,971.85,971.85,1,1
2017-11-26,10000020,4831,880.96,880.96,880.96,6,4
2017-11-26,10000020,4833,53433.86,150.79,160000,3,3
2017-11-26,10000020,4835,12631.57,880.25,28000,7,6
2017-11-26,10000020,4871,35005.37,5010.73,65000,4,3
2017-11-26,10000020,5007,19206.02,1010.03,46500,5,3
2017-11-26,10000020,5009,10630,840,40000,4,4
2017-11-26,10000020,5011,59133.35,1200.03,175000,3,3
2017-11-26,10000020,5013,1010.03,1010.03,1010.03,3,3
2017-11-26,10000020,5049,7502.86,7502.86,7502.86,1,1
2017-11-26,10000020,5051,7003.84,7003.84,7003.85,3,2
2017-11-26,10000020,5053,2500.92,2500.92,2500.92,1,1
2017-11-26,10000020,5087,775,50,1500,4,4
2017-11-26,10000020,5089,709.14,709.14,709.14,11,9
2017-11-26,10000020,5091,251,251,251,1,1
2017-11-26,10000020,5093,1907.14,1500,7100,21,14
2017-11-26,10000020,5137,337.97,337.97,337.97,5,3
2017-11-26,10000020,5141,118.05,117.77,120,8,6
2017-11-26,10000020,5177,31855.36,1444.2,34444.19,13,5
2017-11-26,10000020,5179,600000,600000,600000,1,1
2017-11-26,10000020,5181,78399.93,1000,97999.88,5,4
2017-11-26,10000020,5215,63035.56,150,90149.71,14,5
2017-11-26,10000020,5217,21410.64,1006,24500,9,6
2017-11-26,10000020,5219,150000,150000,150000,1,1
2017-11-26,10000020,5239,15010.53,2001.01,17999.97,77,28
2017-11-26,10000020,5245,7995.4,1111,22499.98,25,14
2017-11-26,10000020,5279,1,1,1,3,3
2017-11-26,10000020,5302,1032.36,1032.36,1032.36,1,1
2017-11-26,10000020,5320,202.92,202.92,202.92,1,1
2017-11-26,10000020,5321,1010.29,1010.29,1010.29,8,4
2017-11-26,10000020,5361,50.02,50.02,50.02,1,1
2017-11-26,10000020,5399,1570.81,251.02,19000,15,12
2017-11-26,10000020,5403,89000,89000,89000,1,1
2017-11-26,10000020,5405,20840.67,1011,60500,6,5
2017-11-26,10000020,5439,4856.87,4351.05,8903.43,18,9
2017-11-26,10000020,5443,5003.44,5003.44,5003.44,1,1
2017-11-26,10000020,5445,11116.82,1000,20725,9,5
2017-11-26,10000020,5493,97300.5,4080.8,254000,8,6
2017-11-26,10000020,5533,2777.78,2777.78,2777.78,2,1
2017-11-26,10000020,5599,57000,57000,57000,1,1
2017-11-26,10000020,5631,35776.99,35776.99,35776.99,1,1
2017-11-26,10000020,5693,23511.47,267.21,70000,3,3
2017-11-26,10000020,5697,10008.03,10008.03,10008.03,1,1
2017-11-26,10000020,5743,15667.54,1001.31,45000,3,3
2017-11-26,10000020,5745,252.34,252.34,252.34,3,3
2017-11-26,10000020,5747,12201.82,252.27,60000,5,4
2017-11-26,10000020,5755,75409.11,10000.08,100000,11,4
2017-11-26,10000020,5759,10000.02,10000.02,10000.02,1,1
2017-11-26,10000020,5839,2498999.99,2498999.99,2498999.99,7,3
2017-11-26,10000020,5849,176199.99,169000,180999.99,10,3
2017-11-26,10000020,5869,103,103,103,3,2
2017-11-26,10000020,5933,134327.29,134327.29,134327.29,22,1
2017-11-26,10000020,5945,59444.45,5000,250000.03,9,3
2017-11-26,10000020,5955,10000,10000,10000,7,2
2017-11-26,10000020,5971,15556.48,5001.03,50468.75,20,13
2017-11-26,10000020,5973,307683.91,228000,370000,22,15
2017-11-26,10000020,5975,19400,19400,19400,706,8
2017-11-26,10000020,6001,17500.51,501.01,27500,8,8
2017-11-26,10000020,6003,8318.57,22.16,22500,24,19
2017-11-26,10000020,6005,6538.48,100.03,28000,13,4
2017-11-26,10000020,6073,17626.48,501.97,69000,4,3
2017-11-26,10000020,6131,15,15,15,5,1
2017-11-26,10000020,6159,1010,1010,1010,2,2
2017-11-26,10000020,6160,3728,1120,6000,5,3
2017-11-26,10000020,6173,223428.66,179000,490000.65,7,3
2017-11-26,10000020,6176,13400.01,100.02,39999.99,3,3
2017-11-26,10000020,6296,4008.75,1010,25000,8,4
2017-11-26,10000020,6325,290000,290000,290000,2,1
2017-11-26,10000020,6437,61161.32,251.04,76388.89,5,4
2017-11-26,10000020,6439,100.02,100.02,100.02,3,2
2017-11-26,10000020,6443,100.02,100.02,100.02,4,2
2017-11-26,10000020,6485,13125.85,1251.28,36875,6,6
2017-11-26,10000020,6527,1921.67,113.84,20000,11,8
2017-11-26,10000020,6569,13882.23,500.78,20000,17,14
2017-11-26,10000020,6631,116388.89,115000,117777.77,16,8
2017-11-26,10000020,6633,89166.67,71500,98000,6,3
2017-11-26,10000020,6637,854300,854300,854300,4,2
2017-11-26,10000020,6671,26000.01,500.01,89500,7,6
2017-11-26,10000020,6673,48561.02,50,50549.87,9,6
2017-11-26,10000020,6675,986660.4,66666,1599990,5,3
2017-11-26,10000020,6677,246229.91,100.03,267500,13,5
2017-11-26,10000020,6715,51773,4546,99000,2,2
2017-11-26,10000020,6717,85093.8,5600,99998.89,19,7
2017-11-26,10000020,6719,1100000,1100000,1100000,2,2
2017-11-26,10000020,6721,372961.03,344060.6,377777.77,7,3
2017-11-26,10000020,6763,1400000,1400000,1400000,2,2
2017-11-26,10000020,6809,10599988,10599988,10599988,6,2
2017-11-26,10000020,6859,3000,3000,3000,1,1
2017-11-26,10000020,6861,333300,333300,333300,2,1
2017-11-26,10000020,6863,2750001.79,2000003.58,3500000,2,2
2017-11-26,10000020,6919,271999.92,220000,323999.84,4,3
2017-11-26,10000020,6921,2000.39,2000.39,2000.39,2,1
2017-11-26,10000020,6925,511000.05,511000.05,511000.05,1,1
2017-11-26,10000020,6959,373411.76,5000,395000,17,5
2017-11-26,10000020,6961,220000,220000,220000,1,1
2017-11-26,10000020,6965,415000,415000,415000,3,1
2017-11-26,10000020,6999,10004.84,10004.84,10004.84,2,1
2017-11-26,10000020,7005,10001.5,10001.5,10001.5,1,1
2017-11-26,10000020,7043,10000.71,10000.71,10000.71,1,1
2017-11-26,10000020,7047,10001.95,10001.95,10001.95,1,1
2017-11-26,10000020,7085,10001.9,10001.9,10001.9,1,1
2017-11-26,10000020,7123,10002,10002,10002,1,1
2017-11-26,10000020,7125,20000.93,20000.93,20000.93,1,1
2017-11-26,10000020,7131,10302.13,10302.13,10302.13,2,1
2017-11-26,10000020,7167,100000,100000,100000,1,1
2017-11-26,10000020,7169,31001.82,31001.82,31001.82,1,1
2017-11-26,10000020,7173,100000.15,100000.15,100000.15,1,1
2017-11-26,10000020,7249,30,30,30,1,1
2017-11-26,10000020,7251,30,30,30,3,3
2017-11-26,10000020,7253,7.77,7.77,7.77,1,1
2017-11-26,10000020,7287,1222222,1222222,1222222,2,1
2017-11-26,10000020,7289,65.03,65.03,65.03,4,3
2017-11-26,10000020,7291,7.77,7.77,7.77,3,2
2017-11-26,10000020,7293,3777.77,3777.77,3777.77,3,3
2017-11-26,10000020,7327,5000,5000,5000,1,1
2017-11-26,10000020,7329,4999.96,4999.91,5000,2,2
2017-11-26,10000020,7331,6000,6000,6000,4,1
2017-11-26,10000020,7333,3000,3000,3000,1,1
2017-11-26,10000020,7367,234294.06,31794.23,301794,4,2
2017-11-26,10000020,7369,2000.1,2000.1,2000.1,1,1
2017-11-26,10000020,7371,2001.01,2001.01,2001.01,5,3
2017-11-26,10000020,7373,2555.06,2555.06,2555.06,1,1
2017-11-26,10000020,7409,5000,5000,5000,2,2
2017-11-26,10000020,7451,10000,10000,10000,1,1
2017-11-26,10000020,7487,2777.77,2777.77,2777.77,2,2
2017-11-26,10000020,7489,638.51,7.77,1900,3,2
2017-11-26,10000020,7491,1150,1150,1150,2,2
2017-11-26,10000020,7535,20001,20001,20001,2,2
2017-11-26,10000020,7539,1100,1100,1100,2,2
2017-11-26,10000020,7541,1010.03,1010.03,1010.03,2,1
2017-11-26,10000020,7579,150000.03,150000.03,150000.03,3,2
2017-11-26,10000020,7581,5,5,5,1,1
2017-11-26,10000020,7585,370000,370000,370000,2,1
2017-11-26,10000020,7663,11601,11601,11601,1,1
2017-11-26,10000020,7669,10000,10000,10000,1,1
2017-11-26,10000020,7703,2000,2000,2000,1,1
2017-11-26,10000020,7705,2000,2000,2000,1,1
2017-11-26,10000020,7709,10000,10000,10000,1,1
2017-11-26,10000020,7745,10000,10000,10000,1,1
2017-11-26,10000020,7783,812243,812243,812243,8,1
2017-11-26,10000020,7787,10000,10000,10000,1,1
2017-11-26,10000020,7789,10000,10000,10000,2,1
2017-11-26,10000020,7827,186000,10000,450000,5,4
2017-11-26,10000020,7831,10000,10000,10000,2,2
2017-11-26,10000020,7997,649999.99,649999.99,649999.99,4,1
2017-11-26,10000020,8007,20000,20000,20000,1,1
2017-11-26,10000020,8023,1010,1010,1010,1,1
2017-11-26,10000020,8089,1432214.47,50001.27,1777767.77,5,2
2017-11-26,10000020,8101,1010,1010,1010,6,1
2017-11-26,10000020,8133,70,70,70,2,2
2017-11-26,10000020,8135,69171.8,113.6,77776.08,9,4
2017-11-26,10000020,8175,1010.03,1010.03,1010.03,3,1
2017-11-26,10000020,8177,19728.61,7.03,39450.19,2,2
2017-11-26,10000020,8225,55402.77,2777.78,57777.77,24,5
2017-11-26,10000020,8263,86585.25,78000,179898.4,11,5
2017-11-26,10000020,8295,50.02,50.02,50.02,2,1
2017-11-26,10000020,8297,51.17,51.17,51.17,3,2
2017-11-26,10000020,8335,701.13,701.13,701.13,3,3
2017-11-26,10000020,8337,70.49,70.49,70.49,1,1
2017-11-26,10000020,8419,15001.02,15001.02,15001.02,3,1
2017-11-26,10000020,8427,46093.95,10001.17,274000,8,4
2017-11-26,10000020,8433,956947.47,125006.05,1777777.77,8,5
2017-11-26,10000020,8517,2777595.78,2410000,4247978.92,15,5
2017-11-26,10000020,8521,157674.47,31007.82,411007.77,6,4
2017-11-26,10000020,8529,164001.56,11005.29,210000.12,7,4
2017-11-26,10000020,8531,8988.02,5008.09,28888,6,4
2017-11-26,10000020,8535,100.09,100.09,100.09,2,2
2017-11-26,10000020,8537,1800.02,1800.02,1800.02,2,2
2017-11-26,10000020,8579,31456.21,1017.02,77115,5,4
2017-11-26,10000020,8583,20505.13,1010.26,40000,2,2
2017-11-26,10000020,8585,1000.17,1000.17,1000.17,4,1
2017-11-26,10000020,8635,200000,200000,200000,3,2
2017-11-26,10000020,8639,117500,95000,140000,2,2
2017-11-26,10000020,8748,80034.39,74997.77,85071,4,4
2017-11-26,10000020,8759,250000,250000,250000,1,1
2017-11-26,10000020,8821,1800,1800,1800,2,1
2017-11-26,10000020,8863,26001.03,26001.03,26001.03,1,1
2017-11-26,10000020,8867,7.77,7.77,7.77,2,1
2017-11-26,10000020,8905,7807.77,7807.77,7807.77,2,1
2017-11-26,10000020,9073,2050.01,2050.01,2050.01,1,1
2017-11-26,10000020,9091,2050.01,2050.01,2050.01,2,1
2017-11-26,10000020,9131,2000,2000,2000,2,1
2017-11-26,10000020,9133,5720.03,5720.03,5720.03,1,1
2017-11-26,10000020,9137,2000,2000,2000,1,1
2017-11-26,10000020,9139,2000,2000,2000,1,1
2017-11-26,10000020,9141,2000,2000,2000,1,1
2017-11-26,10000020,9411,13099.45,13099.45,13099.45,1,1
2017-11-26,10000020,9413,7.77,7.77,7.77,3,1
2017-11-26,10000020,9415,7.77,7.77,7.77,1,1
2017-11-26,10000020,9417,7777.77,7777.77,7777.77,1,1
2017-11-26,10000020,9455,5000,5000,5000,2,1
2017-11-26,10000020,9521,101.51,101.51,101.51,2,1
2017-11-26,10000020,9556,200,200,200,4,2
2017-11-26,10000020,9568,76409.33,200,114514,3,3
2017-11-26,10000020,9580,74942.92,500.09,261050,7,4
2017-11-26,10000020,9582,15515.55,200,76777.77,5,4
2017-11-26,10000020,9608,261.02,261.02,261.02,5,2
2017-11-26,10000020,9622,10934.5,100,30500,22,12
2017-11-26,10000020,9632,168667.26,77779,320000,13,8
2017-11-26,10000020,9646,11336.82,3000.01,13003.03,8,4
2017-11-26,10000020,9660,21000.86,6001.08,64001,10,5
2017-11-26,10000020,9668,139096.7,10007.57,145005.99,22,3
2017-11-26,10000020,9670,15644.53,200.21,27999.99,9,4
2017-11-26,10000020,9728,190125.48,110000,210000,88,5
2017-11-26,10000020,9772,10003.88,10003.88,10003.88,3,2
2017-11-26,10000020,9784,200.59,200.59,200.59,1,1
2017-11-26,10000020,9808,10020,10020,10020,4,2
2017-11-26,10000020,9826,91.51,13.01,384.11,52,9
2017-11-26,10000020,9830,9750.01,9750.01,9750.01,660,1
2017-11-26,10000020,9832,8000,8000,8000,250,1
2017-11-26,10000020,9834,35100.1,35100.1,35100.1,1,1
2017-11-26,10000020,9836,14500,14500,14500,24031,5
2017-11-26,10000020,9838,12000,12000,12000,1000,1
2017-11-26,10000020,9840,9800,9800,9800,25,1
2017-11-26,10000020,9842,13171.01,13171.01,13171.01,1255,1
2017-11-26,10000020,9848,70000,70000,70000,16,2
2017-11-26,10000020,9850,510.59,509.52,510.71,384905,14
2017-11-26,10000020,9852,56.19,56.17,56.21,118704,2
2017-11-26,10000020,9899,12249999.94,12249999.94,12249999.94,1,1
2017-11-26,10000020,9941,12599998.99,12499998,12699999.98,2,2
2017-11-26,10000020,9942,13499999.95,13499999.95,13499999.95,1,1
2017-11-26,10000020,9943,13999999.99,13999999.99,13999999.99,1,1
2017-11-26,10000020,9945,249940,249940,249940,1,1
2017-11-26,10000020,10039,1453.23,57.88,2000,7,7
2017-11-26,10000020,10040,3360,3360,3360,2,2
2017-11-26,10000020,10190,601012.27,601012.27,601012.27,2,1
2017-11-26,10000020,10212,26296999,26296999,26296999,1,1
2017-11-26,10000020,10217,88150343.46,88150343.46,88150343.46,1,1
2017-11-26,10000020,10221,27499999,27499999,27499999,1,1
2017-11-26,10000020,10225,17000007.01,17000007.01,17000007.01,1,1
2017-11-26,10000020,10246,6026.28,4900,6449.99,93,27
2017-11-26,10000020,10247,19986000,19986000,19986000,1,1
2017-11-26,10000020,10250,1198899.45,1198899.45,1198899.45,5,1
2017-11-26,10000020,10630,30000,30000,30000,2,2
2017-11-26,10000020,10631,722000,722000,722000,4,1
2017-11-26,10000020,10688,30,30,30,1,1
2017-11-26,10000020,10690,65,65,65,1,1
2017-11-26,10000020,10692,65,65,65,3,2
2017-11-26,10000020,10694,433285.29,8600.17,574847,4,3
2017-11-26,10000020,10836,23884.46,20000,37999,13,4
2017-11-26,10000020,10840,1000.04,1000.04,1000.04,2,2
2017-11-26,10000020,10850,1200000,1200000,1200000,2,2
2017-11-26,10000020,10866,1501.08,1501.08,1501.08,5,2
2017-11-26,10000020,10868,13750.09,1500.11,75000,6,4
2017-11-26,10000020,10870,1501.09,1501.09,1501.09,3,1
2017-11-26,10000020,10872,21126.73,1502.3,80000,8,5
2017-11-26,10000020,10874,5000.02,5000.02,5000.02,1,1
2017-11-26,10000020,10876,10001.41,10001.41,10001.41,1,1
2017-11-26,10000020,10878,15001.02,15001.02,15001.02,1,1
2017-11-26,10000020,10882,5003.02,5003.02,5003.02,4,2
2017-11-26,10000020,10886,5000.02,5000.02,5000.02,3,2
2017-11-26,10000020,10888,15002.07,15002.07,15002.07,3,1
2017-11-26,10000020,10998,41717.78,35000,41999,50,17
2017-11-26,10000020,11083,1000000,1000000,1000000,2,2
2017-11-26,10000020,11084,1200000,1200000,1200000,1,1
2017-11-26,10000020,11129,8000,8000,8000,825,9
2017-11-26,10000020,11130,50000,50000,50000,1,1
2017-11-26,10000020,11132,7750,7000,9250,6,6
2017-11-26,10000020,11134,8499.99,8499.99,8499.99,1030,28
2017-11-26,10000020,11135,50000,50000,50000,3,3
2017-11-26,10000020,11192,37150250,35300500,39000000,2,2
2017-11-26,10000020,11198,35245000,35245000,35245000,2,1
2017-11-26,10000020,11202,37999999,37999999,37999999,1,1
2017-11-26,10000020,11207,500000,500000,500000,10,10
2017-11-26,10000020,11237,100000,100000,100000,1,1
2017-11-26,10000020,11267,198999,198999,198999,1,1
2017-11-26,10000020,11269,958238.91,949887.98,999993.51,6,4
2017-11-26,10000020,11277,125500.69,1001.38,250000,4,3
2017-11-26,10000020,11284,1750000,1750000,1750000,1,1
2017-11-26,10000020,11285,4000,4000,4000,310,8
2017-11-26,10000020,11287,3000,3000,3000,513,4
2017-11-26,10000020,11290,5000000,5000000,5000000,2,2
2017-11-26,10000020,11293,24000,24000,24000,2,1
2017-11-26,10000020,11295,100000,100000,100000,3,3
2017-11-26,10000020,11297,299999,299999,299999,4,3
2017-11-26,10000020,11301,111133.74,15334.34,175000,5,4
2017-11-26,10000020,11303,6000.69,6000.69,6000.69,2,1
2017-11-26,10000020,11305,6200.31,6200.31,6200.31,2,1
2017-11-26,10000020,11309,245859.22,49002.11,738002,7,6
2017-11-26,10000020,11311,126751.54,44002.05,375000,4,4
2017-11-26,10000020,11317,377800.53,10001.33,623000,5,2
2017-11-26,10000020,11319,302500,270000,335000,2,2
2017-11-26,10000020,11327,674504.55,293010.09,1055999,2,2
2017-11-26,10000020,11341,10000,10000,10000,176,19
2017-11-26,10000020,11343,10000,10000,10000,162,19
2017-11-26,10000020,11349,6728.19,2001.01,54000,11,3
2017-11-26,10000020,11351,42603.75,41500,44999.99,97,7
2017-11-26,10000020,11370,1917994.08,1917979.34,1917996,8,8
2017-11-26,10000020,11387,32000000,32000000,32000000,1,1
2017-11-26,10000020,11395,500000,500000,500000,10,5
2017-11-26,10000020,11399,11500,11500,11500,11151,4
2017-11-26,10000020,11433,10000000,10000000,10000000,4,4
2017-11-26,10000020,11441,10000000,10000000,10000000,1,1
2017-11-26,10000020,11442,10000000,10000000,10000000,5,5
2017-11-26,10000020,11443,10000000,10000000,10000000,14,5
2017-11-26,10000020,11444,9949999.99,9949999.99,9949999.99,2,2
2017-11-26,10000020,11445,6996697.99,6996697.99,6996697.99,1,1
2017-11-26,10000020,11446,10000000,10000000,10000000,3,3
2017-11-26,10000020,11447,9991583.33,9949500,10000000,12,3
2017-11-26,10000020,11448,10000000,10000000,10000000,2,2
2017-11-26,10000020,11449,10000000,10000000,10000000,4,4
2017-11-26,10000020,11450,9949999.99,9949999.99,9949999.99,1,1
2017-11-26,10000020,11451,10000000,10000000,10000000,1,1
2017-11-26,10000020,11452,9950000,9950000,9950000,1,1
2017-11-26,10000020,11453,10000000,10000000,10000000,2,2
2017-11-26,10000020,11454,9950000,9950000,9950000,2,2
2017-11-26,10000020,11455,10000000,10000000,10000000,3,3
2017-11-26,10000020,11481,350,350,350,1000,1
2017-11-26,10000020,11489,259270.71,27777.78,282420,11,2
2017-11-26,10000020,11529,10000000,10000000,10000000,2,2
2017-11-26,10000020,11558,1000,1000,1000,1,1
2017-11-26,10000020,11561,700000,700000,700000,1,1
2017-11-26,10000020,11563,271555.55,207777.77,287500,5,4
2017-11-26,10000020,11566,120000,120000,120000,8,8
2017-11-26,10000020,11569,400000,400000,400000,2,2
2017-11-26,10000020,11572,400000,400000,400000,1,1
2017-11-26,10000020,11574,2000000,2000000,2000000,1,1
2017-11-26,10000020,11577,4999966.67,4999950,5000000,3,3
2017-11-26,10000020,11578,4899951.67,1500003,6599926,3,3
2017-11-26,10000020,11579,3500000,3500000,3500000,7,7
2017-11-26,10000020,11584,75000,75000,75000,44,6
2017-11-26,10000020,11612,249600,249600,249600,1,1
2017-11-26,10000020,11613,99940,99940,99940,1,1
2017-11-26,10000020,11620,98700,98700,98700,1,1
2017-11-26,10000020,11640,1799881.34,1799878.89,1799881.58,10,6
2017-11-26,10000020,11642,1590000,1590000,1590000,1,1
2017-11-26,10000020,11644,2750000,2750000,2750000,2,2
2017-11-26,10000020,11646,2750000,2750000,2750000,1,1
2017-11-26,10000020,11648,1788888,1788888,1788888,3,3
2017-11-26,10000020,11689,69220.68,10000.01,69999.9,77,2
2017-11-26,10000020,11855,240,240,240,309690,10
2017-11-26,10000020,11873,364560,364560,364560,1,1
2017-11-26,10000020,11884,586240,586240,586240,1,1
2017-11-26,10000020,11890,282640,282640,282640,2,2
2017-11-26,10000020,12003,179300000,179300000,179300000,1,1
2017-11-26,10000020,12052,122062.13,500,194999,8,6
2017-11-26,10000020,12053,1581880,1581880,1581880,1,1
2017-11-26,10000020,12056,22518.51,8777.77,50000,3,3
2017-11-26,10000020,12057,322560,322560,322560,1,1
2017-11-26,10000020,12058,4186658.46,1560000,5499987.69,3,3
2017-11-26,10000020,12066,555555,555555,555555,1,1
2017-11-26,10000020,12068,3832655.11,1500000,4998982.67,3,3
2017-11-26,10000020,12076,5766667,2100001,7600000,3,3
2017-11-26,10000020,12092,1000000,1000000,1000000,5,5
2017-11-26,10000020,12093,4000000,4000000,4000000,1,1
2017-11-26,10000020,12098,20000000,20000000,20000000,2,2
2017-11-26,10000020,12109,3500000,3500000,3500000,1,1
2017-11-26,10000020,12179,40000000,40000000,40000000,2,2
2017-11-26,10000020,12180,375000,375000,375000,3,3
2017-11-26,10000020,12181,350000,350000,350000,21,3
2017-11-26,10000020,12182,325000,325000,325000,3,3
2017-11-26,10000020,12183,275000,275000,275000,2,2
2017-11-26,10000020,12184,250000,250000,250000,4,4
2017-11-26,10000020,12185,225000,225000,225000,9,9
2017-11-26,10000020,12186,200000,200000,200000,6,6
2017-11-26,10000020,12187,175000,175000,175000,6,6
2017-11-26,10000020,12188,150000,150000,150000,4,3
2017-11-26,10000020,12189,400000,400000,400000,3,3
2017-11-26,10000020,12190,125000,125000,125000,6,6
2017-11-26,10000020,12191,75000,75000,75000,1,1
2017-11-26,10000020,12192,100000,100000,100000,6,6
2017-11-26,10000020,12193,50000,50000,50000,1,1
2017-11-26,10000020,12194,300000,300000,300000,2,2
2017-11-26,10000020,12195,25000,25000,25000,1,1
2017-11-26,10000020,12196,300000,300000,300000,1,1
2017-11-26,10000020,12198,2899999.99,2899999.99,2899999.99,2,1
2017-11-26,10000020,12201,1200000,1200000,1200000,1,1
2017-11-26,10000020,12203,14650000,14650000,14650000,1,1
2017-11-26,10000020,12204,2950000,2900000,3000000,2,2
2017-11-26,10000020,12205,9000000,9000000,9000000,2,2
2017-11-26,10000020,12206,5000000,5000000,5000000,1,1
2017-11-26,10000020,12207,6500000,6500000,6500000,1,1
2017-11-26,10000020,12209,16998997.5,16998997.5,16998997.5,1,1
2017-11-26,10000020,12210,1200000,1200000,1200000,1,1
2017-11-26,10000020,12213,1000000,1000000,1000000,2,2
2017-11-26,10000020,12214,2625000.01,1500000.03,3000000,4,4
2017-11-26,10000020,12215,9000000,9000000,9000000,1,1
2017-11-26,10000020,12257,124800,124800,124800,1,1
2017-11-26,10000020,12270,4996740,4996740,4996740,1,1
2017-11-26,10000020,12274,1010.01,1010.01,1010.01,1,1
2017-11-26,10000020,12305,100000,100000,100000,42,13
2017-11-26,10000020,12365,120000,120000,120000,7,7
2017-11-26,10000020,12366,120000,120000,120000,8,8
2017-11-26,10000020,12367,120000,120000,120000,8,8
2017-11-26,10000020,12441,514999.99,514999.99,514999.99,1,1
2017-11-26,10000020,12484,7217499.5,5434999,9000000,2,2
2017-11-26,10000020,12485,8490000,8490000,8490000,1,1
2017-11-26,10000020,12486,7995000,7990000,8000000,2,2
2017-11-26,10000020,12487,5643232.33,5640000,5649697,3,3
2017-11-26,10000020,12530,800000,800000,800000,1,1
2017-11-26,10000020,12548,42050.55,42050.55,42050.55,3,3
2017-11-26,10000020,12551,11517.97,11517.97,11517.97,1,1
2017-11-26,10000020,12557,199569.52,198995.54,200000,7,2
2017-11-26,10000020,12618,115,115,115,2000,1
2017-11-26,10000020,12709,1,1,1,1,1
2017-11-26,10000020,12779,1000.01,1000.01,1000.01,3000,1
2017-11-26,10000020,12785,112,112,112,25000,2
2017-11-26,10000020,12789,198,198,198,5000,1
2017-11-26,10000020,12801,188,188,188,1132,1
2017-11-26,10000020,12818,240000,240000,240000,6,1
2017-11-26,10000020,13224,1000000,1000000,1000000,1,1
2017-11-26,10000020,13225,150001.29,150001.29,150001.29,1,1
2017-11-26,10000020,13278,100000,100000,100000,1,1
2017-11-26,10000020,13279,250000,250000,250000,6,6
2017-11-26,10000020,13283,200000,200000,200000,1,1
2017-11-26,10000020,13286,1000.55,1000.55,1000.55,1,1
2017-11-26,10000020,13974,4500000,4500000,4500000,1,1
2017-11-26,10000020,13982,6000000,6000000,6000000,1,1
2017-11-26,10000020,14047,111101489.88,111101489.88,111101489.88,1,1
2017-11-26,10000020,14072,20296844,20296844,20296844,1,1
2017-11-26,10000020,14272,2000,2000,2000,2,2
2017-11-26,10000020,14276,10000,10000,10000,1,1
2017-11-26,10000020,14278,45000.03,45000.03,45000.03,1,1
2017-11-26,10000020,14298,5000000,5000000,5000000,1,1
2017-11-26,10000020,14343,13000000,13000000,13000000,1,1
2017-11-26,10000020,15331,1156.17,1156.17,1156.17,1769,250
2017-11-26,10000020,15508,69617.33,40000,79000,52,8
2017-11-26,10000020,15510,33700,31000,44500,30,7
2017-11-26,10000020,15587,555.55,555.55,555.55,135,4
2017-11-26,10000020,15588,4238.1,100,8000,63,6
2017-11-26,10000020,15589,5621.08,1500.04,15000,95,7
2017-11-26,10000020,15590,120,120,120,175,7
2017-11-26,10000020,15591,11087.22,1000.4,30000,23,3
2017-11-26,10000020,15592,700006.05,700005.9,700006.06,67,5
2017-11-26,10000020,15593,84842.05,75002.68,100000,94,12
2017-11-26,10000020,15594,833333.34,500000.01,1500000,9,6
2017-11-26,10000020,15598,506.06,506.06,506.06,5,2
2017-11-26,10000020,15607,100.08,100.08,100.08,15,2
2017-11-26,10000020,15608,252.28,252.28,252.28,43,6
2017-11-26,10000020,15625,450.06,450.06,450.06,368,17
2017-11-26,10000020,15626,533.79,533.79,533.79,252,12
2017-11-26,10000020,15627,3507.97,1526.58,15000,34,9
2017-11-26,10000020,15628,10658.89,2001.27,20000,79,7
2017-11-26,10000020,15629,9701.3,2501.91,25000,25,6
2017-11-26,10000020,15630,256000.51,256000.51,256000.51,16,3
2017-11-26,10000020,15631,306567.79,157073,2250000,28,5
2017-11-26,10000020,15632,700000.02,700000.02,700000.02,4,1
2017-11-26,10000020,15646,10187.5,1000,50000,16,5
2017-11-26,10000020,15660,18723.02,1002.05,30000,18,2
2017-11-26,10000020,15661,810028.6,810028.6,810028.6,11,2
2017-11-26,10000020,15673,702745.05,653003,750000,39,10
2017-11-26,10000020,15674,1500.07,1500.07,1500.07,35,1
2017-11-26,10000020,15729,39999999,39999999,39999999,3,2
2017-11-26,10000020,15994,9203.17,120,25000,63,8
2017-11-26,10000020,15997,8685.68,3001.86,30000,19,6
2017-11-26,10000020,15998,1511.15,1511.15,1511.15,10,2
2017-11-26,10000020,16002,22727.47,20000.24,30000.09,11,7
2017-11-26,10000020,16062,74999981.16,74999981.16,74999981.16,5,1
2017-11-26,10000020,16069,73174.12,49522.37,85000,6,6
2017-11-26,10000020,16119,1999.99,1999.95,2000,30,4
2017-11-26,10000020,16233,49999999,49999999,49999999,1,1
2017-11-26,10000020,16236,1163561.11,1100000,1300000,18,18
2017-11-26,10000020,16242,849578,849578,849578,1,1
2017-11-26,10000020,16262,193000.42,193000.42,193000.42,3818,38
2017-11-26,10000020,16273,149,149,149,98560,15
2017-11-26,10000020,16274,490.83,490.83,490.83,6210,1
2017-11-26,10000020,16275,4590,4590,4590,636,2
2017-11-26,10000020,16278,1570000,1570000,1570000,2,1
2017-11-26,10000020,16279,15003680,15003680,15003680,1,1
2017-11-26,10000020,16281,375000,375000,375000,11,6
2017-11-26,10000020,16297,40250.01,500.01,80000,2,2
2017-11-26,10000020,16299,57407,300,114514,4,3
2017-11-26,10000020,16303,488875.41,225000.3,718000.2,8,6
2017-11-26,10000020,16305,18325.02,200.02,145200,8,2
2017-11-26,10000020,16309,184825,182650,187000,2,2
2017-11-26,10000020,16311,890000,890000,890000,1,1
2017-11-26,10000020,16333,500.02,500.02,500.02,1,1
2017-11-26,10000020,16345,49999.96,49999.96,49999.96,1,1
2017-11-26,10000020,16357,79610.2,12034,100000,10,4
2017-11-26,10000020,16359,52001.03,52001.03,52001.03,1,1
2017-11-26,10000020,16361,132000.02,132000.02,132000.02,15,1
2017-11-26,10000020,16363,80000,10000.02,90000,7,3
2017-11-26,10000020,16365,12081.04,12081.04,12081.04,1,1
2017-11-26,10000020,16369,92000.01,92000,92000.02,21,2
2017-11-26,10000020,16371,100000,100000,100000,1,1
2017-11-26,10000020,16375,79500.51,59001.02,100000,2,2
2017-11-26,10000020,16377,111706.31,12003.64,125000,17,3
2017-11-26,10000020,16379,225000,225000,225000,1,1
2017-11-26,10000020,16383,59001.07,59001.07,59001.07,1,1
2017-11-26,10000020,16385,2500.04,2500.04,2500.04,2,1
2017-11-26,10000020,16387,220000,220000,220000,2,2
2017-11-26,10000020,16389,33002.16,33002.16,33002.16,1,1
2017-11-26,10000020,16417,3500.43,3500.43,3500.43,2,1
2017-11-26,10000020,16419,2500.02,2500.02,2500.02,1,1
2017-11-26,10000020,16433,1011,1011,1011,2,2
2017-11-26,10000020,16435,3666.67,500,10000,3,3
2017-11-26,10000020,16439,1201,1201,1201,3,3
2017-11-26,10000020,16475,50003.54,50003.54,50003.54,2,1
2017-11-26,10000020,16477,77041.01,77041.01,77041.01,1,1
2017-11-26,10000020,16481,10000.02,10000.02,10000.02,3,2
2017-11-26,10000020,16483,10000.03,10000.03,10000.03,1,1
2017-11-26,10000020,16485,10000.27,10000.27,10000.27,2,2
2017-11-26,10000020,16491,1000,1000,1000,1,1
2017-11-26,10000020,16497,165117.47,16006.03,184999,17,3
2017-11-26,10000020,16499,140000,140000,140000,131,5
2017-11-26,10000020,16505,10000.49,10000.49,10000.49,1,1
2017-11-26,10000020,16523,28938.89,100,57777.77,2,2
2017-11-26,10000020,16527,21001,21001,21001,1,1
2017-11-26,10000020,16591,32000000,32000000,32000000,3,3
2017-11-26,10000020,16594,1500000,1500000,1500000,1,1
2017-11-26,10000020,16595,12500000,12500000,12500000,3,3
2017-11-26,10000020,16596,35000000,35000000,35000000,1,1
2017-11-26,10000020,16597,20000000,20000000,20000000,11,3
2017-11-26,10000020,16598,3500000,3500000,3500000,6,6
2017-11-26,10000020,16622,5000000,5000000,5000000,1,1
2017-11-26,10000020,16649,19962.34,19962.34,19962.34,400,1
2017-11-26,10000020,16671,399.9,399.9,399.9,500,1
2017-11-26,10000020,16678,405,405,405,309752,7
2017-11-26,10000020,16680,1950,1950,1950,1220,1
2017-11-26,10000020,16681,4350,4350,4350,2880,1
2017-11-26,10000020,16682,9300.01,9300.01,9300.01,105,4
2017-11-26,10000020,17210,497502.85,250005.18,909998.99,8,5
2017-11-26,10000020,17254,102.41,102.4,102.41,9,6
2017-11-26,10000020,17330,5000000,5000000,5000000,1,1
2017-11-26,10000020,17334,5000000,5000000,5000000,1,1
2017-11-26,10000020,17336,5000000,5000000,5000000,1,1
2017-11-26,10000020,17338,5000000,5000000,5000000,1,1
2017-11-26,10000020,17339,9300000.01,9300000.01,9300000.01,1,1
2017-11-26,10000020,17348,5000000,5000000,5000000,1,1
2017-11-26,10000020,17349,5000000,5000000,5000000,1,1
2017-11-26,10000020,17350,5000000,5000000,5000000,1,1
2017-11-26,10000020,17354,5000000,5000000,5000000,1,1
2017-11-26,10000020,17359,5000000,5000000,5000000,1,1
2017-11-26,10000020,17363,400000,400000,400000,1,1
2017-11-26,10000020,17366,107475.5,44950.98,250000,6,3
2017-11-26,10000020,17367,265000,265000,265000,2,1
2017-11-26,10000020,17368,3000000,3000000,3000000,2,1
2017-11-26,10000020,17440,415.08,415.08,415.08,19,1
2017-11-26,10000020,17441,200.01,200.01,200.01,66,1
2017-11-26,10000020,17444,200.01,200.01,200.01,2999,6
2017-11-26,10000020,17445,200.01,200.01,200.01,324,4
2017-11-26,10000020,17448,372,372,372,2738,5
2017-11-26,10000020,17449,200.11,200.11,200.11,116,2
2017-11-26,10000020,17452,181.25,181.24,181.29,1435246,108
2017-11-26,10000020,17453,188.41,188.41,188.41,835363,79
2017-11-26,10000020,17455,30.01,30.01,30.01,26,1
2017-11-26,10000020,17456,0.25,0.25,0.25,46,1
2017-11-26,10000020,17459,41.03,41.03,41.03,4086162,124
2017-11-26,10000020,17460,48,44.03,48.11,6390844,130
2017-11-26,10000020,17463,16.54,16.54,16.54,3068937,90
2017-11-26,10000020,17464,19.37,19.37,19.37,1939446,70
2017-11-26,10000020,17470,13.4,13.4,13.4,14329338,160
2017-11-26,10000020,17471,15.04,13.72,15.45,6910573,95
2017-11-26,10000020,17476,26450000,20650000,32250000,4,4
2017-11-26,10000020,17478,22534999.4,20850000,22999999,5,5
2017-11-26,10000020,17480,15630769.23,15100000,17850000,13,4
2017-11-26,10000020,17482,1999411.76,1900000,2325000,17,9
2017-11-26,10000020,17483,16130080,16130080,16130080,1,1
2017-11-26,10000020,17843,127499998.99,127499998.99,127499998.99,1,1
2017-11-26,10000020,17867,53.85,53.85,53.85,25998,4
2017-11-26,10000020,17868,55.38,55.38,55.38,131419,6
2017-11-26,10000020,17887,1015,1015,1015,75195,3
2017-11-26,10000020,17888,1000,1000,1000,31385,3
2017-11-26,10000020,17889,902,902,902,330000,2
2017-11-26,10000020,17893,177264.04,105840.16,198000,40,2
2017-11-26,10000020,17894,120003.3,120003,120004,10,4
2017-11-26,10000020,17895,222779.16,170003.12,250000,9,8
2017-11-26,10000020,17912,3961506.74,3313889.96,4099970,16,9
2017-11-26,10000020,17918,488000000,488000000,488000000,1,1
2017-11-26,10000020,17926,50000000,50000000,50000000,1,1
2017-11-26,10000020,17938,46414.98,25000,66646.05,41,30
2017-11-26,10000020,17939,60000,60000,60000,2,2
2017-11-26,10000020,17940,500000,500000,500000,6,6
2017-11-26,10000020,18025,400000,400000,400000,2,2
2017-11-26,10000020,18046,152000,152000,152000,2,1
2017-11-26,10000020,18052,64571.43,62000,65000,14,2
2017-11-26,10000020,18053,350000,350000,350000,1,1
2017-11-26,10000020,18057,300000,300000,300000,1,1
2017-11-26,10000020,18059,250000,250000,250000,2,2
2017-11-26,10000020,18060,40149.1,39999,41500,100,3
2017-11-26,10000020,18061,200000,200000,200000,1,1
2017-11-26,10000020,18062,12500,12500,12500,16,4
2017-11-26,10000020,18063,150000,150000,150000,1,1
2017-11-26,10000020,18065,650000,650000,650000,1,1
2017-11-26,10000020,18066,11687.5,8500,12750,8,2
2017-11-26,10000020,18067,100000,100000,100000,1,1
2017-11-26,10000020,18580,100000000,100000000,100000000,1,1
2017-11-26,10000020,18606,527285.72,160000.01,599000,42,7
2017-11-26,10000020,18612,200.8,200.8,200.8,2,1
2017-11-26,10000020,18614,270571.42,245000,298999.99,56,9
2017-11-26,10000020,18616,173394.31,150000,192889.56,22,3
2017-11-26,10000020,18618,360265.27,245000,398999.95,49,5
2017-11-26,10000020,18635,689777.77,689777.77,689777.77,30,1
2017-11-26,10000020,18639,47187.37,29000,178999.98,16,9
2017-11-26,10000020,18640,60000,60000,60000,3,3
2017-11-26,10000020,18655,1,1,1,1,1
2017-11-26,10000020,19207,237669545,237669545,237669545,1,1
2017-11-26,10000020,19400,10999.68,10995.11,11000,61,6
2017-11-26,10000020,19402,40000,40000,40000,2,2
2017-11-26,10000020,19404,169300.5,30207,180000,28,19
2017-11-26,10000020,19405,360000,360000,360000,25,19
2017-11-26,10000020,19406,579170.88,100101,600000,24,9
2017-11-26,10000020,19407,1166563.25,130024,1200000,32,13
2017-11-26,10000020,19408,2100000,2100000,2100000,4,2
2017-11-26,10000020,19409,6300000,6300000,6300000,1,1
2017-11-26,10000020,19416,43200000,43200000,43200000,4,4
2017-11-26,10000020,19417,51680000,51680000,51680000,8,2
2017-11-26,10000020,19418,61200000,61200000,61200000,3,2
2017-11-26,10000020,19419,80000000,80000000,80000000,45,8
2017-11-26,10000020,19421,133837000,133837000,133837000,72,9
2017-11-26,10000020,19422,3360000,3360000,3360000,1,1
2017-11-26,10000020,19739,812000.01,812000.01,812000.01,2,1
2017-11-26,10000020,19744,476532.19,358008.01,499988.99,41,17
2017-11-26,10000020,19745,4977500,4977500,4977500,3,3
2017-11-26,10000020,19759,200000,200000,200000,2,2
2017-11-26,10000020,19760,160000,160000,160000,3,3
2017-11-26,10000020,19761,1000000,1000000,1000000,2,2
2017-11-26,10000020,19766,800000,800000,800000,1,1
2017-11-26,10000020,19767,400000,400000,400000,2,2
2017-11-26,10000020,19810,20000,20000,20000,1,1
2017-11-26,10000020,19812,23510.51,1021.02,46000,2,2
2017-11-26,10000020,19814,9789.07,9789.07,9789.07,1,1
2017-11-26,10000020,19921,90000,90000,90000,2,2
2017-11-26,10000020,19923,104.56,104.56,104.56,1,1
2017-11-26,10000020,19925,25000,25000,25000,1,1
2017-11-26,10000020,19927,101.36,101.35,101.38,5,2
2017-11-26,10000020,19929,1000.02,1000.02,1000.02,2,2
2017-11-26,10000020,19935,101,101,101,1,1
2017-11-26,10000020,19937,3055.21,110.41,6000,4,3
2017-11-26,10000020,19939,5,5,5,1,1
2017-11-26,10000020,19948,100.02,100.02,100.02,1,1
2017-11-26,10000020,19952,104.15,104.15,104.15,1,1
2017-11-26,10000020,19978,100,100,100,5,4
2017-11-26,10000020,20171,131915.39,65450.01,144000,13,2
2017-11-26,10000020,20184,1900000000,1900000000,1900000000,1,1
2017-11-26,10000020,20212,15000000,15000000,15000000,1,1
2017-11-26,10000020,20312,2840000,2840000,2840000,1,1
2017-11-26,10000020,20315,2865000,2865000,2865000,1,1
2017-11-26,10000020,20342,50000000,50000000,50000000,7,7
2017-11-26,10000020,20345,188973.79,188973.79,188973.79,1,1
2017-11-26,10000020,20349,948954.85,948954.85,948954.85,2,2
2017-11-26,10000020,20353,3699999.99,3699999.99,3699999.99,1,1
2017-11-26,10000020,20411,150000,150000,150000,11,1
2017-11-26,10000020,20413,70000,70000,70000,2,2
2017-11-26,10000020,20415,36835.78,36835.78,36835.78,2,1
2017-11-26,10000020,20416,140460.47,47777.87,161051.03,66,7
2017-11-26,10000020,20418,200000,200000,200000,12,2
2017-11-26,10000020,20419,228989.91,228989.91,228989.91,4,1
2017-11-26,10000020,20420,110000,110000,110000,120,1
2017-11-26,10000020,20421,37484.93,37484.93,37484.93,5,1
2017-11-26,10000020,20424,23008.12,23008.12,23008.12,13,4
2017-11-26,10000020,20495,100000,100000,100000,1,1
2017-11-26,10000020,20524,75000000,75000000,75000000,2,2
2017-11-26,10000020,20533,400000000,400000000,400000000,2,2
2017-11-26,10000020,21059,120000,120000,120000,7,7
2017-11-26,10000020,21071,694999.84,694999.84,694999.84,1,1
2017-11-26,10000020,21077,1000,1000,1000,1,1
2017-11-26,10000020,21078,1000,1000,1000,2,2
2017-11-26,10000020,21086,100,100,100,1,1
2017-11-26,10000020,21096,2749992.36,2049962,2900000,14,8
2017-11-26,10000020,21603,10000000,10000000,10000000,5,5
2017-11-26,10000020,21610,20000000,20000000,20000000,1,1
2017-11-26,10000020,21611,30000000,30000000,30000000,12,3
2017-11-26,10000020,21638,1105481.9,1105481.9,1105481.9,5,1
2017-11-26,10000020,21640,1170448.61,1150000,1199991.3,22,5
2017-11-26,10000020,21718,100000,100000,100000,3,3
2017-11-26,10000020,21740,1385.84,1385.84,1385.84,3000,1
2017-11-26,10000020,21790,449000,449000,449000,2,2
2017-11-26,10000020,21791,949999.99,949999.99,949999.99,1,1
2017-11-26,10000020,21803,17500000,17500000,17500000,1,1
2017-11-26,10000020,21815,5500030.21,5500030.21,5500030.21,1,1
2017-11-26,10000020,21841,4815.39,2300.01,34999.99,13,3
2017-11-26,10000020,21853,18428.57,1000,23000,7,6
2017-11-26,10000020,21855,1300,1300,1300,4,1
2017-11-26,10000020,21857,7509.78,10.04,17000,30,19
2017-11-26,10000020,21924,800,800,800,2000,1
2017-11-26,10000020,21937,998.54,998.54,998.54,1000,1
2017-11-26,10000020,22043,25000000,25000000,25000000,3,3
2017-11-26,10000020,22119,26000000,26000000,26000000,1,1
2017-11-26,10000020,22175,59724.11,57499.92,60000,29,26
2017-11-26,10000020,22176,332640,332640,332640,1,1
2017-11-26,10000020,22177,64868.61,61000,69994.93,27,24
2017-11-26,10000020,22178,332640,332640,332640,1,1
2017-11-26,10000020,22229,4817025.8,4798419,4825000,20,7
2017-11-26,10000020,22242,73000000.5,71000000.99,75000000,2,2
2017-11-26,10000020,22291,1299000,1299000,1299000,6,2
2017-11-26,10000020,22534,28999950.48,28999950.48,28999950.48,3,3
2017-11-26,10000020,22536,4740000,599999.99,7500000,5,5
2017-11-26,10000020,22541,9000000,9000000,9000000,13,4
2017-11-26,10000020,22542,51258.18,37999,95000,41,32
2017-11-26,10000020,22543,250000,250000,250000,6,6
2017-11-26,10000020,22546,359000000,359000000,359000000,1,1
2017-11-26,10000020,22551,28000000,28000000,28000000,1,1
2017-11-26,10000020,22552,2500000,2500000,2500000,1,1
2017-11-26,10000020,22576,49000,49000,49000,1,1
2017-11-26,10000020,22577,250000,250000,250000,3,3
2017-11-26,10000020,22578,79999.97,79998.87,80000,38,33
2017-11-26,10000020,22611,29999999.99,29999999.99,29999999.99,1,1
2017-11-26,10000020,22761,31857142.86,31000000,32000000,14,5
2017-11-26,10000020,22778,350000,350000,350000,100,1
2017-11-26,10000020,22806,120000,120000,120000,5,5
2017-11-26,10000020,22807,120000,120000,120000,7,7
2017-11-26,10000020,22808,120000,120000,120000,6,6
2017-11-26,10000020,22809,120000,120000,120000,6,6
2017-11-26,10000020,22961,698.85,698.85,698.85,2000,1
2017-11-26,10000020,23015,897.81,897.81,897.81,4000,1
2017-11-26,10000020,23031,998.85,998.85,998.85,4000,1
2017-11-26,10000020,23069,50000000,50000000,50000000,2,2
2017-11-26,10000020,23071,499999,499999,499999,4,1
2017-11-26,10000020,23087,9450,9450,9450,1,1
2017-11-26,10000020,23089,999999,999999,999999,6,1
2017-11-26,10000020,23093,998960.47,998960.47,998960.47,5,1
2017-11-26,10000020,23135,1000,1000,1000,1,1
2017-11-26,10000020,23143,100,100,100,1,1
2017-11-26,10000020,23159,5,5,5,117,4
2017-11-26,10000020,23173,1000,1000,1000,1,1
2017-11-26,10000020,23175,1000,1000,1000,1,1
2017-11-26,10000020,23527,300000,300000,300000,2,2
2017-11-26,10000020,23533,21500,21500,21500,2,1
2017-11-26,10000020,23566,400000,400000,400000,7,7
2017-11-26,10000020,23594,227250,4500,450000,2,2
2017-11-26,10000020,23606,150000,150000,150000,11,11
2017-11-26,10000020,23618,50000,50000,50000,10,10
2017-11-26,10000020,23705,90500,88000,93000,10,2
2017-11-26,10000020,23707,14893.25,12311.22,23500,13,2
2017-11-26,10000020,23791,105,105,105,4,4
2017-11-26,10000020,24241,50000,50000,50000,59,30
2017-11-26,10000020,24242,1000000,1000000,1000000,14,14
2017-11-26,10000020,24268,7500000,7500000,7500000,2,2
2017-11-26,10000020,24270,7500000,7500000,7500000,2,2
2017-11-26,10000020,24312,500000000,500000000,500000000,1,1
2017-11-26,10000020,24314,500000000,500000000,500000000,1,1
2017-11-26,10000020,24348,1443087.07,1351351.87,2000000,13,8
2017-11-26,10000020,24395,341400,105000,499000,5,3
2017-11-26,10000020,24417,2489777.77,2489777.77,2489777.77,1,1
2017-11-26,10000020,24427,1996911.13,1996889.99,1996995.67,5,3
2017-11-26,10000020,24438,1599990,1599990,1599990,4,1
2017-11-26,10000020,24443,1298983.28,1298983.28,1298983.28,3,2
2017-11-26,10000020,24445,200000,200000,200000,3,1
2017-11-26,10000020,24473,185.47,185.47,185.47,5000,1
2017-11-26,10000020,24475,179.85,179.85,179.85,5000,1
2017-11-26,10000020,24478,293.74,293.74,293.74,5000,1
2017-11-26,10000020,24490,550,550,550,15000,2
2017-11-26,10000020,24493,348.94,348.94,348.94,11000,1
2017-11-26,10000020,24495,100,100,100,1,1
2017-11-26,10000020,24499,189.94,189.94,189.94,5000,1
2017-11-26,10000020,24535,55,55,55,333,1
2017-11-26,10000020,24562,50000000,50000000,50000000,1,1
2017-11-26,10000020,24568,10000000,10000000,10000000,1,1
2017-11-26,10000020,24571,10000000,10000000,10000000,3,3
2017-11-26,10000020,24613,15000000,15000000,15000000,2,2
2017-11-26,10000020,24624,20000000,20000000,20000000,4,3
2017-11-26,10000020,24625,20000000,20000000,20000000,2,2
2017-11-26,10000020,24692,160000000,160000000,160000000,1,1
2017-11-26,10000020,24698,34000000,34000000,34000000,6,3
2017-11-26,10000020,24764,20000000,20000000,20000000,1,1
2017-11-26,10000020,25233,150000,150000,150000,18,3
2017-11-26,10000020,25235,150000,150000,150000,7,5
2017-11-26,10000020,25266,2163658.3,2163658.22,2163658.38,8,4
2017-11-26,10000020,25544,28981018.67,28979896,28990000,9,4
2017-11-26,10000020,25569,1000.02,1000.02,1000.02,1,1
2017-11-26,10000020,25571,1014.8,1014.8,1014.8,2,1
2017-11-26,10000020,25588,9211.25,9211.25,9211.25,126,25
2017-11-26,10000020,25589,3399.87,3399.87,3399.87,374,38
2017-11-26,10000020,25590,63104.38,63104.38,63104.38,1094,111
2017-11-26,10000020,25591,177005.43,177005.43,177005.43,360,27
2017-11-26,10000020,25592,7891.09,7891.09,7891.09,369,58
2017-11-26,10000020,25593,1611.59,1611.59,1611.59,59,19
2017-11-26,10000020,25594,25096.29,25096.29,25096.29,598,79
2017-11-26,10000020,25595,15051,15051,15051,121,19
2017-11-26,10000020,25596,40000.03,40000.03,40000.03,452,34
2017-11-26,10000020,25597,2103.04,2103.04,2103.04,495,20
2017-11-26,10000020,25598,11635,11635,11635,1838,100
2017-11-26,10000020,25599,1100.05,1100.05,1100.05,1673,88
2017-11-26,10000020,25600,29020.03,29020.03,29020.03,1790,95
2017-11-26,10000020,25601,5000.2,5000.2,5000.2,13622,87
2017-11-26,10000020,25602,13003.58,13003.58,13003.58,54,4
2017-11-26,10000020,25603,32110.2,32110.2,32110.2,259,50
2017-11-26,10000020,25604,13000.19,13000.19,13000.19,466,27
2017-11-26,10000020,25605,20001.38,20001.38,20001.38,889,99
2017-11-26,10000020,25606,52000.03,51500.03,52000.03,210,10
2017-11-26,10000020,25607,40001,40001,40001,5,1
2017-11-26,10000020,25609,232419.71,186129.56,328000,24,4
2017-11-26,10000020,25611,58003.11,58003.11,58003.11,36,11
2017-11-26,10000020,25613,445236.29,426722,455335,17,2
2017-11-26,10000020,25615,3036105.01,3036105,3036105.01,4,2
2017-11-26,10000020,25616,5005.76,5005.76,5005.76,80,7
2017-11-26,10000020,25617,392015.57,371101.03,400000,67,10
2017-11-26,10000020,25618,5003.37,5003.37,5003.37,76,12
2017-11-26,10000020,25619,626581.18,625599.04,628599.03,76,10
2017-11-26,10000020,25620,30003.41,30003.41,30003.41,64,11
2017-11-26,10000020,25621,714001.31,714001.31,714001.31,3,1
2017-11-26,10000020,25622,520001,520001,520001,1,1
2017-11-26,10000020,25623,22001.25,22001.25,22001.25,4,2
2017-11-26,10000020,25624,4165000.01,4165000.01,4165000.01,13,3
2017-11-26,10000020,25709,500,500,500,3,2
2017-11-26,10000020,25713,1010.01,1010.01,1010.01,1,1
2017-11-26,10000020,25739,450000,450000,450000,2,2
2017-11-26,10000020,25810,450000,450000,450000,2,2
2017-11-26,10000020,25811,450000,450000,450000,2,2
2017-11-26,10000020,25861,64163.97,55999.95,75000.2,79,40
2017-11-26,10000020,25862,332640,332640,332640,1,1
2017-11-26,10000020,25863,1000000,1000000,1000000,1,1
2017-11-26,10000020,25887,229999.9,229999.9,229999.9,160,1
2017-11-26,10000020,25894,13656407.1,13656407.1,13656407.1,3,1
2017-11-26,10000020,25896,19989999.99,19989999.99,19989999.99,1,1
2017-11-26,10000020,25948,8289994.98,8289994.98,8289994.98,3,1
2017-11-26,10000020,26252,59834.06,55000,60000,31,11
2017-11-26,10000020,26253,80200,1000.03,100000,10,10
2017-11-26,10000020,26254,20000,20000,20000,2,2
2017-11-26,10000020,26255,100000,100000,100000,6,6
2017-11-26,10000020,26256,100000,100000,100000,4,4
2017-11-26,10000020,26258,98333.33,95000,100000,3,3
2017-11-26,10000020,26259,100000,100000,100000,3,3
2017-11-26,10000020,26260,100000,100000,100000,25,1
2017-11-26,10000020,26261,100000,100000,100000,5,5
2017-11-26,10000020,26929,257599.8,250000,260000,5,3
2017-11-26,10000020,26931,4199697.91,4199697.91,4199697.91,2,1
2017-11-26,10000020,27015,20000,20000,20000,90,90
2017-11-26,10000020,27169,20000000,20000000,20000000,1,1
2017-11-26,10000020,27371,1203.71,1203.71,1203.71,600,2
2017-11-26,10000020,27395,2498.85,2498.85,2498.85,6000,1
2017-11-26,10000020,27902,100000,100000,100000,10,10
2017-11-26,10000020,28073,13240000,13240000,13240000,1,1
2017-11-26,10000020,28164,4500000,4500000,4500000,2,2
2017-11-26,10000020,28213,1449999.99,1449999.99,1449999.99,5,1
2017-11-26,10000020,28272,44000000,44000000,44000000,5,1
2017-11-26,10000020,28332,1398.84,1398.84,1398.84,720,1
2017-11-26,10000020,28334,998.55,998.55,998.55,3000,1
2017-11-26,10000020,28361,1011.36,1011.36,1011.36,219,3
2017-11-26,10000020,28362,110007.01,110007.01,110007.01,24,1
2017-11-26,10000020,28363,81001.25,81001.25,81001.25,19,1
2017-11-26,10000020,28364,17015.25,17015.25,17015.25,54,2
2017-11-26,10000020,28374,500000000,500000000,500000000,1,1
2017-11-26,10000020,28409,19000,19000,19000,1542,7
2017-11-26,10000020,28410,17000,17000,17000,253,3
2017-11-26,10000020,28411,18000,15000.02,18344.65,1077,7
2017-11-26,10000020,28424,4500,4500,4500,2822,2
2017-11-26,10000020,28425,4007.58,4005.68,4500,2973,7
2017-11-26,10000020,28426,4361.98,4361.98,4361.98,869,3
2017-11-26,10000020,28427,1821,1821,1821,1754,2
2017-11-26,10000020,28428,1800.04,1800.04,1800.04,433,1
2017-11-26,10000020,28429,1820,1820,1820,1363,1
2017-11-26,10000020,28430,1450,1450,1450,64155,8
2017-11-26,10000020,28431,1580,1580,1580,9020,3
2017-11-26,10000020,28432,1300,1300,1300,7972,4
2017-11-26,10000020,28434,195000,195000,195000,1566,2
2017-11-26,10000020,28576,1128631.33,1089809.45,1370119.9,26,14
2017-11-26,10000020,28578,869950.87,570003.65,1049919,8,3
2017-11-26,10000020,28585,25000000,25000000,25000000,4,4
2017-11-26,10000020,28606,688666667.33,618000001,829999999.99,3,3
2017-11-26,10000020,28609,32000000,32000000,32000000,1,1
2017-11-26,10000020,28615,4000000,4000000,4000000,2,2
2017-11-26,10000020,28656,64000000,64000000,64000000,3,3
2017-11-26,10000020,28667,64000000,64000000,64000000,2,2
2017-11-26,10000020,28668,34999.96,34999.96,34999.96,167,5
2017-11-26,10000020,28879,1000000,1000000,1000000,2,2
2017-11-26,10000020,28880,5000000,5000000,5000000,1,1
2017-11-26,10000020,28999,17590.99,10250,24931.99,4,3
2017-11-26,10000020,29001,12025,12025,12025,2,2
2017-11-26,10000020,29009,11344.38,11344.38,11344.38,1,1
2017-11-26,10000020,29010,1500000,1500000,1500000,2,1
2017-11-26,10000020,29029,100000000,100000000,100000000,1,1
2017-11-26,10000020,29248,367502.11,315007,400000,18,17
2017-11-26,10000020,29249,2775000,2775000,2775000,4,4
2017-11-26,10000020,29266,400000.06,400000.06,400000.06,1,1
2017-11-26,10000020,29637,50000000,50000000,50000000,1,1
2017-11-26,10000020,29984,185000000,185000000,185000000,1,1
2017-11-26,10000020,30013,6489.76,5900,6999.61,676,51
2017-11-26,10000020,30014,5000000,5000000,5000000,1,1
2017-11-26,10000020,30018,1533.91,1533.91,1533.91,1,1
2017-11-26,10000020,30019,100,100,100,11,1
2017-11-26,10000020,30021,100,100,100,16,1
2017-11-26,10000020,30022,20001,20001,20001,2,1
2017-11-26,10000020,30024,1033.91,1033.91,1033.91,2,1
2017-11-26,10000020,30028,73500,73000,73999.99,16,2
2017-11-26,10000020,30029,5000000,5000000,5000000,3,3
2017-11-26,10000020,30221,1,1,1,300,1
2017-11-26,10000020,30251,100,100,100,17,1
2017-11-26,10000020,30254,101,101,101,40,1
2017-11-26,10000020,30259,654013,654013,654013,2,1
2017-11-26,10000020,30328,18024.55,52,35997.11,4,3
2017-11-26,10000020,30342,24000,24000,24000,1,1
2017-11-26,10000020,30370,2900,2900,2900,2680,1
2017-11-26,10000020,30375,7000,7000,7000,1742,1
2017-11-26,10000020,30376,1000,1000,1000,1000,1
2017-11-26,10000020,30420,51.23,51.23,51.23,2,2
2017-11-26,10000020,30422,16666.67,15000,20000,3,3
2017-11-26,10000020,30424,14000,14000,14000,1,1
2017-11-26,10000020,30486,649727.27,449000,725000,11,2
2017-11-26,10000020,30488,649958.2,649888,649999.87,51,5
2017-11-26,10000020,30497,21.01,21.01,21.01,1,1
2017-11-26,10000020,30540,5000000,5000000,5000000,3,3
2017-11-26,10000020,30544,5000000,5000000,5000000,1,1
2017-11-26,10000020,30545,5000000,5000000,5000000,10,1
2017-11-26,10000020,30546,5000000,5000000,5000000,3,3
2017-11-26,10000020,30547,5000000,5000000,5000000,10,1
2017-11-26,10000020,30548,5000000,5000000,5000000,1,1
2017-11-26,10000020,30549,5000000,5000000,5000000,1,1
2017-11-26,10000020,30550,5000000,5000000,5000000,3,3
2017-11-26,10000020,30552,5000000,5000000,5000000,1,1
2017-11-26,10000020,30553,5000000,5000000,5000000,3,3
2017-11-26,10000020,30651,1500000,1500000,1500000,3,3
2017-11-26,10000020,30652,1500000,1500000,1500000,1,1
2017-11-26,10000020,30653,1500000,1500000,1500000,1,1
2017-11-26,10000020,30744,200000,200000,200000,7061,19
2017-11-26,10000020,30745,500000,500000,500000,6969,16
2017-11-26,10000020,30746,1500000,1500000,1500000,2930,15
2017-11-26,10000020,30747,5000000,5000000,5000000,1655,17
2017-11-26,10000020,30832,2050000,2050000,2050000,1,1
2017-11-26,10000020,30834,1591541.92,1591541.92,1591541.92,1,1
2017-11-26,10000020,30836,1799998.23,1799998.23,1799998.23,1,1
2017-11-26,10000020,30839,7000,7000,7000,2,2
2017-11-26,10000020,30987,550000,550000,550000,3,1
2017-11-26,10000020,30997,445000,445000,445000,1,1
2017-11-26,10000020,31000,750000,750000,750000,1,1
2017-11-26,10000020,31011,3299999.99,3299999.99,3299999.99,1,1
2017-11-26,10000020,31012,750000,750000,750000,1,1
2017-11-26,10000020,31024,750000,750000,750000,1,1
2017-11-26,10000020,31036,750000,750000,750000,1,1
2017-11-26,10000020,31045,1298765.43,1298765.43,1298765.43,1,1
2017-11-26,10000020,31048,750000,750000,750000,1,1
2017-11-26,10000020,31055,2492231.91,2492231.91,2492231.92,5,3
2017-11-26,10000020,31056,750000,750000,750000,1,1
2017-11-26,10000020,31063,480980,480980,480980,1,1
2017-11-26,10000020,31066,750000,750000,750000,1,1
2017-11-26,10000020,31074,750000,750000,750000,1,1
2017-11-26,10000020,31083,2750000,2750000,2750000,2,2
2017-11-26,10000020,31086,750000,750000,750000,1,1
2017-11-26,10000020,31119,1799997.42,1799996.99,1799997.51,6,3
2017-11-26,10000020,31155,1990989.99,1990989.99,1990989.99,1,1
2017-11-26,10000020,31165,4750000,4750000,4750000,3,2
2017-11-26,10000020,31179,1990989.99,1990989.99,1990989.99,2,2
2017-11-26,10000020,31185,13899999.99,13899999.99,13899999.99,2,2
2017-11-26,10000020,31201,1098817.21,1089900,1300000,22,4
2017-11-26,10000020,31213,211318.52,190000,333888.89,15,9
2017-11-26,10000020,31215,475000,475000,475000,1,1
2017-11-26,10000020,31216,750000,750000,750000,1,1
2017-11-26,10000020,31238,620061.8,600000,630092.7,3,3
2017-11-26,10000020,31239,125000,125000,125000,1,1
2017-11-26,10000020,31324,1671840.19,1671840.19,1671840.19,1,1
2017-11-26,10000020,31358,949000,949000,949000,2,2
2017-11-26,10000020,31359,125000,125000,125000,1,1
2017-11-26,10000020,31360,4680730.8,4680730.8,4680730.8,1,1
2017-11-26,10000020,31361,750000,750000,750000,1,1
2017-11-26,10000020,31370,733333.33,700000,750000,3,2
2017-11-26,10000020,31371,125000,125000,125000,1,1
2017-11-26,10000020,31372,1562950.58,1200000,2454589.4,13,9
2017-11-26,10000020,31373,750000,750000,750000,3,3
2017-11-26,10000020,31378,19545768.76,19545768.76,19545768.76,2,1
2017-11-26,10000020,31394,650000,650000,650000,5,3
2017-11-26,10000020,31396,1250000,1250000,1250000,1,1
2017-11-26,10000020,31406,1000000,1000000,1000000,2,1
2017-11-26,10000020,31408,2140980,2140980,2140980,2,2
2017-11-26,10000020,31414,21089999.95,21089999.95,21089999.95,1,1
2017-11-26,10000020,31443,125000,125000,125000,1,1
2017-11-26,10000020,31454,980990,980990,980990,1,1
2017-11-26,10000020,31456,810593.29,721186.57,900000,2,2
2017-11-26,10000020,31457,750000,750000,750000,2,2
2017-11-26,10000020,31478,699997.91,699997.91,699997.91,1,1
2017-11-26,10000020,31480,2798777,2798777,2798777,1,1
2017-11-26,10000020,31492,1299999.99,1299999.99,1299999.99,1,1
2017-11-26,10000020,31586,440990,440990,440990,2,2
2017-11-26,10000020,31620,469999.94,469999.94,469999.94,3,3
2017-11-26,10000020,31716,500801.58,499999.99,507214.28,9,7
2017-11-26,10000020,31718,410000,410000,410000,3,3
2017-11-26,10000020,31719,750000,750000,750000,1,1
2017-11-26,10000020,31731,750000,750000,750000,1,1
2017-11-26,10000020,31740,275190.4,275190.4,275190.4,1,1
2017-11-26,10000020,31743,750000,750000,750000,2,2
2017-11-26,10000020,31748,7019998.14,7019998.14,7019998.14,1,1
2017-11-26,10000020,31752,170000,170000,170000,2,2
2017-11-26,10000020,31755,750000,750000,750000,1,1
2017-11-26,10000020,31766,1000000,1000000,1000000,1,1
2017-11-26,10000020,31788,671987.63,671971.55,671992.99,4,3
2017-11-26,10000020,31789,125000,125000,125000,1,1
2017-11-26,10000020,31790,3038086.43,2400000,3636491.33,11,5
2017-11-26,10000020,31791,750000,750000,750000,3,3
2017-11-26,10000020,31794,8908649.91,8908649.91,8908649.91,4,1
2017-11-26,10000020,31796,27401996,27401996,27401996,3,2
2017-11-26,10000020,31800,744509.73,744509.73,744509.73,3,1
2017-11-26,10000020,31802,2200000,2200000,2200000,1,1
2017-11-26,10000020,31884,8299991,8299991,8299991,1,1
2017-11-26,10000020,31944,49999998.26,49999998.26,49999998.26,1,1
2017-11-26,10000020,32006,250000,250000,250000,40,1
2017-11-26,10000020,32027,1350000,1350000,1350000,1,1
2017-11-26,10000020,32043,4681951,4681951,4681951,1,1
2017-11-26,10000020,32047,41503000,41503000,41503000,2,2
2017-11-26,10000020,32057,648466.13,646551.57,649997.77,9,2
2017-11-26,10000020,32459,11001.01,11001.01,11001.01,2,2
2017-11-26,10000020,32783,120000,120000,120000,1,1
2017-11-26,10000020,32787,20064.66,18000,21000,58,15
2017-11-26,10000020,32797,500000,500000,500000,7,7
2017-11-26,10000020,32818,750000,750000,750000,2,2
2017-11-26,10000020,32819,1212494,960000,1494984,8,4
2017-11-26,10000020,32820,750000,750000,750000,2,2
2017-11-26,10000020,32858,180000,180000,180000,3,2
2017-11-26,10000020,32872,758431.33,500000,887647,3,3
2017-11-26,10000020,32874,1081342.71,999999,1095000,7,7
2017-11-26,10000020,32875,9023825,9023825,9023825,1,1
2017-11-26,10000020,32876,820000,820000,820000,2,2
2017-11-26,10000020,32878,1000000,1000000,1000000,1,1
2017-11-26,10000020,32880,162007.91,119000.06,210000,53,46
2017-11-26,10000020,32881,6899999.95,6899999.94,6899999.95,2,2
2017-11-26,10000020,32918,40000,40000,40000,2,2
2017-11-26,10000020,32999,200000,200000,200000,34,5
2017-11-26,10000020,33000,200000,200000,200000,33,4
2017-11-26,10000020,33001,200000,200000,200000,3,3
2017-11-26,10000020,33002,200000,200000,200000,2,2
2017-11-26,10000020,33003,302597.5,261796.67,425000,4,2
2017-11-26,10000020,33007,124285.71,90000,150000,7,2
2017-11-26,10000020,33009,45000,45000,45000,1,1
2017-11-26,10000020,33076,414142.86,400000,499000,7,4
2017-11-26,10000020,33078,1000000,1000000,1000000,6,6
2017-11-26,10000020,33091,98119.05,90000,100000,21,21
2017-11-26,10000020,33092,100000,100000,100000,6,6
2017-11-26,10000020,33093,100000,100000,100000,2,2
2017-11-26,10000020,33094,100000,100000,100000,2,2
2017-11-26,10000020,33095,1000000,1000000,1000000,5,5
2017-11-26,10000020,33096,733333.33,200000,1000000,3,3
2017-11-26,10000020,33097,1000000,1000000,1000000,13,4
2017-11-26,10000020,33098,997999.98,995999.95,1000000,2,2
2017-11-26,10000020,33177,600000,600000,600000,1,1
2017-11-26,10000020,33178,209000,209000,209000,1,1
2017-11-26,10000020,33179,600000,600000,600000,1,1
2017-11-26,10000020,33180,178253.97,170000,227777.77,7,4
2017-11-26,10000020,33181,600000,600000,600000,1,1
2017-11-26,10000020,33195,1000.02,1000.02,1000.02,14,6
2017-11-26,10000020,33270,690000,690000,690000,1,1
2017-11-26,10000020,33271,60000,60000,60000,1,1
2017-11-26,10000020,33359,29999.9,29999.9,29999.9,800,1
2017-11-26,10000020,33360,18500,18500,18500,1920,1
2017-11-26,10000020,33399,5000000,5000000,5000000,12,3
2017-11-26,10000020,33407,36000000,36000000,36000000,1,1
2017-11-26,10000020,33440,349998.99,349998.99,349998.99,6,2
2017-11-26,10000020,33467,3000000,3000000,3000000,3,3
2017-11-26,10000020,33468,60019908.93,60019908.93,60019908.93,1,1
2017-11-26,10000020,33470,225500000,222000000,229000000,2,2
2017-11-26,10000020,33472,439000000,439000000,439000000,1,1
2017-11-26,10000020,33474,2550001.75,1200010,2999999,4,4
2017-11-26,10000020,33475,9841089.16,8850000,9999893.99,26,17
2017-11-26,10000020,33517,1000000,1000000,1000000,1,1
2017-11-26,10000020,33539,1129125.97,1119001.1,1200000,80,6
2017-11-26,10000020,33569,3.04,3.04,3.04,300,1
2017-11-26,10000020,33577,50000,50000,50000,27,2
2017-11-26,10000020,33618,53209091.82,43300010,54200000,11,2
2017-11-26,10000020,33699,100000,100000,100000,46,17
2017-11-26,10000020,33824,1599999.99,1599999.99,1599999.99,1,1
2017-11-26,10000020,33856,4000000,4000000,4000000,11,2
2017-11-26,10000020,33890,977120.83,959575,994500,6,4
2017-11-26,10000020,33894,4399777,4399777,4399777,1,1
2017-11-26,10000020,33895,750000,750000,750000,1,1
2017-11-26,10000020,33896,15999999,15999999,15999999,4,1
2017-11-26,10000020,33899,1250000,1250000,1250000,1,1
2017-11-26,10000020,33915,978000,978000,978000,1,1
2017-11-26,10000020,34133,1105202734.54,1105202734.08,1105202735,2,2
2017-11-26,10000020,34201,263001.31,263001.31,263001.31,7,6
2017-11-26,10000020,34202,1970002.46,1970002.46,1970002.46,1,1
2017-11-26,10000020,34203,483001.41,483001.41,483001.41,4,4
2017-11-26,10000020,34204,1029068.65,842261.11,1250000,10,8
2017-11-26,10000020,34205,309002.21,309002.21,309002.21,8,5
2017-11-26,10000020,34206,167002.01,167002.01,167002.01,32,10
2017-11-26,10000020,34207,3000002,3000002,3000002,1,1
2017-11-26,10000020,34266,828133.84,828133.84,828133.84,1,1
2017-11-26,10000020,34327,35000000,35000000,35000000,1,1
2017-11-26,10000020,34390,1000000,1000000,1000000,1,1
2017-11-26,10000020,34394,3400000,3400000,3400000,1,1
2017-11-26,10000020,34533,1000000,1000000,1000000,1,1
2017-11-26,10000020,35656,25063.77,2002.03,63500,8,7
2017-11-26,10000020,35657,1003.45,1003.45,1003.45,3,2
2017-11-26,10000020,35658,27845.22,3006.58,68500,21,15
2017-11-26,10000020,35659,19975.69,1780.67,33000,13,10
2017-11-26,10000020,35660,3126.31,1017.1,20000,9,5
2017-11-26,10000020,35661,337836.87,251005.33,598331.5,4,4
2017-11-26,10000020,35662,328668.01,258002.02,469999.99,3,3
2017-11-26,10000020,35680,1000000,1000000,1000000,1,1
2017-11-26,10000020,35772,144000,144000,144000,1,1
2017-11-26,10000020,35789,37777.77,37777.77,37777.77,1,1
2017-11-26,10000020,35790,2490000,2490000,2490000,1,1
2017-11-26,10000020,35794,11070,11070,11070,1,1
2017-11-26,10000020,35795,10750,10750,10750,2,1
2017-11-26,10000020,37135,49999999.99,49999999.99,49999999.99,1,1
2017-11-26,10000020,37450,390500,390500,390500,2,1
2017-11-26,10000020,37451,1600000,1600000,1600000,1,1
2017-11-26,10000020,37459,24299999.84,24200000,24399999.67,2,2
2017-11-26,10000020,37544,200.67,200.67,200.67,2,2
2017-11-26,10000020,37545,202.69,202.69,202.69,4,3
2017-11-26,10000020,37608,800027.61,800027.61,800027.61,1,1
2017-11-26,10000020,37610,1350000,1350000,1350000,12,6
2017-11-26,10000020,37615,20000000,20000000,20000000,1,1
2017-11-26,10000020,37796,5000000,5000000,5000000,2,2
2017-11-26,10000020,37797,5000000,5000000,5000000,1,1
2017-11-26,10000020,37798,5000000,5000000,5000000,2,2
2017-11-26,10000020,37799,5000000,5000000,5000000,2,2
2017-11-26,10000020,37810,7000000,7000000,7000000,2,1
2017-11-26,10000020,40519,315668333.36,315005000.09,316000000,6,4
2017-11-26,10000020,40520,807906332.99,805779499.99,812649998.99,6,6
2017-11-26,10000020,40572,100000000,100000000,100000000,6,2
2017-11-26,10000020,41031,1000.03,1000.03,1000.03,1,1
2017-11-26,10000020,41032,200.09,200.09,200.09,2,2
2017-11-26,10000020,41033,101.1,101.1,101.1,1,1
2017-11-26,10000020,41034,215000,215000,215000,2,1
2017-11-26,10000020,41054,450001,450001,450001.01,9,3
2017-11-26,10000020,41055,350000,350000,350000.01,9,2
2017-11-26,10000020,41056,400000,400000,400000.01,12,3
2017-11-26,10000020,41155,9700,9700,9700,2,1
2017-11-26,10000020,41218,69000000,69000000,69000000,1,1
2017-11-26,10000020,41489,10000,10000,10000,1,1
2017-11-26,10000020,42244,70989664.87,70989664.87,70989664.87,1,1
2017-11-26,10000020,42528,855427.57,749999,872999,7,3
2017-11-26,10000020,42529,950000,950000,950000,1,1
2017-11-26,10000020,42685,30000000,30000000,30000000,1,1
2017-11-26,10000020,42695,920,920,920,1755,4
2017-11-26,10000020,42701,3600000,3600000,3600000,1,1
2017-11-26,10000020,42718,650000.5,650000.5,650000.5,1,1
2017-11-26,10000020,42726,1000,1000,1000,1,1
2017-11-26,10000020,42744,8900000,8900000,8900000,1,1
2017-11-26,10000020,42829,813.87,813.87,813.87,5435,4
2017-11-26,10000020,42830,750,719.99,750,122759,15
2017-11-26,10000020,42831,800,800,800,15400,6
2017-11-26,10000020,42880,20000000,20000000,20000000,1,1
2017-11-26,10000020,42881,20000000,20000000,20000000,1,1
2017-11-26,10000020,42882,17495000,17495000,17495000,2,2
2017-11-26,10000020,43551,1000003.03,1000003.03,1000003.03,3,1
2017-11-26,10000020,43555,6400000,6400000,6400000,1,1
2017-11-26,10000020,43699,42109.37,39999.99,55000,64,3
2017-11-26,10000020,43702,80000,80000,80000,1,1
2017-11-26,10000020,43911,30000000,30000000,30000000,1,1
2017-11-26,10000020,44067,250000000,250000000,250000000,1,1
2017-11-26,10000020,44110,20.07,20.07,20.07,300,3
2017-11-26,10000020,44120,1000000,1000000,1000000,1,1
2017-11-26,10000020,44121,1000000,1000000,1000000,1,1
2017-11-26,10000020,44992,3035423.87,3035002.8,3035431.85,5557,33
2017-11-26,10000020,45591,68000000,68000000,68000000,1,1
2017-11-26,10000020,45635,169609090.91,167700000,174600000,11,7
2017-11-26,10000020,45661,100,100,100,7,1
2017-11-26,10000020,45746,1000000,1000000,1000000,5,5
2017-11-26,10000020,45748,5000000,5000000,5000000,1,1
2017-11-26,10000020,45750,15000000,15000000,15000000,1,1
2017-11-26,10000020,45757,800000,800000,800000,1,1
2017-11-26,10000020,45828,222222.22,222222.22,222222.22,1,1
2017-11-26,10000020,45834,999999.99,999999.99,999999.99,2,2
2017-11-26,10000020,45881,999999.99,999999.99,999999.99,1,1
2017-11-26,10000020,45996,600000,600000,600000,2,1
2017-11-26,10000020,46002,2938461.54,2700000,3000000,13,7
2017-11-26,10000020,46004,300000,300000,300000,1,1
2017-11-26,10000020,46005,2500000.29,2500000.29,2500000.29,2,2
2017-11-26,10000020,46008,8966000,8240000,15500000,10,8
2017-11-26,10000020,46050,900000,900000,900000,1,1
2017-11-26,10000020,46152,10000000,10000000,10000000,4,4
2017-11-26,10000020,46153,15000000,15000000,15000000,3,3
2017-11-26,10000020,46154,20000000,20000000,20000000,2,2
2017-11-26,10000020,46155,25000000,25000000,25000000,3,3
2017-11-26,10000020,46156,30000000,30000000,30000000,3,3
2017-11-26,10000020,46167,10000000,10000000,10000000,1,1
2017-11-26,10000020,46169,10000000,10000000,10000000,1,1
2017-11-26,10000020,46177,10000000,10000000,10000000,1,1
2017-11-26,10000020,46179,10000000,10000000,10000000,2,1
2017-11-26,10000020,46183,10000000,10000000,10000000,2,1
2017-11-26,10000020,46206,20000000,20000000,20000000,1,1
2017-11-26,10000020,46207,20000000,20000000,20000000,2,2
2017-11-26,10000020,46209,20000000,20000000,20000000,2,2
2017-11-26,10000020,46210,20000000,20000000,20000000,2,1
2017-11-26,10000020,46211,20000000,20000000,20000000,1,1
2017-11-26,10000020,46216,20000000,20000000,20000000,1,1
2017-11-26,10000020,46357,10000000,10000000,10000000,1,1
2017-11-26,10000020,46361,10000000,10000000,10000000,1,1
2017-11-26,10000020,46369,350000,350000,350000,2,1
2017-11-26,10000020,46717,39999999.99,39999999.99,39999999.99,1,1
2017-11-26,10000021,34,3,3,3,71600665,8
2017-11-26,10000021,35,3.4,3.4,3.4,33245119,4
2017-11-26,10000021,36,65,65,65,455134,2
2017-11-26,10000021,37,45,45,45,190510,1
2017-11-26,10000021,38,250,250,250,68101,4
2017-11-26,10000021,39,598.99,598.99,598.99,21272,1
2017-11-26,10000021,40,700,700,700,111058,1
2017-11-26,10000021,201,320,320,320,13000,2
2017-11-26,10000021,204,300,300,316.5,63200,3
2017-11-26,10000021,206,88,88,88,5000,1
2017-11-26,10000021,207,130,130,130,90000,1
2017-11-26,10000021,434,234615.39,200000,269230.77,2,2
2017-11-26,10000021,440,7457500,7000000,7600000,4,4
2017-11-26,10000021,444,19500,19500,19500,1,1
2017-11-26,10000021,448,2585713.97,2585713.97,2585713.97,1,1
2017-11-26,10000021,486,150000,150000,150000,7,1
2017-11-26,10000021,496,1450000,1450000,1450000,7,1
2017-11-26,10000021,498,1999960,1999960,1999960,2,1
2017-11-26,10000021,519,2200000,2200000,2200000,2,1
2017-11-26,10000021,527,1350000,1350000,1350000,2,1
2017-11-26,10000021,570,150000,150000,150000,4,1
2017-11-26,10000021,585,500000,500000,500000,1,1
2017-11-26,10000021,586,249999.99,249999.99,249999.99,1,1
2017-11-26,10000021,605,536267.05,536267.05,536267.05,2,2
2017-11-26,10000021,607,999393.94,750000,1498181.82,3,3
2017-11-26,10000021,621,9489583.33,8979166.66,10000000,2,2
2017-11-26,10000021,626,10000000,10000000,10000000,2,2
2017-11-26,10000021,631,7400000,7400000,7400000,1,1
2017-11-26,10000021,649,2000000,2000000,2000000,1,1
2017-11-26,10000021,650,1200000,1200000,1200000,1,1
2017-11-26,10000021,653,2000000,2000000,2000000,1,1
2017-11-26,10000021,654,999999.99,999999.99,999999.99,1,1
2017-11-26,10000021,655,1250000,1000000,1500000,2,2
2017-11-26,10000021,657,1633259,1450000,1999777,3,3
2017-11-26,10000021,672,270000,50000,380000,3,3
2017-11-26,10000021,1183,1985000,1980000,1989999.99,2,2
2017-11-26,10000021,1185,59800,59800,59800,1,1
2017-11-26,10000021,1201,74999.95,74999.95,74999.95,5,1
2017-11-26,10000021,1236,798598.12,795794.39,799999.99,3,2
2017-11-26,10000021,1317,59662.28,59662.28,59662.28,8,3
2017-11-26,10000021,1319,1060000.03,1000000,1112500.06,15,5
2017-11-26,10000021,1403,37800,37800,37800,1,1
2017-11-26,10000021,1405,1163953.34,999999.99,1200000,19,9
2017-11-26,10000021,1447,1400000,1400000,1400000,3,2
2017-11-26,10000021,1541,1999999.99,1999999.99,1999999.99,1,1
2017-11-26,10000021,1944,2000000,2000000,2000000,1,1
2017-11-26,10000021,1952,1824333.33,1824333.33,1824333.33,3,1
2017-11-26,10000021,1964,1950000,1950000,1950000,5,1
2017-11-26,10000021,1977,900000,900000,900000,3,1
2017-11-26,10000021,2032,1871056.34,1600000,1901173.71,10,5
2017-11-26,10000021,2048,1138046.84,700000,2000000,15,12
2017-11-26,10000021,2175,1402501.49,1402501.49,1402501.49,38,4
2017-11-26,10000021,2185,1499999.99,1499999.99,1499999.99,5,1
2017-11-26,10000021,2195,3542856.86,3200000,3999999,14,6
2017-11-26,10000021,2205,564498.11,550000,1000000,26,7
2017-11-26,10000021,2254,1510957.63,1509933.13,1519153.61,9,2
2017-11-26,10000021,2281,4997262.68,4993156.7,5000000.01,15,9
2017-11-26,10000021,2295,1000000,1000000,1000000,1,1
2017-11-26,10000021,2303,2400000,2400000,2400000,1,1
2017-11-26,10000021,2312,18600,18600,18600,4800,1
2017-11-26,10000021,2317,12000,12000,12000,7804,1
2017-11-26,10000021,2328,1,1,1,690,1
2017-11-26,10000021,2364,2296785.71,2296785.71,2296785.71,2,1
2017-11-26,10000021,2392,200,200,200,5500,2
2017-11-26,10000021,2410,1767560,1767560,1767560,9,2
2017-11-26,10000021,2488,500000,500000,500000,5,1
2017-11-26,10000021,2524,1500000,1500000,1500000,1,1
2017-11-26,10000021,2534,1952941.18,1952941.18,1952941.18,5,1
2017-11-26,10000021,2539,1749332.67,1749332.67,1749332.67,4,1
2017-11-26,10000021,2551,1000000,1000000,1000000,1,1
2017-11-26,10000021,2553,2238999.99,2238999.99,2238999.99,4,1
2017-11-26,10000021,2567,2500000,2500000,2500000,1,1
2017-11-26,10000021,2603,949999.25,949999.25,949999.25,1,1
2017-11-26,10000021,2605,823197.56,800965.58,848385.7,12,6
2017-11-26,10000021,2621,750.1,750.1,750.1,18000,4
2017-11-26,10000021,2629,650,650,650,241000,2
2017-11-26,10000021,2867,2200000,2200000,2200000,1,1
2017-11-26,10000021,2875,1590000,1590000,1590000,2,2
2017-11-26,10000021,2998,45000000,45000000,45000000,1,1
2017-11-26,10000021,3017,760000,760000,760000,4,1
2017-11-26,10000021,3244,2357013.82,2213513.81,2500513.82,2,2
2017-11-26,10000021,3293,150000,150000,150000,1,1
2017-11-26,10000021,3297,90000,90000,90000,4,1
2017-11-26,10000021,3393,1000000,1000000,1000000,1,1
2017-11-26,10000021,3405,50000,50000,50000,1,1
2017-11-26,10000021,3441,2000000,2000000,2000000,1,1
2017-11-26,10000021,3467,100000,100000,100000,5,3
2017-11-26,10000021,3488,999999.96,999999.96,999999.96,3,2
2017-11-26,10000021,3530,3291379.31,3082758.62,3500000,2,2
2017-11-26,10000021,3598,1499980,1499980,1499980,1,1
2017-11-26,10000021,3829,78750,78750,78750,5,3
2017-11-26,10000021,3831,1793623.88,1722563.87,1876527.23,13,4
2017-11-26,10000021,3841,2437547.93,2375095.85,2500000,4,2
2017-11-26,10000021,4312,25000,25000,25000,45536,12
2017-11-26,10000021,4403,600000,600000,600000,1,1
2017-11-26,10000021,4405,1910714.28,1500000,2250000,14,6
2017-11-26,10000021,5945,2000000,2000000,2000000,1,1
2017-11-26,10000021,5955,700000,700000,700000,2,2
2017-11-26,10000021,5971,900000,900000,900000,1,1
2017-11-26,10000021,5973,946289.99,946289.99,946290,4,4
2017-11-26,10000021,6003,500000,500000,500000,1,1
2017-11-26,10000021,6005,1000000,1000000,1000000,1,1
2017-11-26,10000021,6569,777771,777771,777771,1,1
2017-11-26,10000021,7289,900000,900000,900000,4,1
2017-11-26,10000021,8225,799999.97,799999.97,799999.97,1,1
2017-11-26,10000021,8529,1079500,1079500,1079500,2,1
2017-11-26,10000021,9497,1500000,1500000,1500000,7,1
2017-11-26,10000021,9582,999999,999999,999999,1,1
2017-11-26,10000021,9632,463062,463062,463062,2,2
2017-11-26,10000021,9832,10000,10000,10000,3000,1
2017-11-26,10000021,9848,80000,80000,80000,82,2
2017-11-26,10000021,9941,14000000.01,14000000.01,14000000.01,1,1
2017-11-26,10000021,10208,27500000,27500000,27500000,1,1
2017-11-26,10000021,10212,27500000,27500000,27500000,1,1
2017-11-26,10000021,10216,27500000,27500000,27500000,2,2
2017-11-26,10000021,10221,27500000,27500000,27500000,1,1
2017-11-26,10000021,10225,27500000,27500000,27500000,1,1
2017-11-26,10000021,10250,1350000,1350000,1350000,5,1
2017-11-26,10000021,10842,2650000,2500000,2800000,2,2
2017-11-26,10000021,10998,436428.58,55000,500000.01,14,5
2017-11-26,10000021,11129,26500,3000,50000,2,2
2017-11-26,10000021,11198,60000000,60000000,60000000,1,1
2017-11-26,10000021,11200,40000000,40000000,40000000,1,1
2017-11-26,10000021,11259,1199999.85,1199999.85,1199999.85,1,1
2017-11-26,10000021,11267,490000,490000,490000,1,1
2017-11-26,10000021,11269,1000000,1000000,1000000,2,1
2017-11-26,10000021,11370,2854253.58,2810728.37,2941303.99,9,6
2017-11-26,10000021,11563,999999.98,999999.98,999999.98,1,1
2017-11-26,10000021,11577,8050000,8000000,8100000,2,2
2017-11-26,10000021,11578,7399994.99,7399994.99,7399994.99,1,1
2017-11-26,10000021,11640,1999166.67,1999000,2000000,6,2
2017-11-26,10000021,11648,3500000,3500000,3500000,1,1
2017-11-26,10000021,12034,40000000,40000000,40000000,1,1
2017-11-26,10000021,12052,210000,200000,220000,2,2
2017-11-26,10000021,12058,3990000,3990000,3990000,4,2
2017-11-26,10000021,12076,7599999,7599999,7599999,1,1
2017-11-26,10000021,12200,15000000,15000000,15000000,1,1
2017-11-26,10000021,12267,5000000,5000000,5000000,2,2
2017-11-26,10000021,12271,6000000,6000000,6000000,3,1
2017-11-26,10000021,12366,1000000,1000000,1000000,1,1
2017-11-26,10000021,12563,75798,75798,75798,12,1
2017-11-26,10000021,12565,85000,85000,85000,4,1
2017-11-26,10000021,12625,100,100,100,2000,1
2017-11-26,10000021,12731,299000000,299000000,299000000,1,1
2017-11-26,10000021,12785,200,200,200,2000,2
2017-11-26,10000021,12789,208.94,200,217.87,4000,2
2017-11-26,10000021,12805,470,470,470,594,1
2017-11-26,10000021,13003,4750000,4500000,5000000,2,2
2017-11-26,10000021,13216,27000000,27000000,27000000,1,1
2017-11-26,10000021,15508,48999,48999,48999,20,1
2017-11-26,10000021,16238,1900000,1900000,1900000,1,1
2017-11-26,10000021,16242,1100000,1100000,1100000,1,1
2017-11-26,10000021,16272,450,450,450,1556000,4
2017-11-26,10000021,16273,20,20,20,4694528,19
2017-11-26,10000021,16274,566.39,566.39,566.39,16800,1
2017-11-26,10000021,16275,1619,1619,1619,3000,2
2017-11-26,10000021,16475,1200000,1200000,1200000,1,1
2017-11-26,10000021,16477,2000000,2000000,2000000,1,1
2017-11-26,10000021,16678,418,418,418,1300,2
2017-11-26,10000021,17366,105000,105000,105000,1,1
2017-11-26,10000021,17476,24500000,24500000,24500000,1,1
2017-11-26,10000021,17478,15000000,15000000,15000000,1,1
2017-11-26,10000021,17480,19000000,19000000,19000000,3,1
2017-11-26,10000021,17482,2000000,2000000,2000000,4,2
2017-11-26,10000021,17715,267856333.64,261042111.38,274670555.91,4,4
2017-11-26,10000021,17843,71500000,71500000,71500000,2,2
2017-11-26,10000021,17887,1100,1100,1100,512300,14
2017-11-26,10000021,17888,900,900,900,60000,2
2017-11-26,10000021,17889,1100,1100,1100,100000,2
2017-11-26,10000021,17912,5500000,5500000,5500000,8,2
2017-11-26,10000021,17918,520000000,519999999.99,520000000,2,2
2017-11-26,10000021,17938,283333.33,200000,450000,3,3
2017-11-26,10000021,18036,85000,85000,85000,6,1
2017-11-26,10000021,18038,90000,90000,90000,6,1
2017-11-26,10000021,18040,110000,110000,110000,6,1
2017-11-26,10000021,18066,10000,10000,10000,6,1
2017-11-26,10000021,18626,299000,299000,299000,40,1
2017-11-26,10000021,19739,5169795.69,5105109.88,5202138.59,15,3
2017-11-26,10000021,19806,2000000,2000000,2000000,1,1
2017-11-26,10000021,20210,2000000,2000000,2000000,1,1
2017-11-26,10000021,20421,150000,150000,150000,32,2
2017-11-26,10000021,20424,90000,90000,90000,32,2
2017-11-26,10000021,21096,3000000,3000000,3000000,9,7
2017-11-26,10000021,21610,30000000,30000000,30000000,1,1
2017-11-26,10000021,21611,40000000,40000000,40000000,1,1
2017-11-26,10000021,21815,4211475.66,4211475.66,4211475.66,2,2
2017-11-26,10000021,21894,1200,1200,1200,10000,2
2017-11-26,10000021,22175,158387.71,75163.13,200000,3,3
2017-11-26,10000021,22177,200000,200000,200000,2,2
2017-11-26,10000021,22229,5000000,5000000,5000000,1,1
2017-11-26,10000021,22291,3000000,3000000,3000000,5,3
2017-11-26,10000021,22542,182380.1,179999,196666.67,7,3
2017-11-26,10000021,22576,193800,193800,193800,15,1
2017-11-26,10000021,23019,1200,1200,1200,5000,1
2017-11-26,10000021,23027,1499.99,1499.99,1499.99,5000,1
2017-11-26,10000021,23055,3034226.22,2999776.99,3050000,54,4
2017-11-26,10000021,23057,3000000,3000000,3000000,1,1
2017-11-26,10000021,23059,2394992,2394992,2394992,9,1
2017-11-26,10000021,23527,650839.41,476259.62,999999,3,3
2017-11-26,10000021,23533,995000,990000,1000000,2,2
2017-11-26,10000021,23618,1000000,1000000,1000000,2,2
2017-11-26,10000021,23707,20000,20000,20000,5,1
2017-11-26,10000021,24305,3333333.33,3000000,4000000,3,2
2017-11-26,10000021,24348,1302524.24,1302524.24,1302524.24,4,1
2017-11-26,10000021,24395,499999.66,249999.99,999999,3,3
2017-11-26,10000021,24417,2999999,2999999,2999999,2,2
2017-11-26,10000021,24427,2410450.68,2290676.02,2650000,6,5
2017-11-26,10000021,24443,3000000,3000000,3000000,2,1
2017-11-26,10000021,24511,600,600,600,1000,1
2017-11-26,10000021,24513,650,650,650,33378,2
2017-11-26,10000021,24535,550,550,550,9000,2
2017-11-26,10000021,24539,525.01,525.01,525.01,1500,1
2017-11-26,10000021,25588,15200,15200,15200,2,1
2017-11-26,10000021,25589,5500,5500,5500,3,1
2017-11-26,10000021,25590,100056.09,100056.09,100056.09,191,4
2017-11-26,10000021,25591,185000,185000,185000,1,1
2017-11-26,10000021,25592,13000,13000,13000,4,1
2017-11-26,10000021,25593,8800,8800,8800,5,1
2017-11-26,10000021,25594,52001,52001,52001,3,1
2017-11-26,10000021,25595,17001,17001,17001,25,1
2017-11-26,10000021,25599,1200,1200,1200,43,1
2017-11-26,10000021,25600,10000,10000,10000,226,2
2017-11-26,10000021,25601,6200,6200,6200,5,1
2017-11-26,10000021,25603,30000,30000,30000,4,1
2017-11-26,10000021,25604,18000,18000,18000,1,1
2017-11-26,10000021,25605,25000,25000,25000,2,1
2017-11-26,10000021,25618,7000.1,7000.1,7000.1,13,1
2017-11-26,10000021,25619,9000.09,9000.09,9000.09,24,1
2017-11-26,10000021,25715,2174065.45,2174065.45,2174065.45,6,1
2017-11-26,10000021,25861,85624.47,80000,112704.61,21,9
2017-11-26,10000021,27601,300000000,300000000,300000000,1,1
2017-11-26,10000021,27916,1300000,1300000,1300000,2,2
2017-11-26,10000021,28262,562856.99,489999.99,999999.01,7,3
2017-11-26,10000021,28274,1500000,1000000,1999999.99,10,2
2017-11-26,10000021,28286,4000000,4000000,4000000,3,1
2017-11-26,10000021,28290,3500000,3500000,3500000,5,1
2017-11-26,10000021,28363,65000.03,65000.03,65000.03,22,1
2017-11-26,10000021,28576,2308255.73,2308255.73,2308255.73,2,1
2017-11-26,10000021,28578,1062500,1000000,1100000,8,2
2017-11-26,10000021,28668,26990.84,26990.84,26990.84,1036,2
2017-11-26,10000021,28756,39000000.01,39000000.01,39000000.01,1,1
2017-11-26,10000021,29001,100000,100000,100000,1,1
2017-11-26,10000021,29011,90000,90000,90000,5,1
2017-11-26,10000021,30013,7800,5000,12000,40,4
2017-11-26,10000021,30486,974996.48,899997.49,1199993.48,32,5
2017-11-26,10000021,30488,710000,700000,732500,52,7
2017-11-26,10000021,30651,3000000,3000000,3000000,1,1
2017-11-26,10000021,31011,2480000,2480000,2480000,1,1
2017-11-26,10000021,31045,1198000,1198000,1198000,3,2
2017-11-26,10000021,31063,1280000,1280000,1280000,1,1
2017-11-26,10000021,31105,580000,580000,580000,1,1
2017-11-26,10000021,31113,15200000,15200000,15200000,1,1
2017-11-26,10000021,31159,2000000,2000000,2000000,2,1
2017-11-26,10000021,31177,300000,300000,300000,1,1
2017-11-26,10000021,31185,12550000,12550000,12550000,1,1
2017-11-26,10000021,31213,439848.49,400000,739090.91,6,3
2017-11-26,10000021,31238,330000,330000,330000,1,1
2017-11-26,10000021,31360,5000000,5000000,5000000,3,1
2017-11-26,10000021,31366,30000000,30000000,30000000,1,1
2017-11-26,10000021,31372,4200000,4200000,4200000,1,1
2017-11-26,10000021,31378,15000000,15000000,15000000,2,1
2017-11-26,10000021,31718,666666.67,500000,1000000,3,2
2017-11-26,10000021,31754,1290000,1290000,1290000,1,1
2017-11-26,10000021,31788,500000,500000,500000,2,2
2017-11-26,10000021,31790,5000000,5000000,5000000,6,3
2017-11-26,10000021,31796,27999999.99,27999999.99,28000000,3,2
2017-11-26,10000021,31802,3200000,3200000,3200000,3,1
2017-11-26,10000021,31866,2576532.13,2500000,3112257,32,4
2017-11-26,10000021,31868,9733416.78,9200000,10000000.01,12,4
2017-11-26,10000021,31870,6000000,5500000,7000000,15,5
2017-11-26,10000021,32787,50000,50000,50000,10,2
2017-11-26,10000021,33101,1100000,1100000,1100000,1,1
2017-11-26,10000021,33176,800000,800000,800000,2,2
2017-11-26,10000021,33180,998000,998000,998000,1,1
2017-11-26,10000021,33197,2200000,2200000,2200000,1,1
2017-11-26,10000021,33270,80000,80000,80000,1,1
2017-11-26,10000021,33474,4150000,4150000,4150000,1,1
2017-11-26,10000021,33475,11039172.84,11000000,11313382.7,8,5
2017-11-26,10000021,33681,120199999.76,105399999.51,135000000,2,2
2017-11-26,10000021,33822,999999.99,999999.99,999999.99,1,1
2017-11-26,10000021,34306,10000000,10000000,10000000,1,1
2017-11-26,10000021,34317,35000000,35000000,35000000,1,1
2017-11-26,10000021,34328,1000000000,1000000000,1000000000,1,1
2017-11-26,10000021,35656,933701.58,933701.58,933701.58,2,2
2017-11-26,10000021,35658,899999.94,899999.88,900000,2,2
2017-11-26,10000021,35659,299999.7,299999.7,299999.7,1,1
2017-11-26,10000021,35661,1999999.98,1999999.98,1999999.98,1,1
2017-11-26,10000021,35790,2384678.56,2384678.56,2384678.56,2,2
2017-11-26,10000021,35795,999449.99,999400,999499.97,2,2
2017-11-26,10000021,40556,11900000,11900000,11900000,225,18
2017-11-26,10000021,41411,42000000,42000000,42000000,1,1
2017-11-26,10000021,41489,3000,3000,3000,360,3
2017-11-26,10000021,41491,45000000,45000000,45000000,1,1
2017-11-26,10000021,41498,70000000,70000000,70000000,1,1
2017-11-26,10000021,41533,40000000,40000000,40000000,1,1
2017-11-26,10000021,42830,1500,1500,1500,10000,1
2017-11-26,10000021,45614,25000000,25000000,25000000,1,1
2017-11-26,10000021,45635,250000000,250000000,250000000,1,1
2017-11-26,10000021,46008,11366666.33,9999999,12000000,30,13
2017-11-26,10000021,46367,500000,500000,500000,6,1
2017-11-26,10000021,46371,500000,500000,500000,6,1
2017-11-26,10000022,20,1400,1400,1400,174194,13
2017-11-26,10000022,34,2.25,2.25,2.25,23090079,8
2017-11-26,10000022,35,1.28,1.28,1.28,3840278,4
2017-11-26,10000022,36,60.02,60.02,60.02,27751,1
2017-11-26,10000022,37,40.01,40.01,40.01,5155,1
2017-11-26,10000022,38,300,300,300,3373,1
2017-11-26,10000022,39,1499.99,1499.99,1499.99,47290,2
2017-11-26,10000022,40,1500,1500,1500,199940,2
2017-11-26,10000022,202,159.5,159.5,159.5,3500,2
2017-11-26,10000022,203,299.99,299.99,299.99,100,1
2017-11-26,10000022,211,500,500,500,10000,1
2017-11-26,10000022,246,100000,100000,100000,2,1
2017-11-26,10000022,440,4912200.46,4736601.39,5000000,3,3
2017-11-26,10000022,448,2362749.01,1924999.51,2800498.5,4,4
2017-11-26,10000022,452,500000,500000,500000,3,1
2017-11-26,10000022,519,1688187.5,1389000,1987375,2,2
2017-11-26,10000022,527,1533333.34,1500000,1550000.01,3,3
2017-11-26,10000022,586,1600000,1600000,1600000,1,1
2017-11-26,10000022,589,900000,900000,900000,1,1
2017-11-26,10000022,601,1000000,1000000,1000000,1,1
2017-11-26,10000022,602,1270000,990000,1550000,2,2
2017-11-26,10000022,603,700000,600000,800000,2,2
2017-11-26,10000022,605,3999999.98,3999999.98,3999999.98,1,1
2017-11-26,10000022,607,700000,700000,700000,1,1
2017-11-26,10000022,621,12500000,12000000,13000000,2,2
2017-11-26,10000022,631,10377382.57,10377382.57,10377382.57,1,1
2017-11-26,10000022,649,1500000,1500000,1500000,1,1
2017-11-26,10000022,652,2000000,2000000,2000000,1,1
2017-11-26,10000022,672,1000000,1000000,1000000,1,1
2017-11-26,10000022,1228,1000,1000,1000,1500,1
2017-11-26,10000022,1248,6499998.99,6499998.99,6499998.99,1,1
2017-11-26,10000022,1319,999999,999999,999999,1,1
2017-11-26,10000022,1335,631231.89,631231.89,631231.89,10,1
2017-11-26,10000022,1405,602565.84,600000,605131.68,6,2
2017-11-26,10000022,1422,690000,690000,690000,1,1
2017-11-26,10000022,1541,1200000,1200000,1200000,1,1
2017-11-26,10000022,1952,1200000,1200000,1200000,3,1
2017-11-26,10000022,2032,513333.33,500000,520000,3,2
2017-11-26,10000022,2038,1140000.01,1140000.01,1140000.01,1,1
2017-11-26,10000022,2048,1247187.6,900000,3277503.83,8,6
2017-11-26,10000022,2175,1461554.61,1386176.45,2000000,14,5
2017-11-26,10000022,2185,1050000,1050000,1050000,5,1
2017-11-26,10000022,2195,2300000,2300000,2300000,21,3
2017-11-26,10000022,2205,706551.38,590999.48,990000,29,4
2017-11-26,10000022,2299,1700000,1700000,1700000,1,1
2017-11-26,10000022,2393,530,530,530,1000,1
2017-11-26,10000022,2454,50000,50000,50000,6,1
2017-11-26,10000022,2456,752344.83,500000,987000,29,7
2017-11-26,10000022,2466,998000,998000,998000,3,1
2017-11-26,10000022,2486,220000,220000,220000,5,1
2017-11-26,10000022,2488,580421.27,498999.65,799999,83,10
2017-11-26,10000022,2525,899000,899000,899000,1,1
2017-11-26,10000022,2539,1300000,1300000,1300000,1,1
2017-11-26,10000022,2559,2600000,2600000,2600000,1,1
2017-11-26,10000022,2563,2600000,2600000,2600000,1,1
2017-11-26,10000022,2571,2600000,2600000,2600000,3,3
2017-11-26,10000022,2575,2600000,2600000,2600000,1,1
2017-11-26,10000022,2605,799333.33,400000,999000,3,2
2017-11-26,10000022,2867,2300000,2300000,2300000,100,1
2017-11-26,10000022,2868,3000000,3000000,3000000,100,1
2017-11-26,10000022,2869,1400000,1400000,1400000,100,1
2017-11-26,10000022,2870,1200000,1200000,1200000,199,2
2017-11-26,10000022,2871,1900000,1900000,1900000,100,1
2017-11-26,10000022,2872,3400000,3400000,3400000,100,1
2017-11-26,10000022,2875,1600000,1600000,1600000,121,2
2017-11-26,10000022,2876,2850000,2850000,2850000,100,1
2017-11-26,10000022,3074,1140811.03,1140811.03,1140811.03,2,1
2017-11-26,10000022,3242,250000.01,250000.01,250000.01,1,1
2017-11-26,10000022,3244,1921811.1,1886173.3,2100000,6,6
2017-11-26,10000022,3256,6700000,6700000,6700000,1,1
2017-11-26,10000022,3301,200000,200000,200000,1,1
2017-11-26,10000022,3340,3000000,3000000,3000000,1,1
2017-11-26,10000022,3356,1000000,1000000,1000000,1,1
2017-11-26,10000022,3357,1000000,1000000,1000000,1,1
2017-11-26,10000022,3361,1500000,1500000,1500000,1,1
2017-11-26,10000022,3429,1900000,1900000,1900000,1,1
2017-11-26,10000022,3433,300000,300000,300000,1,1
2017-11-26,10000022,3467,350000,350000,350000,2,1
2017-11-26,10000022,3504,2986998.99,2986998.99,2986998.99,1,1
2017-11-26,10000022,3540,2099998.76,2099998.76,2099998.76,1,1
2017-11-26,10000022,3568,1126499.51,852999.01,1400000,2,2
2017-11-26,10000022,3814,500000,500000,500000,5,1
2017-11-26,10000022,3841,1494269.3,1300000,1650000,7,3
2017-11-26,10000022,4258,2300000,2300000,2300000,1,1
2017-11-26,10000022,4260,2699980,2699980,2699980,1,1
2017-11-26,10000022,4403,499999.99,499999.99,499999.99,1,1
2017-11-26,10000022,4405,1784422.48,1568844.96,2000000,4,3
2017-11-26,10000022,5137,395555,395555,395555,2,2
2017-11-26,10000022,5439,300000,300000,300000,1,1
2017-11-26,10000022,5839,3200000,3200000,3200000,1,1
2017-11-26,10000022,5971,374999.5,150000,599999,2,2
2017-11-26,10000022,5973,1000,1000,1000,1,1
2017-11-26,10000022,6001,193999.2,193999.2,193999.2,1,1
2017-11-26,10000022,6003,50000,50000,50000,2,2
2017-11-26,10000022,6005,99959.41,99959.41,99959.41,1,1
2017-11-26,10000022,6135,150000,150000,150000,1,1
2017-11-26,10000022,8007,240000,240000,240000,31,1
2017-11-26,10000022,8517,3200000,3200000,3200000,1,1
2017-11-26,10000022,8521,1999997.99,1999997.99,1999997.99,1,1
2017-11-26,10000022,8529,438000,438000,438000,1,1
2017-11-26,10000022,8748,279999.99,279999.99,279999.99,5,1
2017-11-26,10000022,9632,958058.27,958058.27,958058.27,1,1
2017-11-26,10000022,9646,235999,235999,235999,1,1
2017-11-26,10000022,9826,0.02,0.02,0.02,20,2
2017-11-26,10000022,10850,999999.99,999999.99,999999.99,1,1
2017-11-26,10000022,10872,100000,100000,100000,1,1
2017-11-26,10000022,10998,600000,600000,600000,2,1
2017-11-26,10000022,11129,95247.46,76237.31,100000,10,4
2017-11-26,10000022,11132,300000,300000,300000,1,1
2017-11-26,10000022,11182,40000000,40000000,40000000,1,1
2017-11-26,10000022,11186,39000000,39000000,39000000,1,1
2017-11-26,10000022,11188,37999999.88,37999999.88,37999999.88,1,1
2017-11-26,10000022,11192,40000000,40000000,40000000,1,1
2017-11-26,10000022,11269,1139560.22,979120.44,1300000,2,2
2017-11-26,10000022,11370,2266666,2000000,2799998,3,3
2017-11-26,10000022,11563,500000,500000,500000,2,1
2017-11-26,10000022,11577,5150000,5100000,5200000,2,2
2017-11-26,10000022,11578,7179999.4,6500000,7949999,5,5
2017-11-26,10000022,11640,1366666.67,1100000,1500000,6,2
2017-11-26,10000022,12058,3061165.95,3061165.95,3061165.95,1,1
2017-11-26,10000022,12274,100000,100000,100000,2,1
2017-11-26,10000022,12441,500000,500000,500000,1,1
2017-11-26,10000022,12612,200,200,200,2000,1
2017-11-26,10000022,12614,60,60,60,2000,1
2017-11-26,10000022,12618,350,350,350,1000,1
2017-11-26,10000022,12777,171.49,171.49,171.49,1200,1
2017-11-26,10000022,12787,799.99,799.99,799.99,1000,1
2017-11-26,10000022,12789,115,115,115,200,1
2017-11-26,10000022,12791,389.38,389.38,389.38,2560,1
2017-11-26,10000022,14074,18784493.66,18784493.66,18784493.66,1,1
2017-11-26,10000022,15331,1.42,1.42,1.42,2,1
2017-11-26,10000022,15587,4500,4500,4500,11,1
2017-11-26,10000022,15588,8000,8000,8000,5,1
2017-11-26,10000022,15589,15000,15000,15000,1,1
2017-11-26,10000022,15590,20000,20000,20000,1,1
2017-11-26,10000022,15617,4500,4500,4500,14,1
2017-11-26,10000022,15618,8000,8000,8000,16,1
2017-11-26,10000022,15619,15000,15000,15000,9,1
2017-11-26,10000022,15620,20000,20000,20000,6,1
2017-11-26,10000022,15622,45000,45000,45000,12,1
2017-11-26,10000022,15623,50000,50000,50000,2,2
2017-11-26,10000022,15642,60000,60000,60000,1,1
2017-11-26,10000022,15671,750000,750000,750000,18,1
2017-11-26,10000022,15889,41000000,41000000,41000000,1,1
2017-11-26,10000022,16001,30000,30000,30000,16,1
2017-11-26,10000022,16118,65000,65000,65000,225,10
2017-11-26,10000022,16120,35000,35000,35000,75,10
2017-11-26,10000022,16121,65000,65000,65000,112,10
2017-11-26,10000022,16122,150000,150000,150000,56,9
2017-11-26,10000022,16123,200000,200000,200000,45,10
2017-11-26,10000022,16124,1000000,1000000,1000000,203,10
2017-11-26,10000022,16125,2000000,2000000,2000000,75,10
2017-11-26,10000022,16242,669333.32,7999.97,1000000,3,2
2017-11-26,10000022,16273,194,194,194,176874,36
2017-11-26,10000022,16274,1280,1280,1280,55000,3
2017-11-26,10000022,16275,6490,6490,6490,150,3
2017-11-26,10000022,17366,1000000,1000000,1000000,7,3
2017-11-26,10000022,17480,26000000,26000000,26000000,1,1
2017-11-26,10000022,17887,990,990,990,480000,10
2017-11-26,10000022,17888,990,990,990,714330,3
2017-11-26,10000022,17889,1461,1461,1461,39330,5
2017-11-26,10000022,17894,50000.12,50000.12,50000.12,3,2
2017-11-26,10000022,17918,410000000,410000000,410000000,1,1
2017-11-26,10000022,17938,101000,89000,150000,5,3
2017-11-26,10000022,19187,72999999.99,72999999.99,72999999.99,1,1
2017-11-26,10000022,19744,3999999,3999999,3999999,1,1
2017-11-26,10000022,19760,500000,500000,500000,1,1
2017-11-26,10000022,20413,10000.03,10000.03,10000.03,22,2
2017-11-26,10000022,20414,10000.05,10000.05,10000.05,31,2
2017-11-26,10000022,20415,5000.05,5000.05,5000.05,7,1
2017-11-26,10000022,20416,5000.14,5000.14,5000.14,7,1
2017-11-26,10000022,20421,25000.01,25000.01,25000.01,11,1
2017-11-26,10000022,20424,5000.29,5000.29,5000.29,8,1
2017-11-26,10000022,21096,3128437.6,2878999.9,3500000.76,16,13
2017-11-26,10000022,21603,41200000,41200000,41200000,1,1
2017-11-26,10000022,21638,1338709.68,1000000,1350000,31,5
2017-11-26,10000022,21640,1000000,1000000,1000000,5,1
2017-11-26,10000022,21740,1249.98,1249.98,1249.98,1000,1
2017-11-26,10000022,22175,183333.33,150000,200000,3,3
2017-11-26,10000022,22177,211996.63,80494.95,450000,6,6
2017-11-26,10000022,22291,1200000,1200000,1200000,3,1
2017-11-26,10000022,23025,752.33,719.66,785,2000,2
2017-11-26,10000022,23055,4500000,4500000,4500000,39,2
2017-11-26,10000022,23061,3441983.59,3441983.59,3441983.59,9,2
2017-11-26,10000022,23159,0.1,0.1,0.1,49,1
2017-11-26,10000022,23160,0.1,0.1,0.1,18,1
2017-11-26,10000022,23161,0.1,0.1,0.1,25,1
2017-11-26,10000022,23707,38695.27,30000,49999.12,23,4
2017-11-26,10000022,23731,30000,30000,30000,10,2
2017-11-26,10000022,24417,1500000,1500000,1500000,1,1
2017-11-26,10000022,24427,2500000,2500000,2500000,1,1
2017-11-26,10000022,24486,150,150,150,23000,3
2017-11-26,10000022,24493,295,295,295,20000,1
2017-11-26,10000022,24509,500,500,500,20000,2
2017-11-26,10000022,24513,500,500,500,50965,1
2017-11-26,10000022,25590,16925.03,16925.03,16925.03,254,2
2017-11-26,10000022,25592,10000,10000,10000,280,2
2017-11-26,10000022,25594,46000,46000,46000,21,1
2017-11-26,10000022,25597,3000,3000,3000,202,2
2017-11-26,10000022,25599,600,600,600,258,2
2017-11-26,10000022,25600,20000,20000,20000,262,2
2017-11-26,10000022,25601,2000,2000,2000,374,2
2017-11-26,10000022,25603,22000,22000,22000,18,1
2017-11-26,10000022,25605,29000,29000,29000,128,2
2017-11-26,10000022,25609,189000.03,189000.03,189000.03,14,4
2017-11-26,10000022,25611,55000.05,55000.05,55000.05,12,3
2017-11-26,10000022,25616,5311.59,5311.59,5311.59,52,4
2017-11-26,10000022,25617,251300.07,251300.07,251300.07,45,4
2017-11-26,10000022,25618,6943.41,6943.41,6943.41,27,3
2017-11-26,10000022,25619,190000.03,190000.03,190000.03,20,3
2017-11-26,10000022,25620,51801.29,30210,55000,62,3
2017-11-26,10000022,25624,3900192.28,3831005.88,4200000.02,80,7
2017-11-26,10000022,25715,1500000,1500000,1500000,6,1
2017-11-26,10000022,25861,999999.99,999999.99,999999.99,3,1
2017-11-26,10000022,25898,10999999,10999999,10999999,1,1
2017-11-26,10000022,27315,1450,1450,1450,5500,4
2017-11-26,10000022,27321,1450,1450,1450,6475,5
2017-11-26,10000022,27327,1450,1450,1450,5000,2
2017-11-26,10000022,27361,1143.85,1143.85,1143.85,4000,3
2017-11-26,10000022,27371,1900,1900,1900,500,1
2017-11-26,10000022,27381,1148.38,1148.38,1148.38,6500,3
2017-11-26,10000022,27387,1062.7,1062.7,1062.7,7000,4
2017-11-26,10000022,27395,2612.5,2612.5,2612.5,2000,1
2017-11-26,10000022,27423,2300,2300,2300,3500,1
2017-11-26,10000022,27920,1100000,1100000,1100000,1,1
2017-11-26,10000022,27924,1000000,1000000,1000000,12,5
2017-11-26,10000022,28209,1200000,1200000,1200000,8,1
2017-11-26,10000022,28211,822222.22,600000,1000000,9,3
2017-11-26,10000022,28213,1186666.26,999998.99,1200000,15,3
2017-11-26,10000022,28576,2000000,2000000,2000000,2,1
2017-11-26,10000022,28668,27500,27500,27900,1384,10
2017-11-26,10000022,28758,35991000,35991000,35991000,1,1
2017-11-26,10000022,29011,20000,20000,20000,1,1
2017-11-26,10000022,29248,2399500.01,1999000,2800000.01,2,2
2017-11-26,10000022,30013,28402.51,24999.99,28996.97,32,5
2017-11-26,10000022,30486,750000,750000,750000,8,1
2017-11-26,10000022,30488,692679.13,550000,948996.99,75,10
2017-11-26,10000022,30744,200000,200000,200000,430,2
2017-11-26,10000022,30745,500000,500000,500000,326,3
2017-11-26,10000022,30746,1500000,1500000,1500000,154,2
2017-11-26,10000022,30747,5000000,5000000,5000000,77,1
2017-11-26,10000022,30832,1390000,1390000,1390000,2,2
2017-11-26,10000022,30834,1992500,1985000,1999999.99,4,2
2017-11-26,10000022,30987,819999.98,819999.98,819999.98,1,1
2017-11-26,10000022,31009,579791,469582,689999.99,2,2
2017-11-26,10000022,31039,11499999.95,11499999.95,11499999.95,1,1
2017-11-26,10000022,31047,2689995.9,2689995.9,2689995.9,5,3
2017-11-26,10000022,31051,11999999,11999999,11999999,1,1
2017-11-26,10000022,31055,1250000,1250000,1250000,1,1
2017-11-26,10000022,31057,9073497,9073497,9073497,1,1
2017-11-26,10000022,31063,614999.5,599999,630000,2,2
2017-11-26,10000022,31069,11999998.99,11999998.99,11999998.99,1,1
2017-11-26,10000022,31111,6500000,6500000,6500000,1,1
2017-11-26,10000022,31119,1500000,1500000,1500000,3,1
2017-11-26,10000022,31153,450000,450000,450000,2,1
2017-11-26,10000022,31201,360000,330000,420000,3,3
2017-11-26,10000022,31213,419999.5,240000,599999,4,2
2017-11-26,10000022,31220,5000000,5000000,5000000,1,1
2017-11-26,10000022,31238,275000,275000,275000,2,2
2017-11-26,10000022,31274,1289999.99,1289999.99,1289999.99,1,1
2017-11-26,10000022,31358,747963,745926,749999.99,4,3
2017-11-26,10000022,31360,4000000,4000000,4000000,1,1
2017-11-26,10000022,31364,4899999.78,4899999.78,4899999.78,1,1
2017-11-26,10000022,31372,1656131.7,1656131.7,1656131.7,3,1
2017-11-26,10000022,31378,16991002,16991002,16991002,1,1
2017-11-26,10000022,31486,3999999.02,3999999.02,3999999.02,1,1
2017-11-26,10000022,31682,1199999.98,1199999.98,1199999.98,5,1
2017-11-26,10000022,31716,144000,144000,144000,1,1
2017-11-26,10000022,31722,2800000.01,2800000.01,2800000.01,1,1
2017-11-26,10000022,31788,500000,500000,500000,2,2
2017-11-26,10000022,31790,1800000,1800000,1800000,12,2
2017-11-26,10000022,31874,3500000,3500000,3500000,2,1
2017-11-26,10000022,31878,3450000,3450000,3450000,3,1
2017-11-26,10000022,31882,2450000,2450000,2450000,2,1
2017-11-26,10000022,31886,3000000,3000000,3000000,5,1
2017-11-26,10000022,31890,2700000,2600000,3000000,4,2
2017-11-26,10000022,31930,20000000,20000000,20000000,1,1
2017-11-26,10000022,31998,93750,75000,300000,24,3
2017-11-26,10000022,32006,164096.07,129999.98,198888,99,5
2017-11-26,10000022,33009,399999,399999,399999,3,1
2017-11-26,10000022,33076,835999.84,440000,999999,5,4
2017-11-26,10000022,33101,869949.5,869949.5,869949.5,2,2
2017-11-26,10000022,33176,997999.62,997999.62,997999.62,1,1
2017-11-26,10000022,33180,800000,800000,800000,1,1
2017-11-26,10000022,33468,78843999.79,77500000,78930499.99,5,5
2017-11-26,10000022,33474,2500000,2500000,2500000,1,1
2017-11-26,10000022,33475,9090909.09,6300000,11500000,22,8
2017-11-26,10000022,33577,500000,500000,500000,50,1
2017-11-26,10000022,33915,789947.98,789947.98,789947.98,1,1
2017-11-26,10000022,34201,10000.05,10000.05,10000.05,3,1
2017-11-26,10000022,34202,25000.06,25000.06,25000.06,1,1
2017-11-26,10000022,34203,100000.1,100000.1,100000.1,5,2
2017-11-26,10000022,34204,8000,8000,8000,2,2
2017-11-26,10000022,34205,10000.05,10000.05,10000.05,2,2
2017-11-26,10000022,34206,70000.05,70000.05,70000.05,2,2
2017-11-26,10000022,34208,100005.14,100005.14,100005.14,1,1
2017-11-26,10000022,35659,300000,300000,300000,1,1
2017-11-26,10000022,35661,500471.46,500471.46,500471.46,2,2
2017-11-26,10000022,41057,4076166.33,4000000,4114249.5,3,3
2017-11-26,10000022,42832,998.38,998.38,998.38,1000,1
2017-11-26,10000022,42833,996.78,996.78,996.78,1000,1
2017-11-26,10000022,46008,9256031.05,8200000,13480155.25,10,7
2017-11-26,10000022,46153,17500000,17500000,17500000,1,1
2017-11-26,10000022,46155,29999999,29999999,29999999,1,1
2017-11-26,10000022,46156,33000000,33000000,33000000,1,1
2017-11-26,10000023,20,1099.87,1099.85,1099.87,56000,7
2017-11-26,10000023,22,3500.31,3500.31,3500.31,45,1
2017-11-26,10000023,34,4.08,4.08,4.08,6645146,23
2017-11-26,10000023,35,3.5,3.5,3.5,1849867,20
2017-11-26,10000023,36,85,85,85,122057,9
2017-11-26,10000023,37,46.93,46.93,46.93,53367,7
2017-11-26,10000023,38,320.04,320.04,320.04,10679,6
2017-11-26,10000023,39,887.5,887.5,887.5,7415,12
2017-11-26,10000023,40,994.59,994.59,1999.64,1039,15
2017-11-26,10000023,181,15.91,15.91,15.91,200,1
2017-11-26,10000023,184,1.98,1.98,1.98,100,1
2017-11-26,10000023,185,25.5,25.06,25.5,27500,7
2017-11-26,10000023,193,10,10,10,2289,1
2017-11-26,10000023,203,398.63,398.63,398.63,2000,1
2017-11-26,10000023,207,3.71,3.71,3.71,500,1
2017-11-26,10000023,208,60,60,60,500,1
2017-11-26,10000023,209,150,150,150,8965,3
2017-11-26,10000023,210,10.81,10.81,10.81,142868,4
2017-11-26,10000023,211,49.89,49.89,49.89,400,1
2017-11-26,10000023,212,1,1,1,6995,4
2017-11-26,10000023,213,198.77,198.77,198.77,1580,3
2017-11-26,10000023,215,55,55,55,10000,3
2017-11-26,10000023,217,50,50,50,7000,1
2017-11-26,10000023,222,30.04,30.04,30.04,31174,13
2017-11-26,10000023,230,98.76,98.76,98.76,3476,4
2017-11-26,10000023,250,5499.99,5499.99,5499.99,3,1
2017-11-26,10000023,263,800,800,800,250,1
2017-11-26,10000023,264,49,49,49,7,1
2017-11-26,10000023,266,7.65,7.65,7.65,100,1
2017-11-26,10000023,377,500000,500000,500000,2,2
2017-11-26,10000023,380,1092926.36,1077998.95,1123453.76,10,6
2017-11-26,10000023,394,956665.99,935000,999997.97,3,2
2017-11-26,10000023,400,707727.45,707727.45,707727.45,1,1
2017-11-26,10000023,434,390396,315000,440659.99,5,5
2017-11-26,10000023,439,85000,45000,124999.99,2,2
2017-11-26,10000023,440,4969355.43,2504549.29,5915268.99,8,8
2017-11-26,10000023,442,499999.99,499999.99,499999.99,2,2
2017-11-26,10000023,444,300000,300000,300000,1,1
2017-11-26,10000023,447,134999.96,134999.96,134999.96,2,2
2017-11-26,10000023,448,2048303.48,1726954.38,2449989.95,9,8
2017-11-26,10000023,458,288750,288750,288750,3,1
2017-11-26,10000023,482,1899998.87,1899998.87,1899998.87,2,1
2017-11-26,10000023,483,81553.56,53883.91,99999.99,5,3
2017-11-26,10000023,484,2.09,2.09,2.09,2,2
2017-11-26,10000023,487,499999.99,499999.99,499999.99,9,2
2017-11-26,10000023,488,185000,185000,185000,6,2
2017-11-26,10000023,499,27876.47,21850,56000,17,3
2017-11-26,10000023,519,1250004.19,810005.61,1600005.57,24,9
2017-11-26,10000023,523,148999.99,148999.99,148999.99,2,1
2017-11-26,10000023,527,1916870.04,866751.29,2091889.5,7,6
2017-11-26,10000023,533,500000.01,500000.01,500000.01,1,1
2017-11-26,10000023,562,43407.09,37999,48815.18,4,3
2017-11-26,10000023,564,58999,58999,58999,6,2
2017-11-26,10000023,565,89468.37,89468.37,89468.37,5,1
2017-11-26,10000023,577,900000.01,900000.01,900000.01,1,1
2017-11-26,10000023,582,25000,25000,25000,1,1
2017-11-26,10000023,583,155134.2,40046.12,500398.42,4,3
2017-11-26,10000023,584,550001,550001,550001,10,6
2017-11-26,10000023,585,576782.56,399998.99,585000,23,11
2017-11-26,10000023,591,190002.43,190002.43,190002.43,1,1
2017-11-26,10000023,593,541771.06,541771.06,541771.06,1,1
2017-11-26,10000023,594,524988.25,524988.25,524988.25,1,1
2017-11-26,10000023,596,25000,25000,25000,1,1
2017-11-26,10000023,597,558331.85,475000,724995.55,3,3
2017-11-26,10000023,602,673178.47,549000,999999.99,4,4
2017-11-26,10000023,603,587999.83,587999.83,587999.83,4,4
2017-11-26,10000023,605,635499,635499,635499,2,2
2017-11-26,10000023,607,1130003.69,557299,2756853.96,4,4
2017-11-26,10000023,608,420977.81,286922.01,526001,14,11
2017-11-26,10000023,609,283333.4,150000.1,550000,3,3
2017-11-26,10000023,620,5666670,3000010,7000000,3,3
2017-11-26,10000023,621,8650000.9,8500001.13,9250000,10,8
2017-11-26,10000023,622,5555000.01,5555000.01,5555000.01,1,1
2017-11-26,10000023,624,10100000,10100000,10100000,1,1
2017-11-26,10000023,625,8200000.13,8200000.13,8200000.13,2,1
2017-11-26,10000023,626,9655510.97,6888777.5,11499999.95,5,5
2017-11-26,10000023,628,3750000.01,3750000.01,3750000.01,1,1
2017-11-26,10000023,629,5013000.09,5013000.09,5013000.09,1,1
2017-11-26,10000023,631,1250000.02,1250000.02,1250000.02,1,1
2017-11-26,10000023,632,8000000.22,8000000.22,8000000.22,1,1
2017-11-26,10000023,634,1510000,1510000,1510000,1,1
2017-11-26,10000023,639,100000601,100000601,100000601,1,1
2017-11-26,10000023,640,100000008.02,100000007.52,100000008.51,2,2
2017-11-26,10000023,642,149000000,149000000,149000000,1,1
2017-11-26,10000023,645,80666664.71,80666664.71,80666664.71,1,1
2017-11-26,10000023,648,1400000,1400000,1400000,2,2
2017-11-26,10000023,649,2200000,2200000,2200000,6,6
2017-11-26,10000023,650,1399999.8,1399999,1400000,5,5
2017-11-26,10000023,652,1400000,1400000,1400000,4,4
2017-11-26,10000023,653,1500000,1500000,1500000,1,1
2017-11-26,10000023,654,1776675.59,1265013.39,2800000,3,3
2017-11-26,10000023,655,1031782,156555,1907008.99,4,3
2017-11-26,10000023,656,3000000,3000000,3000000,1,1
2017-11-26,10000023,657,1740252.57,600003.96,1930294,7,7
2017-11-26,10000023,672,62115.36,62115.36,62115.36,1,1
2017-11-26,10000023,1182,144441,144441,144441,3,3
2017-11-26,10000023,1183,930498.64,799998.68,1321998.5,4,3
2017-11-26,10000023,1195,179047.6,179047.6,179047.6,4,1
2017-11-26,10000023,1201,99230.9,65000,150000,26,7
2017-11-26,10000023,1228,489.99,489.99,489.99,4500,3
2017-11-26,10000023,1230,410,410,410,7000,3
2017-11-26,10000023,1236,718894.51,718894.49,718894.54,3,2
2017-11-26,10000023,1244,447485,394994,499975.99,2,2
2017-11-26,10000023,1246,500000,500000,500000,1,1
2017-11-26,10000023,1248,1749992,1749992,1749992,2,1
2017-11-26,10000023,1306,300000.89,300000.89,300000.89,2,2
2017-11-26,10000023,1317,623076.41,399998.9,900000,13,5
2017-11-26,10000023,1319,691437.58,683999.32,800000,89,24
2017-11-26,10000023,1333,25499.99,25499.99,25499.99,1,1
2017-11-26,10000023,1335,665384.69,200001.14,749999.88,13,5
2017-11-26,10000023,1355,500009.64,275014.46,949999.99,3,3
2017-11-26,10000023,1403,671423.39,499990.92,900000.01,7,4
2017-11-26,10000023,1405,1306987.07,849541.12,1500000,51,23
2017-11-26,10000023,1422,805000,805000,805000,1,1
2017-11-26,10000023,1447,453326.3,179989.98,999998.95,3,2
2017-11-26,10000023,1539,49000,49000,49000,5,1
2017-11-26,10000023,1541,1472169.83,1472169.83,1472169.83,1,1
2017-11-26,10000023,1547,499999.02,499999.02,499999.02,1,1
2017-11-26,10000023,1563,1200000,1200000,1200000,1,1
2017-11-26,10000023,1824,10,10,10,100,1
2017-11-26,10000023,1877,1217282.62,960005.07,1495999.97,25,13
2017-11-26,10000023,1944,600050.02,600050.02,600050.02,1,1
2017-11-26,10000023,1952,1825700,950000,1922999.99,10,9
2017-11-26,10000023,1969,1260070.43,750176.07,1600000,5,2
2017-11-26,10000023,1973,57999.95,57999.95,57999.95,2,2
2017-11-26,10000023,1978,2003990.39,1500000,2129987.99,5,4
2017-11-26,10000023,1987,1178888.8,1111111,1449999.99,5,3
2017-11-26,10000023,1999,978999,978999,978999,1,1
2017-11-26,10000023,2024,3086446.1,3086446.1,3086446.1,1,1
2017-11-26,10000023,2032,698098.9,549999.6,845887.84,12,12
2017-11-26,10000023,2046,33199.43,1,43998.83,15,15
2017-11-26,10000023,2048,554312.67,370010.1,645000,48,37
2017-11-26,10000023,2109,2699998,2699998,2699998,1,1
2017-11-26,10000023,2161,52004.99,52004.99,52004.99,1,1
2017-11-26,10000023,2175,1250000,1250000,1250000,5,1
2017-11-26,10000023,2183,49199,49199,49199,12,4
2017-11-26,10000023,2185,827504.58,610008.69,1000000,36,15
2017-11-26,10000023,2193,250000,250000,250000,10,1
2017-11-26,10000023,2203,32949.98,6000,59899.96,4,3
2017-11-26,10000023,2205,475977.09,272024.31,600000,68,15
2017-11-26,10000023,2281,2337125.82,100000,3150000,22,18
2017-11-26,10000023,2297,2476080.18,2476080.18,2476080.18,1,1
2017-11-26,10000023,2299,3499999.98,3499999.97,3499999.99,4,4
2017-11-26,10000023,2301,2622364.38,1197152.91,2974989.8,12,10
2017-11-26,10000023,2303,2407879.34,655155.39,2700000,7,6
2017-11-26,10000023,2317,8000.03,8000.03,8000.03,3965,1
2017-11-26,10000023,2319,5000,5000,5000,8370,2
2017-11-26,10000023,2328,9879,9879,9879,4950,2
2017-11-26,10000023,2364,5784287.06,1492865.24,7929997.97,3,2
2017-11-26,10000023,2396,348.99,348.99,348.99,4232,2
2017-11-26,10000023,2403,9499998.21,9499998.21,9499998.21,1,1
2017-11-26,10000023,2404,1475434.19,152097.98,1595311.23,24,7
2017-11-26,10000023,2406,9999999.99,9999999.99,9999999.99,1,1
2017-11-26,10000023,2420,7913136.44,7800000,7997988.77,7,3
2017-11-26,10000023,2436,1978253.6,979667.98,2448000,25,6
2017-11-26,10000023,2446,2920525.12,1850000,3098945.98,7,3
2017-11-26,10000023,2454,28185.93,10999.98,32997.99,32,8
2017-11-26,10000023,2456,666091.88,450000,780997.95,54,15
2017-11-26,10000023,2464,6537.08,5375,31998,56,6
2017-11-26,10000023,2466,743882.63,280297.73,780000,64,12
2017-11-26,10000023,2486,41627.37,37998,57746.13,31,10
2017-11-26,10000023,2488,424898.99,424898,487990.99,229,34
2017-11-26,10000023,2505,9999999.72,9999999.72,9999999.72,1,1
2017-11-26,10000023,2512,7.29,7.29,7.29,1000,1
2017-11-26,10000023,2524,350000.69,350000.69,350000.69,3,2
2017-11-26,10000023,2539,1564973.21,1564973.21,1564973.21,3,3
2017-11-26,10000023,2547,2499998.89,2499998.89,2499998.89,1,1
2017-11-26,10000023,2549,467142.81,300000,1500000,7,4
2017-11-26,10000023,2550,400000,400000,400000,1,1
2017-11-26,10000023,2551,316666.66,150000,399999.99,3,3
2017-11-26,10000023,2553,1150000,1150000,1150000,3,3
2017-11-26,10000023,2559,2699491.47,1100000.16,4298982.78,4,2
2017-11-26,10000023,2563,2779993.97,2779993.97,2779993.97,4,2
2017-11-26,10000023,2567,3999994.98,3999994.98,3999994.98,1,1
2017-11-26,10000023,2575,2114736.3,503893.98,4530999.78,10,3
2017-11-26,10000023,2603,196868.75,14990,499999.99,8,6
2017-11-26,10000023,2605,543310.81,472999.4,850000,29,15
2017-11-26,10000023,2613,248.35,248.35,248.35,9641,5
2017-11-26,10000023,2629,899.84,899.84,899.84,25000,2
2017-11-26,10000023,2679,254.66,254.66,254.66,13600,2
2017-11-26,10000023,2817,140,140,140,9200,2
2017-11-26,10000023,2870,1492307.69,1400000,1500000,13,2
2017-11-26,10000023,2873,839000,839000,839000,4,1
2017-11-26,10000023,2876,2900000,2900000,2900000,10,1
2017-11-26,10000023,2881,50000.67,50000.67,50000.67,2,1
2017-11-26,10000023,2889,819248.82,490000.3,928998,12,4
2017-11-26,10000023,2905,930976.38,930976.38,930976.38,2,1
2017-11-26,10000023,2937,2999999.67,2999999.67,2999999.67,5,2
2017-11-26,10000023,2969,3374999.99,3374999.99,3375000,7,2
2017-11-26,10000023,2977,1666394.13,1429882.06,2099999.59,17,4
2017-11-26,10000023,3017,1125248.54,1125248.54,1125248.54,4,1
2017-11-26,10000023,3025,100000.59,100000.59,100000.59,6,1
2017-11-26,10000023,3041,426870.04,104742.19,748997.89,4,3
2017-11-26,10000023,3074,929335.84,588009.78,1099998.87,18,3
2017-11-26,10000023,3082,2442926.92,2414394.41,2499991.95,18,5
2017-11-26,10000023,3170,965999.25,948998.9,999999.94,6,3
2017-11-26,10000023,3178,964488.31,949099.84,987939.29,18,5
2017-11-26,10000023,3242,73999.99,73999.99,73999.99,3,1
2017-11-26,10000023,3244,17362204.68,1590000,157800000,10,10
2017-11-26,10000023,3256,17999999.67,9000000,22499999.5,3,3
2017-11-26,10000023,3265,10070587.18,7800000,14611761.54,3,2
2017-11-26,10000023,3293,129998.98,129998.98,129998.98,2,2
2017-11-26,10000023,3297,104666.67,48000,150000,9,4
2017-11-26,10000023,3304,300000,300000,300000,1,1
2017-11-26,10000023,3305,999999.98,999999.98,999999.98,1,1
2017-11-26,10000023,3306,300000,300000,300000,1,1
2017-11-26,10000023,3316,75000,75000,75000,1,1
2017-11-26,10000023,3329,373333.33,120000,500000,3,3
2017-11-26,10000023,3330,120000,120000,120000,3,3
2017-11-26,10000023,3331,100000,100000,100000,1,1
2017-11-26,10000023,3334,429618,429618,429618,1,1
2017-11-26,10000023,3335,1950000,1950000,1950000,1,1
2017-11-26,10000023,3338,4599549.6,4599549.6,4599549.6,3,3
2017-11-26,10000023,3342,600000,600000,600000,1,1
2017-11-26,10000023,3350,4999999.98,4999999.98,4999999.98,1,1
2017-11-26,10000023,3351,4999999.98,4999999.98,4999999.98,1,1
2017-11-26,10000023,3352,9900000.03,9900000.03,9900000.03,1,1
2017-11-26,10000023,3355,360000,80000,500000,3,3
2017-11-26,10000023,3356,60000,60000,60000,1,1
2017-11-26,10000023,3357,500000,500000,500000,2,2
2017-11-26,10000023,3388,244452.4,244452.4,244452.4,1,1
2017-11-26,10000023,3405,999999.99,999999.99,999999.99,1,1
2017-11-26,10000023,3421,390000,390000,390000,1,1
2017-11-26,10000023,3433,7999999.99,7999999.99,7999999.99,1,1
2017-11-26,10000023,3434,499999.99,499999.99,499999.99,1,1
2017-11-26,10000023,3438,800000,800000,800000,1,1
2017-11-26,10000023,3451,120000,120000,120000,1,1
2017-11-26,10000023,3488,1790372.01,1790372.01,1790372.01,1,1
2017-11-26,10000023,3496,3999236.07,3999236.07,3999236.07,1,1
2017-11-26,10000023,3504,4154917.39,4039889.98,4499999.59,4,4
2017-11-26,10000023,3530,1468517.59,1397529.19,1799999.89,5,5
2017-11-26,10000023,3552,9999.98,9999.98,9999.98,64,1
2017-11-26,10000023,3554,5500,5500,5500,100,1
2017-11-26,10000023,3566,900000,900000,900000,1,1
2017-11-26,10000023,3568,864009.45,304015.91,1494998.99,6,5
2017-11-26,10000023,3598,1399999,1399999,1399999,2,2
2017-11-26,10000023,3691,11999,11999,11999,1540,1
2017-11-26,10000023,3814,124544.09,124544.09,124544.09,1,1
2017-11-26,10000023,3828,10499.94,10400,10499.95,10615,5
2017-11-26,10000023,3829,72729.84,69899.99,88997,13,10
2017-11-26,10000023,3831,1318797.67,991900,1598995.68,13,9
2017-11-26,10000023,3839,46999.99,46999.99,46999.99,4,2
2017-11-26,10000023,3841,1370642.19,980150,1499798.97,28,16
2017-11-26,10000023,3888,1989976.53,1989976.53,1989976.53,1,1
2017-11-26,10000023,3898,18170000,18170000,18170000,2,1
2017-11-26,10000023,3987,699999,699999,699999,4,1
2017-11-26,10000023,4025,74898.99,74898.99,74898.99,11,7
2017-11-26,10000023,4027,143487.95,143487.95,143487.95,3,3
2017-11-26,10000023,4051,20750,20750,20750,8290,4
2017-11-26,10000023,4246,20750,20750,20750,6104,3
2017-11-26,10000023,4247,20750,20750,20750,7267,4
2017-11-26,10000023,4250,5499998.45,5499998.45,5499998.45,1,1
2017-11-26,10000023,4254,1377356.99,1013833.05,1649999.94,7,6
2017-11-26,10000023,4312,21000,21000,21000,15769,6
2017-11-26,10000023,4383,2849360.4,2828271.13,2975896,7,3
2017-11-26,10000023,4391,478899.04,478899.04,478899.04,1,1
2017-11-26,10000023,4393,108014.6,72.99,135000,5,3
2017-11-26,10000023,4395,469999.99,469999.99,469999.99,1,1
2017-11-26,10000023,4401,40000000,40000000,40000000,1,1
2017-11-26,10000023,4403,1713499,647997.99,2779000,6,6
2017-11-26,10000023,4405,1859522.58,889169.01,1999999.99,49,23
2017-11-26,10000023,4435,48568.72,40000,49996.84,7,5
2017-11-26,10000023,4471,499999,499999,499999,5,3
2017-11-26,10000023,4533,500000,500000,500000,1,1
2017-11-26,10000023,4573,239999.98,239999.98,239999.98,3,2
2017-11-26,10000023,4833,407599.64,255199.28,559999.99,2,2
2017-11-26,10000023,4871,626000.2,50000.49,1010000,5,5
2017-11-26,10000023,5011,2666999.33,1000,3999999,3,3
2017-11-26,10000023,5137,85192.72,38000,132385.44,2,2
2017-11-26,10000023,5141,90000,90000,90000,2,1
2017-11-26,10000023,5239,33632.82,17265.63,50000,2,2
2017-11-26,10000023,5245,50000,50000,50000,1,1
2017-11-26,10000023,5302,33530.28,32560.56,34499.99,2,2
2017-11-26,10000023,5322,46179.13,46179.13,46179.13,1,1
2017-11-26,10000023,5365,99999,99999,99999,1,1
2017-11-26,10000023,5399,20000,20000,20000,362,7
2017-11-26,10000023,5403,132846.15,79000,149000,13,6
2017-11-26,10000023,5405,101227.13,20499.78,250000,11,9
2017-11-26,10000023,5439,69624.75,19998.99,79500,4,4
2017-11-26,10000023,5443,115735.12,109993.83,132959.99,12,12
2017-11-26,10000023,5445,143863.71,130000,199999.96,11,7
2017-11-26,10000023,5493,121180.24,38409.79,449899.8,10,7
2017-11-26,10000023,5533,136725.31,135701.75,138999.88,29,7
2017-11-26,10000023,5599,75304.36,68000,87478.3,8,5
2017-11-26,10000023,5683,744000,744000,744000,1,1
2017-11-26,10000023,5839,1726696.1,941135.99,1788073,8,6
2017-11-26,10000023,5849,244995.91,244995.91,244995.91,1,1
2017-11-26,10000023,5933,176999.99,176999.99,176999.99,6,2
2017-11-26,10000023,5945,254000.05,251000.01,260000.14,3,3
2017-11-26,10000023,5955,699998.88,699998.88,699998.88,1,1
2017-11-26,10000023,5971,228390.23,108146.09,229999.99,26,26
2017-11-26,10000023,5973,553512.39,301000.01,599999.99,35,29
2017-11-26,10000023,5975,61666,5000.01,89999,6,6
2017-11-26,10000023,6001,133576,133576,133576,1,1
2017-11-26,10000023,6003,56865.19,34499.95,121111.42,24,6
2017-11-26,10000023,6005,44864.39,44864.39,44864.39,1,1
2017-11-26,10000023,6073,124501.24,2.48,248999.99,2,2
2017-11-26,10000023,6159,24444.4,19999.99,26666.61,3,2
2017-11-26,10000023,6160,47272.67,19999.99,49999.94,22,13
2017-11-26,10000023,6173,110999.02,110999.02,110999.02,1,1
2017-11-26,10000023,6439,449900,449899.99,449900,3,2
2017-11-26,10000023,6569,60614.19,60614.19,60614.19,2,1
2017-11-26,10000023,7249,100000,100000,100000,6,2
2017-11-26,10000023,7253,250000,250000,250000,15,2
2017-11-26,10000023,7291,486999.99,486999.99,486999.99,13,2
2017-11-26,10000023,7293,99999,99999,99999,4,1
2017-11-26,10000023,7367,825001.01,150002.02,1500000,12,2
2017-11-26,10000023,7371,229999.94,229999.94,229999.94,1,1
2017-11-26,10000023,7453,156247.48,156247.48,156247.48,2,1
2017-11-26,10000023,7491,131144.71,131144.71,131144.71,10,4
2017-11-26,10000023,7539,122758.61,122758.61,122758.61,23,3
2017-11-26,10000023,8023,120000.2,1,150000,5,2
2017-11-26,10000023,8027,1998888.83,1998888.83,1998888.83,9,3
2017-11-26,10000023,8089,650000.01,650000,650000.01,62,13
2017-11-26,10000023,8105,1999999.99,1999999.99,1999999.99,5,3
2017-11-26,10000023,8117,1500000,1500000,1500000,3,2
2017-11-26,10000023,8133,500000,500000,500000,2,2
2017-11-26,10000023,8175,39494.74,38000,39992.99,4,4
2017-11-26,10000023,8177,65000,65000,65000,1,1
2017-11-26,10000023,8225,499999.99,499999.99,499999.99,1,1
2017-11-26,10000023,8263,18249.67,1500.33,34999,4,2
2017-11-26,10000023,8337,146125,92500,307499.98,4,3
2017-11-26,10000023,8419,38000,38000,38000,2,1
2017-11-26,10000023,8427,174999.98,174999.95,174999.98,20,6
2017-11-26,10000023,8433,587625.04,151000.34,650000,8,7
2017-11-26,10000023,8517,2982340.69,2899993.99,3599940.5,17,8
2017-11-26,10000023,8529,186335.23,148446.98,299999.98,4,3
2017-11-26,10000023,8579,1000,1000,1000,2,1
2017-11-26,10000023,8585,139999,139999,139999,4,2
2017-11-26,10000023,8865,149499.99,149499.99,149499.99,3,1
2017-11-26,10000023,8867,500000,500000,500000,4,2
2017-11-26,10000023,9457,200000.2,200000.2,200000.2,12,1
2017-11-26,10000023,9491,11000000,11000000,11000000,6,1
2017-11-26,10000023,9521,35294.12,35294.12,35294.12,1,1
2017-11-26,10000023,9580,22000,22000,22000,2,2
2017-11-26,10000023,9622,196000,196000,196000,2,2
2017-11-26,10000023,9632,499999.99,499999.99,499999.99,2,2
2017-11-26,10000023,9678,1209998.9,1209998.9,1209998.9,4,1
2017-11-26,10000023,9734,1682498,1682498,1682498,1,1
2017-11-26,10000023,9772,1240000,1240000,1240000,4,1
2017-11-26,10000023,9784,3000000,3000000,3000000,1,1
2017-11-26,10000023,9828,610.06,610.06,610.06,17670,1
2017-11-26,10000023,9830,8513.01,8513.01,8513.01,4080,1
2017-11-26,10000023,9836,9900.01,9900.01,9900.01,780,1
2017-11-26,10000023,9840,9000,9000,9000,2997,1
2017-11-26,10000023,9842,16000,16000,16000,1230,1
2017-11-26,10000023,9899,14650000,11800000,20000000,6,6
2017-11-26,10000023,9941,11500000,11500000,11500000,3,3
2017-11-26,10000023,9942,14900000,11500000,20000000,5,5
2017-11-26,10000023,9943,12424997.69,12399998.5,12500000,4,4
2017-11-26,10000023,9944,89499.89,89499.89,89499.89,2,1
2017-11-26,10000023,9956,9999999,9999999,9999999,1,1
2017-11-26,10000023,10155,11000000,11000000,11000000,1,1
2017-11-26,10000023,10156,35000000,35000000,35000000,3,2
2017-11-26,10000023,10166,23000000,23000000,23000000,1,1
2017-11-26,10000023,10190,1169362.56,621116.29,1350000,28,15
2017-11-26,10000023,10208,27999998,27999998,27999998,2,2
2017-11-26,10000023,10212,25776661.5,24000000,29329984.5,3,3
2017-11-26,10000023,10216,28499499.92,26999999.88,31498500,3,3
2017-11-26,10000023,10221,24999997.4,24999997.4,24999997.4,2,2
2017-11-26,10000023,10225,28523627.3,28523627.3,28523627.3,2,2
2017-11-26,10000023,10246,197691.92,23999,400000,13,5
2017-11-26,10000023,10631,352651.3,50109.13,649948.2,19,14
2017-11-26,10000023,10680,670486.45,113000.27,856315.18,8,3
2017-11-26,10000023,10850,1661151.76,1661151.76,1661151.76,1,1
2017-11-26,10000023,10872,50000,50000,50000,1,1
2017-11-26,10000023,10998,125922.95,47400,199999.99,24,11
2017-11-26,10000023,11105,464999.92,464999.92,464999.92,2,2
2017-11-26,10000023,11129,27074.29,19170,74500,7,3
2017-11-26,10000023,11134,21537,21537,21537,5,2
2017-11-26,10000023,11174,38000000,38000000,38000000,1,1
2017-11-26,10000023,11176,37000000,37000000,37000000,1,1
2017-11-26,10000023,11178,51749999.95,49000000,54499999.89,2,2
2017-11-26,10000023,11184,30999989.98,30999989.98,30999989.98,1,1
2017-11-26,10000023,11194,37000000,37000000,37000000,1,1
2017-11-26,10000023,11196,39388669.87,32500169.29,39999999.9,5,4
2017-11-26,10000023,11198,44129629.33,43694443.99,45000000,3,3
2017-11-26,10000023,11200,35000000,35000000,35000000,2,2
2017-11-26,10000023,11202,34736124.83,30000000.05,39472249.62,4,4
2017-11-26,10000023,11229,3299999,3299999,3299999,1,1
2017-11-26,10000023,11267,2000000.02,2000000.02,2000000.02,2,1
2017-11-26,10000023,11269,778638.24,500022.02,998387.21,12,10
2017-11-26,10000023,11283,500.02,500.02,500.02,27,1
2017-11-26,10000023,11285,12747.97,12747.97,12747.97,130,2
2017-11-26,10000023,11287,6010,6010,6010,64,1
2017-11-26,10000023,11289,5884.64,500.12,7500,26,2
2017-11-26,10000023,11293,449899.99,449899.99,449899.99,3,2
2017-11-26,10000023,11309,133502.8,44004.01,223001.58,2,2
2017-11-26,10000023,11311,5000,5000,5000,1,1
2017-11-26,10000023,11317,1000000,1000000,1000000,1,1
2017-11-26,10000023,11325,150150.08,150150.08,150150.08,1,1
2017-11-26,10000023,11327,599999.97,599999.97,599999.97,1,1
2017-11-26,10000023,11349,359999.59,20000.24,699998.94,4,3
2017-11-26,10000023,11351,0.01,0.01,0.01,1,1
2017-11-26,10000023,11370,2570905.59,1800000,3333328.59,11,10
2017-11-26,10000023,11371,40000000,40000000,40000000,2,2
2017-11-26,10000023,11379,55000000,55000000,55000000,1,1
2017-11-26,10000023,11381,53999599,53999599,53999599,1,1
2017-11-26,10000023,11489,1008998.69,1008998.69,1008998.69,9,1
2017-11-26,10000023,11563,303999.99,280000,324999.99,15,11
2017-11-26,10000023,11569,9900000.03,9900000.03,9900000.03,1,1
2017-11-26,10000023,11577,9999995,9999995,9999995,2,1
2017-11-26,10000023,11578,5166599.68,4000000.02,7499798.99,3,3
2017-11-26,10000023,11640,1772727.27,1500000,2000000,11,4
2017-11-26,10000023,11644,101000.68,101000.68,101000.68,2,2
2017-11-26,10000023,11646,1000002.2,1000002.2,1000002.2,3,2
2017-11-26,10000023,11648,1825399.3,650798.6,3000000,2,2
2017-11-26,10000023,12044,48909748,48909748,48909748,1,1
2017-11-26,10000023,12052,499999.98,499999.98,499999.98,1,1
2017-11-26,10000023,12056,249998.9,249998.9,249998.9,1,1
2017-11-26,10000023,12058,2746807.13,2000351.16,3200000,5,5
2017-11-26,10000023,12068,7351851,6499999,7777777,3,3
2017-11-26,10000023,12076,4589999.96,600000.19,8579999.72,2,2
2017-11-26,10000023,12092,1798999.99,1798999.99,1798999.99,3,3
2017-11-26,10000023,12095,5269651.28,5269651.28,5269651.28,1,1
2017-11-26,10000023,12098,24698841.7,24698841.7,24698841.7,1,1
2017-11-26,10000023,12198,1985714.28,1299999.99,2500000,7,4
2017-11-26,10000023,12201,1899983.27,1899983.27,1899983.27,2,2
2017-11-26,10000023,12205,12000000,12000000,12000000,1,1
2017-11-26,10000023,12206,3995891.36,3995891.36,3995891.36,1,1
2017-11-26,10000023,12271,250000.18,250000.18,250000.18,1,1
2017-11-26,10000023,12484,3785165.05,3785165.05,3785165.05,2,2
2017-11-26,10000023,12485,3409965.49,3409965.49,3409965.49,2,2
2017-11-26,10000023,12486,3299999.3,3299999.3,3299999.3,1,1
2017-11-26,10000023,12487,3698892.43,3698892.43,3698892.43,2,2
2017-11-26,10000023,12542,1000000.01,1000000.01,1000000.01,1,1
2017-11-26,10000023,12543,100000.01,100000.01,100000.01,3,2
2017-11-26,10000023,12563,999998.42,999998.42,999998.42,8,1
2017-11-26,10000023,12565,499998,499998,499998,11,2
2017-11-26,10000023,12608,199.04,199.04,199.04,5320,3
2017-11-26,10000023,12612,219.18,219.18,219.18,26409,6
2017-11-26,10000023,12618,50,50,50,9260,7
2017-11-26,10000023,12620,58.93,58.93,58.93,6000,2
2017-11-26,10000023,12625,69,69,69,2000,1
2017-11-26,10000023,12633,60,60,60,8564,4
2017-11-26,10000023,12789,10.04,10.04,10.04,3836,4
2017-11-26,10000023,12805,370.66,370.66,370.66,1500,1
2017-11-26,10000023,13003,3199999.7,3199999.7,3199999.7,1,1
2017-11-26,10000023,13216,32499798.9,32499798.9,32499798.9,1,1
2017-11-26,10000023,13261,22922698.62,22922698.62,22922698.62,1,1
2017-11-26,10000023,14234,34999994.98,34999994.98,34999994.98,1,1
2017-11-26,10000023,14298,4300000,4300000,4300000,1,1
2017-11-26,10000023,15331,700.01,700.01,700.01,710,30
2017-11-26,10000023,15466,2949939,2949939,2949939,59,1
2017-11-26,10000023,15508,70118.84,50504.65,88483.52,32,9
2017-11-26,10000023,15510,112665.99,98998.99,140000,15,2
2017-11-26,10000023,15766,44999999.8,44999999.8,44999999.8,1,1
2017-11-26,10000023,15902,17000000,17000000,17000000,1,1
2017-11-26,10000023,16069,7999999.96,7999999.96,7999999.96,1,1
2017-11-26,10000023,16227,55375082.67,40000500.15,60499943.51,4,4
2017-11-26,10000023,16236,950000,950000,950000,1,1
2017-11-26,10000023,16238,1390000,749999.99,1550000,5,5
2017-11-26,10000023,16240,1228058.36,422233.42,1500000,4,4
2017-11-26,10000023,16242,1174899.89,1174899.89,1174899.89,2,2
2017-11-26,10000023,16273,247.99,247.99,247.99,81190,55
2017-11-26,10000023,16274,875,875,875,147000,6
2017-11-26,10000023,16275,6249.97,6249.97,6249.97,10880,12
2017-11-26,10000023,16278,1700000,1700000,1700000,1,1
2017-11-26,10000023,16301,472249.75,412999.99,649999.02,4,2
2017-11-26,10000023,16303,5000.14,5000.14,5000.14,2,1
2017-11-26,10000023,16331,500000.01,500000.01,500000.01,2,2
2017-11-26,10000023,16387,119999.99,119999.99,119999.99,1,1
2017-11-26,10000023,16443,110065.82,110065.82,110065.82,2,1
2017-11-26,10000023,16469,234999,234999,234999,3,3
2017-11-26,10000023,16477,299996,299996,299996,2,1
2017-11-26,10000023,16495,128999,128999,128999,1,1
2017-11-26,10000023,16519,21694.42,1000,38249.95,9,2
2017-11-26,10000023,16521,150000,150000,150000,1,1
2017-11-26,10000023,16529,1299999.99,1299999.99,1299999.99,1,1
2017-11-26,10000023,16531,500000,500000,500000,1,1
2017-11-26,10000023,16634,800,800,800,1041,1
2017-11-26,10000023,16636,3000,3000,3000,215,1
2017-11-26,10000023,16640,3500.01,3500.01,3500.01,1041,1
2017-11-26,10000023,16642,5000.01,5000.01,5000.01,1383,1
2017-11-26,10000023,17136,94999.99,94999.99,94999.99,100,1
2017-11-26,10000023,17366,59840.43,666,150000,9,5
2017-11-26,10000023,17455,11.01,11.01,11.01,20,1
2017-11-26,10000023,17456,17.56,17.56,17.56,96,1
2017-11-26,10000023,17476,40000000,40000000,40000000,2,1
2017-11-26,10000023,17478,28977993.95,28977993.95,28977993.95,1,1
2017-11-26,10000023,17480,40257551.29,40257551.29,40257551.29,1,1
2017-11-26,10000023,17482,2807407.33,2222222,3100000,3,2
2017-11-26,10000023,17715,225225188.73,225225175,225225193.3,4,4
2017-11-26,10000023,17843,80431023.43,79999999.99,87799154.99,12,12
2017-11-26,10000023,17887,1000,900,1000,238000,11
2017-11-26,10000023,17888,855.19,855.19,855.19,116405,4
2017-11-26,10000023,17889,1498,1498,1498,59934,4
2017-11-26,10000023,17895,133504.76,133504.76,133504.76,1,1
2017-11-26,10000023,17912,5499976.43,5499976.42,5499976.43,4,2
2017-11-26,10000023,17918,479999999,479999999,479999999,1,1
2017-11-26,10000023,17930,69999999.76,66666666.06,75000000,5,5
2017-11-26,10000023,17938,265165.97,82497.97,434750,9,8
2017-11-26,10000023,18036,211000,211000,211000,2,1
2017-11-26,10000023,18062,49199.98,49199.98,49199.98,4,2
2017-11-26,10000023,18608,850000,850000,850000,4,1
2017-11-26,10000023,18639,960974.14,960974.14,960974.14,2,2
2017-11-26,10000023,19187,55999999.99,55999999.99,55999999.99,1,1
2017-11-26,10000023,19203,138999999.85,138999999.85,138999999.85,1,1
2017-11-26,10000023,19207,175787157.9,175787157.9,175787157.9,1,1
2017-11-26,10000023,19283,10000000,10000000,10000000,1,1
2017-11-26,10000023,19284,50499980.04,50499980.04,50499980.04,1,1
2017-11-26,10000023,19287,39999990.06,39999990.06,39999990.06,2,1
2017-11-26,10000023,19288,44450000,44450000,44450000,1,1
2017-11-26,10000023,19313,40458820.24,40458820.24,40458820.24,1,1
2017-11-26,10000023,19806,1400000,1400000,1400000,1,1
2017-11-26,10000023,19810,286958.11,49000,300000,5,4
2017-11-26,10000023,19812,500000,500000,500000,1,1
2017-11-26,10000023,19927,174999,174999,174999,3,3
2017-11-26,10000023,19939,197664.29,197664.29,197664.29,3,3
2017-11-26,10000023,19944,249999.99,249999.99,249999.99,2,1
2017-11-26,10000023,19946,111798.8,111798.8,111798.8,5,5
2017-11-26,10000023,19950,999998.99,999998.99,999998.99,2,1
2017-11-26,10000023,19952,269284.57,204996,295000,7,5
2017-11-26,10000023,20280,89999887.98,89999887.98,89999887.98,1,1
2017-11-26,10000023,20307,70,70,70,5000,1
2017-11-26,10000023,20351,400152.23,400152.23,400152.23,2,2
2017-11-26,10000023,20353,3346153.73,1808155.05,4268952.94,8,3
2017-11-26,10000023,20417,50000,50000,50000,13,1
2017-11-26,10000023,20494,4900000.01,4900000.01,4900000.01,1,1
2017-11-26,10000023,20495,4900000.02,4900000.02,4900000.02,1,1
2017-11-26,10000023,20526,99999900.27,99999900.27,99999900.27,1,1
2017-11-26,10000023,20533,489999997.75,489999997.75,489999997.75,1,1
2017-11-26,10000023,21096,2183007.59,1993955.99,3290000,26,25
2017-11-26,10000023,21322,10,10,10,1000,1
2017-11-26,10000023,21603,29800000.03,29800000.03,29800000.03,1,1
2017-11-26,10000023,21610,32000000,32000000,32000000,2,2
2017-11-26,10000023,21611,47999889.79,47999889.79,47999889.79,1,1
2017-11-26,10000023,21638,1011985.79,13557.5,1511199.93,15,2
2017-11-26,10000023,21640,1250000,1250000,1250000,5,1
2017-11-26,10000023,21894,1103.58,1103.58,1103.58,3320,2
2017-11-26,10000023,21896,790,350.58,795.99,9090,6
2017-11-26,10000023,21898,735.95,735.95,735.95,21743,16
2017-11-26,10000023,21902,1496.99,1496.99,1496.99,1200,1
2017-11-26,10000023,21904,101.01,101.01,101.01,1894,1
2017-11-26,10000023,21906,798.97,798.97,798.97,6828,7
2017-11-26,10000023,21924,790,790,790,3823,6
2017-11-26,10000023,21926,1199,1199,1199,1200,1
2017-11-26,10000023,21928,150.45,150.45,150.45,1640,1
2017-11-26,10000023,21937,3.01,3.01,3.01,4952,3
2017-11-26,10000023,22175,224982.5,200000,299999,4,3
2017-11-26,10000023,22177,275519.08,238798,299999.99,5,4
2017-11-26,10000023,22291,950668.26,155004.11,1299999.85,45,20
2017-11-26,10000023,22456,77711494.36,77711494.36,77711494.36,1,1
2017-11-26,10000023,22542,100000,100000,100000,2,2
2017-11-26,10000023,22778,215000,215000,215000,393,7
2017-11-26,10000023,22782,1568749.99,1568749.99,1568749.99,1,1
2017-11-26,10000023,22961,150.12,150.12,150.12,320,1
2017-11-26,10000023,22983,1500,1500,1500,6000,3
2017-11-26,10000023,22987,20,20,20,1967,1
2017-11-26,10000023,23009,628.89,600,628.89,36761,16
2017-11-26,10000023,23019,606.73,606.73,606.73,5335,2
2017-11-26,10000023,23021,699.99,699.99,699.99,1040,2
2017-11-26,10000023,23025,986.9,986.9,986.9,36635,8
2017-11-26,10000023,23031,21,21,21,2347,1
2017-11-26,10000023,23033,2394.17,2394.17,2394.17,1500,1
2017-11-26,10000023,23035,150,150,150,805,1
2017-11-26,10000023,23057,3317230.77,3300000,3356000,39,2
2017-11-26,10000023,23059,3649999.99,3649999.99,3649999.99,9,1
2017-11-26,10000023,23061,3000000,3000000,3000000,18,1
2017-11-26,10000023,23071,534982.04,534982.03,534982.04,6,3
2017-11-26,10000023,23527,371795.33,1500.01,425000,21,17
2017-11-26,10000023,23533,879989.22,879989.22,879989.22,3,3
2017-11-26,10000023,23563,139999.99,139999.99,139999.99,10,1
2017-11-26,10000023,23705,230488.34,2002.13,401853,14,4
2017-11-26,10000023,23707,7012.06,1000.8,13446.16,43,7
2017-11-26,10000023,24241,958108.09,958108.09,958108.09,1,1
2017-11-26,10000023,24283,54249250,40000000,58999000,4,2
2017-11-26,10000023,24305,3799999.94,3799999.93,3799999.95,6,3
2017-11-26,10000023,24313,629999999.93,629999999.93,629999999.93,1,1
2017-11-26,10000023,24348,1851599.94,129000,1999999.91,5,4
2017-11-26,10000023,24395,372621.07,77990,424999.99,8,7
2017-11-26,10000023,24417,2343495.24,2292998.58,2393991.9,2,2
2017-11-26,10000023,24427,1604156.29,959301.08,2087797.39,7,6
2017-11-26,10000023,24443,1710000,1710000,1710000,1,1
2017-11-26,10000023,24445,3000000,3000000,3000000,5,3
2017-11-26,10000023,24471,122.09,122.09,122.09,500,1
2017-11-26,10000023,24492,598.5,598.5,598.5,2000,1
2017-11-26,10000023,24495,1.03,1.03,1.03,500,1
2017-11-26,10000023,24499,250,250,250,2200,2
2017-11-26,10000023,24521,4000,4000,4000,15000,1
2017-11-26,10000023,24523,1700,1700,1700,1000,1
2017-11-26,10000023,24533,1500,1500,1500,2000,1
2017-11-26,10000023,24613,16999307.57,16999307.57,16999307.57,1,1
2017-11-26,10000023,24624,21999988.04,21999988.04,21999988.04,1,1
2017-11-26,10000023,24625,39999999.8,39999999.8,39999999.8,1,1
2017-11-26,10000023,24694,155999999.99,155999999.99,155999999.99,1,1
2017-11-26,10000023,24696,15000000,15000000,15000000,1,1
2017-11-26,10000023,24702,25666666.18,16000000,44999998.55,3,2
2017-11-26,10000023,25235,1599999.69,1599999.69,1599999.69,2,2
2017-11-26,10000023,25266,2499996.99,2499996.99,2499996.99,2,1
2017-11-26,10000023,25565,198142,197999,199000,7,5
2017-11-26,10000023,25588,8003,8003,8003,205,4
2017-11-26,10000023,25589,2606.36,2606.36,2606.36,36,1
2017-11-26,10000023,25590,124000.01,124000.01,124000.01,3,2
2017-11-26,10000023,25591,121682.67,93030.5,186150.05,13,2
2017-11-26,10000023,25592,3606,3606,3606,1,1
2017-11-26,10000023,25596,26373.56,15118.53,32001.07,6,3
2017-11-26,10000023,25597,563.21,25.81,2201.02,85,4
2017-11-26,10000023,25598,11209.78,150.19,11504.94,125,6
2017-11-26,10000023,25599,27.2,27.2,27.2,213,7
2017-11-26,10000023,25600,29000.01,29000.01,29000.01,192,6
2017-11-26,10000023,25601,2007.3,2007.3,2007.3,299,9
2017-11-26,10000023,25604,2502.8,70.25,12233.01,30,3
2017-11-26,10000023,25606,21104,21104,21104,129,3
2017-11-26,10000023,25607,6033,6033,6033,8,1
2017-11-26,10000023,25608,590000,590000,590000,3,1
2017-11-26,10000023,25617,272025,272025,272025,2,1
2017-11-26,10000023,25618,13715,13715,13715,3,1
2017-11-26,10000023,25619,346399.43,346399.43,346399.43,22,2
2017-11-26,10000023,25620,50056.2,15337.21,57000,6,2
2017-11-26,10000023,25625,2042308.92,2019992.6,2047888,15,2
2017-11-26,10000023,25715,1799999.88,1400000.01,2999999.49,4,4
2017-11-26,10000023,25810,1899990,1899990,1899990,1,1
2017-11-26,10000023,25861,121258.4,54014.48,249997.93,16,11
2017-11-26,10000023,25948,6099685.3,6099685.3,6099685.3,2,1
2017-11-26,10000023,25956,16400000,16400000,16400000,1,1
2017-11-26,10000023,26255,699999.95,699999.95,699999.95,1,1
2017-11-26,10000023,26259,300000,300000,300000,1,1
2017-11-26,10000023,26374,61999999.95,61999999.95,61999999.95,1,1
2017-11-26,10000023,26892,5000000,5000000,5000000,1,1
2017-11-26,10000023,26929,263549.5,246798.99,269992,18,9
2017-11-26,10000023,26931,4774447.65,3449899.49,6098995.8,4,3
2017-11-26,10000023,27127,1135626,1100000,1153439,3,2
2017-11-26,10000023,27143,1104961,1104960.99,1104961,6,2
2017-11-26,10000023,27327,2490,2490,2490,10000,3
2017-11-26,10000023,27333,748.96,748.96,748.96,2500,1
2017-11-26,10000023,27339,2859.99,2859.99,2859.99,11650,7
2017-11-26,10000023,27351,3500,3500,3500,1000,1
2017-11-26,10000023,27359,2600,2600,2600,3700,3
2017-11-26,10000023,27361,1200,1200,1200,19071,15
2017-11-26,10000023,27371,1200,1200,1200,16987,14
2017-11-26,10000023,27377,1,1,1,808,1
2017-11-26,10000023,27379,649.99,649.99,649.99,120,1
2017-11-26,10000023,27381,1700,1700,1700,31438,24
2017-11-26,10000023,27387,101.28,101.28,101.28,22318,14
2017-11-26,10000023,27413,46.35,46.35,46.35,420,1
2017-11-26,10000023,27441,1799.99,1799.99,1799.99,5000,2
2017-11-26,10000023,27914,2996546.21,2996546.2,2996546.21,3,2
2017-11-26,10000023,27916,1267999.99,1267999.99,1267999.99,4,1
2017-11-26,10000023,27918,1599999.96,1599999.96,1599999.96,2,1
2017-11-26,10000023,27920,1940476.17,1900000,1999999.97,84,16
2017-11-26,10000023,28274,1500000,1500000,1500000,1,1
2017-11-26,10000023,28324,1603.99,1603.99,1603.99,1200,1
2017-11-26,10000023,28332,1597.99,1597.99,1597.99,1200,1
2017-11-26,10000023,28334,12.01,12.01,12.01,1701,1
2017-11-26,10000023,28336,3254.66,3254.66,3254.66,174,1
2017-11-26,10000023,28397,139000.65,139000.65,139000.65,911,2
2017-11-26,10000023,28576,1326190.09,1111111,1499999.5,7,5
2017-11-26,10000023,28578,977000.34,977000.34,977000.34,2,1
2017-11-26,10000023,28606,999999999.98,999999999.98,999999999.98,1,1
2017-11-26,10000023,28609,53999497.71,53999497.71,53999497.71,1,1
2017-11-26,10000023,28646,7370271.11,6851355.54,7500000,5,4
2017-11-26,10000023,28656,99499835.44,99499835.44,99499835.44,1,1
2017-11-26,10000023,28668,32139.95,29987,32139.95,6487,49
2017-11-26,10000023,28670,183172.46,183172.46,183172.46,1,1
2017-11-26,10000023,28758,41890000,41890000,41890000,1,1
2017-11-26,10000023,28999,22393.63,2000,24996,14,4
2017-11-26,10000023,29001,25183.9,23833.13,30587,5,3
2017-11-26,10000023,29005,17382.02,17382.02,17382.02,3,3
2017-11-26,10000023,29009,30905.07,2500,33184.35,36,19
2017-11-26,10000023,29011,47906.34,15898,54007.99,29,16
2017-11-26,10000023,29013,22954.6,21798.03,24111.16,2,2
2017-11-26,10000023,29015,10935.54,2000,19871.08,4,3
2017-11-26,10000023,29266,1000101,1000101,1000101,1,1
2017-11-26,10000023,29336,73897993.99,73897993.99,73897993.99,1,1
2017-11-26,10000023,30013,25997.44,17996.65,49999.49,64,6
2017-11-26,10000023,30486,710817.45,702141.72,750000,44,3
2017-11-26,10000023,30488,523050.04,505050.08,799000,48,4
2017-11-26,10000023,30832,2250000.05,750001.42,2999999.37,3,3
2017-11-26,10000023,30834,2976844.43,2053689.89,3899998.96,2,2
2017-11-26,10000023,30836,1600000,1600000,1600000,2,1
2017-11-26,10000023,30987,848555.71,600000,889981.66,7,4
2017-11-26,10000023,30993,74999933.32,74999899.99,74999999.99,3,2
2017-11-26,10000023,31009,2994648,989296,5000000,2,2
2017-11-26,10000023,31017,29998806.9,29998806.9,29998806.9,1,1
2017-11-26,10000023,31033,749999,749999,749999,3,3
2017-11-26,10000023,31045,979999,979999,979999,15,1
2017-11-26,10000023,31047,3339000,3339000,3339000,6,3
2017-11-26,10000023,31051,15448283.2,15448283.2,15448283.2,1,1
2017-11-26,10000023,31053,42559484.74,42559484.74,42559484.74,1,1
2017-11-26,10000023,31055,3201599.59,2755000,4987997.94,15,2
2017-11-26,10000023,31057,17299830,17299830,17299830,2,1
2017-11-26,10000023,31063,966816.99,966816.99,966816.99,1,1
2017-11-26,10000023,31065,3619843,3619843,3619843,1,1
2017-11-26,10000023,31105,406890,406890,406890,4,3
2017-11-26,10000023,31107,2999999.94,2999999.94,2999999.94,1,1
2017-11-26,10000023,31111,7999999.99,7999999.99,7999999.99,1,1
2017-11-26,10000023,31119,1099889.36,1099889.36,1099889.36,2,1
2017-11-26,10000023,31123,5789976.7,5789976.7,5789976.7,2,1
2017-11-26,10000023,31141,899999.95,899999.95,899999.95,2,2
2017-11-26,10000023,31153,1023072.95,212000,1293430.6,12,7
2017-11-26,10000023,31155,2125964.24,2125964.24,2125964.24,2,1
2017-11-26,10000023,31161,2299993.33,2299993.33,2299993.33,1,1
2017-11-26,10000023,31165,7699999.28,7699999.28,7699999.28,2,1
2017-11-26,10000023,31171,6076923,4599999.8,7000000,13,7
2017-11-26,10000023,31177,499046.13,449999,750000,42,25
2017-11-26,10000023,31179,1934640.96,1934640.96,1934640.96,3,2
2017-11-26,10000023,31213,570041,570041,570041,3,2
2017-11-26,10000023,31274,493713.05,299999.99,638997.84,7,5
2017-11-26,10000023,31286,655901.08,493850.32,709918,8,8
2017-11-26,10000023,31298,234285.71,125000,380000,21,7
2017-11-26,10000023,31300,999997.96,999997.96,999997.96,6,1
2017-11-26,10000023,31322,829606.39,829343.99,830000,5,3
2017-11-26,10000023,31358,998698.05,996999,999999.98,10,8
2017-11-26,10000023,31360,3375000.91,3.65,4499999.99,4,3
2017-11-26,10000023,31364,9999999.95,9999999.95,9999999.95,2,2
2017-11-26,10000023,31366,31699388.65,29499787.4,33898989.89,2,2
2017-11-26,10000023,31370,1700558.47,1700558.47,1700558.47,3,3
2017-11-26,10000023,31372,2149731.15,1998930.9,2199997.9,4,2
2017-11-26,10000023,31376,5989999.86,5989999.86,5989999.86,5,4
2017-11-26,10000023,31378,18589997,18589997,18589997,1,1
2017-11-26,10000023,31442,799967.99,799967.99,799967.99,1,1
2017-11-26,10000023,31514,1285999.91,1285999.91,1285999.91,3,1
2017-11-26,10000023,31526,1249999,1249999,1249999,2,2
2017-11-26,10000023,31538,1500000,1500000,1500000,1,1
2017-11-26,10000023,31562,1249999,1249999,1249999,4,4
2017-11-26,10000023,31568,3708910.64,3708910.64,3708910.64,3,2
2017-11-26,10000023,31598,678613.64,666558.99,693286,23,12
2017-11-26,10000023,31608,599998,599998,599998,8,8
2017-11-26,10000023,31610,2499983.99,2499983.99,2499983.99,8,1
2017-11-26,10000023,31620,690144.99,690144.99,690144.99,6,6
2017-11-26,10000023,31668,289994.98,289994.98,289994.98,1,1
2017-11-26,10000023,31680,821237,284956,999997.33,4,3
2017-11-26,10000023,31686,8000000,8000000,8000000,1,1
2017-11-26,10000023,31716,165516.62,99999,240000,29,15
2017-11-26,10000023,31722,5999999.95,5999999.94,5999999.95,2,2
2017-11-26,10000023,31724,7899817.71,7899817.71,7899817.71,5,5
2017-11-26,10000023,31742,559583.47,385988.97,906772.46,3,3
2017-11-26,10000023,31748,7806323.23,5500000,12418969.69,3,2
2017-11-26,10000023,31752,215999.82,199999.69,240000,11,10
2017-11-26,10000023,31754,506096.19,398282.17,533049.7,5,3
2017-11-26,10000023,31760,5699977.43,5699977.43,5699977.43,10,8
2017-11-26,10000023,31788,418745.5,374994,550000,12,5
2017-11-26,10000023,31790,2679435.31,2268577.19,2698999.98,22,9
2017-11-26,10000023,31792,60759898.95,60759898.95,60759898.95,3,1
2017-11-26,10000023,31796,29999959.81,29999959.81,29999959.81,6,3
2017-11-26,10000023,31802,2479590.35,2187549.99,5399993.99,11,6
2017-11-26,10000023,31872,2928570.37,2899999.97,2999996.38,7,2
2017-11-26,10000023,31874,3499999.92,3499999.9,3499999.99,21,6
2017-11-26,10000023,31876,5461616.69,4092999.48,8105064.45,64,15
2017-11-26,10000023,31882,2777777,2777777,2777777,2,1
2017-11-26,10000023,31888,1600000,1600000,1600000,1,1
2017-11-26,10000023,31928,9375263.06,9375263.06,9375263.06,1,1
2017-11-26,10000023,31942,46949599.95,46949599.95,46949599.95,2,2
2017-11-26,10000023,31990,10000.05,10000.05,10000.05,143,4
2017-11-26,10000023,31998,89887.27,89887.27,89887.27,115,2
2017-11-26,10000023,32006,30001.27,30001.27,30001.27,315,10
2017-11-26,10000023,32014,286737.31,216931.36,399998.76,33,3
2017-11-26,10000023,32025,572726.99,572726.99,572726.99,5,3
2017-11-26,10000023,32772,917233.54,917233.54,917233.54,1,1
2017-11-26,10000023,32782,781.04,781.04,781.04,264,5
2017-11-26,10000023,32787,58730.14,58730.14,58730.14,105,5
2017-11-26,10000023,32819,1000000,1000000,1000000,1,1
2017-11-26,10000023,32872,1968166.67,1000000,2290888.89,4,4
2017-11-26,10000023,32874,150000,150000,150000,1,1
2017-11-26,10000023,32876,112002.25,112002.25,112002.25,1,1
2017-11-26,10000023,32878,1323111.1,900000,1443999.99,9,9
2017-11-26,10000023,32880,812499.5,249998.99,999999.99,4,4
2017-11-26,10000023,33005,899999.98,899999.98,899999.99,9,4
2017-11-26,10000023,33076,297812.59,250040.23,312494.99,14,9
2017-11-26,10000023,33091,995000,995000,995000,1,1
2017-11-26,10000023,33092,140000,140000,140000,2,2
2017-11-26,10000023,33093,395419.96,395419.96,395419.96,1,1
2017-11-26,10000023,33094,1000000,1000000,1000000,1,1
2017-11-26,10000023,33096,1664307.13,1664307.13,1664307.13,1,1
2017-11-26,10000023,33101,865000,865000,865000,2,2
2017-11-26,10000023,33103,498332.99,498332.99,498332.99,1,1
2017-11-26,10000023,33195,1300.06,1300.06,1300.06,3,1
2017-11-26,10000023,33270,999990,999990,999990,1,1
2017-11-26,10000023,33332,39926.96,36899.98,47892.69,69,2
2017-11-26,10000023,33334,49999.98,49999.98,49999.98,40,1
2017-11-26,10000023,33466,80118,80118,80118,1,1
2017-11-26,10000023,33468,55016899.67,45050700,59999999.5,3,3
2017-11-26,10000023,33470,210000000,210000000,210000000,1,1
2017-11-26,10000023,33474,2723354.96,2498999.96,2888885.37,14,8
2017-11-26,10000023,33475,10503919.05,10089997.98,11497998,25,17
2017-11-26,10000023,33681,84000000,84000000,84000000,1,1
2017-11-26,10000023,33816,51000000,51000000,51000000,1,1
2017-11-26,10000023,33824,3499998.74,3499998.74,3499998.74,3,2
2017-11-26,10000023,33830,58099893.87,58099893.87,58099893.87,1,1
2017-11-26,10000023,33844,144989995.97,144989995.95,144989995.98,5,3
2017-11-26,10000023,33856,4599761.2,4599761.2,4599761.2,1,1
2017-11-26,10000023,33890,933520.41,840001,998984,17,8
2017-11-26,10000023,33896,11799994.99,11799994.99,11799994.99,2,2
2017-11-26,10000023,33915,993056.32,686112.65,1299999.99,4,3
2017-11-26,10000023,33983,58273168.9,58273168.9,58273168.9,4,2
2017-11-26,10000023,34264,2999999,2999998.99,2999999,72,21
2017-11-26,10000023,34593,28800000,28800000,28800000,2,2
2017-11-26,10000023,35656,156019.65,127045.33,244999.97,4,4
2017-11-26,10000023,35657,210465.04,191198.06,248998.99,3,3
2017-11-26,10000023,35658,152387.5,139996.05,164999,36,17
2017-11-26,10000023,35659,33163.08,10016.16,36999.85,13,13
2017-11-26,10000023,35660,736453.18,736453.18,736453.18,1,1
2017-11-26,10000023,35661,550000.2,250000.27,1450000,4,3
2017-11-26,10000023,35662,315000,250000,380000,2,2
2017-11-26,10000023,35771,1350000.71,1350000,1350001,7,7
2017-11-26,10000023,35788,550000,550000,550000,1,1
2017-11-26,10000023,35790,2083999.96,1667999.91,2500000,2,2
2017-11-26,10000023,35794,24999.98,24999.98,24999.98,1,1
2017-11-26,10000023,35795,36174.61,31240.38,46043.08,3,3
2017-11-26,10000023,36910,8479996,8479996,8479996,1,1
2017-11-26,10000023,40346,7500000,7500000,7500000,6,2
2017-11-26,10000023,40360,3500000,3500000,3500000,12,2
2017-11-26,10000023,40520,846666666.67,830000000,880000000,3,2
2017-11-26,10000023,40557,16800002.8,16800002.8,16800002.8,3,1
2017-11-26,10000023,41031,195999.72,43999.58,499999.99,3,3
2017-11-26,10000023,41034,182264.41,170126.59,189999.99,9,4
2017-11-26,10000023,41054,187500.01,75000,300000.01,2,2
2017-11-26,10000023,41055,100000,100000,100000,1,1
2017-11-26,10000023,41056,545997.99,545997.99,545997.99,1,1
2017-11-26,10000023,41155,24499,24499,24499,2,1
2017-11-26,10000023,41218,44444009.95,44444009.95,44444009.95,1,1
2017-11-26,10000023,41407,28999306.44,28999306.44,28999306.44,1,1
2017-11-26,10000023,41480,1600000,1600000,1600000,1,1
2017-11-26,10000023,41486,49999398.79,49999398.79,49999398.79,1,1
2017-11-26,10000023,41490,307591.55,300200,825000,71,2
2017-11-26,10000023,41533,73999999.99,73999999.99,73999999.99,1,1
2017-11-26,10000023,42529,1999999.9,1999999.9,1999999.9,1,1
2017-11-26,10000023,42829,1898.9,1898.9,1898.9,500,1
2017-11-26,10000023,42830,1499,1499,1499,500,1
2017-11-26,10000023,42839,999.99,999.99,999.99,200,1
2017-11-26,10000023,42840,1000,1000,1000,200,1
2017-11-26,10000023,43551,6667677.04,6667677.04,6667677.04,2,1
2017-11-26,10000023,43556,4899999.55,4899999.55,4899999.55,3,2
2017-11-26,10000023,43699,80250,80250,80250,1,1
2017-11-26,10000023,43894,1980000,1980000,1980000,8,1
2017-11-26,10000023,44102,3824999.99,3300000,3999999.99,8,6
2017-11-26,10000023,44992,2964000.06,2964000.06,2964000.06,620,3
2017-11-26,10000023,45635,214999992.9,214999992.9,214999992.9,1,1
2017-11-26,10000023,45746,3999999,3999999,3999999,3,3
2017-11-26,10000023,45974,9999999,9999999,9999999,1,1
2017-11-26,10000023,45999,10500000,10500000,10500000,1,1
2017-11-26,10000023,46002,5000000,5000000,5000000,1,1
2017-11-26,10000023,46008,12737081.08,10000000,20635999.98,37,28
2017-11-26,10000023,46152,18571428.56,18571428.56,18571428.56,1,1
2017-11-26,10000023,46153,27500000,27500000,27500000,1,1
2017-11-26,10000023,46154,29999999.99,29999999.99,29999999.99,1,1
2017-11-26,10000023,46155,29999999.93,29999999.93,29999999.93,1,1
2017-11-26,10000023,46365,160000,160000,160000,4,1
2017-11-26,10000023,46369,194997,194997,194997,2,1
2017-11-26,10000023,46371,230000,230000,230000,2,1
2017-11-26,10000025,34,4,4,4,11321053,7
2017-11-26,10000025,35,7,7,7,751703,3
2017-11-26,10000025,36,60,60,60,701513,5
2017-11-26,10000025,37,20.06,20.06,20.06,61334,1
2017-11-26,10000025,38,343,343,343,381835,2
2017-11-26,10000025,39,600.01,600.01,600.01,107,1
2017-11-26,10000025,40,1100,1100,1100,26478,6
2017-11-26,10000025,199,1.43,1.43,1.43,48814,2
2017-11-26,10000025,211,6,6,6,600,1
2017-11-26,10000025,380,999990,999990,999990,2,1
2017-11-26,10000025,394,2349999,2349999,2349999,2,1
2017-11-26,10000025,438,2999999.99,2999999.99,2999999.99,2,2
2017-11-26,10000025,440,5369956.8,5166777,5776316.41,6,6
2017-11-26,10000025,448,2018301.67,2001962,2100000,6,6
2017-11-26,10000025,519,1386453.82,1300000,1410749,22,11
2017-11-26,10000025,527,1049998.5,900000,1099998,4,3
2017-11-26,10000025,583,236553.78,236553.78,236553.78,2,2
2017-11-26,10000025,584,476952.53,476952.53,476952.53,1,1
2017-11-26,10000025,586,1000000,1000000,1000000,1,1
2017-11-26,10000025,589,1000000,1000000,1000000,2,2
2017-11-26,10000025,605,1520000,1520000,1520000,1,1
2017-11-26,10000025,609,2000000,2000000,2000000,5,4
2017-11-26,10000025,621,13000000,13000000,13000000,2,2
2017-11-26,10000025,627,10000000,10000000,10000000,1,1
2017-11-26,10000025,632,15000000,15000000,15000000,2,2
2017-11-26,10000025,639,177100000,177100000,177100000,1,1
2017-11-26,10000025,655,1799999,1799999,1799999,1,1
2017-11-26,10000025,1183,1699000.84,1699000.84,1699000.84,1,1
2017-11-26,10000025,1236,822642.14,750000,834000,7,6
2017-11-26,10000025,1248,1890001.47,1790002.94,1990000,2,2
2017-11-26,10000025,1319,926727.21,633638.67,999999,35,15
2017-11-26,10000025,1335,320388,320388,320388,2,1
2017-11-26,10000025,1355,839025.43,799999.99,878050.86,2,2
2017-11-26,10000025,1405,1173430.37,935998.43,1490006.3,14,7
2017-11-26,10000025,1447,714998,714998,714998,9,5
2017-11-26,10000025,1541,1894860.63,1894777,1895000,8,4
2017-11-26,10000025,1877,2500000,2500000,2500000,18,4
2017-11-26,10000025,1952,1642377.19,1623178.67,1644777,9,5
2017-11-26,10000025,1957,50000,50000,50000,4,1
2017-11-26,10000025,1969,2019750.92,1956768,2208699.68,8,3
2017-11-26,10000025,1978,1465395.87,1395000,1516889,8,7
2017-11-26,10000025,1987,1500000,1500000,1500000,2,2
2017-11-26,10000025,1999,1198266.67,1000000,1297400,3,3
2017-11-26,10000025,2024,1445240.96,1374945,1492104.94,5,4
2017-11-26,10000025,2032,957717.81,604804,1840002.32,14,5
2017-11-26,10000025,2046,12277.48,12277.48,12277.48,1,1
2017-11-26,10000025,2048,607834.38,599999.99,654777,28,27
2017-11-26,10000025,2109,2047499.97,2047499.97,2047499.97,7,5
2017-11-26,10000025,2117,2375890,2375890,2375890,4,4
2017-11-26,10000025,2175,1180838.13,1180000,1181341,8,2
2017-11-26,10000025,2185,1076509.33,1075000,1077264,6,3
2017-11-26,10000025,2205,533429.59,499999,623691,37,7
2017-11-26,10000025,2254,500000,500000,500000,1,1
2017-11-26,10000025,2281,3109542.62,2374999.5,3246775.99,19,17
2017-11-26,10000025,2299,2174699.96,2174699.96,2174699.96,1,1
2017-11-26,10000025,2301,2560465,2560464.99,2560465,5,5
2017-11-26,10000025,2410,1200000,1200000,1200000,8,1
2017-11-26,10000025,2456,416488.25,416000,416651,20,5
2017-11-26,10000025,2476,135111,135111,135111,13,2
2017-11-26,10000025,2478,3448287.22,3300000,3500000,30,8
2017-11-26,10000025,2486,25335,5469,74999.99,35,3
2017-11-26,10000025,2488,555545.58,465443,990000,89,16
2017-11-26,10000025,2524,500000,500000,500000,1,1
2017-11-26,10000025,2525,500000,500000,500000,1,1
2017-11-26,10000025,2549,500000,500000,500000,3,2
2017-11-26,10000025,2553,1261066.6,1199999.99,1383199.82,3,3
2017-11-26,10000025,2559,1923340,1923340,1923340,6,4
2017-11-26,10000025,2563,2700000,2700000,2700000,4,3
2017-11-26,10000025,2567,2399972.27,2399972.27,2399972.27,4,1
2017-11-26,10000025,2571,2500000,2500000,2500000,4,3
2017-11-26,10000025,2575,2600000,2600000,2600000,4,4
2017-11-26,10000025,2605,498430.62,495000,499989.99,16,11
2017-11-26,10000025,2613,372,372,372,9561,3
2017-11-26,10000025,2629,541.99,541.99,541.99,4000,1
2017-11-26,10000025,2873,1075000,950000,1200000,2,2
2017-11-26,10000025,2889,999999,999999,999999,2,1
2017-11-26,10000025,2929,4572666.36,4472187,4687499.92,15,2
2017-11-26,10000025,2937,1607100,1607100,1607100,1,1
2017-11-26,10000025,2961,4089000,4089000,4089000,8,2
2017-11-26,10000025,3082,2099500,2099000,2100000,12,3
2017-11-26,10000025,3244,1861749,1861749,1861749,7,7
2017-11-26,10000025,3256,7299346.11,6597061,7499999,9,6
2017-11-26,10000025,3265,6764999,6764999,6764999,1,1
2017-11-26,10000025,3297,200000,200000,200000,1,1
2017-11-26,10000025,3412,450000,450000,450000,1,1
2017-11-26,10000025,3504,5000000.98,5000000.98,5000000.98,1,1
2017-11-26,10000025,3530,2700001.94,2700001.94,2700001.94,4,2
2017-11-26,10000025,3540,1900000,1900000,1900000,1,1
2017-11-26,10000025,3568,1314495,1314495,1314495,4,4
2017-11-26,10000025,3578,2514350,2299999.99,2728700,4,2
2017-11-26,10000025,3766,716666.67,150000,1000000,3,3
2017-11-26,10000025,3831,900000,900000,900000,3,2
2017-11-26,10000025,3841,1435428.75,1299999.99,1445777,12,10
2017-11-26,10000025,3888,1252124,1252124,1252124,1,1
2017-11-26,10000025,3898,18801720.22,18801707.77,18801770,5,4
2017-11-26,10000025,4027,80299,80299,80299,1,1
2017-11-26,10000025,4254,1017500,1017500,1017500,1,1
2017-11-26,10000025,4260,1683302,1683302,1683302,2,2
2017-11-26,10000025,4310,48999999.99,48999999.99,48999999.99,2,2
2017-11-26,10000025,4383,1867688,1867688,1867688,1,1
2017-11-26,10000025,4395,700000,700000,700000,1,1
2017-11-26,10000025,4403,758528.35,630879.99,1400001.77,5,3
2017-11-26,10000025,4405,3198827.89,2100000,4946014.83,17,8
2017-11-26,10000025,4471,43997,43997,43997,3,2
2017-11-26,10000025,4833,155696.15,137386,174006.3,2,2
2017-11-26,10000025,4871,900002.42,900002.42,900002.42,2,2
2017-11-26,10000025,5137,12925,12925,12925,1,1
2017-11-26,10000025,5302,32212,32212,32212,4,2
2017-11-26,10000025,5320,15902.17,15902.17,15902.17,1,1
2017-11-26,10000025,5405,77000,77000,77000,1,1
2017-11-26,10000025,5439,68000,68000,68000,4,3
2017-11-26,10000025,5445,200500,200500,200500,1,1
2017-11-26,10000025,5839,1715854.76,1715854.76,1715854.76,1,1
2017-11-26,10000025,5945,450331.03,450331.03,450331.03,1,1
2017-11-26,10000025,5955,400000,400000,400000,4,2
2017-11-26,10000025,5973,1590504.89,495553.92,1699999.99,11,10
2017-11-26,10000025,5975,19419,19419,19419,2,2
2017-11-26,10000025,6160,15207,15207,15207,6,2
2017-11-26,10000025,6173,41525,41525,41525,6,2
2017-11-26,10000025,6296,111000,111000,111000,3,2
2017-11-26,10000025,7287,548999,548999,548999,3,1
2017-11-26,10000025,7367,1838777,1838777,1838777,6,1
2017-11-26,10000025,8089,450000,450000,450000,3,1
2017-11-26,10000025,8091,111000,111000,111000,9,2
2017-11-26,10000025,8225,60617,60617,60617,1,1
2017-11-26,10000025,8433,399999,399999,399999,1,1
2017-11-26,10000025,8517,3670857.29,3602497,4286099.92,10,8
2017-11-26,10000025,8529,69019,69019,69019,4,2
2017-11-26,10000025,8748,111000,111000,111000,2,1
2017-11-26,10000025,9491,5983369.65,5899999.99,6100000,35,8
2017-11-26,10000025,9668,300000,300000,300000,2,1
2017-11-26,10000025,9899,12999777,12999777,12999777,5,3
2017-11-26,10000025,9941,12999777,12999777,12999777,1,1
2017-11-26,10000025,9942,12999777,12999777,12999777,1,1
2017-11-26,10000025,9943,12999777,12999777,12999777,5,2
2017-11-26,10000025,9950,3413650,3413650,3413650,4,2
2017-11-26,10000025,9956,9898900,9898900,9898900,3,3
2017-11-26,10000025,10190,1611999.13,1500000,1627999,8,4
2017-11-26,10000025,10208,25099777,24999777,25499777,5,5
2017-11-26,10000025,10209,149000777,149000777,149000777,1,1
2017-11-26,10000025,10212,25999777,25999777,25999777,5,5
2017-11-26,10000025,10216,24999777,24999777,24999777,7,7
2017-11-26,10000025,10221,24999777,24999777,24999777,3,3
2017-11-26,10000025,10222,139000777,139000777,139000777,1,1
2017-11-26,10000025,10250,841666.67,800000,850000,6,2
2017-11-26,10000025,10631,439999,439999,439999,4,1
2017-11-26,10000025,10850,1783303.54,1783303.54,1783303.54,1,1
2017-11-26,10000025,10998,25200,25200,25200,7,3
2017-11-26,10000025,11172,49900000.12,49900000.12,49900000.12,1,1
2017-11-26,10000025,11174,39000777,39000777,39000777,1,1
2017-11-26,10000025,11176,39999777,39999777,39999777,2,2
2017-11-26,10000025,11178,39076331.43,33614499.64,49999995,3,3
2017-11-26,10000025,11190,39000777,39000777,39000777,1,1
2017-11-26,10000025,11194,39000777,39000777,39000777,1,1
2017-11-26,10000025,11198,39998888.5,39997777,40000000,8,4
2017-11-26,10000025,11229,1099992,1099992,1099992,1,1
2017-11-26,10000025,11249,1284268.5,1284268.5,1284268.5,1,1
2017-11-26,10000025,11269,917000,917000,917000,3,3
2017-11-26,10000025,11289,4500,4500,4500,115,3
2017-11-26,10000025,11325,707656.31,707656.31,707656.31,2,1
2017-11-26,10000025,11370,2852369.93,2841777,3900000.13,12,11
2017-11-26,10000025,11377,35999999,35999999,35999999,1,1
2017-11-26,10000025,11563,233125,233125,233125,3,2
2017-11-26,10000025,11577,4536324.3,4509988,4544154.01,4,4
2017-11-26,10000025,11578,7510950.26,7099777,8800002.76,4,4
2017-11-26,10000025,11640,1743882.38,1111111.11,1844827.45,15,6
2017-11-26,10000025,11644,2673333.36,2525000.56,2969998.97,3,3
2017-11-26,10000025,11646,2349999.5,2199999,2499999.99,2,2
2017-11-26,10000025,11648,2433632.86,2077799.97,2611549.31,3,3
2017-11-26,10000025,11969,280000777,280000777,280000777,2,1
2017-11-26,10000025,12054,790940,790940,790940,1,1
2017-11-26,10000025,12058,3670833.92,2441666.67,4900001.17,4,4
2017-11-26,10000025,12076,7499889.44,7499777,7500001.88,2,2
2017-11-26,10000025,12267,3739996,3739996,3739996,2,1
2017-11-26,10000025,12271,8699999.92,8699999.92,8699999.92,1,1
2017-11-26,10000025,12608,70,70,70,11102,2
2017-11-26,10000025,12625,52.66,52.66,52.66,18024,4
2017-11-26,10000025,12733,229000777,229000777,229000777,1,1
2017-11-26,10000025,12775,551,551,551,2000,1
2017-11-26,10000025,12777,174,174,174,1000,1
2017-11-26,10000025,12779,1087,1087,1087,8000,2
2017-11-26,10000025,12785,86,86,86,1000,1
2017-11-26,10000025,12789,121,121,121,1100,1
2017-11-26,10000025,13001,2430996,2430996,2430996,2,1
2017-11-26,10000025,13209,55000000,55000000,55000000,1,1
2017-11-26,10000025,13216,24448932,24448777,24449242,3,3
2017-11-26,10000025,13261,24383333,24383333,24383333,1,1
2017-11-26,10000025,13965,19000000,19000000,19000000,1,1
2017-11-26,10000025,14074,22229998.7,22229998.7,22229998.7,1,1
2017-11-26,10000025,14084,5000000,5000000,5000000,1,1
2017-11-26,10000025,14220,29800777,29800777,29800777,2,1
2017-11-26,10000025,15479,3100000,3000000,3200000,2,2
2017-11-26,10000025,15510,88000,88000,88000,5,1
2017-11-26,10000025,15729,35000000,35000000,35000000,2,1
2017-11-26,10000025,16227,53798000,53798000,53798000,2,2
2017-11-26,10000025,16242,1,1,1,1,1
2017-11-26,10000025,16272,350,350,350,291180,2
2017-11-26,10000025,16273,53.99,53.99,53.99,289967,52
2017-11-26,10000025,16274,730,730,730,558000,6
2017-11-26,10000025,16275,5500,5500,5500,20738,6
2017-11-26,10000025,16469,163756,163756,163756,1,1
2017-11-26,10000025,16477,177100,177100,177100,2,1
2017-11-26,10000025,16525,111000,111000,111000,4,1
2017-11-26,10000025,16537,13999999,13999999,13999999,1,1
2017-11-26,10000025,17559,76666666.33,75000000,77499999.5,3,3
2017-11-26,10000025,17720,188988777,188988777,188988777,1,1
2017-11-26,10000025,17843,140000000,140000000,140000000,2,2
2017-11-26,10000025,17887,970,970,970,575500,9
2017-11-26,10000025,17888,999,999,999,50000,1
2017-11-26,10000025,17889,999,999,999,79777,5
2017-11-26,10000025,17938,1099999.5,999999,1200000,2,2
2017-11-26,10000025,18635,900000,900000,900000,716,6
2017-11-26,10000025,18639,11728,11728,11728,1,1
2017-11-26,10000025,19286,34900001.31,34900001.31,34900001.31,1,1
2017-11-26,10000025,19287,27000777,27000777,27000777,1,1
2017-11-26,10000025,19500,100000,100000,100000,1,1
2017-11-26,10000025,19814,24200,24200,24200,2,1
2017-11-26,10000025,20349,900890,900890,900890,1,1
2017-11-26,10000025,20353,3499989,3499989,3499989,1,1
2017-11-26,10000025,20735,4600,4600,4600,1200,1
2017-11-26,10000025,21096,2224493.49,1900000,2399987.99,20,16
2017-11-26,10000025,21603,36200000.01,36200000.01,36200000.01,1,1
2017-11-26,10000025,21638,1132900.57,1132900.57,1132900.57,4,2
2017-11-26,10000025,21888,53624999,53624999,53624999,1,1
2017-11-26,10000025,21894,1295,1295,1295,14170,6
2017-11-26,10000025,21896,747,747,747,2000,1
2017-11-26,10000025,21898,502,502,502,6672,5
2017-11-26,10000025,21902,1400,1400,1400,2500,2
2017-11-26,10000025,21904,725,725,725,2000,1
2017-11-26,10000025,21906,527,527,527,500,1
2017-11-26,10000025,21918,1367,1367,1367,8000,4
2017-11-26,10000025,21922,766,766,766,2000,1
2017-11-26,10000025,21924,549,549,549,1440,2
2017-11-26,10000025,21935,1349,1349,1349,500,1
2017-11-26,10000025,22175,1580020.54,1100100,1700000.68,5,3
2017-11-26,10000025,22177,1153870.44,1153870.44,1153870.44,2,1
2017-11-26,10000025,22291,1346400,1346400,1346400,8,5
2017-11-26,10000025,22456,80300000,80300000,80300000,3,3
2017-11-26,10000025,22778,166390.71,163887.33,166390.71,160,7
2017-11-26,10000025,22782,1671999,1671999,1671999,2,2
2017-11-26,10000025,23009,631,631,631,600,2
2017-11-26,10000025,23025,774.77,774.77,774.77,14761,7
2017-11-26,10000025,23029,1100,1100,1100,13384,7
2017-11-26,10000025,23035,880,880,880,12018,3
2017-11-26,10000025,23055,3050000,3050000,3050000,50,2
2017-11-26,10000025,23061,5446777,4000000,5499774.77,237,15
2017-11-26,10000025,23473,90000,90000,90000,10,1
2017-11-26,10000025,23523,135000,135000,135000,30,1
2017-11-26,10000025,23527,469635.07,284413.07,1580001.24,7,6
2017-11-26,10000025,23563,135000,135000,135000,4,1
2017-11-26,10000025,23705,75000,75000,75000,5,1
2017-11-26,10000025,23707,20453.57,8635,50000,70,11
2017-11-26,10000025,23709,22000,22000,22000,5,2
2017-11-26,10000025,24395,350000,350000,350000,1,1
2017-11-26,10000025,24417,1921998.67,1921998.67,1921998.67,1,1
2017-11-26,10000025,24427,1796265.33,1764398,1859999.98,3,3
2017-11-26,10000025,24438,1199987.99,1199987.99,1199987.99,4,2
2017-11-26,10000025,24443,1524607,1524607,1524607,1,1
2017-11-26,10000025,24495,170,170,170,838,1
2017-11-26,10000025,24497,142,142,142,1362,2
2017-11-26,10000025,24499,187,187,187,4189,2
2017-11-26,10000025,24509,691.95,691.95,691.95,4000,1
2017-11-26,10000025,24531,804,804,804,29000,1
2017-11-26,10000025,24533,995.55,995.55,995.55,3000,1
2017-11-26,10000025,24535,610,610,610,5000,1
2017-11-26,10000025,24571,10000000,10000000,10000000,1,1
2017-11-26,10000025,24572,10000000,10000000,10000000,1,1
2017-11-26,10000025,25565,111111,111111,111111,4,2
2017-11-26,10000025,25589,6500,6500,6500,17,2
2017-11-26,10000025,25707,899999.09,899999.09,899999.09,5,1
2017-11-26,10000025,25894,13199972,13199972,13199972,3,1
2017-11-26,10000025,26438,78000001,78000001,78000001,1,1
2017-11-26,10000025,26929,200000,200000,200000,1,1
2017-11-26,10000025,26931,2630354,2630354,2630354,2,2
2017-11-26,10000025,27127,1000000,1000000,1000000,14,12
2017-11-26,10000025,27143,1000000,1000000,1000000,2,2
2017-11-26,10000025,27351,1,1,1,458,1
2017-11-26,10000025,27361,1538,1538,1538,7180,5
2017-11-26,10000025,27371,1105,1105,1105,5500,4
2017-11-26,10000025,27381,1094,1094,1094,3834,6
2017-11-26,10000025,27387,1098.57,1098.57,1098.57,5400,5
2017-11-26,10000025,28213,1413536.75,1413536.75,1413536.75,4,1
2017-11-26,10000025,28215,1112749.64,799989.99,1247997,53,13
2017-11-26,10000025,28266,2500000,2500000,2500000,6,2
2017-11-26,10000025,28332,1517,1517,1517,13300,4
2017-11-26,10000025,28334,680,680,680,3000,2
2017-11-26,10000025,28576,1500000,1500000,1500000,6,2
2017-11-26,10000025,28668,28759.99,28759.99,28759.99,2472,21
2017-11-26,10000025,28758,37500000,37500000,37500000,1,1
2017-11-26,10000025,28999,9806.72,9777,9876,4,4
2017-11-26,10000025,29001,9619.92,5777,15000,12,6
2017-11-26,10000025,29009,5685.59,5000,5777,17,8
2017-11-26,10000025,29011,7761.83,5000,7777,23,9
2017-11-26,10000025,29015,9234,9234,9234,15,3
2017-11-26,10000025,30013,1,1,1,27,1
2017-11-26,10000025,30028,500,500,500,5,1
2017-11-26,10000025,30486,998499.95,998000,998999.9,32,3
2017-11-26,10000025,30488,920826.55,800000,999999,88,6
2017-11-26,10000025,30832,3366667.73,2100000,4000001.6,3,2
2017-11-26,10000025,30834,3824700.93,1523490,4400003.66,5,3
2017-11-26,10000025,30987,458699,458699,458699,2,1
2017-11-26,10000025,31059,21821248.28,21821248.28,21821248.28,2,1
2017-11-26,10000025,31105,285992,285992,285992,3,2
2017-11-26,10000025,31119,1275993,1275993,1275993,3,1
2017-11-26,10000025,31153,238801.75,236669,240934.5,4,2
2017-11-26,10000025,31159,500000,500000,500000,2,1
2017-11-26,10000025,31165,6199910.8,5000000,7999777,5,4
2017-11-26,10000025,31177,329999,329999,329999,13,2
2017-11-26,10000025,31213,54963,54963,54963,4,2
2017-11-26,10000025,31220,3514278,3514278,3514278,1,1
2017-11-26,10000025,31274,196883,196883,196883,3,3
2017-11-26,10000025,31286,499500,499500,499500,1,1
2017-11-26,10000025,31288,538927,538927,538927,1,1
2017-11-26,10000025,31298,449217.31,415695.51,499500,5,2
2017-11-26,10000025,31300,329890,329890,329890,6,3
2017-11-26,10000025,31322,258133,258133,258133,1,1
2017-11-26,10000025,31324,1318888,1318888,1318888,6,3
2017-11-26,10000025,31328,3026382,3026382,3026382,1,1
2017-11-26,10000025,31360,3848894,3848894,3848894,5,5
2017-11-26,10000025,31366,26368092,26368092,26368092,2,1
2017-11-26,10000025,31372,3048443.11,1406876.36,4690001.21,10,5
2017-11-26,10000025,31570,4820000,4820000,4820000,6,5
2017-11-26,10000025,31600,1599999,1599999,1599999,3,3
2017-11-26,10000025,31716,56467,56467,56467,1,1
2017-11-26,10000025,31718,777707.77,777707.77,777707.77,4,4
2017-11-26,10000025,31722,2534569.43,2534569.43,2534569.43,1,1
2017-11-26,10000025,31724,7999777,7999777,7999777,3,3
2017-11-26,10000025,31730,2000000,2000000,2000000,3,2
2017-11-26,10000025,31742,251897,251897,251897,1,1
2017-11-26,10000025,31754,247488,247488,247488,2,2
2017-11-26,10000025,31760,5719998,5719998,5719998,4,4
2017-11-26,10000025,31788,700777,700777,700777,9,6
2017-11-26,10000025,31790,3000000,3000000,3000000,6,3
2017-11-26,10000025,31792,48000433.5,46200090,49800777,4,3
2017-11-26,10000025,31794,8830922.79,8094068.57,9567777,4,2
2017-11-26,10000025,31796,26887777,26887777,26887777,10,5
2017-11-26,10000025,31866,4500000,4500000,4500000,4,3
2017-11-26,10000025,31874,5400000,5399999.99,5400000,2,2
2017-11-26,10000025,31876,5799999.99,5799999.98,5799999.99,5,3
2017-11-26,10000025,31878,5000000,5000000,5000000,2,1
2017-11-26,10000025,31884,6999999.5,6999999.5,6999999.5,2,1
2017-11-26,10000025,31890,4210001.07,4210001.07,4210001.07,15,3
2017-11-26,10000025,31894,4008180.91,4008180,4008181.82,2,2
2017-11-26,10000025,31900,50839998.7,50839998.7,50839998.7,1,1
2017-11-26,10000025,31928,12000000,12000000,12000000,1,1
2017-11-26,10000025,31930,35000000,35000000,35000000,2,1
2017-11-26,10000025,31998,63890,63890,63890,53,2
2017-11-26,10000025,32006,120667,120667,120667,237,10
2017-11-26,10000025,32014,227283.94,190000,252997,98,3
2017-11-26,10000025,32772,499999.99,499999.99,499999.99,1,1
2017-11-26,10000025,33003,750000,500000,1000000,12,3
2017-11-26,10000025,33103,156974,156974,156974,1,1
2017-11-26,10000025,33178,90199,90199,90199,3,2
2017-11-26,10000025,33180,452542.74,103389,1500003.96,4,3
2017-11-26,10000025,33450,3299999,3299999,3299999,8,1
2017-11-26,10000025,33474,1924723,1924723,1924723,8,4
2017-11-26,10000025,33475,9949999.5,8899999,11000000,20,4
2017-11-26,10000025,33818,274999000,274999000,274999000,1,1
2017-11-26,10000025,33822,900001.54,900001.54,900001.54,5,1
2017-11-26,10000025,33824,1530937.5,1528998,1538695.5,5,2
2017-11-26,10000025,33828,30000000,30000000,30000000,1,1
2017-11-26,10000025,33890,879986.97,879986.97,879986.97,3,1
2017-11-26,10000025,33915,1173631.69,347262,2000001.37,2,2
2017-11-26,10000025,34496,500000,500000,500000,3,2
2017-11-26,10000025,34533,1499999,1499999,1499999,1,1
2017-11-26,10000025,34593,18374999.95,17999999.94,21000000,8,2
2017-11-26,10000025,34595,122499999.99,122499999.99,122499999.99,1,1
2017-11-26,10000025,35658,30789,30789,30789,5,5
2017-11-26,10000025,35659,104499,104499,104499,10,10
2017-11-26,10000025,35662,466902.98,412556,521249.96,2,2
2017-11-26,10000025,35771,1472329,1472329,1472329,1,1
2017-11-26,10000025,35790,1699999.99,1699999.99,1699999.99,1,1
2017-11-26,10000025,36910,7583777,7583777,7583777,2,2
2017-11-26,10000025,36912,9532209.67,9532209,9532210,3,3
2017-11-26,10000025,37479,446487,446487,446487,1,1
2017-11-26,10000025,37481,89000777,89000777,89000777,1,1
2017-11-26,10000025,37605,1200000000,1200000000,1200000000,1,1
2017-11-26,10000025,40357,169000777,169000777,169000777,2,1
2017-11-26,10000025,40520,880000000,880000000,880000000,1,1
2017-11-26,10000025,40559,15807760.59,15807760.59,15807760.59,10,1
2017-11-26,10000025,40564,36999999,36999999,36999999,7,1
2017-11-26,10000025,41031,6875,6875,6875,2,2
2017-11-26,10000025,41055,450000,450000,450000,1,1
2017-11-26,10000025,41155,6344,5000,13064,6,3
2017-11-26,10000025,41415,197560634.62,197560634.62,197560634.62,1,1
2017-11-26,10000025,41489,11998,11998,11998,931,11
2017-11-26,10000025,41490,911774,911774,911774,18,2
2017-11-26,10000025,41498,90000000,90000000,90000000,1,1
2017-11-26,10000025,42839,1210,1210,1210,200,1
2017-11-26,10000025,42840,3515,3515,3515,200,2
2017-11-26,10000025,44992,3250000,3250000,3250000,3,1
2017-11-26,10000025,45635,189000777,189000777,189000777,1,1
2017-11-26,10000025,46002,5875000,5750000,6000000,2,2
2017-11-26,10000025,46008,8750000,8000000,9500000,4,3
2017-11-26,10000027,34,3.99,3.99,3.99,7072208,4
2017-11-26,10000027,35,4,4,4,2331166,3
2017-11-26,10000027,36,75,75,75,1429435,4
2017-11-26,10000027,37,12.05,12.05,12.05,2338,2
2017-11-26,10000027,38,31.98,31.98,31.98,1693,2
2017-11-26,10000027,39,1100,1100,1100,59776,3
2017-11-26,10000027,40,250.98,250.98,250.98,559,2
2017-11-26,10000027,200,120,120,120,60000,4
2017-11-26,10000027,225,65,65,65,2000,1
2017-11-26,10000027,380,690000,690000,690000,1,1
2017-11-26,10000027,448,2800000,2800000,2800000,1,1
2017-11-26,10000027,499,90000,90000,90000,12,1
2017-11-26,10000027,585,300000,300000,300000,3,3
2017-11-26,10000027,593,425666.69,425666.69,425666.69,1,1
2017-11-26,10000027,672,50000,50000,50000,1,1
2017-11-26,10000027,1317,249900,249900,249900,6,1
2017-11-26,10000027,1319,900000,900000,900000,4,1
2017-11-26,10000027,1355,2499999,2499999,2499999,1,1
2017-11-26,10000027,1422,1000000,1000000,1000000,2,2
2017-11-26,10000027,1539,16000,16000,16000,2,2
2017-11-26,10000027,1541,2000000,2000000,2000000,1,1
2017-11-26,10000027,1877,2000000,2000000,2000000,5,1
2017-11-26,10000027,1944,1500000,1500000,1500000,1,1
2017-11-26,10000027,1952,1900000,1900000,1900000,2,2
2017-11-26,10000027,2048,1100000,1100000,1100000,1,1
2017-11-26,10000027,2175,2050000,2050000,2050000,2,1
2017-11-26,10000027,2185,1700000,1700000,1700000,9,2
2017-11-26,10000027,2193,349999.99,349999.99,349999.99,10,1
2017-11-26,10000027,2195,2625000,2500000,2800000,12,3
2017-11-26,10000027,2203,2000,2000,2000,1,1
2017-11-26,10000027,2205,915149.74,900000,990898.46,30,4
2017-11-26,10000027,2281,3679000,3200000,4637000,3,2
2017-11-26,10000027,2301,2549999.9,2549999.89,2549999.9,2,2
2017-11-26,10000027,2303,2562000,2562000,2562000,1,1
2017-11-26,10000027,2410,2750000,2750000,2750000,5,1
2017-11-26,10000027,2456,681428.57,681428.57,681428.57,14,2
2017-11-26,10000027,2464,3000,3000,3000,5,1
2017-11-26,10000027,2488,530400,530400,530400,3,1
2017-11-26,10000027,2506,355,355,355,2000,1
2017-11-26,10000027,2529,75000,75000,75000,1,1
2017-11-26,10000027,2605,1000000,1000000,1000000,1,1
2017-11-26,10000027,2811,1550.03,1550.03,1550.03,880,1
2017-11-26,10000027,3106,1253296,1253296,1253296,5,1
2017-11-26,10000027,3244,1660452.21,1601356.66,1689999.99,3,3
2017-11-26,10000027,3256,10000000,10000000,10000000,1,1
2017-11-26,10000027,3296,568999.5,568999,569000,4,2
2017-11-26,10000027,3598,1750000,1750000,1750000,1,1
2017-11-26,10000027,3766,999999.99,999999.99,999999.99,1,1
2017-11-26,10000027,3841,1999999.6,1999999.6,1999999.6,3,2
2017-11-26,10000027,3888,1900000,1900000,1900000,1,1
2017-11-26,10000027,3898,25000000,25000000,25000000,1,1
2017-11-26,10000027,4250,2900000,2900000,2900000,1,1
2017-11-26,10000027,4312,19900,19900,19900,10000,1
2017-11-26,10000027,5011,250000,250000,250000,1,1
2017-11-26,10000027,5405,250000,250000,250000,1,1
2017-11-26,10000027,5945,690000,690000,690000,1,1
2017-11-26,10000027,5955,390000,390000,390000,1,1
2017-11-26,10000027,5971,89999.99,89999.99,89999.99,1,1
2017-11-26,10000027,8517,3542292.29,3542292.29,3542292.29,1,1
2017-11-26,10000027,11198,39000000,39000000,39000000,1,1
2017-11-26,10000027,11370,2000000,2000000,2000000,2,1
2017-11-26,10000027,11399,1000.02,1000.02,1000.02,22,1
2017-11-26,10000027,11646,2000000,2000000,2000000,1,1
2017-11-26,10000027,12005,150000000,150000000,150000000,1,1
2017-11-26,10000027,12618,59,59,59,1000,1
2017-11-26,10000027,12631,58.66,57.99,59.33,20000,2
2017-11-26,10000027,12633,64.99,64.99,64.99,2000,1
2017-11-26,10000027,12709,75000,75000,75000,2,2
2017-11-26,10000027,12775,450.99,450.99,450.99,40000,2
2017-11-26,10000027,12801,150,150,150,2980,1
2017-11-26,10000027,13238,2000000,2000000,2000000,1,1
2017-11-26,10000027,13261,35000000,35000000,35000000,1,1
2017-11-26,10000027,15464,8999998.99,8999998.99,8999998.99,3,1
2017-11-26,10000027,15770,45000000,45000000,45000000,1,1
2017-11-26,10000027,16272,319.59,319.59,319.59,77005,3
2017-11-26,10000027,16273,90.02,90.02,90.02,86027,13
2017-11-26,10000027,16275,3999,3999,3999,152,2
2017-11-26,10000027,17366,100000,100000,100000,3,1
2017-11-26,10000027,17924,63850850,63850850,63850850,1,1
2017-11-26,10000027,17938,799998.99,799998.99,799998.99,1,1
2017-11-26,10000027,18639,35000.04,35000.04,35000.04,1,1
2017-11-26,10000027,21096,2300000,1900000,3500000,4,2
2017-11-26,10000027,21894,1012.91,1012.91,1012.91,1000,1
2017-11-26,10000027,21902,1299,1299,1299,10000,1
2017-11-26,10000027,21918,1299,1299,1299,10000,1
2017-11-26,10000027,21935,1060,1060,1060,1000,1
2017-11-26,10000027,22175,490000,490000,490000,1,1
2017-11-26,10000027,22291,1435000,1435000,1435000,3,3
2017-11-26,10000027,22456,75000000,75000000,75000000,1,1
2017-11-26,10000027,22548,200000000.31,200000000.31,200000000.31,1,1
2017-11-26,10000027,23527,1500000,1500000,1500000,1,1
2017-11-26,10000027,23707,94722.49,94722.49,94722.49,75,2
2017-11-26,10000027,24348,1300000,1300000,1300000,2,1
2017-11-26,10000027,24417,1999999.99,1999999.99,1999999.99,4,1
2017-11-26,10000027,24427,2400000,2400000,2400000,3,1
2017-11-26,10000027,24490,220,220,220,50000,1
2017-11-26,10000027,24493,220,220,220,75000,4
2017-11-26,10000027,24511,540,540,540,3000,1
2017-11-26,10000027,24517,710,710,710,15000,2
2017-11-26,10000027,25861,622500,550000,900000,4,3
2017-11-26,10000027,27127,2200000,2200000,2200000,1,1
2017-11-26,10000027,27321,896.99,896.99,896.99,1000,1
2017-11-26,10000027,27361,1200,1200,1200,500,1
2017-11-26,10000027,27381,940,940,940,800,1
2017-11-26,10000027,27916,1000000,1000000,1000000,24,6
2017-11-26,10000027,27920,1099999.99,1099999.99,1099999.99,28,8
2017-11-26,10000027,28332,1600,1600,1600,5000,1
2017-11-26,10000027,28668,27989.87,27989.87,27990,1000,5
2017-11-26,10000027,28758,38750000,38750000,38750000,1,1
2017-11-26,10000027,29001,450000,450000,450000,2,1
2017-11-26,10000027,29009,9999.99,9999.99,9999.99,3,1
2017-11-26,10000027,29011,16999.99,16999.99,16999.99,1,1
2017-11-26,10000027,30013,54999.97,54999.97,54999.97,16,1
2017-11-26,10000027,30028,73688,71501.33,75000,8,2
2017-11-26,10000027,31153,249999.99,249999.99,249999.99,2,1
2017-11-26,10000027,31171,4000000,4000000,4000000,1,1
2017-11-26,10000027,31183,3000000,3000000,3000000,1,1
2017-11-26,10000027,31298,200000,200000,200000,1,1
2017-11-26,10000027,31718,350000,350000,350000,1,1
2017-11-26,10000027,31870,10000000,10000000,10000000,1,1
2017-11-26,10000027,32006,400000,400000,400000,100,1
2017-11-26,10000027,32014,200000,200000,200000,3,1
2017-11-26,10000027,33003,150000,150000,150000,5,1
2017-11-26,10000027,33332,17250,17250,17250,999,3
2017-11-26,10000027,33474,1800000,1800000,1800000,2,2
2017-11-26,10000027,35659,39000,39000,39000,1,1
2017-11-26,10000027,35771,1855000,1855000,1855000,1,1
2017-11-26,10000027,35790,2900000,2900000,2900000,1,1
2017-11-26,10000027,36911,6499000,6499000,6499000,1,1
2017-11-26,10000027,36912,8500000,8500000,8500000,2,2
2017-11-26,10000027,42695,940,940,940,600,1
2017-11-26,10000027,42696,820,820,820,600,2
2017-11-26,10000027,42832,750.99,750.99,750.99,350,1
2017-11-26,10000027,42833,799.99,799.99,799.99,350,1
2017-11-26,10000027,42834,769.99,769.99,769.99,340,4
2017-11-26,10000027,42840,907.99,907.99,907.99,276,1
2017-11-26,10000027,44992,2410999.73,2410999.73,2410999.73,500,1
2017-11-26,10000027,46006,17000000,17000000,17000000,1,1
2017-11-26,10000027,46008,26000000,26000000,26000000,4,4
2017-11-26,10000028,18,55.01,55.01,55.01,838080,15
2017-11-26,10000028,20,293,293,293,24000,3
2017-11-26,10000028,34,4.92,3.5,5.01,28625376,25
2017-11-26,10000028,35,4.55,4.55,4.55,1345235,11
2017-11-26,10000028,36,45.02,45.02,45.02,551912,11
2017-11-26,10000028,37,52.13,52.13,52.13,310543,9
2017-11-26,10000028,38,300,300,300,47373,6
2017-11-26,10000028,39,1198,1198,1198,57075,7
2017-11-26,10000028,40,1000,1000,1000,3946,10
2017-11-26,10000028,41,14,14,14,136668,6
2017-11-26,10000028,43,170,170,170,100,1
2017-11-26,10000028,44,8458.71,8458.71,8458.71,2875,1
2017-11-26,10000028,178,3.26,3.26,3.26,1400,6
2017-11-26,10000028,180,0.1,0.1,0.1,100,1
2017-11-26,10000028,181,0.11,0.11,0.11,100,1
2017-11-26,10000028,184,0.22,0.22,0.22,100,1
2017-11-26,10000028,185,16,16,16,500200,4
2017-11-26,10000028,188,24.94,24.94,24.94,33750,1
2017-11-26,10000028,189,39.75,39.75,39.75,7000,2
2017-11-26,10000028,191,43.5,43.5,43.5,15000,2
2017-11-26,10000028,192,60,60,60,7000,2
2017-11-26,10000028,193,56,56,56,10000,1
2017-11-26,10000028,199,179.15,179.15,179.15,3000,1
2017-11-26,10000028,200,176.45,176.45,176.45,5000,1
2017-11-26,10000028,202,274,274,274,3000,1
2017-11-26,10000028,209,53.5,53.5,53.5,1000,1
2017-11-26,10000028,210,8.55,8.55,8.55,700,2
2017-11-26,10000028,211,13.45,13.45,13.45,600,2
2017-11-26,10000028,212,0.11,0.11,0.11,100,1
2017-11-26,10000028,213,8.7,8.7,8.7,700,2
2017-11-26,10000028,215,5.15,5.15,5.15,4500,2
2017-11-26,10000028,222,18,18,18,2500,1
2017-11-26,10000028,230,65.95,65.95,65.95,15000,1
2017-11-26,10000028,231,38.4,38.4,38.4,4000,1
2017-11-26,10000028,233,59.6,59.6,59.6,3600,1
2017-11-26,10000028,266,0.02,0.02,0.02,100,1
2017-11-26,10000028,377,15500,15500,15500,3,1
2017-11-26,10000028,434,100000,100000,100000,1,1
2017-11-26,10000028,440,5299777,5299777,5299777,1,1
2017-11-26,10000028,444,5835.72,5671.43,6000,2,2
2017-11-26,10000028,483,26284.04,25000,27140.07,5,3
2017-11-26,10000028,489,120000,120000,120000,2,1
2017-11-26,10000028,493,414734,414734,414734,3,2
2017-11-26,10000028,501,39999,39999,39999,10,3
2017-11-26,10000028,561,6000,6000,6000,1,1
2017-11-26,10000028,578,280400,1000,500000,5,4
2017-11-26,10000028,585,299835.99,299835.99,299835.99,1,1
2017-11-26,10000028,586,415000,415000,415000,1,1
2017-11-26,10000028,587,250000,250000,250000,1,1
2017-11-26,10000028,588,5000,5000,5000,1,1
2017-11-26,10000028,593,548123,548123,548123,1,1
2017-11-26,10000028,594,440000,440000,440000,1,1
2017-11-26,10000028,602,444999.25,444999.25,444999.25,1,1
2017-11-26,10000028,608,415000,415000,415000,1,1
2017-11-26,10000028,621,9250000,8500000,10000000,2,2
2017-11-26,10000028,626,4400000,4400000,4400000,1,1
2017-11-26,10000028,631,8899999,8899999,8899999,1,1
2017-11-26,10000028,634,9499998.5,9499998,9499999,2,2
2017-11-26,10000028,653,825000,825000,825000,1,1
2017-11-26,10000028,672,34000,34000,34000,1,1
2017-11-26,10000028,692,82000000,82000000,82000000,1,1
2017-11-26,10000028,884,70000,70000,70000,1,1
2017-11-26,10000028,885,80000,80000,80000,1,1
2017-11-26,10000028,892,275000,275000,275000,1,1
2017-11-26,10000028,893,325000,325000,325000,1,1
2017-11-26,10000028,988,3225000,3225000,3225000,2,2
2017-11-26,10000028,1179,250000,250000,250000,1,1
2017-11-26,10000028,1182,25000,25000,25000,2,2
2017-11-26,10000028,1214,5000000,5000000,5000000,1,1
2017-11-26,10000028,1227,72.08,40.37,72.08,80291,9
2017-11-26,10000028,1228,28.5,19.4,28.5,1340371,12
2017-11-26,10000028,1230,14.95,14.95,14.95,783081,8
2017-11-26,10000028,1236,999999,999999,999999,5,2
2017-11-26,10000028,1306,399998.98,399998.98,399998.98,1,1
2017-11-26,10000028,1319,1575929,1086776,5000000,8,6
2017-11-26,10000028,1403,18666.33,18500,18999,3,2
2017-11-26,10000028,1405,999999,999999,999999,7,3
2017-11-26,10000028,1436,1699999,1699999,1699999,2,2
2017-11-26,10000028,1810,0.51,0.51,0.51,100,1
2017-11-26,10000028,1964,1699999,1699999,1699999,1,1
2017-11-26,10000028,1973,35000,35000,35000,1,1
2017-11-26,10000028,2032,799881.11,799877.66,799888,6,2
2017-11-26,10000028,2046,12083.33,12000,12500,6,2
2017-11-26,10000028,2048,625925.33,625776,626000,3,3
2017-11-26,10000028,2073,1.9,1.9,1.9,1000000,1
2017-11-26,10000028,2175,1414062.49,1387124.97,1441000,2,2
2017-11-26,10000028,2183,70222.22,69000,80000,9,2
2017-11-26,10000028,2185,1236101.62,1149995,1299996.6,18,4
2017-11-26,10000028,2194,6000000,6000000,6000000,1,1
2017-11-26,10000028,2203,4994.29,4980,5000,7,2
2017-11-26,10000028,2254,81000,81000,81000,1,1
2017-11-26,10000028,2281,4299997.5,4299997,4299997.99,2,2
2017-11-26,10000028,2303,2499999,2499999,2499999,1,1
2017-11-26,10000028,2333,1566665.67,1499999,1699999,3,3
2017-11-26,10000028,2403,7940000.73,7940000.73,7940000.73,1,1
2017-11-26,10000028,2406,1000000,1000000,1000000,1,1
2017-11-26,10000028,2444,52000,52000,52000,5,1
2017-11-26,10000028,2446,1979922.62,1750000,2249999,13,4
2017-11-26,10000028,2454,6418.75,5949.99,8500,24,7
2017-11-26,10000028,2456,491598.62,484999,499996.98,25,7
2017-11-26,10000028,2466,522674.85,511049.08,525000,6,2
2017-11-26,10000028,2478,2479999.2,2000000,2599999,5,2
2017-11-26,10000028,2486,8492.07,7899.98,9321,24,5
2017-11-26,10000028,2488,474999,474999,474999,31,5
2017-11-26,10000028,2495,500000,500000,500000,1,1
2017-11-26,10000028,2505,500000,500000,500000,1,1
2017-11-26,10000028,2514,5.95,5.95,5.95,10400,4
2017-11-26,10000028,2524,81000,81000,81000,1,1
2017-11-26,10000028,2525,81000,81000,81000,1,1
2017-11-26,10000028,2539,1172994,1172994,1172994,4,1
2017-11-26,10000028,2549,81000,81000,81000,1,1
2017-11-26,10000028,2553,1200000,1200000,1200000,1,1
2017-11-26,10000028,2605,444127.95,444127.93,444127.95,4,3
2017-11-26,10000028,2679,107,107,107,16000,2
2017-11-26,10000028,2913,2499999,2499999,2499999,6,1
2017-11-26,10000028,2969,2767499.87,2767499.87,2767499.87,2,1
2017-11-26,10000028,2998,64500000,60000000,69000000,2,2
2017-11-26,10000028,3170,779888,779888,779888,2,1
2017-11-26,10000028,3184,2470000.87,2470000.87,2470000.87,2,2
2017-11-26,10000028,3303,370000.87,370000.87,370000.87,1,1
2017-11-26,10000028,3315,1970000.84,1970000.84,1970000.84,1,1
2017-11-26,10000028,3324,109500.37,109000.73,110000,2,2
2017-11-26,10000028,3325,779000.86,779000.86,779000.86,1,1
2017-11-26,10000028,3327,20000,20000,20000,1,1
2017-11-26,10000028,3329,40000,40000,40000,1,1
2017-11-26,10000028,3333,970000.87,970000.87,970000.87,1,1
2017-11-26,10000028,3334,885000.44,500000,1270000.87,2,2
2017-11-26,10000028,3335,500000,500000,500000,1,1
2017-11-26,10000028,3336,4199500.37,4000000,4399000.73,2,2
2017-11-26,10000028,3340,780000.87,780000.87,780000.87,1,1
2017-11-26,10000028,3349,75000,75000,75000,1,1
2017-11-26,10000028,3354,2749000.72,2749000.72,2749000.72,2,2
2017-11-26,10000028,3355,20000,20000,20000,1,1
2017-11-26,10000028,3356,60000,60000,60000,1,1
2017-11-26,10000028,3357,180000,180000,180000,1,1
2017-11-26,10000028,3361,200000,200000,200000,1,1
2017-11-26,10000028,3363,20000,20000,20000,1,1
2017-11-26,10000028,3380,20000,20000,20000,1,1
2017-11-26,10000028,3385,51000.84,51000.84,51000.84,1,1
2017-11-26,10000028,3386,20000,20000,20000,1,1
2017-11-26,10000028,3395,80000,80000,80000,1,1
2017-11-26,10000028,3402,20000,20000,20000,1,1
2017-11-26,10000028,3403,300000,300000,300000,1,1
2017-11-26,10000028,3405,25000,25000,25000,1,1
2017-11-26,10000028,3409,350000,350000,350000,1,1
2017-11-26,10000028,3410,495000,495000,495000,1,1
2017-11-26,10000028,3416,35000,35000,35000,1,1
2017-11-26,10000028,3423,75000,75000,75000,1,1
2017-11-26,10000028,3430,500000,500000,500000,1,1
2017-11-26,10000028,3434,87000.73,87000.73,87000.73,3,1
2017-11-26,10000028,3435,150000,150000,150000,1,1
2017-11-26,10000028,3438,267000.8,267000.8,267000.8,1,1
2017-11-26,10000028,3440,241000.74,241000.74,241000.74,1,1
2017-11-26,10000028,3452,370000.73,370000.73,370000.73,1,1
2017-11-26,10000028,3453,30000.71,30000.71,30000.71,2,2
2017-11-26,10000028,3466,499999,499999,499999,1,1
2017-11-26,10000028,3554,1400,1400,1400,100,1
2017-11-26,10000028,3568,1499999,1499999,1499999,1,1
2017-11-26,10000028,3645,250,250,250,380,1
2017-11-26,10000028,3647,152,152,152,20,1
2017-11-26,10000028,3673,90,90,90,200,2
2017-11-26,10000028,3683,220,220,220,60,1
2017-11-26,10000028,3689,11401,11401,11401,9612,1
2017-11-26,10000028,3707,10000,10000,10000,20,1
2017-11-26,10000028,3713,1600,1600,1600,30,2
2017-11-26,10000028,3715,90.54,90.54,90.54,100,1
2017-11-26,10000028,3717,128.01,128.01,128.01,52,1
2017-11-26,10000028,3779,280,280,280,920,1
2017-11-26,10000028,3814,9999.96,9999.96,9999.96,80,1
2017-11-26,10000028,3820,100.01,100.01,100.01,10,1
2017-11-26,10000028,3822,10000,10000,10000,10,1
2017-11-26,10000028,3824,100,100,100,10,1
2017-11-26,10000028,3829,22799,22799,22799,6,2
2017-11-26,10000028,3841,1457333,1457333,1457333,1,1
2017-11-26,10000028,3888,1300000,1300000,1300000,2,2
2017-11-26,10000028,3941,250000,250000,250000,1,1
2017-11-26,10000028,4025,3550,3550,3550,1,1
2017-11-26,10000028,4246,20000,20000,20000,1360,1
2017-11-26,10000028,4250,2899999,2899999,2899999,1,1
2017-11-26,10000028,4383,2099997.98,2099997.98,2099997.98,1,1
2017-11-26,10000028,4385,4500000,4500000,4500000,1,1
2017-11-26,10000028,4395,549997.93,549997.93,549997.93,3,2
2017-11-26,10000028,4403,748888.38,719998.98,777777.77,2,2
2017-11-26,10000028,4529,1000,1000,1000,1,1
2017-11-26,10000028,5239,17600,200.01,34999.99,4,3
2017-11-26,10000028,5245,500,500,500,1,1
2017-11-26,10000028,5321,14000,14000,14000,1,1
2017-11-26,10000028,5443,54900,54900,54900,1,1
2017-11-26,10000028,5445,2200,2200,2200,1,1
2017-11-26,10000028,5533,90000,90000,90000,1,1
2017-11-26,10000028,5631,60000,60000,60000,1,1
2017-11-26,10000028,5839,1500000,1500000,1500000,3,3
2017-11-26,10000028,5867,100,100,100,1,1
2017-11-26,10000028,5869,100,100,100,3,3
2017-11-26,10000028,6003,2320,2320,2320,1,1
2017-11-26,10000028,6005,188000,188000,188000,1,1
2017-11-26,10000028,6527,6000,6000,6000,3,1
2017-11-26,10000028,6923,1788888,1788888,1788888,2,1
2017-11-26,10000028,8433,766666.67,650000,1000000,3,3
2017-11-26,10000028,8529,450000,450000,450000,1,1
2017-11-26,10000028,8579,18100,18100,18100,1,1
2017-11-26,10000028,8585,25000,25000,25000,1,1
2017-11-26,10000028,8748,30000,30000,30000,4,1
2017-11-26,10000028,8867,1000,1000,1000,1,1
2017-11-26,10000028,9377,595840,595840,595840,2,1
2017-11-26,10000028,9556,30000,30000,30000,1,1
2017-11-26,10000028,9632,659999,659999,659999,1,1
2017-11-26,10000028,9646,30000,30000,30000,1,1
2017-11-26,10000028,9832,7771,7771,7771,3000,1
2017-11-26,10000028,9834,12505,12505,12505,422,1
2017-11-26,10000028,9836,9600,9600,9600,9387,2
2017-11-26,10000028,9844,400,400,400,40,1
2017-11-26,10000028,9848,94000,94000,94000,122,1
2017-11-26,10000028,9850,427.7,427.7,427.7,118,2
2017-11-26,10000028,9852,59.32,59.32,59.32,291626,9
2017-11-26,10000028,9956,3600010,3600010,3600010,1,1
2017-11-26,10000028,10208,30500000,30500000,30500000,1,1
2017-11-26,10000028,10212,30000000,30000000,30000000,1,1
2017-11-26,10000028,10216,30000000,30000000,30000000,1,1
2017-11-26,10000028,10221,29999999,29999999,29999999,1,1
2017-11-26,10000028,10225,22000000,22000000,22000000,1,1
2017-11-26,10000028,10246,6000,6000,6000,142,3
2017-11-26,10000028,10678,100,100,100,2,1
2017-11-26,10000028,10998,50463.33,20999.99,120000,15,5
2017-11-26,10000028,11129,29994.5,25989.99,33999,2,2
2017-11-26,10000028,11132,17800,17000,19000,5,4
2017-11-26,10000028,11134,32000,32000,32000,1,1
2017-11-26,10000028,11172,50000000,50000000,50000000,1,1
2017-11-26,10000028,11176,2999999,2999999,2999999,1,1
2017-11-26,10000028,11200,27000000,27000000,27000000,1,1
2017-11-26,10000028,11207,500000,500000,500000,1,1
2017-11-26,10000028,11249,948000,948000,948000,1,1
2017-11-26,10000028,11259,799998.97,799998.97,799998.97,1,1
2017-11-26,10000028,11269,729000,650000,808000,2,2
2017-11-26,10000028,11317,648950,648950,648950,1,1
2017-11-26,10000028,11370,2172726,2172726,2172726,1,1
2017-11-26,10000028,11399,14994.53,14994.53,14994.53,100,1
2017-11-26,10000028,11447,13700000.87,13700000.87,13700000.87,1,1
2017-11-26,10000028,11452,13700000.87,13700000.87,13700000.87,1,1
2017-11-26,10000028,11489,455000.65,455000.65,455000.65,1,1
2017-11-26,10000028,11566,120000,120000,120000,2,2
2017-11-26,10000028,11569,400000,400000,400000,1,1
2017-11-26,10000028,11572,400000,400000,400000,1,1
2017-11-26,10000028,11574,3470000.73,3470000.73,3470000.73,1,1
2017-11-26,10000028,11577,5400000,5400000,5400000,1,1
2017-11-26,10000028,11578,6999999,6999999,6999999,2,2
2017-11-26,10000028,11629,296960,296960,296960,1,1
2017-11-26,10000028,11646,2599999,2599999,2599999,1,1
2017-11-26,10000028,11963,420000000,420000000,420000000,1,1
2017-11-26,10000028,12052,185775,185775,185775,1,1
2017-11-26,10000028,12056,48000,48000,48000,2,2
2017-11-26,10000028,12058,3299998.99,3299998.99,3299999,3,3
2017-11-26,10000028,12093,4000000,4000000,4000000,1,1
2017-11-26,10000028,12095,4000000,4000000,4000000,1,1
2017-11-26,10000028,12098,20000000,20000000,20000000,1,1
2017-11-26,10000028,12109,3500000,3500000,3500000,1,1
2017-11-26,10000028,12202,3000000,3000000,3000000,1,1
2017-11-26,10000028,12208,3000000,3000000,3000000,1,1
2017-11-26,10000028,12213,1200000,1200000,1200000,1,1
2017-11-26,10000028,12274,83000,83000,83000,2,1
2017-11-26,10000028,12365,120000,120000,120000,2,2
2017-11-26,10000028,12366,120000,120000,120000,2,2
2017-11-26,10000028,12367,120000,120000,120000,2,2
2017-11-26,10000028,12608,50,50,50,4000,1
2017-11-26,10000028,12614,95,95,95,5000,1
2017-11-26,10000028,12773,174,174,174,750,1
2017-11-26,10000028,12777,199,199,199,750,1
2017-11-26,10000028,13261,48900000,48900000,48900000,1,1
2017-11-26,10000028,13279,250000,250000,250000,1,1
2017-11-26,10000028,15331,800.01,800.01,800.01,58,16
2017-11-26,10000028,15510,40000,40000,40000,5,1
2017-11-26,10000028,15596,4500,4500,4500,5,2
2017-11-26,10000028,15597,8000,8000,8000,2,1
2017-11-26,10000028,15598,15000,15000,15000,1,1
2017-11-26,10000028,15600,25001,25001,25001,1,1
2017-11-26,10000028,15607,4500,4500,4500,21,5
2017-11-26,10000028,15608,8000,8000,8000,29,4
2017-11-26,10000028,15610,30108.13,30108.13,30108.13,5,2
2017-11-26,10000028,15613,60000.04,60000.04,60000.04,2,1
2017-11-26,10000028,15614,100000,100000,100000,2,1
2017-11-26,10000028,15992,25000.01,25000.01,25000.01,5,2
2017-11-26,10000028,16000,32103.29,32103.29,32103.29,1,1
2017-11-26,10000028,16069,85000,85000,85000,1,1
2017-11-26,10000028,16240,1500000,1500000,1500000,1,1
2017-11-26,10000028,16242,850000,850000,850000,1,1
2017-11-26,10000028,16263,170001.08,170001.08,170001.08,860,49
2017-11-26,10000028,16266,524675.32,485000,550000,77,2
2017-11-26,10000028,16272,700,700,700,6210,2
2017-11-26,10000028,16273,297.97,297.97,297.98,11619,28
2017-11-26,10000028,16279,15003680,15003680,15003680,1,1
2017-11-26,10000028,16521,25000,25000,25000,3,2
2017-11-26,10000028,16591,32000000,32000000,32000000,1,1
2017-11-26,10000028,17217,500000,500000,500000,1,1
2017-11-26,10000028,17366,149999,149999,149999,1,1
2017-11-26,10000028,17455,61.31,61.31,61.31,1272383,48
2017-11-26,10000028,17456,63.73,63.73,63.73,635929,27
2017-11-26,10000028,17463,19.38,19.32,19.38,208168,3
2017-11-26,10000028,17464,19.34,19.34,19.34,67532,1
2017-11-26,10000028,17470,15.18,15.18,15.18,811681,8
2017-11-26,10000028,17471,22.62,22.62,22.62,422863,11
2017-11-26,10000028,17478,24300000,23950000,25000000,3,3
2017-11-26,10000028,17480,15900000,15900000,15900000,1,1
2017-11-26,10000028,17482,2462499.75,2450000,2499999,8,2
2017-11-26,10000028,17483,16130080,16130080,16130080,1,1
2017-11-26,10000028,17796,50000,50000,50000,10,1
2017-11-26,10000028,17867,47.5,47.5,47.5,18896,1
2017-11-26,10000028,17868,66.05,66.05,66.05,25802,6
2017-11-26,10000028,17887,900,900,900,30000,1
2017-11-26,10000028,17888,900,900,900,89868,2
2017-11-26,10000028,17889,799.99,799.99,799.99,79999,1
2017-11-26,10000028,17895,110125.01,110125.01,110125.01,1,1
2017-11-26,10000028,17912,4514284.71,4399999,4599999,7,4
2017-11-26,10000028,17938,74999.98,74999.98,74999.98,3,3
2017-11-26,10000028,17940,508444.77,508444.77,508444.77,1,1
2017-11-26,10000028,18058,52638.46,50000,54900,13,6
2017-11-26,10000028,18059,250000,250000,250000,1,1
2017-11-26,10000028,18062,16000,16000,16000,4,1
2017-11-26,10000028,18066,18000,18000,18000,8,2
2017-11-26,10000028,18612,245000,245000,245000,47,1
2017-11-26,10000028,18635,495000,495000,495000,100,1
2017-11-26,10000028,18639,48000,48000,48000,1,1
2017-11-26,10000028,18670,45000000,45000000,45000000,1,1
2017-11-26,10000028,19404,180000,180000,180000,2,1
2017-11-26,10000028,19405,360000,360000,360000,1,1
2017-11-26,10000028,19406,600000,600000,600000,9,1
2017-11-26,10000028,19407,1200000,1200000,1200000,4,1
2017-11-26,10000028,19408,2100000,2100000,2100000,2,1
2017-11-26,10000028,19416,43200000,43200000,43200000,2,2
2017-11-26,10000028,19422,3360000,3360000,3360000,1,1
2017-11-26,10000028,19806,1349999,1349999,1349999,1,1
2017-11-26,10000028,19814,45200,400,89999.99,2,2
2017-11-26,10000028,19921,370000.87,370000.87,370000.87,1,1
2017-11-26,10000028,19939,40000,40000,40000,1,1
2017-11-26,10000028,20210,1198000.82,1198000.82,1198000.82,1,1
2017-11-26,10000028,20211,5780000.87,5780000.87,5780000.87,1,1
2017-11-26,10000028,20212,9000000,9000000,9000000,1,1
2017-11-26,10000028,20342,64700000.87,64700000.87,64700000.87,1,1
2017-11-26,10000028,20351,1799998.97,1799998.97,1799998.97,1,1
2017-11-26,10000028,20494,100000,100000,100000,1,1
2017-11-26,10000028,20495,100000,100000,100000,1,1
2017-11-26,10000028,20723,10,10,10,13779,1
2017-11-26,10000028,21096,2933308.45,2199888,3500000,9,9
2017-11-26,10000028,21603,13700000.87,13700000.87,13700000.87,1,1
2017-11-26,10000028,21640,999999.99,999999.99,999999.99,17,3
2017-11-26,10000028,21815,5000007,5000007,5000007,17,1
2017-11-26,10000028,21894,1348.8,1348.8,1348.8,4500,2
2017-11-26,10000028,21896,898.65,898.65,898.65,500,1
2017-11-26,10000028,21935,1396.5,1396.5,1396.5,3000,1
2017-11-26,10000028,21939,325.58,325.58,325.58,2500,1
2017-11-26,10000028,22175,55000,55000,55000,1,1
2017-11-26,10000028,22177,135454.55,130000,190000,11,3
2017-11-26,10000028,22291,45000,45000,45000,1,1
2017-11-26,10000028,22468,396674643,396674643,396674643,1,1
2017-11-26,10000028,22534,28999880.5,28999880.5,28999880.5,3,2
2017-11-26,10000028,22535,105000080.5,105000080.5,105000080.5,2,1
2017-11-26,10000028,22542,84000,42000,105000,9,3
2017-11-26,10000028,22548,226666666.67,180000000,320000000,3,3
2017-11-26,10000028,23009,325.87,325.87,325.87,33,1
2017-11-26,10000028,23527,270000,270000,270000,1,1
2017-11-26,10000028,23559,120000,120000,120000,5,1
2017-11-26,10000028,23561,179000,179000,179000,1,1
2017-11-26,10000028,23594,450000,450000,450000,1,1
2017-11-26,10000028,23606,150000,150000,150000,1,1
2017-11-26,10000028,23705,39899.99,39899.99,39899.99,5,1
2017-11-26,10000028,23707,7999.93,7999.93,7999.93,5,1
2017-11-26,10000028,23950,68900000.44,64000000,73800000.87,2,2
2017-11-26,10000028,24241,156666.95,50000,370000.84,3,3
2017-11-26,10000028,24242,1000000,1000000,1000000,1,1
2017-11-26,10000028,24305,5999999.38,5999998.87,5999999.89,2,2
2017-11-26,10000028,24313,500000000,500000000,500000000,1,1
2017-11-26,10000028,24348,1443751.55,1287503.1,1600000,2,2
2017-11-26,10000028,24507,432,432,432,40000,1
2017-11-26,10000028,24700,55000000,55000000,55000000,1,1
2017-11-26,10000028,25589,451.07,451.07,451.07,1,1
2017-11-26,10000028,25590,90264.64,88101.23,100000.01,11,3
2017-11-26,10000028,25591,163000,157000,175000,3,3
2017-11-26,10000028,25592,26.12,26.12,26.12,1,1
2017-11-26,10000028,25593,5428.57,250.01,7500,7,4
2017-11-26,10000028,25594,41288.73,41288.73,41288.73,16,1
2017-11-26,10000028,25595,15577.68,15577.68,15577.68,9,3
2017-11-26,10000028,25596,33275.01,32125.01,35000,5,5
2017-11-26,10000028,25597,4750,4750,4750,1,1
2017-11-26,10000028,25598,9702.01,9702.01,9702.01,107,5
2017-11-26,10000028,25599,1000,1000,1000,194,5
2017-11-26,10000028,25600,25107.01,25107.01,25107.01,166,5
2017-11-26,10000028,25601,2982.92,2022.37,3333,90,7
2017-11-26,10000028,25604,3706.77,3706.77,3706.77,2,2
2017-11-26,10000028,25605,17101.66,17101.66,17101.66,3,3
2017-11-26,10000028,25606,75000,75000,75000,15,1
2017-11-26,10000028,25618,20761.59,20761.59,20761.59,4,1
2017-11-26,10000028,25620,42010.27,42010.27,42010.27,6,1
2017-11-26,10000028,25719,470000.87,470000.87,470000.87,1,1
2017-11-26,10000028,25810,450000,450000,450000,1,1
2017-11-26,10000028,25812,4999999,4999999,4999999,6,1
2017-11-26,10000028,25861,73937.49,69999.99,73999.99,8,5
2017-11-26,10000028,25948,5499000,5499000,5499000,2,1
2017-11-26,10000028,26088,10000000,10000000,10000000,1,1
2017-11-26,10000028,26252,60000,60000,60000,1,1
2017-11-26,10000028,26253,100000,100000,100000,1,1
2017-11-26,10000028,26255,105000.71,105000.71,105000.71,1,1
2017-11-26,10000028,26258,100000,100000,100000,1,1
2017-11-26,10000028,26259,100000,100000,100000,1,1
2017-11-26,10000028,26261,105000.82,105000.82,105000.82,1,1
2017-11-26,10000028,26913,2999998.97,2999998.97,2999998.97,3,1
2017-11-26,10000028,27174,178147286.09,178147286.09,178147286.09,1,1
2017-11-26,10000028,27359,3448.8,3448.8,3448.8,2000,1
2017-11-26,10000028,27361,1186.47,1186.47,1186.47,1000,2
2017-11-26,10000028,27377,1025.69,1025.69,1025.69,100,1
2017-11-26,10000028,27405,1586.72,1586.72,1586.72,1000,1
2017-11-26,10000028,27413,1446.25,1446.25,1446.25,750,1
2017-11-26,10000028,27435,1165,1165,1165,600,1
2017-11-26,10000028,28164,4500000,4500000,4500000,1,1
2017-11-26,10000028,28205,1988939.08,1988939.08,1988939.08,5,1
2017-11-26,10000028,28270,1700000,1700000,1700000,2,2
2017-11-26,10000028,28438,171100.2,171100.2,171100.2,246,3
2017-11-26,10000028,28576,1275000,1275000,1275000,3,2
2017-11-26,10000028,28578,1197575,1197575,1197575,2,1
2017-11-26,10000028,28656,64000000,64000000,64000000,1,1
2017-11-26,10000028,28668,26000,26000,26000,1451,6
2017-11-26,10000028,28879,1474500.44,1000000,1949000.87,2,2
2017-11-26,10000028,28880,5163333.58,5000000,5490000.73,3,3
2017-11-26,10000028,29005,899999.98,899999.98,899999.98,1,1
2017-11-26,10000028,29007,899999.99,899999.99,899999.99,1,1
2017-11-26,10000028,29011,899999.96,899999.96,899999.96,1,1
2017-11-26,10000028,29637,50000000,50000000,50000000,1,1
2017-11-26,10000028,29990,248500000,248500000,248500000,1,1
2017-11-26,10000028,30013,9767.45,9473.99,9899.98,90,6
2017-11-26,10000028,30028,145000,145000,145000,8,1
2017-11-26,10000028,30832,1999999,1999999,1999999,1,1
2017-11-26,10000028,30834,1499999,1499999,1499999,2,1
2017-11-26,10000028,30836,1892856.86,1890000,1899999,7,3
2017-11-26,10000028,30987,550000,550000,550000,3,2
2017-11-26,10000028,31009,579000,579000,579000,1,1
2017-11-26,10000028,31011,1700000,1700000,1700000,1,1
2017-11-26,10000028,31047,3000000,3000000,3000000,1,1
2017-11-26,10000028,31055,2990000,2990000,2990000,1,1
2017-11-26,10000028,31073,3000000,3000000,3000000,3,1
2017-11-26,10000028,31105,490990,490990,490990,3,1
2017-11-26,10000028,31119,1298990,1298990,1298990,2,2
2017-11-26,10000028,31125,21866664.49,15999993.99,24799999.74,3,3
2017-11-26,10000028,31153,324998.99,324998.99,324998.99,2,1
2017-11-26,10000028,31155,1599990.5,1599990.5,1599990.5,1,1
2017-11-26,10000028,31322,320000,320000,320000,1,1
2017-11-26,10000028,31360,3900000,3900000,3900000,1,1
2017-11-26,10000028,31626,7999999,7999999,7999999,1,1
2017-11-26,10000028,31670,600000,600000,600000,1,1
2017-11-26,10000028,31740,174000,174000,174000,1,1
2017-11-26,10000028,31748,5999999.99,5999999.99,5999999.99,2,1
2017-11-26,10000028,31752,170000,170000,170000,1,1
2017-11-26,10000028,31754,394000,394000,394000,2,1
2017-11-26,10000028,31788,540000,540000,540000,3,1
2017-11-26,10000028,31790,2199999.5,1900000,2499999,2,2
2017-11-26,10000028,31796,30000000,30000000,30000000,1,1
2017-11-26,10000028,31812,29999999.99,29999999.99,29999999.99,1,1
2017-11-26,10000028,31882,5000000,5000000,5000000,6,3
2017-11-26,10000028,31998,70000,70000,70000,20,1
2017-11-26,10000028,32006,399999.98,399999.98,399999.98,661,1
2017-11-26,10000028,32014,356639.53,291599,399999.89,50,3
2017-11-26,10000028,32797,500000,500000,500000,1,1
2017-11-26,10000028,32863,25000000,25000000,25000000,1,1
2017-11-26,10000028,32872,1399999.75,1399999,1400000,4,4
2017-11-26,10000028,32874,1200.01,1200.01,1200.01,1,1
2017-11-26,10000028,32880,290369.52,195000,324665.13,9,8
2017-11-26,10000028,32918,54285.78,40000,68571.55,2,2
2017-11-26,10000028,32999,490000.44,200000,780000.87,2,2
2017-11-26,10000028,33000,200000,200000,200000,1,1
2017-11-26,10000028,33001,200000,200000,200000,1,1
2017-11-26,10000028,33002,200000,200000,200000,1,1
2017-11-26,10000028,33076,674995.91,674995.91,674995.91,3,1
2017-11-26,10000028,33078,1000000,1000000,1000000,1,1
2017-11-26,10000028,33092,285000.44,100000,470000.87,2,2
2017-11-26,10000028,33097,1000000,1000000,1000000,1,1
2017-11-26,10000028,33101,1199900,1199900,1199900,1,1
2017-11-26,10000028,33138,1500000,1500000,1500000,2,1
2017-11-26,10000028,33139,2283333.33,2000000,2850000,3,3
2017-11-26,10000028,33140,19981241.86,19900000,19999989.98,16,5
2017-11-26,10000028,33141,29498998.98,29498998.98,29498998.99,7,4
2017-11-26,10000028,33195,10000,10000,10000,2,1
2017-11-26,10000028,34204,999.99,999.99,999.99,1,1
2017-11-26,10000028,34205,200000.07,200000.07,200000.07,2,1
2017-11-26,10000028,34327,44700000.87,44700000.87,44700000.87,1,1
2017-11-26,10000028,34533,1970000.88,1970000.88,1970000.88,2,2
2017-11-26,10000028,35658,50000,50000,50000,1,1
2017-11-26,10000028,35770,50000,50000,50000,1,1
2017-11-26,10000028,37608,1300000,1300000,1300000,1,1
2017-11-26,10000028,37615,27800000.9,27800000.9,27800000.9,1,1
2017-11-26,10000028,37796,5000000,5000000,5000000,3,1
2017-11-26,10000028,37798,5000000,5000000,5000000,3,1
2017-11-26,10000028,37799,5000000,5000000,5000000,3,1
2017-11-26,10000028,40328,4000000,4000000,4000000,1,1
2017-11-26,10000028,41155,899999.6,899999.6,899999.6,1,1
2017-11-26,10000028,42226,2000000,2000000,2000000,84,1
2017-11-26,10000028,42244,70000000,70000000,70000000,1,1
2017-11-26,10000028,42829,600,600,600,6600,2
2017-11-26,10000028,42830,600,600,600,16500,6
2017-11-26,10000028,42883,10000000,10000000,10000000,1,1
2017-11-26,10000028,43551,10000000,10000000,10000000,3,2
2017-11-26,10000028,43699,86000,86000,86000,5,1
2017-11-26,10000028,43702,80000,80000,80000,1,1
2017-11-26,10000028,44992,3060015,3060013,3060019,1066,5
2017-11-26,10000028,45635,189850000,189850000,189850000,1,1
2017-11-26,10000028,45746,1000000,1000000,1000000,1,1
2017-11-26,10000028,46008,16000000,16000000,16000000,2,2
2017-11-26,10000028,46050,1140000,1140000,1140000,8,1
2017-11-26,10000029,34,5.97,5.29,5.97,50071124,30
2017-11-26,10000029,35,6.5,5.25,6.99,19913906,23
2017-11-26,10000029,36,80,80,80,2288738,15
2017-11-26,10000029,37,50,50,50,2131812,11
2017-11-26,10000029,38,400,400,400,3020005,9
2017-11-26,10000029,39,1000,1000,1000,256388,14
2017-11-26,10000029,40,878.88,878.86,878.88,3527,7
2017-11-26,10000029,180,40,40,40,5400,1
2017-11-26,10000029,185,40.01,40.01,40.01,2120,4
2017-11-26,10000029,190,73.99,73.99,73.99,179,1
2017-11-26,10000029,195,100.01,100.01,100.01,1000,1
2017-11-26,10000029,197,100,100,100,1000,1
2017-11-26,10000029,199,200,200,200,1000,1
2017-11-26,10000029,201,200,200,200,3000,2
2017-11-26,10000029,203,210,210,210,17000,1
2017-11-26,10000029,207,75.01,75.01,75.01,44662,3
2017-11-26,10000029,209,74.91,74.91,74.91,7918,5
2017-11-26,10000029,210,40,40,40,1000,1
2017-11-26,10000029,212,40,40,40,1100,2
2017-11-26,10000029,215,40,40,40,340,1
2017-11-26,10000029,217,40,40,40,2000,1
2017-11-26,10000029,220,40,40,40,880,1
2017-11-26,10000029,222,50,50,50,3100,2
2017-11-26,10000029,228,75,75,75,5000,1
2017-11-26,10000029,230,74.97,74.97,74.97,480,1
2017-11-26,10000029,254,75000,75000,75000,3,1
2017-11-26,10000029,263,300,300,300,244,1
2017-11-26,10000029,380,547777.77,547777.77,547777.77,3,2
2017-11-26,10000029,434,131636,131636,131636,4,3
2017-11-26,10000029,438,2883333.33,2700000,3800000,12,3
2017-11-26,10000029,439,20000,20000,20000,1,1
2017-11-26,10000029,440,5299999.54,5299999,5300000,13,11
2017-11-26,10000029,447,20000,20000,20000,1,1
2017-11-26,10000029,448,1309954.61,1299995,1484213.7,37,35
2017-11-26,10000029,501,67000.03,67000.03,67000.03,6,1
2017-11-26,10000029,519,1037295.96,750000,1417770,58,16
2017-11-26,10000029,526,165000,165000,165000,1,1
2017-11-26,10000029,527,1048632.53,1025794.5,1299999.99,13,11
2017-11-26,10000029,562,24000,24000,24000,3,1
2017-11-26,10000029,564,139899,139899,139899,3,1
2017-11-26,10000029,578,149487.22,149487.22,149487.22,3,2
2017-11-26,10000029,583,821657.43,821657.43,821657.43,2,1
2017-11-26,10000029,584,655000,655000,655000,1,1
2017-11-26,10000029,593,682499.99,682499.99,682499.99,3,3
2017-11-26,10000029,594,555555,555555,555555,1,1
2017-11-26,10000029,601,200000,200000,200000,1,1
2017-11-26,10000029,602,858999.98,858999.98,858999.98,1,1
2017-11-26,10000029,607,650000,650000,650000,1,1
2017-11-26,10000029,608,892000,892000,892000,5,5
2017-11-26,10000029,620,10000000,10000000,10000000,3,3
2017-11-26,10000029,621,12857142.85,6000000,13999999.98,14,14
2017-11-26,10000029,626,15000000,15000000,15000000,1,1
2017-11-26,10000029,629,9399999.87,9399999.87,9399999.87,1,1
2017-11-26,10000029,632,9999999.99,9999999.99,9999999.99,1,1
2017-11-26,10000029,634,9785714.95,8500000,10000000.77,7,7
2017-11-26,10000029,638,165000000.01,165000000.01,165000000.01,1,1
2017-11-26,10000029,644,169999999.99,169999999.99,169999999.99,2,2
2017-11-26,10000029,649,2185519.45,1500000,2871038.89,2,2
2017-11-26,10000029,650,2556944.12,2536110.47,2577777.77,2,2
2017-11-26,10000029,651,2500000,2500000,2500000,1,1
2017-11-26,10000029,652,2939998.31,2939998.31,2939998.31,2,2
2017-11-26,10000029,653,2999999.99,2999999.99,2999999.99,1,1
2017-11-26,10000029,654,1698777.77,1298166.66,2500000,3,3
2017-11-26,10000029,656,2083333.65,1150000,2550000.48,3,3
2017-11-26,10000029,657,2439939.99,1900000,2799899.99,5,5
2017-11-26,10000029,672,42068.86,41999.99,45757.55,11,11
2017-11-26,10000029,1201,198999,198999,198999,10,1
2017-11-26,10000029,1236,549997,549996.99,549997,16,12
2017-11-26,10000029,1248,949998,949998,949998,9,4
2017-11-26,10000029,1256,820000,820000,820000,2,1
2017-11-26,10000029,1266,297000,297000,297000,2,2
2017-11-26,10000029,1306,420322.96,418484.44,424000,3,2
2017-11-26,10000029,1317,134999.33,129999,145000,6,3
2017-11-26,10000029,1319,894530.15,750000,992331.58,74,24
2017-11-26,10000029,1335,560000,560000,560000,9,3
2017-11-26,10000029,1355,890828.2,888777.77,895954.28,14,9
2017-11-26,10000029,1403,99999.97,99999.97,99999.97,5,3
2017-11-26,10000029,1405,747323.56,744996.97,800000,86,41
2017-11-26,10000029,1422,1600000,1600000,1600000,3,1
2017-11-26,10000029,1447,979577.74,978826.21,982000,14,9
2017-11-26,10000029,1541,1118704.23,1066773.21,1174344.6,29,16
2017-11-26,10000029,1810,50,50,50,10000,1
2017-11-26,10000029,1826,340,340,340,10000,1
2017-11-26,10000029,1855,1390000,1390000,1390000,1,1
2017-11-26,10000029,1877,1148957.37,900000,1420777,100,12
2017-11-26,10000029,1944,4000000,4000000,4000000,1,1
2017-11-26,10000029,1952,1480159.85,1477771.4,1799000,61,50
2017-11-26,10000029,1964,1389998.95,1389998.95,1389998.95,1,1
2017-11-26,10000029,1978,1300777.76,1300776.99,1300777.77,55,18
2017-11-26,10000029,1987,1495593.78,1493635.46,1500000,13,9
2017-11-26,10000029,1999,973900,973900,973900,15,8
2017-11-26,10000029,2024,1397981.47,1377777.77,1498999.99,6,6
2017-11-26,10000029,2032,543702.86,540000,547776,21,14
2017-11-26,10000029,2038,1167000,1167000,1167000,2,2
2017-11-26,10000029,2046,9999.98,9999.98,9999.98,1,1
2017-11-26,10000029,2048,647760,647760,647760,133,123
2017-11-26,10000029,2109,1399999.99,1399999.99,1399999.99,6,3
2017-11-26,10000029,2117,2017000,2017000,2017000,1,1
2017-11-26,10000029,2175,1199777,1199777,1199777,26,6
2017-11-26,10000029,2183,50000,50000,50000,25,4
2017-11-26,10000029,2185,1117776.77,1117776.77,1117776.77,183,24
2017-11-26,10000029,2195,2298777.76,2298777.76,2298777.76,5,1
2017-11-26,10000029,2203,30000,30000,30000,4,1
2017-11-26,10000029,2205,477766.77,477766.77,477766.77,158,29
2017-11-26,10000029,2254,580625,140000,1800000,16,3
2017-11-26,10000029,2281,3507299.94,3499898.94,4459498.09,93,76
2017-11-26,10000029,2291,128999.98,128999.98,128999.98,2,1
2017-11-26,10000029,2297,1999999.95,1999999.89,2000000,2,2
2017-11-26,10000029,2299,2399998.89,2399998.81,2399998.99,18,8
2017-11-26,10000029,2301,2773529.88,2700000,4391187.17,46,46
2017-11-26,10000029,2312,2000,2000,2000,20,1
2017-11-26,10000029,2333,2799999.99,2799999.99,2799999.99,1,1
2017-11-26,10000029,2364,1499994,1499991,1499995,4,3
2017-11-26,10000029,2397,500,500,500,23105,1
2017-11-26,10000029,2403,10000000.01,10000000.01,10000000.01,1,1
2017-11-26,10000029,2404,1328520.67,1123770.55,1396770.71,4,2
2017-11-26,10000029,2410,1277775.77,1277775.77,1277775.77,572,57
2017-11-26,10000029,2420,5417777,5417777,5417777,6,2
2017-11-26,10000029,2436,2312499.15,2299998.54,2800000,72,13
2017-11-26,10000029,2446,1979777,1979777,1979777,13,3
2017-11-26,10000029,2456,446411.46,444777.77,475000,68,17
2017-11-26,10000029,2464,29680.16,22963.5,30000,66,7
2017-11-26,10000029,2466,457450.8,447776,500000,57,11
2017-11-26,10000029,2486,24998.99,24998.99,24998.99,125,16
2017-11-26,10000029,2488,434777.36,434777.35,434777.75,291,65
2017-11-26,10000029,2508,500,500,500,200,1
2017-11-26,10000029,2524,680000,680000,680000,6,2
2017-11-26,10000029,2534,340904.76,190000,1800000,21,4
2017-11-26,10000029,2539,1200000,1199999.99,1200000,4,4
2017-11-26,10000029,2547,930000,930000,930000,4,3
2017-11-26,10000029,2549,585000,300000,680000,4,3
2017-11-26,10000029,2550,550000,550000,550000,1,1
2017-11-26,10000029,2553,1899999,1899999,1899999,7,6
2017-11-26,10000029,2559,2003999.99,1999999.99,2012000,3,3
2017-11-26,10000029,2563,2799999.66,2799998.99,2800000,3,3
2017-11-26,10000029,2567,1841959.16,1000000,2964571.37,7,4
2017-11-26,10000029,2571,1800000,1800000,1800000,2,2
2017-11-26,10000029,2575,3199999.99,3199999.99,3199999.99,3,3
2017-11-26,10000029,2603,44189.95,44189.95,44189.95,2,2
2017-11-26,10000029,2605,399999,399999,399999,102,53
2017-11-26,10000029,2613,93.94,93.94,93.94,13089,4
2017-11-26,10000029,2621,860,860,860,3500,3
2017-11-26,10000029,2629,590,590,590,250122,73
2017-11-26,10000029,2647,100,100,100,2500,2
2017-11-26,10000029,2655,140,140,140,3200,3
2017-11-26,10000029,2679,378.34,378.34,378.34,13666,2
2017-11-26,10000029,2811,1350,1350,1350,3120,3
2017-11-26,10000029,2817,159,159,159,750,1
2017-11-26,10000029,2873,800613.84,800613,800614,69,18
2017-11-26,10000029,2881,647768.52,647322.22,650000,12,4
2017-11-26,10000029,2889,599473.83,599300,599995.33,8,4
2017-11-26,10000029,2897,1795500,1795500,1795500,12,2
2017-11-26,10000029,2905,799999.99,799999.99,799999.99,3,1
2017-11-26,10000029,2913,2749999,2749999,2749999,2,1
2017-11-26,10000029,2961,5088377.75,4995000,5458511,56,14
2017-11-26,10000029,2969,2077777.77,2077777.77,2077777.77,6,1
2017-11-26,10000029,2977,912468.75,900000,919950,24,7
2017-11-26,10000029,2993,750000,750000,750000,11,4
2017-11-26,10000029,2998,80999996,80999996,80999996,1,1
2017-11-26,10000029,3001,459999.98,459999.98,459999.98,4,1
2017-11-26,10000029,3025,1234993.77,1234993.77,1234993.77,1,1
2017-11-26,10000029,3041,700000,700000,700000,2,1
2017-11-26,10000029,3082,2537776.82,2499999.99,2539998.99,18,6
2017-11-26,10000029,3098,797500,790000,800000,8,5
2017-11-26,10000029,3138,2400000,2400000,2400000,5,1
2017-11-26,10000029,3146,2077777.77,2077777.77,2077777.77,5,1
2017-11-26,10000029,3162,649476.19,649476.19,649476.19,10,2
2017-11-26,10000029,3178,1499998.98,1499998.98,1499998.98,10,3
2017-11-26,10000029,3186,5150000,5150000,5150000,6,2
2017-11-26,10000029,3193,13950000,13950000,13950000,1,1
2017-11-26,10000029,3237,9500000,9500000,9500000,3,3
2017-11-26,10000029,3244,1248589.91,1243980,1423985.99,40,39
2017-11-26,10000029,3256,7091992.28,7077777.77,7489998.61,29,25
2017-11-26,10000029,3265,11999999.99,11999999.99,11999999.99,2,2
2017-11-26,10000029,3297,4400,4400,4400,1,1
2017-11-26,10000029,3302,500000,500000,500000,1,1
2017-11-26,10000029,3304,500000.01,500000.01,500000.01,2,2
2017-11-26,10000029,3305,500000,500000,500000,1,1
2017-11-26,10000029,3307,3000000,3000000,3000000,1,1
2017-11-26,10000029,3308,3000000,3000000,3000000,2,2
2017-11-26,10000029,3315,1960000,1960000,1960000,1,1
2017-11-26,10000029,3325,1000000,1000000,1000000,1,1
2017-11-26,10000029,3336,5000000,5000000,5000000,1,1
2017-11-26,10000029,3337,5000000,5000000,5000000,1,1
2017-11-26,10000029,3341,1000000,1000000,1000000,2,2
2017-11-26,10000029,3342,1000000,1000000,1000000,2,2
2017-11-26,10000029,3349,500000,500000,500000,1,1
2017-11-26,10000029,3351,1000000,1000000,1000000,2,2
2017-11-26,10000029,3352,1000000,1000000,1000000,1,1
2017-11-26,10000029,3405,500000,500000,500000,1,1
2017-11-26,10000029,3411,500000,500000,500000,1,1
2017-11-26,10000029,3421,500000,500000,500000,1,1
2017-11-26,10000029,3423,500000.01,500000.01,500000.01,1,1
2017-11-26,10000029,3428,500000,500000,500000,1,1
2017-11-26,10000029,3429,500000,500000,500000,6,1
2017-11-26,10000029,3430,500000,500000,500000,2,2
2017-11-26,10000029,3433,500000.01,500000.01,500000.01,1,1
2017-11-26,10000029,3438,500000.01,500000.01,500000.01,1,1
2017-11-26,10000029,3439,500000,500000,500000,1,1
2017-11-26,10000029,3451,500000.01,500000.01,500000.01,1,1
2017-11-26,10000029,3452,500000.01,500000.01,500000.01,1,1
2017-11-26,10000029,3456,12000000,12000000,12000000,2,2
2017-11-26,10000029,3496,1622592.59,1617777.77,1625000,3,2
2017-11-26,10000029,3528,247000,247000,247000,2,1
2017-11-26,10000029,3530,1517222.22,1477777.77,1675000,10,8
2017-11-26,10000029,3540,1799999,1799999,1799999,2,1
2017-11-26,10000029,3554,1599,1599,1599,1000,1
2017-11-26,10000029,3568,871777.74,871777.74,871777.74,16,15
2017-11-26,10000029,3578,1829411.76,1500000,2300000,17,7
2017-11-26,10000029,3588,677777.77,677777.77,677777.77,2,2
2017-11-26,10000029,3608,2150000,2150000,2150000,15,5
2017-11-26,10000029,3645,373.5,373.5,373.5,82931,1
2017-11-26,10000029,3683,300,300,300,3586,2
2017-11-26,10000029,3756,50916560,50916560,50916560,1,1
2017-11-26,10000029,3814,27.6,27.6,27.6,100,2
2017-11-26,10000029,3831,1357391.27,999999.99,1399999.99,23,19
2017-11-26,10000029,3839,10000,10000,10000,20,1
2017-11-26,10000029,3841,1398777.77,1398777.77,1398777.77,123,66
2017-11-26,10000029,3888,1111972.04,700000,1503924.11,19,10
2017-11-26,10000029,3898,18392434.64,17777777.77,24999996,47,34
2017-11-26,10000029,3955,1630000,1630000,1630000,7,4
2017-11-26,10000029,4025,250000,250000,250000,6,6
2017-11-26,10000029,4027,120000,100000,199999.99,5,5
2017-11-26,10000029,4051,25000,25000,25000,3040,3
2017-11-26,10000029,4246,23300,23300,23300,9095,4
2017-11-26,10000029,4247,24000,24000,24000,17200,4
2017-11-26,10000029,4250,2324999.5,1700000,2949999,2,2
2017-11-26,10000029,4254,1100000,1100000,1100000,5,5
2017-11-26,10000029,4258,1800000,1800000,1800000,1,1
2017-11-26,10000029,4260,1850000,1850000,1850000,1,1
2017-11-26,10000029,4292,129333333.33,129333333.33,129333333.33,2,2
2017-11-26,10000029,4312,22000,22000,22000,38665,8
2017-11-26,10000029,4349,398200000,397700000,398700000,2,2
2017-11-26,10000029,4395,320000,319999.99,320000,26,8
2017-11-26,10000029,4399,7958783.06,7777777.77,8049285.71,3,3
2017-11-26,10000029,4403,664828.74,599999.99,674089.99,8,5
2017-11-26,10000029,4405,1400728.77,1400728,1400738,26,12
2017-11-26,10000029,4471,148999.94,148999.94,148999.94,10,4
2017-11-26,10000029,4833,376666.67,360000,380000,6,5
2017-11-26,10000029,4871,438000,438000,438000,3,2
2017-11-26,10000029,5011,300000,300000,300000,13,7
2017-11-26,10000029,5137,120000,120000,120000,2,1
2017-11-26,10000029,5141,146989.89,140989.9,149989.89,3,2
2017-11-26,10000029,5302,94777.52,94776,94777.77,7,5
2017-11-26,10000029,5320,47545.45,19000,50399.99,11,6
2017-11-26,10000029,5399,35000,35000,35000,1,1
2017-11-26,10000029,5403,49999,49999,49999,1,1
2017-11-26,10000029,5405,23368.7,23368.7,23368.7,2,2
2017-11-26,10000029,5439,12000,12000,12000,4,4
2017-11-26,10000029,5443,18000,18000,18000,7,5
2017-11-26,10000029,5445,45987.99,45987.99,45987.99,3,3
2017-11-26,10000029,5599,50000,50000,50000,1,1
2017-11-26,10000029,5839,1466687.05,1407039,2600000,20,20
2017-11-26,10000029,5945,304498.04,220006.07,388990,6,4
2017-11-26,10000029,5971,67755.28,22040.99,70040.99,21,21
2017-11-26,10000029,5973,443559.89,420000,444777.37,42,40
2017-11-26,10000029,5975,42998.77,39998.77,250000,70,66
2017-11-26,10000029,6001,281799.09,199998.97,445399.33,3,3
2017-11-26,10000029,6003,109999.99,109999.99,109999.99,2,1
2017-11-26,10000029,6005,229999.91,229999.91,229999.91,2,2
2017-11-26,10000029,6073,25000,24999.99,25000,2,2
2017-11-26,10000029,6159,17777.77,17777.77,17777.77,8,7
2017-11-26,10000029,6160,147829.55,43772.73,460000,4,2
2017-11-26,10000029,6173,149998.99,149998.99,149998.99,4,2
2017-11-26,10000029,6296,77777.77,77777.77,77777.77,5,3
2017-11-26,10000029,6569,99000,99000,99000,2,1
2017-11-26,10000029,6923,195000,195000,195000,3,1
2017-11-26,10000029,7287,509994,509994,509994,1,1
2017-11-26,10000029,7289,57500,57500,57500,3,1
2017-11-26,10000029,7291,120000,120000,120000,1,1
2017-11-26,10000029,7367,2200000,2200000,2200000,7,3
2017-11-26,10000029,7369,280000,280000,280000,6,1
2017-11-26,10000029,7373,349999.99,349999.99,349999.99,6,1
2017-11-26,10000029,7449,300000,300000,300000,1,1
2017-11-26,10000029,7663,450000,450000,450000,2,1
2017-11-26,10000029,7703,1860000,1860000,1860000,4,1
2017-11-26,10000029,7783,600000,600000,600000,7,1
2017-11-26,10000029,8001,77777.77,77777.77,77777.77,3,1
2017-11-26,10000029,8007,395000,395000,395000,9,3
2017-11-26,10000029,8027,1338888.89,1300000,1377777.77,10,2
2017-11-26,10000029,8089,435443.62,390000,439987.99,11,3
2017-11-26,10000029,8101,199999,199999,199999,1,1
2017-11-26,10000029,8103,140000,120000,150000,3,2
2017-11-26,10000029,8105,2733500,1517500,10480000,14,6
2017-11-26,10000029,8117,163141.69,163141.69,163141.69,25,9
2017-11-26,10000029,8225,339000,339000,339000,1,1
2017-11-26,10000029,8263,340000,340000,340000,7,5
2017-11-26,10000029,8335,148749.5,148000,148999.33,4,3
2017-11-26,10000029,8419,2896,2896,2896,2,1
2017-11-26,10000029,8427,150000,150000,150000,4,2
2017-11-26,10000029,8517,3352426.78,3308584.23,3599999,26,19
2017-11-26,10000029,8521,139987.88,139987.88,139987.88,2,1
2017-11-26,10000029,8529,70500,60000,72000,16,8
2017-11-26,10000029,8579,550000,550000,550000,3,1
2017-11-26,10000029,8583,15000,15000,15000,11,1
2017-11-26,10000029,8585,120000,120000,120000,6,2
2017-11-26,10000029,8641,154555.11,154555.11,154555.11,4,1
2017-11-26,10000029,8748,148998.99,148998.99,148998.99,2,2
2017-11-26,10000029,8863,950000,950000,950000,4,3
2017-11-26,10000029,8903,500000,500000,500000,1,1
2017-11-26,10000029,9417,740000,740000,740000,2,2
2017-11-26,10000029,9451,3016666.23,3000000,3499998.99,14,4
2017-11-26,10000029,9457,1082650.6,1056626.51,1100000,10,2
2017-11-26,10000029,9491,5086046.45,4500000,5199999.93,43,7
2017-11-26,10000029,9497,569999.99,569999.99,569999.99,13,2
2017-11-26,10000029,9521,25000,25000,25000,1,1
2017-11-26,10000029,9582,98369.92,98369.92,98369.92,1,1
2017-11-26,10000029,9608,116000,116000,116000,1,1
2017-11-26,10000029,9632,276940.32,272987.53,277505,8,5
2017-11-26,10000029,9646,23999.99,23999.99,23999.99,1,1
2017-11-26,10000029,9660,223999.87,223999.87,223999.87,2,2
2017-11-26,10000029,9808,250000,250000,250000,2,2
2017-11-26,10000029,9830,12000,12000,12000,3600,1
2017-11-26,10000029,9832,8500,8500,8500,7285,1
2017-11-26,10000029,9836,2000,2000,2000,2349,1
2017-11-26,10000029,9840,2000,2000,2000,2,1
2017-11-26,10000029,9842,2000,2000,2000,2,1
2017-11-26,10000029,9848,80000,80000,80000,1036,3
2017-11-26,10000029,9899,11481481.48,10777777.77,15000000,6,4
2017-11-26,10000029,9941,10777777.77,10777777.77,10777777.77,7,5
2017-11-26,10000029,9942,9000000,9000000,9000000,7,5
2017-11-26,10000029,9943,10777777.77,10777777.77,10777777.77,6,4
2017-11-26,10000029,9947,4999768,4999768,4999768,1,1
2017-11-26,10000029,9950,3498999.99,3498999.99,3498999.99,3,2
2017-11-26,10000029,9956,9999777.27,9999777.27,9999777.27,6,4
2017-11-26,10000029,9957,21000000,21000000,21000000,1,1
2017-11-26,10000029,10190,1477001.7,1456999.89,1477771,27,12
2017-11-26,10000029,10208,22999777.56,22999777.52,22999777.57,4,4
2017-11-26,10000029,10212,23166666.66,20777777.77,26750000,5,5
2017-11-26,10000029,10213,168700000.03,168700000.03,168700000.03,1,1
2017-11-26,10000029,10216,23877777.77,23877777.77,23877777.77,5,5
2017-11-26,10000029,10217,182500000,182500000,182500000,1,1
2017-11-26,10000029,10221,22843628.19,22777777.77,23107029.88,5,5
2017-11-26,10000029,10225,22949999.79,22949999.77,22949999.83,4,4
2017-11-26,10000029,10246,17777.26,17777,17777.77,15,2
2017-11-26,10000029,10250,1250000,1250000,1250000,1,1
2017-11-26,10000029,10631,550000,550000,550000,12,4
2017-11-26,10000029,10680,738332.5,730000,739999,6,2
2017-11-26,10000029,10842,2450000,2450000,2450000,1,1
2017-11-26,10000029,10850,2000000,2000000,2000000,3,2
2017-11-26,10000029,10868,15000,15000,15000,1,1
2017-11-26,10000029,10998,166733.33,70000,184000,30,11
2017-11-26,10000029,11084,2000000.01,2000000.01,2000000.01,2,2
2017-11-26,10000029,11129,49999.96,49999.96,49999.96,3,3
2017-11-26,10000029,11132,49999.99,49999.99,50000,9,9
2017-11-26,10000029,11172,31580000,31580000,31580000,1,1
2017-11-26,10000029,11174,32000000,32000000,32000000,1,1
2017-11-26,10000029,11176,34000000,34000000,34000000,3,3
2017-11-26,10000029,11186,34500000,34500000,34500000,5,4
2017-11-26,10000029,11192,35300000,35300000,35300000,2,2
2017-11-26,10000029,11196,31800000,31800000,31800000,9,9
2017-11-26,10000029,11198,31200000,31200000,31200000,13,12
2017-11-26,10000029,11200,31600000,31600000,31600000,1,1
2017-11-26,10000029,11202,31540000,31500000,31600000,5,5
2017-11-26,10000029,11219,1200000,1199999.99,1200000,3,3
2017-11-26,10000029,11229,1499999.99,1499999.99,1499999.99,2,2
2017-11-26,10000029,11239,495500,391000,600000,2,2
2017-11-26,10000029,11249,1194000,1194000,1194000,1,1
2017-11-26,10000029,11259,2000000,2000000,2000000,1,1
2017-11-26,10000029,11269,768310.95,590000,1001784.79,81,28
2017-11-26,10000029,11277,300000,300000,300000,2,2
2017-11-26,10000029,11285,4000.01,4000.01,4000.01,90,2
2017-11-26,10000029,11303,200000,200000,200000,1,1
2017-11-26,10000029,11305,200000,200000,200000,2,2
2017-11-26,10000029,11309,200000,200000,200000,5,2
2017-11-26,10000029,11311,500000,500000,500000,1,1
2017-11-26,10000029,11317,350000,350000,350000,5,5
2017-11-26,10000029,11325,578571.39,549999.96,750000,7,6
2017-11-26,10000029,11370,2033215.12,1999775.4,2702000.03,21,21
2017-11-26,10000029,11377,33900000,33900000,33900000,1,1
2017-11-26,10000029,11387,31400000,31000000,31800000,2,2
2017-11-26,10000029,11399,11000,11000,11000,2513,4
2017-11-26,10000029,11489,350000,350000,350000,1,1
2017-11-26,10000029,11530,55000,55000,55000,290,1
2017-11-26,10000029,11536,37000,37000,37000,580,1
2017-11-26,10000029,11538,71000,71000,71000,1730,1
2017-11-26,10000029,11542,10200,10200,10200,2880,1
2017-11-26,10000029,11548,155000,155000,155000,60,1
2017-11-26,10000029,11550,158000,158000,158000,5,1
2017-11-26,10000029,11551,61000,61000,61000,580,1
2017-11-26,10000029,11555,52000,52000,52000,150,1
2017-11-26,10000029,11561,300000,300000,300000,2,2
2017-11-26,10000029,11563,676250,500000,735000,4,3
2017-11-26,10000029,11569,1000000.01,1000000.01,1000000.01,1,1
2017-11-26,10000029,11572,1000000,1000000,1000000,1,1
2017-11-26,10000029,11577,4796092.2,4000000,4884985,10,8
2017-11-26,10000029,11578,7107775.7,7107774.99,7107776,18,18
2017-11-26,10000029,11579,4500000,4500000,4500000,2,2
2017-11-26,10000029,11640,998054.3,996892.31,1000000,17,8
2017-11-26,10000029,11642,1859998.83,1859998.82,1859998.83,6,5
2017-11-26,10000029,11644,2644124.64,2610472.28,2677777,10,9
2017-11-26,10000029,11646,2189491.52,2166576.26,2200000,14,12
2017-11-26,10000029,11648,2004666,2000000,2012442.66,8,8
2017-11-26,10000029,11957,280000000,280000000,280000000,2,2
2017-11-26,10000029,11961,290000000,290000000,290000000,2,2
2017-11-26,10000029,11965,263000000,263000000,263000000,1,1
2017-11-26,10000029,11969,248900000,248900000,248900000,1,1
2017-11-26,10000029,11971,261500000,260000000,263000000,2,2
2017-11-26,10000029,11978,258000000,258000000,258000000,1,1
2017-11-26,10000029,11987,261000000,261000000,261000000,6,6
2017-11-26,10000029,11989,234000000,234000000,234000000,4,4
2017-11-26,10000029,11993,335794196.94,332500062.27,349000134.61,34,34
2017-11-26,10000029,12005,297142857.14,280000000,300000000,7,6
2017-11-26,10000029,12011,238999993.99,238999993.99,238999993.99,1,1
2017-11-26,10000029,12017,410000000,410000000,410000000,1,1
2017-11-26,10000029,12021,402000000,402000000,402000000,1,1
2017-11-26,10000029,12032,38000000,38000000,38000000,1,1
2017-11-26,10000029,12034,33200000,33200000,33200000,5,5
2017-11-26,10000029,12038,36450000,36000000,36600000,4,4
2017-11-26,10000029,12058,3222214.19,2500000,3999978.94,27,15
2017-11-26,10000029,12068,6000775.96,6000775.96,6000775.96,1,1
2017-11-26,10000029,12076,8000000,8000000,8000000,8,7
2017-11-26,10000029,12092,2000000,2000000,2000000,2,2
2017-11-26,10000029,12198,1485714.29,1050000,1700000,7,4
2017-11-26,10000029,12199,5000000,5000000,5000000,1,1
2017-11-26,10000029,12200,15000000,15000000,15000000,4,1
2017-11-26,10000029,12201,2000000,2000000,2000000,1,1
2017-11-26,10000029,12202,4000000,4000000,4000000,2,2
2017-11-26,10000029,12206,4000000.01,4000000.01,4000000.01,1,1
2017-11-26,10000029,12208,4000000,4000000,4000000,2,2
2017-11-26,10000029,12209,10000000.01,10000000.01,10000000.01,1,1
2017-11-26,10000029,12214,4000000,4000000,4000000,1,1
2017-11-26,10000029,12215,9000000,9000000,9000000,1,1
2017-11-26,10000029,12259,5200000,5200000,5200000,7,3
2017-11-26,10000029,12263,5000000,5000000,5000000,10,2
2017-11-26,10000029,12265,169833.33,169500,170000,3,2
2017-11-26,10000029,12267,4499999.99,4499999.99,4500000,11,9
2017-11-26,10000029,12269,740000,740000,740000,2,2
2017-11-26,10000029,12271,4000000,4000000,4000000,6,3
2017-11-26,10000029,12346,2249999.97,2249999.97,2249999.98,3,2
2017-11-26,10000029,12441,500000,500000,500000,1,1
2017-11-26,10000029,12442,500000,500000,500000,1,1
2017-11-26,10000029,12485,4000000,4000000,4000000,1,1
2017-11-26,10000029,12557,85000,85000,85000,7,2
2017-11-26,10000029,12559,180000,180000,180000,17,3
2017-11-26,10000029,12563,85482.49,74999.98,95965,4,2
2017-11-26,10000029,12565,59999.98,59999.98,59999.98,4,1
2017-11-26,10000029,12608,84.99,84.99,84.99,17500,8
2017-11-26,10000029,12612,54.99,54.99,54.99,2660,3
2017-11-26,10000029,12614,75,75,75,5100,4
2017-11-26,10000029,12618,44.9,44.9,44.9,8900,4
2017-11-26,10000029,12620,62.12,62.12,62.12,2502,1
2017-11-26,10000029,12625,64.99,64.99,64.99,20500,6
2017-11-26,10000029,12631,400,400,400,7736,5
2017-11-26,10000029,12633,65,65,65,9990,7
2017-11-26,10000029,12761,644.82,644.82,644.82,8500,6
2017-11-26,10000029,12765,554.97,554.97,554.97,14700,10
2017-11-26,10000029,12767,200.88,200.88,200.88,600,1
2017-11-26,10000029,12771,250,250,250,3356,3
2017-11-26,10000029,12775,450,450,450,6000,5
2017-11-26,10000029,12779,400,400,400,7000,6
2017-11-26,10000029,12785,128,128,128,1500,1
2017-11-26,10000029,12787,284.99,284.99,284.99,5000,1
2017-11-26,10000029,12791,440.92,440.91,440.92,10000,2
2017-11-26,10000029,12801,148.97,148.97,148.97,20800,2
2017-11-26,10000029,12805,167.57,167.57,167.57,26744,5
2017-11-26,10000029,12816,650000,650000,650000,8,1
2017-11-26,10000029,12822,246998.99,246998.99,246998.99,18,2
2017-11-26,10000029,12826,139999.98,139999.98,139999.98,6,1
2017-11-26,10000029,13001,2428571.43,1700000,3400000,7,3
2017-11-26,10000029,13003,1770128.98,1500000,1799999.01,11,9
2017-11-26,10000029,13209,55000000,55000000,55000000,1,1
2017-11-26,10000029,13216,29900000,29900000,29900000,1,1
2017-11-26,10000029,13219,21600000,21600000,21600000,3,3
2017-11-26,10000029,13229,44499999.99,44499999.99,44499999.99,1,1
2017-11-26,10000029,13237,22777777.77,22777777.77,22777777.77,1,1
2017-11-26,10000029,13240,24100000,24100000,24100000,3,3
2017-11-26,10000029,13244,22000000,22000000,22000000,3,3
2017-11-26,10000029,13254,26400000,26400000,26400000,1,1
2017-11-26,10000029,13256,49699999.73,49699999.73,49699999.73,1,1
2017-11-26,10000029,13259,20777777.77,20777777.77,20777777.77,5,5
2017-11-26,10000029,13261,24119511.36,23949997.99,24200000,41,40
2017-11-26,10000029,13262,575000,575000,575000,1,1
2017-11-26,10000029,13937,110000000,110000000,110000000,1,1
2017-11-26,10000029,13948,9000000,9000000,9000000,1,1
2017-11-26,10000029,13970,5820000,5820000,5820000,2,2
2017-11-26,10000029,13972,5820000,5820000,5820000,5,5
2017-11-26,10000029,13974,5819999.95,5819999.95,5819999.95,1,1
2017-11-26,10000029,13978,5999998.95,5999998.95,5999998.95,2,2
2017-11-26,10000029,13980,5498000,5490000,5500000,5,5
2017-11-26,10000029,13982,6000000,6000000,6000000,3,3
2017-11-26,10000029,13984,5820000,5820000,5820000,7,7
2017-11-26,10000029,14001,8700000,8700000,8700000,2,2
2017-11-26,10000029,14003,6999999.99,6999999.99,6999999.99,1,1
2017-11-26,10000029,14070,39949999.93,39949999.93,39949999.93,4,4
2017-11-26,10000029,14078,777777.77,777777.77,777777.77,12,11
2017-11-26,10000029,14082,3499999.93,3499999.93,3499999.93,1,1
2017-11-26,10000029,14084,3042222.22,2777777.77,4775000,15,14
2017-11-26,10000029,14096,836999.99,836999.99,836999.99,1,1
2017-11-26,10000029,14132,45999999.91,45999999.91,45999999.91,1,1
2017-11-26,10000029,14246,66365480.11,61096440.33,69000000,3,3
2017-11-26,10000029,14266,53500000,53500000,53500000,2,2
2017-11-26,10000029,15463,2892613.02,2888777.77,3000000,29,9
2017-11-26,10000029,15464,8077777.77,8077777.77,8077777.77,3,2
2017-11-26,10000029,15477,15000000,15000000,15000000,2,1
2017-11-26,10000029,15508,53236.03,49999.95,54045.05,25,4
2017-11-26,10000029,15683,112777777.77,112777777.77,112777777.77,1,1
2017-11-26,10000029,15729,34777777.35,34777776,34777777.77,17,14
2017-11-26,10000029,15810,99500000,99500000,99500000,1,1
2017-11-26,10000029,15891,150000000,150000000,150000000,2,2
2017-11-26,10000029,15895,120000000,120000000,120000000,1,1
2017-11-26,10000029,15963,135000000,135000000,135000000,1,1
2017-11-26,10000029,16008,19999777.77,19999777.77,19999777.77,1,1
2017-11-26,10000029,16227,54000000,54000000,54000000,4,4
2017-11-26,10000029,16238,1345498.43,1210996.86,1480000,2,2
2017-11-26,10000029,16242,999997.99,999997.99,999997.99,2,2
2017-11-26,10000029,16272,637.97,637.97,637.97,49453,11
2017-11-26,10000029,16273,59,58,71,3412214,64
2017-11-26,10000029,16274,850,850,850,206373,7
2017-11-26,10000029,16275,4999.99,4999.99,4999.99,30406,18
2017-11-26,10000029,16301,69777.77,69777.77,69777.77,5,3
2017-11-26,10000029,16303,654583.33,650000,655000,12,5
2017-11-26,10000029,16367,206400,205000,212000,5,5
2017-11-26,10000029,16375,241800,240000,249000,5,5
2017-11-26,10000029,16383,257500,250000,280000,4,4
2017-11-26,10000029,16391,380000,380000,380000,1,1
2017-11-26,10000029,16443,800694.43,777777.77,899999.96,32,14
2017-11-26,10000029,16447,999000,999000,999000,3,1
2017-11-26,10000029,16451,100000.01,100000.01,100000.01,13,6
2017-11-26,10000029,16467,649999.99,649999.99,649999.99,2,2
2017-11-26,10000029,16475,648000,280000,740000,5,3
2017-11-26,10000029,16477,800000,800000,800000,1,1
2017-11-26,10000029,16487,199999.77,199999.77,199999.77,10,7
2017-11-26,10000029,16495,125000,125000,125000,10,5
2017-11-26,10000029,16499,250000,250000,250000,1,1
2017-11-26,10000029,16507,249000,249000,249000,2,1
2017-11-26,10000029,16519,75415,75415,75415,26,3
2017-11-26,10000029,16527,704760.71,577775,800000,7,2
2017-11-26,10000029,16591,36000000,36000000,36000000,2,2
2017-11-26,10000029,17317,80000,80000,80000,1000,1
2017-11-26,10000029,17366,158260.65,130535.49,200000,44,12
2017-11-26,10000029,17367,741869.89,741869.89,741869.89,1,1
2017-11-26,10000029,17476,29502400,29502400,29502400,1,1
2017-11-26,10000029,17478,24350000,24350000,24350000,1,1
2017-11-26,10000029,17482,3059089.8,2354538.81,3200000,12,5
2017-11-26,10000029,17559,67777774.81,67777774.71,67777774.9,2,2
2017-11-26,10000029,17668,2299,2299,2299,1000,1
2017-11-26,10000029,17674,2044.99,2044.99,2044.99,1000,1
2017-11-26,10000029,17703,20000000,20000000,20000000,1,1
2017-11-26,10000029,17738,651857142.43,613000000,677999999.5,7,7
2017-11-26,10000029,17841,16800000,16800000,16800000,1,1
2017-11-26,10000029,17843,78335185.17,77777777.74,79450000.03,3,3
2017-11-26,10000029,17857,3449.98,3449.98,3449.98,1500,2
2017-11-26,10000029,17859,3299.01,3299.01,3299.01,2000,1
2017-11-26,10000029,17861,4199,4199,4199,500,1
2017-11-26,10000029,17863,3394.97,3394.97,3394.97,1500,2
2017-11-26,10000029,17871,426250,425000,430000,4,4
2017-11-26,10000029,17887,1198.99,1198.99,1198.99,418174,18
2017-11-26,10000029,17888,999.99,999.99,999.99,230536,11
2017-11-26,10000029,17889,907.99,907.99,907.99,351000,15
2017-11-26,10000029,17912,4999999.52,4999999,5000000,25,6
2017-11-26,10000029,17918,380000000.18,300000000.36,460000000,2,2
2017-11-26,10000029,17928,76500000,76500000,76500000,1,1
2017-11-26,10000029,17938,110677.37,107000,118032.1,3,3
2017-11-26,10000029,17976,150061.62,150061.62,150061.62,67,1
2017-11-26,10000029,18040,419999,419999,419999,2,1
2017-11-26,10000029,18044,180000,180000,180000,2,1
2017-11-26,10000029,18590,1000000,1000000,1000000,4,1
2017-11-26,10000029,18616,170000,170000,170000,6,1
2017-11-26,10000029,18624,875000,875000,875000,20,1
2017-11-26,10000029,18635,220000,220000,220000,270,5
2017-11-26,10000029,18639,130422.55,130422.55,130422.55,2,2
2017-11-26,10000029,18803,19999999,19999999,19999999,1,1
2017-11-26,10000029,18837,25000000,25000000,25000000,1,1
2017-11-26,10000029,18843,6000000,6000000,6000000,1,1
2017-11-26,10000029,19187,70000000,70000000,70000000,1,1
2017-11-26,10000029,19207,164999999.99,164999999.99,164999999.99,1,1
2017-11-26,10000029,19208,112898547.95,112898547.95,112898547.95,1,1
2017-11-26,10000029,19227,32999997,32999997,32999997,1,1
2017-11-26,10000029,19229,19000000,19000000,19000000,1,1
2017-11-26,10000029,19231,75500000,40000000,93250000,3,3
2017-11-26,10000029,19286,9899999.84,9899999.84,9899999.84,1,1
2017-11-26,10000029,19288,44666665.99,44000000,44999998.98,3,3
2017-11-26,10000029,19417,36500000.03,36500000.03,36500000.03,2,2
2017-11-26,10000029,19739,3789999,3789999,3789999,28,7
2017-11-26,10000029,19744,4698998,4698998,4698998,1,1
2017-11-26,10000029,19761,2000000,2000000,2000000,1,1
2017-11-26,10000029,19806,1500000,1500000,1500000,3,2
2017-11-26,10000029,19814,360000,360000,360000,10,10
2017-11-26,10000029,19925,25000,25000,25000,1,1
2017-11-26,10000029,19927,24999.97,24999.97,24999.97,1,1
2017-11-26,10000029,19939,100000,100000,100000,3,2
2017-11-26,10000029,19946,50000,50000,50000,2,2
2017-11-26,10000029,19948,180000,180000,180000,1,1
2017-11-26,10000029,20125,263000000,263000000,263000000,1,1
2017-11-26,10000029,20211,4000000.01,4000000.01,4000000.01,3,3
2017-11-26,10000029,20212,10000000,10000000,10000000,3,3
2017-11-26,10000029,20213,10000000,10000000,10000000,2,2
2017-11-26,10000029,20280,71105689,67250000,74961378,4,4
2017-11-26,10000029,20312,1000000,1000000,1000000,1,1
2017-11-26,10000029,20314,500000,500000,500000,1,1
2017-11-26,10000029,20315,2000000.01,2000000.01,2000000.01,1,1
2017-11-26,10000029,20342,60000000,60000000,60000000,2,2
2017-11-26,10000029,20349,994317.97,994317.97,994317.97,2,2
2017-11-26,10000029,20351,1777776.15,1777775.73,1777776.77,5,5
2017-11-26,10000029,20353,3606895.69,3000000,3799999,29,17
2017-11-26,10000029,20414,125000,125000,125000,3,1
2017-11-26,10000029,20495,500000,500000,500000,1,1
2017-11-26,10000029,20539,90000000,90000000,90000000,3,1
2017-11-26,10000029,20703,61500000,61500000,61500000,1,1
2017-11-26,10000029,20739,7500,7500,7500,6500,5
2017-11-26,10000029,20741,6999,6999,6999,3281,6
2017-11-26,10000029,20743,5500,5500,5500,8000,5
2017-11-26,10000029,20747,6999,6999,6999,4000,2
2017-11-26,10000029,20929,8250,7500,9000,4000,2
2017-11-26,10000029,21059,500000.01,500000.01,500000.01,1,1
2017-11-26,10000029,21071,500000,500000,500000,1,1
2017-11-26,10000029,21096,2027941.9,1858994,2200000,54,32
2017-11-26,10000029,21352,98,98,98,2000,2
2017-11-26,10000029,21366,40,40,40,1000,1
2017-11-26,10000029,21603,32100000.03,32100000.03,32100000.03,1,1
2017-11-26,10000029,21610,24000000,24000000,24000000,1,1
2017-11-26,10000029,21611,35000000,35000000,35000000,1,1
2017-11-26,10000029,21638,1271608.95,1167777.67,1496525.82,46,10
2017-11-26,10000029,21640,1177777,1177777,1177777,6,3
2017-11-26,10000029,21740,2000,2000,2000,3462,2
2017-11-26,10000029,21888,64999999.99,64999999.99,64999999.99,2,1
2017-11-26,10000029,21889,30250000,30250000,30250000,1,1
2017-11-26,10000029,21890,69125000,63250000,75000000,2,2
2017-11-26,10000029,21894,1299.99,1299.99,1299.99,29140,16
2017-11-26,10000029,21896,875.96,875.94,875.96,8833,10
2017-11-26,10000029,21898,619.99,619.99,619.99,57644,32
2017-11-26,10000029,21902,1260.65,1260.65,1260.65,30491,19
2017-11-26,10000029,21904,777.77,777.77,777.77,6664,7
2017-11-26,10000029,21906,599.76,599.76,599.76,9449,4
2017-11-26,10000029,21918,1177.77,1177.77,1177.77,22300,14
2017-11-26,10000029,21922,888,888,888,6000,3
2017-11-26,10000029,21924,619.75,619.75,619.75,9154,5
2017-11-26,10000029,21931,654.95,654.95,654.95,540,1
2017-11-26,10000029,21935,1334.98,1334.98,1334.98,27087,20
2017-11-26,10000029,21937,677.77,677.77,677.77,6500,3
2017-11-26,10000029,21939,444.77,444.77,444.77,6000,2
2017-11-26,10000029,22043,30000000,30000000,30000000,1,1
2017-11-26,10000029,22175,125777.77,125777.77,125777.77,2,2
2017-11-26,10000029,22177,177777.77,177777.77,177777.77,4,4
2017-11-26,10000029,22291,1199998,1199998,1199998,170,67
2017-11-26,10000029,22444,450000000,450000000,450000000,1,1
2017-11-26,10000029,22456,77500000,72100000,82900000,12,12
2017-11-26,10000029,22460,68000000,68000000,68000000,1,1
2017-11-26,10000029,22464,82300000,82300000,82300000,2,2
2017-11-26,10000029,22468,455000000,455000000,455000000,1,1
2017-11-26,10000029,22541,15000000,15000000,15000000,2,2
2017-11-26,10000029,22542,198999.98,198999.98,198999.98,3,1
2017-11-26,10000029,22761,36000000.01,36000000.01,36000000.01,1,1
2017-11-26,10000029,22778,133899.99,133899.99,133900,606,20
2017-11-26,10000029,22782,1505999.33,900000,1624499.04,16,12
2017-11-26,10000029,23009,595,595,595,7600,4
2017-11-26,10000029,23015,655,655,655,1800,1
2017-11-26,10000029,23025,720,720,720,18556,15
2017-11-26,10000029,23029,850,850,850,52440,24
2017-11-26,10000029,23035,694.67,694.67,694.67,17301,12
2017-11-26,10000029,23039,840,840,840,2500,1
2017-11-26,10000029,23043,2000,2000,2000,2000,1
2017-11-26,10000029,23047,1144.99,1144.99,1144.99,1000,2
2017-11-26,10000029,23055,3000000,3000000,3000000,27,1
2017-11-26,10000029,23057,3450000,3450000,3500000,127,7
2017-11-26,10000029,23059,3400000,3400000,3400000,27,1
2017-11-26,10000029,23071,370000,370000,370000,36,4
2017-11-26,10000029,23079,650000,650000,650000,4,1
2017-11-26,10000029,23113,1010000,1010000,1010000,1,1
2017-11-26,10000029,23115,878000,878000,878000,2,1
2017-11-26,10000029,23119,795000,795000,795000,1,1
2017-11-26,10000029,23523,196999,196999,196999,30,1
2017-11-26,10000029,23525,50000,50000,50000,4,2
2017-11-26,10000029,23527,494792.44,487409.18,500000,20,16
2017-11-26,10000029,23561,195000,195000,195000,4,2
2017-11-26,10000029,23566,1000000.01,1000000.01,1000000.01,1,1
2017-11-26,10000029,23594,1000000.01,1000000.01,1000000.01,1,1
2017-11-26,10000029,23705,104320.24,104320.24,104320.24,5,1
2017-11-26,10000029,23707,14531.91,12500,50000,94,20
2017-11-26,10000029,23711,14777.77,14777.77,14777.77,21,8
2017-11-26,10000029,23729,220000,220000,220000,2,1
2017-11-26,10000029,23731,23000,23000,23000,6,1
2017-11-26,10000029,23911,1200000000,1200000000,1200000000,2,2
2017-11-26,10000029,24242,2000000,2000000,2000000,2,2
2017-11-26,10000029,24283,49519999.86,48000000,49899999.82,5,5
2017-11-26,10000029,24305,3000000,3000000,3000000,2,1
2017-11-26,10000029,24348,1082501.5,900000,1630006,4,3
2017-11-26,10000029,24395,600000,600000,600000,7,5
2017-11-26,10000029,24417,1279591.1,1239774,1409999.98,5,4
2017-11-26,10000029,24427,1387382.46,1318466.5,1388500,28,26
2017-11-26,10000029,24438,1449999.5,1449999,1450000,4,4
2017-11-26,10000029,24443,3600000,3600000,3600000,1,1
2017-11-26,10000029,24475,66,66,66,750,1
2017-11-26,10000029,24492,205,205,205,30000,2
2017-11-26,10000029,24495,81.47,81.47,81.47,43972,16
2017-11-26,10000029,24497,98.98,98.98,98.98,40600,11
2017-11-26,10000029,24499,115.01,115.01,115.01,14100,7
2017-11-26,10000029,24505,104.19,104.19,104.19,500,1
2017-11-26,10000029,24507,549.99,549.99,549.99,14600,11
2017-11-26,10000029,24509,569.99,569.99,569.99,49518,25
2017-11-26,10000029,24511,549.99,549.99,549.99,13849,11
2017-11-26,10000029,24513,550,550,550,89700,32
2017-11-26,10000029,24515,495.96,495.96,495.96,7700,4
2017-11-26,10000029,24517,600,600,600,4200,3
2017-11-26,10000029,24523,1687,1687,1687,1400,2
2017-11-26,10000029,24531,794.99,794.99,794.99,7000,4
2017-11-26,10000029,24533,700,700,700,35500,10
2017-11-26,10000029,24535,629.95,629.95,629.95,3500,5
2017-11-26,10000029,24562,60000000,60000000,60000000,1,1
2017-11-26,10000029,24632,27000000,27000000,27000000,1,1
2017-11-26,10000029,24702,55833333.33,50000000,57777777.77,4,4
2017-11-26,10000029,25563,2900000,2900000,2900000,6,3
2017-11-26,10000029,25565,147999.99,147999.99,147999.99,2,2
2017-11-26,10000029,25571,25000,25000,25000,2,1
2017-11-26,10000029,25588,11115,11115,11115,147,3
2017-11-26,10000029,25589,4524,4524,4524,124,3
2017-11-26,10000029,25597,3607,3607,3607,48,3
2017-11-26,10000029,25598,8892.01,8892.01,8892.01,1201,6
2017-11-26,10000029,25599,850,850,850,215,3
2017-11-26,10000029,25600,23777.93,23777.93,23777.93,1578,6
2017-11-26,10000029,25601,3120,3120,3120,202,3
2017-11-26,10000029,25604,11154,11154,11154,142,3
2017-11-26,10000029,25606,18000.12,18000.12,18000.12,1037,6
2017-11-26,10000029,25617,318242.02,318242.02,318242.02,12,1
2017-11-26,10000029,25618,40000.38,40000.38,40000.38,1958,2
2017-11-26,10000029,25625,2185000.04,2185000.04,2185000.04,1,1
2017-11-26,10000029,25715,971428.03,900000,1399996.19,14,2
2017-11-26,10000029,25861,200000,199999.99,200000,26,10
2017-11-26,10000029,25890,12000000,12000000,12000000,1,1
2017-11-26,10000029,25894,12400000,12400000,12400000,21,11
2017-11-26,10000029,25896,19900000,19900000,19900000,1,1
2017-11-26,10000029,25898,17000000,17000000,17000000,1,1
2017-11-26,10000029,25948,7499997.89,7499997.89,7499997.89,3,2
2017-11-26,10000029,25956,19999990.98,19999990.98,19999991,13,13
2017-11-26,10000029,26076,2000000,2000000,2000000,1,1
2017-11-26,10000029,26252,500000,500000,500000,1,1
2017-11-26,10000029,26374,44333332.67,44000000,44499999,3,2
2017-11-26,10000029,26912,2209999.99,2209999.99,2210000,3,3
2017-11-26,10000029,26913,4966662.26,4966656.65,4966666,5,2
2017-11-26,10000029,26914,2910000,2910000,2910000,10,4
2017-11-26,10000029,26929,117777.77,117777.77,117777.77,12,7
2017-11-26,10000029,27081,840000,840000,840000,1,1
2017-11-26,10000029,27090,3601212.12,3601212.12,3601212.12,1,1
2017-11-26,10000029,27117,999999.99,999999.99,999999.99,1,1
2017-11-26,10000029,27119,500000,500000,500000,1,1
2017-11-26,10000029,27127,776888.52,776777.41,777777.43,9,9
2017-11-26,10000029,27143,786024.41,499999.99,821777.46,9,4
2017-11-26,10000029,27321,895,895,895,2272,3
2017-11-26,10000029,27327,1100,1100,1100,2772,3
2017-11-26,10000029,27333,850,850,850,500,1
2017-11-26,10000029,27339,2477.74,2477.74,2477.74,6599,7
2017-11-26,10000029,27345,2899.98,2899.98,2899.98,3300,3
2017-11-26,10000029,27351,2777.77,2777.77,2777.77,1000,1
2017-11-26,10000029,27359,2899.99,2899.99,2899.99,7579,8
2017-11-26,10000029,27361,1050,1050,1050,46463,22
2017-11-26,10000029,27371,969.71,969.71,969.71,29003,17
2017-11-26,10000029,27373,600,600,600,609,1
2017-11-26,10000029,27377,1895,1895,1895,1500,2
2017-11-26,10000029,27381,1050,1050,1050,16519,13
2017-11-26,10000029,27387,946,946,946,24914,16
2017-11-26,10000029,27423,1800.35,1800.35,1800.35,1700,3
2017-11-26,10000029,27429,1769.95,1769.95,1769.95,3162,4
2017-11-26,10000029,27435,1320,1320,1320,84656,37
2017-11-26,10000029,27441,1350,1350,1350,178608,67
2017-11-26,10000029,27447,1355,1355,1355,39566,23
2017-11-26,10000029,27453,1300,1300,1300,69541,34
2017-11-26,10000029,27902,500000,500000,500000,1,1
2017-11-26,10000029,27906,29900000,29900000,29900000,1,1
2017-11-26,10000029,27914,1990777.77,1990777.76,1990777.77,5,5
2017-11-26,10000029,27918,1300000,1300000,1300000,9,3
2017-11-26,10000029,27920,1250000,1250000,1250000,18,4
2017-11-26,10000029,27924,1100000.01,1100000.01,1100000.01,10,2
2017-11-26,10000029,27932,100000,100000,100000,1,1
2017-11-26,10000029,28201,677777.77,677777.77,677777.77,3,2
2017-11-26,10000029,28203,900000,900000,900000,1,1
2017-11-26,10000029,28209,1870851.85,1707777.77,2197000,6,4
2017-11-26,10000029,28215,1099111.11,1099000,1100000,9,3
2017-11-26,10000029,28262,647664.06,647664.06,647664.06,5,1
2017-11-26,10000029,28286,2371428.57,2371428.57,2371428.57,4,2
2017-11-26,10000029,28302,582686.7,409554.54,599999.92,11,4
2017-11-26,10000029,28324,1385,1385,1385,1500,1
2017-11-26,10000029,28326,810,810,810,6000,2
2017-11-26,10000029,28328,375,375,375,1000,1
2017-11-26,10000029,28332,1286.76,1286.76,1286.76,22186,17
2017-11-26,10000029,28334,777.67,777.67,777.67,5500,2
2017-11-26,10000029,28336,599,599,599,2931,4
2017-11-26,10000029,28352,2270000000,2270000000,2270000000,1,1
2017-11-26,10000029,28440,450000.08,450000.08,450000.08,20,1
2017-11-26,10000029,28576,1830486.99,1750000,1849998.99,41,5
2017-11-26,10000029,28578,1690000,1690000,1690000,1,1
2017-11-26,10000029,28646,6150000,6150000,6150000,3,3
2017-11-26,10000029,28654,3745000,3745000,3745000,1,1
2017-11-26,10000029,28668,26999.37,26999.37,26999.37,22433,132
2017-11-26,10000029,28672,1199999.92,1199999.92,1199999.92,1,1
2017-11-26,10000029,28680,2000000,2000000,2000000,3,3
2017-11-26,10000029,28684,589999.96,589999.96,589999.96,2,1
2017-11-26,10000029,28756,36000000,36000000,36000000,1,1
2017-11-26,10000029,28758,38799999.57,38799999.57,38799999.58,3,3
2017-11-26,10000029,28880,6000000,6000000,6000000,1,1
2017-11-26,10000029,28999,14304.78,12445.68,14957.97,50,18
2017-11-26,10000029,29001,25000,25000,25000,45,19
2017-11-26,10000029,29003,52150,52150,52150,6,5
2017-11-26,10000029,29005,14814.81,14777.77,15000,12,6
2017-11-26,10000029,29007,10776.81,10776.76,10777,10,5
2017-11-26,10000029,29009,14923.07,13999.98,14999.99,52,39
2017-11-26,10000029,29011,11980.71,11979.99,11997.97,75,47
2017-11-26,10000029,29013,19998,19998,19998,7,4
2017-11-26,10000029,29015,14999,14999,14999,5,3
2017-11-26,10000029,29340,75000000,75000000,75000000,1,1
2017-11-26,10000029,29618,17000.01,17000.01,17000.01,3000,4
2017-11-26,10000029,29620,14000,14000,14000,3240,5
2017-11-26,10000029,29984,158374999.99,152750000,163999999.98,2,2
2017-11-26,10000029,30028,64629.63,40000,75000,27,4
2017-11-26,10000029,30486,693081.06,659349.98,950000,56,7
2017-11-26,10000029,30488,656544.9,648999.23,750000,88,11
2017-11-26,10000029,30650,3000000,2999999.99,3000000,2,2
2017-11-26,10000029,30652,3000000,3000000,3000000,1,1
2017-11-26,10000029,30653,3000000.01,3000000.01,3000000.01,2,2
2017-11-26,10000029,30832,2099999.93,2099999.93,2099999.93,1,1
2017-11-26,10000029,30834,1998999.97,1998999.97,1998999.97,1,1
2017-11-26,10000029,30836,1143185.25,1142999.99,1143247,4,2
2017-11-26,10000029,30999,2600000,2600000,2600000,4,4
2017-11-26,10000029,31011,2087999.99,2087999.99,2087999.99,1,1
2017-11-26,10000029,31023,2400000,2400000,2400000,3,2
2017-11-26,10000029,31035,3900000,3900000,3900000,1,1
2017-11-26,10000029,31045,800000,800000,800000,6,5
2017-11-26,10000029,31047,2300000,2300000,2300000,9,8
2017-11-26,10000029,31055,2999777.68,2999777,2999777.75,23,11
2017-11-26,10000029,31057,7999999.99,7999999.99,7999999.99,11,3
2017-11-26,10000029,31059,22926780.81,22899999.99,22949999.99,19,12
2017-11-26,10000029,31065,3650000,3650000,3650000,4,4
2017-11-26,10000029,31083,2000000,2000000,2000000,3,2
2017-11-26,10000029,31085,6499999,6499999,6499999,3,1
2017-11-26,10000029,31105,448499,448499,448499,5,4
2017-11-26,10000029,31111,4799950,4799950,4799950,3,2
2017-11-26,10000029,31117,275000,275000,275000,2,1
2017-11-26,10000029,31119,2712496.87,2539994.99,3000000,8,4
2017-11-26,10000029,31125,14899998,14899998,14899998,7,4
2017-11-26,10000029,31153,488899.94,488899.94,488899.95,15,10
2017-11-26,10000029,31159,333777.77,333777.77,333777.77,8,3
2017-11-26,10000029,31165,8789996.91,8789996.91,8789996.91,2,2
2017-11-26,10000029,31171,7881998.64,7881998.64,7881998.65,9,7
2017-11-26,10000029,31177,300000,300000,300000,17,15
2017-11-26,10000029,31179,1247989.56,1247989.56,1247989.56,3,3
2017-11-26,10000029,31183,3574997.86,3574997.5,3574997.99,36,25
2017-11-26,10000029,31201,220000,220000,220000,1,1
2017-11-26,10000029,31203,1600000,1600000,1600000,1,1
2017-11-26,10000029,31238,170000,170000,170000,1,1
2017-11-26,10000029,31264,500000,500000,500000,1,1
2017-11-26,10000029,31274,439899.99,439899.99,439899.99,5,5
2017-11-26,10000029,31280,3777777.77,3777777.77,3777777.77,4,3
2017-11-26,10000029,31286,250000,250000,250000,2,1
2017-11-26,10000029,31294,8400000,8400000,8400000,4,3
2017-11-26,10000029,31298,250000,250000,250000,3,1
2017-11-26,10000029,31324,1277777.74,1277777.74,1277777.74,1,1
2017-11-26,10000029,31328,3941000,3941000,3941000,3,2
2017-11-26,10000029,31358,782891.78,776477.77,924000,23,18
2017-11-26,10000029,31360,3444134.04,3443776.97,3444776.77,14,13
2017-11-26,10000029,31364,4866583.33,4199999.99,4999900,6,5
2017-11-26,10000029,31366,25499999.29,25499999,25500000,17,13
2017-11-26,10000029,31372,2298990,2298990,2298990,5,4
2017-11-26,10000029,31378,16171428.57,16100000,16299999.99,7,5
2017-11-26,10000029,31408,2250000,2250000,2250000,1,1
2017-11-26,10000029,31442,550000,550000,550000,1,1
2017-11-26,10000029,31454,399999,399999,399999,1,1
2017-11-26,10000029,31456,550000,550000,550000,1,1
2017-11-26,10000029,31484,2689999.67,2669999,2700000,3,3
2017-11-26,10000029,31526,700000,700000,700000,1,1
2017-11-26,10000029,31532,4000777.77,4000777.77,4000777.77,1,1
2017-11-26,10000029,31538,1849000,1849000,1849000,1,1
2017-11-26,10000029,31540,5400000,5400000,5400000,1,1
2017-11-26,10000029,31544,4500000,4500000,4500000,1,1
2017-11-26,10000029,31586,369999,369999,369999,6,6
2017-11-26,10000029,31600,2299957.13,2299949.99,2299999.99,7,7
2017-11-26,10000029,31604,3500000,3500000,3500000,2,1
2017-11-26,10000029,31610,2300000,2300000,2300000,2,2
2017-11-26,10000029,31620,489999.99,489999.99,489999.99,8,8
2017-11-26,10000029,31622,1777777.77,1777777.77,1777777.77,3,2
2017-11-26,10000029,31634,1850000,1850000,1850000,1,1
2017-11-26,10000029,31668,235500,235500,235500,2,2
2017-11-26,10000029,31682,480000,480000,480000,1,1
2017-11-26,10000029,31716,72499.98,72499.98,72499.98,4,3
2017-11-26,10000029,31718,350000,350000,350000,14,13
2017-11-26,10000029,31722,1650000.01,1650000.01,1650000.01,1,1
2017-11-26,10000029,31724,4249932.85,4249407.78,4298998.76,17,17
2017-11-26,10000029,31726,89999999.87,89999999.87,89999999.87,1,1
2017-11-26,10000029,31730,224500,199000,250000,2,2
2017-11-26,10000029,31748,5549740.24,5547443.8,5557777.77,9,6
2017-11-26,10000029,31752,148950,148950,148950,1,1
2017-11-26,10000029,31754,400000,400000,400000,4,2
2017-11-26,10000029,31760,5181800.77,4500000,5522701.15,3,3
2017-11-26,10000029,31772,7000000,7000000,7000000,1,1
2017-11-26,10000029,31774,88888886,88888886,88888886,1,1
2017-11-26,10000029,31788,438999.58,438999.58,438999.59,15,9
2017-11-26,10000029,31790,1703208.53,1577766.91,1800000,83,47
2017-11-26,10000029,31794,7569992.9,7569992.9,7569992.91,9,8
2017-11-26,10000029,31796,22278326.07,22070775.77,22819750,73,41
2017-11-26,10000029,31802,1882332.55,1878998.82,1889000,9,3
2017-11-26,10000029,31812,27900000,27900000,27900000,2,1
2017-11-26,10000029,31866,2862500,1800000,3500000,8,2
2017-11-26,10000029,31870,4080000,4080000,4080000,3,1
2017-11-26,10000029,31874,5900000,5900000,5900000,3,1
2017-11-26,10000029,31876,4427500,4400000,4500000,40,9
2017-11-26,10000029,31878,3573266.6,3100000,3888777.67,10,3
2017-11-26,10000029,31882,1999777.77,1999777.77,1999777.77,10,1
2017-11-26,10000029,31884,2777777.77,2777777.77,2777777.77,4,2
2017-11-26,10000029,31892,2577777.77,2577777.77,2577777.77,5,1
2017-11-26,10000029,31894,2530000,2530000,2530000,4,1
2017-11-26,10000029,31900,56971162.47,56499999.5,58499998.75,20,14
2017-11-26,10000029,31924,3300000,3300000,3300000,1,1
2017-11-26,10000029,31928,14999999.99,14999999.99,14999999.99,8,4
2017-11-26,10000029,31930,41000000,41000000,41000000,2,1
2017-11-26,10000029,31932,36899989.87,36899989.87,36899989.87,5,3
2017-11-26,10000029,31936,9999777.77,9999777.77,9999777.77,2,2
2017-11-26,10000029,31952,36000000,36000000,36000000,2,1
2017-11-26,10000029,31982,80000,80000,80000,10,1
2017-11-26,10000029,31998,77367.68,77367.67,77367.73,76,4
2017-11-26,10000029,32006,145775.76,145775.76,145775.76,1003,36
2017-11-26,10000029,32014,227777.57,227777.57,227777.57,216,15
2017-11-26,10000029,32043,3989999,3989999,3989999,1,1
2017-11-26,10000029,32047,44999999,44999999,44999999,2,1
2017-11-26,10000029,32339,110000000,110000000,110000000,4,4
2017-11-26,10000029,32435,20000000,20000000,20000000,2,2
2017-11-26,10000029,32772,1500000,1500000,1500000,5,5
2017-11-26,10000029,32774,250000,250000,250000,1,1
2017-11-26,10000029,32787,200000,200000,200000,4,1
2017-11-26,10000029,32880,700000,700000,700000,1,1
2017-11-26,10000029,32999,500000,500000,500000,1,1
2017-11-26,10000029,33000,500000.01,500000.01,500000.01,1,1
2017-11-26,10000029,33001,1000000.01,1000000.01,1000000.01,1,1
2017-11-26,10000029,33002,500000,500000,500000,1,1
2017-11-26,10000029,33003,344324.57,324999,390000,59,4
2017-11-26,10000029,33076,248864.05,245999.53,249299.3,18,18
2017-11-26,10000029,33078,2000000.01,2000000.01,2000000.01,1,1
2017-11-26,10000029,33097,2000000.01,2000000.01,2000000.01,1,1
2017-11-26,10000029,33098,2000000,2000000,2000000,1,1
2017-11-26,10000029,33101,669999.99,669999.99,669999.99,2,2
2017-11-26,10000029,33176,450000,450000,450000,2,2
2017-11-26,10000029,33180,135000,135000,135000,2,1
2017-11-26,10000029,33270,1500000,1500000,1500000,2,2
2017-11-26,10000029,33332,40738.17,40738.17,40738.17,24,1
2017-11-26,10000029,33334,60000,60000,60000,100,1
2017-11-26,10000029,33399,6000000.01,6000000.01,6000000.01,3,3
2017-11-26,10000029,33407,40000000,40000000,40000000,1,1
2017-11-26,10000029,33450,2206249.75,2000000,2824999.01,16,2
2017-11-26,10000029,33468,66499999.99,66499999.99,66499999.99,1,1
2017-11-26,10000029,33470,223999777.76,223999777.76,223999777.76,1,1
2017-11-26,10000029,33474,1827089.18,1799775.66,2100000,11,6
2017-11-26,10000029,33475,11499977.96,10999999.99,11544399.98,36,16
2017-11-26,10000029,33671,290000,290000,290000,2,1
2017-11-26,10000029,33681,94250000,90000000,98500000,6,3
2017-11-26,10000029,33706,20777.77,20777.77,20777.77,50,13
2017-11-26,10000029,33712,852414.55,849999,877777.77,23,6
2017-11-26,10000029,33818,248599999,248599999,248599999,1,1
2017-11-26,10000029,33824,959995.71,959995,960000,7,3
2017-11-26,10000029,33844,94000000,70000000,130000000,5,3
2017-11-26,10000029,33846,162222220.6,146666665.23,169999998.28,3,2
2017-11-26,10000029,33852,170000000,170000000,170000000,1,1
2017-11-26,10000029,33892,3250000,3250000,3250000,2,1
2017-11-26,10000029,33894,4700000,4700000,4700000,9,4
2017-11-26,10000029,33898,19277777.77,19277777.77,19277777.77,2,1
2017-11-26,10000029,33915,279365.07,200000,477777.76,28,6
2017-11-26,10000029,34308,38500000,38500000,38500000,1,1
2017-11-26,10000029,34317,65000000.1,65000000.09,65000000.1,2,2
2017-11-26,10000029,34390,2000000,2000000,2000000,1,1
2017-11-26,10000029,34533,2000000,2000000,2000000,2,2
2017-11-26,10000029,35656,249999.99,249999.98,249999.99,6,6
2017-11-26,10000029,35657,180996.69,180996.69,180996.69,3,3
2017-11-26,10000029,35658,77777.76,77777.76,77777.77,14,7
2017-11-26,10000029,35659,105786.59,99777.77,250000,25,25
2017-11-26,10000029,35660,77777.59,77776,77777.77,10,10
2017-11-26,10000029,35661,307189.23,200000,378648.71,5,5
2017-11-26,10000029,35662,381999.91,200000,395999.9,14,10
2017-11-26,10000029,35685,2000000,2000000,2000000,1,1
2017-11-26,10000029,35771,1599999.99,1599999.99,1599999.99,3,3
2017-11-26,10000029,35774,1099995,1099995,1099995,1,1
2017-11-26,10000029,35790,1249999.87,1249999.87,1249999.87,10,10
2017-11-26,10000029,35794,15000,15000,15000,13,13
2017-11-26,10000029,35795,19999,19999,19999,9,9
2017-11-26,10000029,35832,1150000000,1150000000,1150000000,1,1
2017-11-26,10000029,36908,6000772.67,6000772.67,6000772.67,3,2
2017-11-26,10000029,36909,7377777.77,7377777.77,7377777.77,1,1
2017-11-26,10000029,36910,11200000,10000000,12000000,5,3
2017-11-26,10000029,36911,7777777.77,7777777.77,7777777.77,10,6
2017-11-26,10000029,36912,7041777.67,7041777.67,7041777.67,10,5
2017-11-26,10000029,37306,150000000,150000000,150000000,1,1
2017-11-26,10000029,37455,21000000,21000000,21000000,1,1
2017-11-26,10000029,37479,600000,600000,600000,5,2
2017-11-26,10000029,37480,84400000,84400000,84400000,1,1
2017-11-26,10000029,37482,93000000,93000000,93000000,1,1
2017-11-26,10000029,37608,2200000,2200000,2200000,1,1
2017-11-26,10000029,37611,1999000,1999000,1999000,1,1
2017-11-26,10000029,37631,98944444,98888888,99000000,2,2
2017-11-26,10000029,40328,5000000,5000000,5000000,1,1
2017-11-26,10000029,40348,34999999.99,34999999.99,34999999.99,2,1
2017-11-26,10000029,40351,160000000,160000000,160000000,2,1
2017-11-26,10000029,40357,170000000,170000000,170000000,2,1
2017-11-26,10000029,40363,15999999.73,15999999.73,15999999.73,16,2
2017-11-26,10000029,40520,844941666.14,844899999.98,844999999.98,12,10
2017-11-26,10000029,40553,10000000,10000000,10000000,12,2
2017-11-26,10000029,40554,8973333.18,8959999.77,9000000,24,4
2017-11-26,10000029,40556,12000000,12000000,12000000,3,1
2017-11-26,10000029,40557,11874468.08,11799999.99,11999999.99,47,3
2017-11-26,10000029,40558,10717352.94,10000000,10955000,51,5
2017-11-26,10000029,40564,32000000,32000000,32000000,18,1
2017-11-26,10000029,40566,33496400,33485000,33500000,25,2
2017-11-26,10000029,40568,10000000,10000000,10000000,3,1
2017-11-26,10000029,40570,25999990,25999990,25999990,3,1
2017-11-26,10000029,40571,29500000,28000000,31000000,6,2
2017-11-26,10000029,40572,110000000,110000000,110000000,1,1
2017-11-26,10000029,40573,151000000.04,151000000.04,151000000.04,1,1
2017-11-26,10000029,40660,140000000,140000000,140000000,1,1
2017-11-26,10000029,40717,174999998.99,174999998.99,174999998.99,1,1
2017-11-26,10000029,41031,104995,104995,104995,1,1
2017-11-26,10000029,41034,119692.28,119692.28,119692.28,2,1
2017-11-26,10000029,41057,6599999,6599999,6599999,1,1
2017-11-26,10000029,41152,70000000,70000000,70000000,3,1
2017-11-26,10000029,41155,19852.18,17209.38,19999,19,17
2017-11-26,10000029,41191,30000000,30000000,30000000,1,1
2017-11-26,10000029,41214,38000000,38000000,38000000,1,1
2017-11-26,10000029,41215,23977777.77,23977777.77,23977777.77,2,2
2017-11-26,10000029,41218,32850000,31000000,34699999.99,2,2
2017-11-26,10000029,41238,101998998,101998998,101998998,1,1
2017-11-26,10000029,41239,230000000,230000000,230000000,1,1
2017-11-26,10000029,41271,12000,12000,12000,2000,1
2017-11-26,10000029,41410,35000000.01,35000000.01,35000000.01,1,1
2017-11-26,10000029,41411,36966666.67,36700000,37500000,3,3
2017-11-26,10000029,41415,191899402.44,175847908.51,205400000.01,7,3
2017-11-26,10000029,41456,400000000,400000000,400000000,1,1
2017-11-26,10000029,41476,1500000,1500000,1500000,1,1
2017-11-26,10000029,41486,22633333.28,22633333.28,22633333.28,1,1
2017-11-26,10000029,41489,12000,12000,12000,1253,7
2017-11-26,10000029,41490,1249994.44,1249994.44,1249994.44,275,10
2017-11-26,10000029,41491,44500000,44500000,44500000,1,1
2017-11-26,10000029,42527,575000,575000,575000,3,2
2017-11-26,10000029,42530,800000,800000,800000,1,1
2017-11-26,10000029,42694,749.8,749.8,749.8,1648,3
2017-11-26,10000029,42695,950,950,950,1054,3
2017-11-26,10000029,42696,1199,1199,1199,604,2
2017-11-26,10000029,42829,850,850,850,12010,4
2017-11-26,10000029,42830,799,799,799,13010,5
2017-11-26,10000029,42831,800,800,800,510,2
2017-11-26,10000029,42833,950,950,950,300,1
2017-11-26,10000029,42835,990,990,990,2400,4
2017-11-26,10000029,42836,985.76,985.76,985.76,1100,2
2017-11-26,10000029,42837,824.98,824.98,824.98,1500,2
2017-11-26,10000029,42838,999.01,999.01,999.01,900,3
2017-11-26,10000029,42839,990.01,990.01,990.01,500,2
2017-11-26,10000029,43551,7000000,7000000,7000000,3,2
2017-11-26,10000029,43554,3000000,3000000,3000000,4,2
2017-11-26,10000029,43555,5399999,5399999,5399999,6,3
2017-11-26,10000029,43556,4999999.99,4999999.99,5000000,5,3
2017-11-26,10000029,43699,75000,75000,75000,5,1
2017-11-26,10000029,44992,2961030.09,2961030.09,2961030.09,812,7
2017-11-26,10000029,45010,125000.01,125000.01,125000.01,5,3
2017-11-26,10000029,45591,49000000,49000000,49000000,1,1
2017-11-26,10000029,45596,44999999.99,44999999.99,44999999.99,1,1
2017-11-26,10000029,45601,40998998,40998998,40998998,1,1
2017-11-26,10000029,45604,17400000,17400000,17400000,1,1
2017-11-26,10000029,45625,12999999.96,12999999.96,12999999.96,1,1
2017-11-26,10000029,45635,199998982.92,199998982.25,199998992.25,9,9
2017-11-26,10000029,45746,2500000,2500000,2500000,3,3
2017-11-26,10000029,45748,7000000,7000000,7000000,4,4
2017-11-26,10000029,45749,30000000,30000000,30000000,1,1
2017-11-26,10000029,45834,15000000,15000000,15000000,1,1
2017-11-26,10000029,45998,4999998.11,4999998.11,4999998.11,1,1
2017-11-26,10000029,46002,9577987.69,9577987.69,9577987.69,1,1
2017-11-26,10000029,46003,25399999.99,25399999.99,25400000,4,2
2017-11-26,10000029,46008,12674344,9000000,13950000.96,29,23
2017-11-26,10000029,46153,19999999.99,19999999.99,19999999.99,1,1
2017-11-26,10000029,46154,24999999.99,24999999.99,24999999.99,1,1
2017-11-26,10000029,46155,30000000,30000000,30000000,1,1
2017-11-26,10000029,46156,34999999.88,34999999.88,34999999.88,1,1
2017-11-26,10000030,18,55,50,59.02,5229851,111
2017-11-26,10000030,19,2888.88,2888.88,2888.88,553,1
2017-11-26,10000030,20,238,215,280,220238,41
2017-11-26,10000030,21,400,400,400,65254,5
2017-11-26,10000030,22,2434,2434,2434,134,1
2017-11-26,10000030,34,4.42,4.41,4.67,319039433,398
2017-11-26,10000030,35,4.76,4.76,4.76,135053577,276
2017-11-26,10000030,36,60.88,53.23,60.93,49580335,247
2017-11-26,10000030,37,44.08,44.08,44.08,6111834,160
2017-11-26,10000030,38,328,328,328,1799645,184
2017-11-26,10000030,39,1134.97,995,1134.98,820423,140
2017-11-26,10000030,40,1449.89,1390,1449.89,382576,131
2017-11-26,10000030,41,14.08,14,28.32,171887,22
2017-11-26,10000030,42,362.01,362.01,362.01,95,7
2017-11-26,10000030,43,327.73,306.4,329.18,322058,20
2017-11-26,10000030,44,12497.66,12497.66,12497.66,2516,3
2017-11-26,10000030,45,25.01,25.01,25.01,160,10
2017-11-26,10000030,178,6.5,6.5,6.5,155344,61
2017-11-26,10000030,179,7.25,7.04,7.25,34899,40
2017-11-26,10000030,180,8.83,8,17.77,68957,51
2017-11-26,10000030,181,15.35,15.35,15.35,167477,54
2017-11-26,10000030,182,9,8.95,9.9,101969,77
2017-11-26,10000030,183,16.89,14.5,18.46,206370,65
2017-11-26,10000030,184,14.54,14.54,14.54,263187,62
2017-11-26,10000030,185,19,17.27,21.94,317167,115
2017-11-26,10000030,186,9.83,9.83,9.83,11872,11
2017-11-26,10000030,187,19.82,19.8,19.82,24700,9
2017-11-26,10000030,188,24.32,24.32,24.32,16600,10
2017-11-26,10000030,189,59.97,53,59.98,54877,20
2017-11-26,10000030,190,59.97,59.96,59.98,40823,20
2017-11-26,10000030,191,30.73,30.73,30.73,1008049,40
2017-11-26,10000030,192,56.97,49.14,56.98,55584,27
2017-11-26,10000030,193,48.85,48.85,48.87,59411,32
2017-11-26,10000030,194,3.01,3,3.02,200,2
2017-11-26,10000030,195,75,75,75,16466,5
2017-11-26,10000030,196,17.74,17.74,17.74,600,3
2017-11-26,10000030,197,21.62,21.62,21.62,35400,6
2017-11-26,10000030,198,51.37,51.37,51.37,100,1
2017-11-26,10000030,199,249.03,249.03,249.03,56110,10
2017-11-26,10000030,200,198.66,198.66,198.66,49600,11
2017-11-26,10000030,201,220,220,220,24806,6
2017-11-26,10000030,202,289.93,289.93,289.93,13602,10
2017-11-26,10000030,203,199.98,199.98,199.98,133934,12
2017-11-26,10000030,204,162,75.2,162,32176,8
2017-11-26,10000030,205,164.92,164.92,164.92,904,4
2017-11-26,10000030,206,13.5,13.5,13.5,117406,27
2017-11-26,10000030,207,44.95,44.95,44.95,24798,17
2017-11-26,10000030,208,67.89,54,85,6581,14
2017-11-26,10000030,209,94.95,48.15,94.98,43708,29
2017-11-26,10000030,210,13.4,9.04,13.93,89116,54
2017-11-26,10000030,211,15,15,15,120416,29
2017-11-26,10000030,212,16.99,16.99,19.99,25213,25
2017-11-26,10000030,213,13.99,13.99,13.99,525946,39
2017-11-26,10000030,215,5.49,5.49,5.49,38953,8
2017-11-26,10000030,216,1.01,1.01,1.25,1700,7
2017-11-26,10000030,217,6.93,6.93,6.93,27620,9
2017-11-26,10000030,218,14.8,14.8,14.8,11634,12
2017-11-26,10000030,219,1.5,1.5,1.5,26440,6
2017-11-26,10000030,220,2,2,2,1500,6
2017-11-26,10000030,221,11.99,11.99,11.99,17900,6
2017-11-26,10000030,222,17,17,17,1247284,43
2017-11-26,10000030,223,24.62,24.62,24.62,25228,6
2017-11-26,10000030,224,8.88,8.88,8.88,1300,7
2017-11-26,10000030,225,35,35,35,16300,8
2017-11-26,10000030,226,12.5,12.5,12.5,299,1
2017-11-26,10000030,227,67.99,67.99,67.99,11200,9
2017-11-26,10000030,228,3.11,3.11,3.11,1200,6
2017-11-26,10000030,229,9.99,9.99,9.99,7273,10
2017-11-26,10000030,230,53,52,53.92,71702,16
2017-11-26,10000030,231,2.5,2.5,2.5,100,1
2017-11-26,10000030,232,10,10,10,500,2
2017-11-26,10000030,234,1,1,1,100,1
2017-11-26,10000030,235,41,41,41,3500,6
2017-11-26,10000030,236,139.99,139.99,139.99,10497,1
2017-11-26,10000030,237,15.5,1,30,200,2
2017-11-26,10000030,238,155,155,165.24,55221,9
2017-11-26,10000030,239,2345.07,100.38,20000,29,16
2017-11-26,10000030,240,217.39,200.16,450,29,5
2017-11-26,10000030,241,100,100,100,2,1
2017-11-26,10000030,242,3642.75,1,32729.11,39,8
2017-11-26,10000030,243,148.79,100.01,1100.01,41,10
2017-11-26,10000030,244,1271.14,200.09,23898.95,45,16
2017-11-26,10000030,245,157.35,100,745.15,45,11
2017-11-26,10000030,246,8000,8000,8000,165,17
2017-11-26,10000030,247,319.44,65.65,1250,14,7
2017-11-26,10000030,248,22211.15,27.87,37000,10,5
2017-11-26,10000030,249,3811.33,102.22,34500,10,7
2017-11-26,10000030,250,10046.34,124.25,53000,16,9
2017-11-26,10000030,251,100.9,100.89,100.9,6,2
2017-11-26,10000030,252,562.74,300.55,1000,16,7
2017-11-26,10000030,253,23122.97,600.83,97998.98,13,6
2017-11-26,10000030,254,6876.32,5000,45550.01,19,7
2017-11-26,10000030,255,106731.02,120.82,239993.77,18,3
2017-11-26,10000030,256,136167.06,125.98,244999.93,9,3
2017-11-26,10000030,257,114.88,114.88,114.88,5,4
2017-11-26,10000030,258,24499.69,124.35,47000,25,6
2017-11-26,10000030,259,144.55,144.55,144.55,3,2
2017-11-26,10000030,260,1250.24,1250.24,1250.24,4,3
2017-11-26,10000030,261,35080,100,174999.99,5,4
2017-11-26,10000030,262,246337.97,26000.01,280000.7,83,9
2017-11-26,10000030,263,500,300.04,772.61,467,24
2017-11-26,10000030,264,627.95,627.95,627.95,3190,7
2017-11-26,10000030,266,9.83,9.83,9.83,7600,10
2017-11-26,10000030,267,75,20.03,187,3400,6
2017-11-26,10000030,269,5.1,5.1,5.1,816,7
2017-11-26,10000030,377,22516.43,17699.88,38889,48,31
2017-11-26,10000030,380,806398.87,694990,924999,41,30
2017-11-26,10000030,393,11873.05,200.01,34500,12,9
2017-11-26,10000030,394,321697.79,180100.56,424779.65,19,11
2017-11-26,10000030,399,24774.24,19190,25000,34,33
2017-11-26,10000030,400,387000,200400.53,489767.98,27,25
2017-11-26,10000030,434,74244.91,64000,83999,40,37
2017-11-26,10000030,438,3070963.87,2982665.9,3099999.5,37,35
2017-11-26,10000030,439,11287.98,8987,11624.17,121,90
2017-11-26,10000030,440,4381110.63,2600009.33,4499999,18,18
2017-11-26,10000030,442,58852.62,7393,185000,35,20
2017-11-26,10000030,443,37450.01,24900.01,50000,2,2
2017-11-26,10000030,444,4720.23,556.08,5473.99,9,8
2017-11-26,10000030,447,127499.92,127499.89,127500,3,3
2017-11-26,10000030,448,2072491.19,1700000,2147994.99,62,47
2017-11-26,10000030,450,6500,6500,6500,1,1
2017-11-26,10000030,452,3575,3575,3575,8,1
2017-11-26,10000030,453,79999.99,79999.99,79999.99,8,2
2017-11-26,10000030,454,23033.33,23033.33,23033.33,5,2
2017-11-26,10000030,482,1452073.05,1378999.98,1777777.77,53,30
2017-11-26,10000030,483,8500,8500,8999.7,147,40
2017-11-26,10000030,484,7297.51,3649.95,7599,124,64
2017-11-26,10000030,485,19131.57,17500,22000,21,7
2017-11-26,10000030,486,27000,25000,30999.98,295,92
2017-11-26,10000030,487,67162.29,18080.97,88000,46,21
2017-11-26,10000030,488,86119.24,74000,175000,57,24
2017-11-26,10000030,489,33333.33,32500,35000,3,3
2017-11-26,10000030,490,125000,125000,125000,4,1
2017-11-26,10000030,491,305145.43,275000,397485,33,11
2017-11-26,10000030,492,697499.98,697499.98,697499.98,1,1
2017-11-26,10000030,493,264872.94,200000,292240,17,6
2017-11-26,10000030,498,1150100.03,1150100.03,1150100.03,4,1
2017-11-26,10000030,499,16575.2,13998,19994.88,77,35
2017-11-26,10000030,501,151571.79,28000.41,459999.98,14,6
2017-11-26,10000030,503,73997,73997,73997,18,2
2017-11-26,10000030,519,1379996.99,1379990.99,1388999.99,194,83
2017-11-26,10000030,520,68237.71,65000,127000,55,38
2017-11-26,10000030,522,7899888,7899888,7899888,2,2
2017-11-26,10000030,523,24191.81,14999.99,37777.77,27,26
2017-11-26,10000030,524,17508.89,17.79,34999.99,2,2
2017-11-26,10000030,526,32498.35,29999.99,39997.77,38,23
2017-11-26,10000030,527,1166075.3,1100000,1166677.84,50,30
2017-11-26,10000030,529,17.77,17.77,17.78,3,2
2017-11-26,10000030,530,38998.99,34999.99,54995,5,3
2017-11-26,10000030,533,48764.55,42990,60313.66,6,4
2017-11-26,10000030,561,100.08,100.08,100.08,3,1
2017-11-26,10000030,564,28000.57,4002.28,36000,4,2
2017-11-26,10000030,565,18282.91,3300,28000,11,5
2017-11-26,10000030,566,494948.87,494948.86,494948.87,5,2
2017-11-26,10000030,567,10.06,10.06,10.06,1,1
2017-11-26,10000030,568,70025.57,70025.57,70025.57,11,1
2017-11-26,10000030,569,250000,250000,250000,5,1
2017-11-26,10000030,570,498899.95,498899.95,498899.95,2,2
2017-11-26,10000030,578,101046.29,85008.66,149999.94,76,45
2017-11-26,10000030,580,64000,64000,64000,4,4
2017-11-26,10000030,581,54518.89,54518.89,54518.89,1,1
2017-11-26,10000030,583,340716.39,334861.98,349498,5,5
2017-11-26,10000030,585,291556.34,212002.5,367000,36,29
2017-11-26,10000030,586,390447.04,383999,429774,60,52
2017-11-26,10000030,587,310509.56,299909.98,335000,80,63
2017-11-26,10000030,588,1879.22,1102,3000,52,51
2017-11-26,10000030,589,245415.99,100000,320000,6,5
2017-11-26,10000030,590,475000,475000,475000,2,2
2017-11-26,10000030,592,283166.64,274999.95,324999.95,6,6
2017-11-26,10000030,593,375762.5,310000,394497.99,30,17
2017-11-26,10000030,594,327625.33,125938,428469,3,3
2017-11-26,10000030,596,44416.8,1000,100000,10,6
2017-11-26,10000030,597,425316.35,350000,461665,9,9
2017-11-26,10000030,598,342171.13,100001.5,354999,23,12
2017-11-26,10000030,599,300000,300000,300000,168,44
2017-11-26,10000030,601,167.98,167.98,167.98,1,1
2017-11-26,10000030,602,358000.25,350000,360000.99,4,4
2017-11-26,10000030,603,355000,310000,400000,2,2
2017-11-26,10000030,605,377856.04,126000.03,385000,15,11
2017-11-26,10000030,606,50542.32,1000,200000,4,4
2017-11-26,10000030,607,355755.17,136299.49,445123.23,7,7
2017-11-26,10000030,608,330261.33,314500,349999.98,6,6
2017-11-26,10000030,609,337190,337190,337190,1,1
2017-11-26,10000030,621,8240488.01,7300100.01,11061651.99,4,3
2017-11-26,10000030,622,10459517.56,9500000,10759304,23,19
2017-11-26,10000030,623,10000000,10000000,10000000,1,1
2017-11-26,10000030,624,11128105,11128105,11128105,1,1
2017-11-26,10000030,626,11599999.99,10999999.99,14500000,5,4
2017-11-26,10000030,627,9772799.6,7004000,10464999,5,5
2017-11-26,10000030,628,8000000,8000000,8000000,2,2
2017-11-26,10000030,629,9719260.57,5000000,9800000.05,23,21
2017-11-26,10000030,630,8260324.88,8000000,9027533,8,8
2017-11-26,10000030,631,8504766.15,7825011,8628358,13,4
2017-11-26,10000030,632,5512000.11,5512000.11,5512000.11,2,1
2017-11-26,10000030,638,165999988.96,148000028.03,174999969.43,3,3
2017-11-26,10000030,639,156999988.95,156999988.95,156999988.95,1,1
2017-11-26,10000030,641,156166498.32,152999999.99,171998989.99,6,6
2017-11-26,10000030,644,164274968.92,164274968.91,164274968.92,2,2
2017-11-26,10000030,645,173997998.98,173997998.98,173997998.98,1,1
2017-11-26,10000030,648,800000,800000,800000,3,1
2017-11-26,10000030,649,1073295.34,398000.01,1410943,6,6
2017-11-26,10000030,650,63225.68,11888.08,88894.48,3,3
2017-11-26,10000030,651,905053.51,530610.02,1279497,4,4
2017-11-26,10000030,652,1505129.73,1300010.06,1599753.15,22,19
2017-11-26,10000030,653,503729.53,377000.13,625000,37,34
2017-11-26,10000030,654,431002.51,431002.51,431002.51,1,1
2017-11-26,10000030,655,1217731.63,1211500,2193440.68,12,12
2017-11-26,10000030,656,1113993.57,940000,1250000,5,5
2017-11-26,10000030,657,1649888.87,1649000,1649999.98,9,7
2017-11-26,10000030,672,17066.42,4250.14,19960,22,18
2017-11-26,10000030,689,2100000,2100000,2100000,5,5
2017-11-26,10000030,690,2700000,2700000,2700000,3,3
2017-11-26,10000030,691,2800000,2800000,2800000,2,2
2017-11-26,10000030,692,82000000,82000000,82000000,3,3
2017-11-26,10000030,785,92720,92720,92720,1,1
2017-11-26,10000030,786,60000,60000,60000,2,2
2017-11-26,10000030,807,700000,700000,700000,2,2
2017-11-26,10000030,808,900000,900000,900000,2,2
2017-11-26,10000030,809,800000,800000,800000,2,2
2017-11-26,10000030,810,750000,750000,750000,2,2
2017-11-26,10000030,811,150000,150000,150000,52,52
2017-11-26,10000030,812,160000,160000,160000,1,1
2017-11-26,10000030,813,180000,180000,180000,32,32
2017-11-26,10000030,814,140000,140000,140000,33,33
2017-11-26,10000030,819,20000,20000,20000,4,4
2017-11-26,10000030,820,60000,60000,60000,2,2
2017-11-26,10000030,821,90000,90000,90000,1,1
2017-11-26,10000030,822,120000,120000,120000,2,2
2017-11-26,10000030,823,150000,150000,150000,3,3
2017-11-26,10000030,824,200000,200000,200000,2,2
2017-11-26,10000030,827,1200000,1200000,1200000,1,1
2017-11-26,10000030,828,1500000,1500000,1500000,2,2
2017-11-26,10000030,879,20000,20000,20000,3,3
2017-11-26,10000030,880,30000,30000,30000,1,1
2017-11-26,10000030,881,40000,40000,40000,4,4
2017-11-26,10000030,882,50000,50000,50000,2,2
2017-11-26,10000030,883,60000,59999.99,60000,3,3
2017-11-26,10000030,884,70000,70000,70000,4,4
2017-11-26,10000030,885,80000,80000,80000,4,4
2017-11-26,10000030,886,99999.8,99999,100000,5,5
2017-11-26,10000030,887,80000,80000,80000,42,42
2017-11-26,10000030,888,120000,120000,120000,66,6
2017-11-26,10000030,889,165000,165000,165000,41,41
2017-11-26,10000030,890,205000,205000,205000,41,6
2017-11-26,10000030,891,235000,235000,235000,43,43
2017-11-26,10000030,892,275000,275000,275000,49,7
2017-11-26,10000030,893,325000,325000,325000,40,40
2017-11-26,10000030,894,400000,400000,400000,97,7
2017-11-26,10000030,898,500000,500000,500000,16,1
2017-11-26,10000030,901,800000,800000,800000,1,1
2017-11-26,10000030,945,2800000,2800000,2800000,10,7
2017-11-26,10000030,946,2500000,2500000,2500000,4,4
2017-11-26,10000030,952,4125000,4125000,4125000,1,1
2017-11-26,10000030,971,149999999,149999999,149999999,1,1
2017-11-26,10000030,974,83000000,83000000,83000000,5,4
2017-11-26,10000030,975,81000000,81000000,81000000,11,2
2017-11-26,10000030,976,80000000,80000000,80000000,3,2
2017-11-26,10000030,1010,49920,49920,49920,70,35
2017-11-26,10000030,1072,64500,64500,64500,1,1
2017-11-26,10000030,1096,243200,243200,243200,1,1
2017-11-26,10000030,1102,224880,224880,224880,3,3
2017-11-26,10000030,1129,6899970.85,6899970.85,6899970.85,1,1
2017-11-26,10000030,1148,400000,400000,400000,1,1
2017-11-26,10000030,1152,800000,800000,800000,1,1
2017-11-26,10000030,1178,100000,100000,100000,1,1
2017-11-26,10000030,1182,78600,48000,150000,10,10
2017-11-26,10000030,1183,532985.13,355799.63,600000,27,24
2017-11-26,10000030,1185,49437.32,48999.86,50000,14,13
2017-11-26,10000030,1195,27443.61,6601.13,32076.21,12,8
2017-11-26,10000030,1201,27594.02,21117,69695,15,5
2017-11-26,10000030,1202,4840,4840,4840,1,1
2017-11-26,10000030,1208,29440,29440,29440,1,1
2017-11-26,10000030,1214,5000000,5000000,5000000,1,1
2017-11-26,10000030,1216,180000,180000,180000,1,1
2017-11-26,10000030,1220,45000,45000,45000,30,30
2017-11-26,10000030,1223,2415.01,2415.01,2415.01,139,3
2017-11-26,10000030,1224,49.5,49.5,49.5,8126,7
2017-11-26,10000030,1225,1891,1891,1891,12,1
2017-11-26,10000030,1226,400,400,400,76839,5
2017-11-26,10000030,1227,81.06,81.06,81.06,726561,48
2017-11-26,10000030,1228,18.26,18.16,19,1739939,75
2017-11-26,10000030,1230,12,12,12,8395921,199
2017-11-26,10000030,1231,455.76,455.76,455.76,36515,5
2017-11-26,10000030,1232,620,620,620,38,1
2017-11-26,10000030,1236,820593.52,313000.76,879998.97,37,20
2017-11-26,10000030,1244,12109.8,5600.08,17767.77,25,17
2017-11-26,10000030,1248,852317.05,526225.39,889998.99,7,5
2017-11-26,10000030,1254,200000,200000,200000,4,2
2017-11-26,10000030,1256,889999,889999,889999,2,1
2017-11-26,10000030,1265,49740,49740,49740,1,1
2017-11-26,10000030,1266,760910.5,521821,1000000,2,2
2017-11-26,10000030,1276,314999,314999,314999,5,3
2017-11-26,10000030,1286,294139.99,294139.99,294139.99,1,1
2017-11-26,10000030,1304,17744.04,11600,25777.76,8,8
2017-11-26,10000030,1305,74680,74680,74680,1,1
2017-11-26,10000030,1306,464593.34,452499.5,469998.99,37,23
2017-11-26,10000030,1317,4328.87,1102,11008.28,60,30
2017-11-26,10000030,1319,628982.99,628970.61,628989.98,177,67
2017-11-26,10000030,1333,30699.99,30699.99,30699.99,1,1
2017-11-26,10000030,1335,359477.92,349997.95,500000,25,11
2017-11-26,10000030,1353,29999.98,29999.98,29999.98,1,1
2017-11-26,10000030,1355,882018.3,505101.13,979996.4,10,8
2017-11-26,10000030,1403,16144.49,15000,18746.77,24,15
2017-11-26,10000030,1405,739998.9,739998.89,744989.98,113,59
2017-11-26,10000030,1422,838153.46,530000.32,973999,39,19
2017-11-26,10000030,1436,1038833.36,54167.82,1294999.5,5,5
2017-11-26,10000030,1445,57660.01,53000,59990.03,9,5
2017-11-26,10000030,1447,835382.97,400000.4,869999,11,8
2017-11-26,10000030,1539,30936.18,21988.98,57777.77,8,7
2017-11-26,10000030,1541,1095937.17,1000000,1095999.99,35,25
2017-11-26,10000030,1551,119750,119700,119799.99,2,2
2017-11-26,10000030,1563,45000,45000,45000,1,1
2017-11-26,10000030,1808,42586.33,17191.43,44499.37,19,10
2017-11-26,10000030,1810,25,25,25,9728,8
2017-11-26,10000030,1814,13.8,13.8,13.8,16000,12
2017-11-26,10000030,1816,15.5,15.5,15.5,8800,11
2017-11-26,10000030,1817,160000,160000,160000,1,1
2017-11-26,10000030,1818,124.99,124.99,124.99,12300,9
2017-11-26,10000030,1820,26.07,26.07,50,181100,12
2017-11-26,10000030,1822,12.37,12.37,12.37,101582,11
2017-11-26,10000030,1824,136.69,136.69,136.69,2600,4
2017-11-26,10000030,1826,92.5,85,100,200,2
2017-11-26,10000030,1828,313.65,313.65,313.65,8900,6
2017-11-26,10000030,1830,10,10,10,200,2
2017-11-26,10000030,1832,105,85,125,200,2
2017-11-26,10000030,1855,300006.02,300006.02,300006.02,2,2
2017-11-26,10000030,1875,25000,25000,25000,2,2
2017-11-26,10000030,1877,1848772.44,1839970,1849995,41,9
2017-11-26,10000030,1944,1436333.44,1435999.88,1436666.99,2,2
2017-11-26,10000030,1948,29999.97,29999.97,29999.97,1,1
2017-11-26,10000030,1952,1456013.96,1448988.98,1699999.6,33,25
2017-11-26,10000030,1956,100000,100000,100000,1,1
2017-11-26,10000030,1957,25000.01,0.01,50000,2,2
2017-11-26,10000030,1958,129900,129900,129900,1,1
2017-11-26,10000030,1964,1224999.3,750000.09,1414998.99,7,3
2017-11-26,10000030,1969,2485714.29,2200000,2700000,7,5
2017-11-26,10000030,1973,67999.99,67999.99,67999.99,3,2
2017-11-26,10000030,1977,28740.4,27400,190000,63,58
2017-11-26,10000030,1978,1749311.33,1748999.99,1749934,3,3
2017-11-26,10000030,1986,50950,39900,62000,2,2
2017-11-26,10000030,1987,911288.83,911199.5,911300,18,5
2017-11-26,10000030,1998,99448.89,98897.97,100000,10,9
2017-11-26,10000030,1999,1206669.82,877816.22,1287998.96,33,28
2017-11-26,10000030,2018,62663.48,61000,62996.18,6,4
2017-11-26,10000030,2020,219999.93,219999.93,219999.93,1,1
2017-11-26,10000030,2024,1079950.37,829900.74,1330000,2,2
2017-11-26,10000030,2032,628952.1,450980.4,679999.89,44,28
2017-11-26,10000030,2038,876022.02,500000.19,959868.99,11,9
2017-11-26,10000030,2046,17050,12000,17999.98,102,73
2017-11-26,10000030,2047,50000,50000,50000,1,1
2017-11-26,10000030,2048,629992.73,492500.14,629992.94,272,178
2017-11-26,10000030,2050,279999999.97,279999999.96,279999999.97,2,2
2017-11-26,10000030,2082,125150500,125150000,125151000,2,2
2017-11-26,10000030,2108,16900.98,16900.98,16900.98,2,2
2017-11-26,10000030,2109,1341048.57,1319998,1600000,14,4
2017-11-26,10000030,2117,2226999.22,808000.89,2699999,4,4
2017-11-26,10000030,2161,357808,357808,357808,2,2
2017-11-26,10000030,2173,18761.32,10481.67,46987.86,49,16
2017-11-26,10000030,2175,1010153,1010151.69,1010154.81,121,18
2017-11-26,10000030,2183,20000,20000,20000,260,27
2017-11-26,10000030,2184,1800000,1800000,1800000,1,1
2017-11-26,10000030,2185,968996.94,968996.93,974000,189,30
2017-11-26,10000030,2193,71501.22,61005,79998,18,9
2017-11-26,10000030,2194,6000000,6000000,6000000,1,1
2017-11-26,10000030,2195,2299998.99,2299998.95,2299998.99,43,7
2017-11-26,10000030,2203,1750,1601.01,3150,265,41
2017-11-26,10000030,2205,497998.74,497998.7,497998.99,249,29
2017-11-26,10000030,2254,90411.76,81000,98999.99,17,10
2017-11-26,10000030,2281,3039340.93,2309821.94,3179985.48,94,63
2017-11-26,10000030,2287,7.94,7.94,7.94,1684475,1
2017-11-26,10000030,2289,72969.75,72969.75,72969.75,1,1
2017-11-26,10000030,2293,130745.43,15218.03,150000,7,6
2017-11-26,10000030,2295,139988.31,139986.94,139989,3,3
2017-11-26,10000030,2297,2003762.66,1250203.07,2039999,12,8
2017-11-26,10000030,2299,2036445.68,1205123.07,2174999.36,7,6
2017-11-26,10000030,2301,2267979.44,1390144.24,2499991.99,10,10
2017-11-26,10000030,2303,1924765.13,1300015.79,2049999.99,6,6
2017-11-26,10000030,2307,8.5,8.5,8.5,100000,1
2017-11-26,10000030,2308,2.89,2.89,2.89,220000,1
2017-11-26,10000030,2317,8000.33,8000.33,8000.33,11510,2
2017-11-26,10000030,2327,16000,16000,16200,3481,3
2017-11-26,10000030,2328,8000,8000,8000,195,1
2017-11-26,10000030,2331,101535.54,79999,149992,13,8
2017-11-26,10000030,2333,1741153.88,700707.28,1950000,19,19
2017-11-26,10000030,2346,84979.98,84979.98,94899,309,4
2017-11-26,10000030,2351,117980,117980,117980,3,1
2017-11-26,10000030,2352,219999.99,219999.99,219999.99,1,1
2017-11-26,10000030,2363,34413.89,1827.77,67000,2,2
2017-11-26,10000030,2364,1271713.48,668133.07,1299999.99,27,13
2017-11-26,10000030,2389,420.03,420.03,420.03,83986,7
2017-11-26,10000030,2390,435,435,435,5600,1
2017-11-26,10000030,2392,763.82,763.82,763.82,20000,1
2017-11-26,10000030,2393,350,340.01,355,204160,8
2017-11-26,10000030,2395,1059.99,1059.99,1059.99,69960,4
2017-11-26,10000030,2396,300,300,300,216836,8
2017-11-26,10000030,2397,787.8,787.8,787.8,9834,1
2017-11-26,10000030,2398,380.22,380.22,380.22,64710,3
2017-11-26,10000030,2399,900,900,900,15800,5
2017-11-26,10000030,2400,450.04,450.04,450.04,13640,2
2017-11-26,10000030,2401,800.11,800.11,800.11,1980,1
2017-11-26,10000030,2403,7800000,7500000,8500000,10,10
2017-11-26,10000030,2404,1304074.23,1299999,1310000,93,19
2017-11-26,10000030,2406,1009360.54,1000000,1555555.45,12,12
2017-11-26,10000030,2410,1908433.42,1899999.99,1909993.9,16,5
2017-11-26,10000030,2420,4928841.45,4919977.8,4961328.04,14,7
2017-11-26,10000030,2436,2281193.17,2000000,2499898.96,16,5
2017-11-26,10000030,2444,45997.99,45997.99,45997.99,115,11
2017-11-26,10000030,2445,7000000,7000000,7000000,1,1
2017-11-26,10000030,2446,1858769.96,1849997.81,1950000,57,10
2017-11-26,10000030,2454,3400,3400,3400,804,105
2017-11-26,10000030,2455,250000,250000,250000,1,1
2017-11-26,10000030,2456,459884.97,459884,459885,377,72
2017-11-26,10000030,2463,5900,5900,5900,10440,2
2017-11-26,10000030,2464,2692.5,2692.5,3112.09,273,23
2017-11-26,10000030,2466,438599.82,429598.99,439999.94,63,7
2017-11-26,10000030,2476,32033.54,27199.51,35349.98,64,12
2017-11-26,10000030,2477,4000000,4000000,4000000,1,1
2017-11-26,10000030,2478,1999998.46,1999997.99,1999998.92,20,5
2017-11-26,10000030,2486,6790,6499,6799.98,431,68
2017-11-26,10000030,2487,400000,400000,400000,1,1
2017-11-26,10000030,2488,439898.98,439898.93,439898.99,344,68
2017-11-26,10000030,2495,562499.88,500000,999999,16,16
2017-11-26,10000030,2505,500000,500000,500000,118,20
2017-11-26,10000030,2506,20.03,20.03,20.03,1300,6
2017-11-26,10000030,2508,475,475,475,4000,5
2017-11-26,10000030,2510,10.04,10.04,10.04,1000,5
2017-11-26,10000030,2512,8.94,8.94,8.94,12029,14
2017-11-26,10000030,2513,35000,35000,35000,30,30
2017-11-26,10000030,2514,3.39,3.39,3.39,1357218,23
2017-11-26,10000030,2515,40000,40000,40000,30,30
2017-11-26,10000030,2516,7,7,7,17577,16
2017-11-26,10000030,2517,50000,50000,50000,30,30
2017-11-26,10000030,2524,205281.95,81000,299969.92,10,7
2017-11-26,10000030,2525,135750,81000,299999.98,4,4
2017-11-26,10000030,2529,48998.88,33000,64997.76,2,2
2017-11-26,10000030,2531,942038,914276,969800,2,2
2017-11-26,10000030,2533,183400,81000,299999.99,10,6
2017-11-26,10000030,2534,177273.56,81000,292133.07,19,13
2017-11-26,10000030,2537,52472.77,900,54999.99,20,11
2017-11-26,10000030,2539,1152401.02,825009.17,1273998,15,14
2017-11-26,10000030,2547,980017.65,355191.63,1374941.5,9,8
2017-11-26,10000030,2549,120818.18,81000,299999.99,11,10
2017-11-26,10000030,2550,80996,80989.99,81000,5,5
2017-11-26,10000030,2551,153999.99,81000,299999.97,3,3
2017-11-26,10000030,2553,1230965.67,800280.82,1299887,29,26
2017-11-26,10000030,2559,1680990.48,1649999,1691320.97,8,4
2017-11-26,10000030,2563,2075000,2075000,2075000,5,3
2017-11-26,10000030,2567,2199991.7,2199990.8,2199992,4,3
2017-11-26,10000030,2571,1619996,1619996,1619996,2,1
2017-11-26,10000030,2575,1639979,1639979,1639979,5,3
2017-11-26,10000030,2589,156070086.15,156070086.15,156070086.15,1,1
2017-11-26,10000030,2603,17310.9,12999,19898.97,34,15
2017-11-26,10000030,2605,408109.27,404999,409997.94,96,61
2017-11-26,10000030,2613,188.99,188.99,188.99,14657,5
2017-11-26,10000030,2621,692,275.14,693,24840,5
2017-11-26,10000030,2629,524.94,524.94,524.94,31015,6
2017-11-26,10000030,2647,128.69,128.69,128.69,8000,4
2017-11-26,10000030,2655,719,719,719,5001,3
2017-11-26,10000030,2679,245.74,245.74,245.74,98000,7
2017-11-26,10000030,2801,1681,1681,1681,1000,1
2017-11-26,10000030,2817,122.98,122.98,122.98,1900,3
2017-11-26,10000030,2865,6130000,6130000,6130000,4,2
2017-11-26,10000030,2867,2878875.49,2700000,2898998.98,89,2
2017-11-26,10000030,2868,2700000,2700000,2700000,15,1
2017-11-26,10000030,2869,1279000,1279000,1279000,22,1
2017-11-26,10000030,2870,1299999.98,1299999.98,1299999.98,22,1
2017-11-26,10000030,2871,2040002.24,2000000,2058999.99,98,3
2017-11-26,10000030,2872,2699999.99,2699999.98,2750005.09,120,6
2017-11-26,10000030,2873,770214.32,311039.73,889999,29,14
2017-11-26,10000030,2875,1650000,1650000,1650000,32,1
2017-11-26,10000030,2876,2449998.9,2449998.9,2449998.9,80,1
2017-11-26,10000030,2881,661781.79,629887.91,875000,23,8
2017-11-26,10000030,2889,949998.99,949998.99,949998.99,195,41
2017-11-26,10000030,2897,2544696.43,2499998.99,2599998.99,37,10
2017-11-26,10000030,2905,847488.28,839000,849498.99,46,12
2017-11-26,10000030,2913,1993037.58,1900000.05,2049000,50,11
2017-11-26,10000030,2921,1932605.19,1150001.35,1949995.95,23,7
2017-11-26,10000030,2929,3879180,3799999,3898976,15,5
2017-11-26,10000030,2937,2907893.73,1249999,2999998.99,19,5
2017-11-26,10000030,2945,4399999,4299999,4899998.99,6,2
2017-11-26,10000030,2969,2324094.97,1673244.59,2389999,13,6
2017-11-26,10000030,2977,973727.62,703000,999999,83,17
2017-11-26,10000030,2998,70001001.04,60003503.66,74000000,7,7
2017-11-26,10000030,3001,550000.02,550000.02,550000.02,3,3
2017-11-26,10000030,3017,804998,804998,804998,3,1
2017-11-26,10000030,3025,2016520.77,1988887.88,2100000.01,23,3
2017-11-26,10000030,3033,979999,979998.99,979999,8,3
2017-11-26,10000030,3041,700000,700000,700000,8,3
2017-11-26,10000030,3057,5381250,5250000,5400000,24,4
2017-11-26,10000030,3074,990000,990000,990000,3,1
2017-11-26,10000030,3080,8999697.85,8999697.85,8999697.85,1,1
2017-11-26,10000030,3082,3028570.83,2299998.99,3999999.95,7,2
2017-11-26,10000030,3098,637394.46,599450,649500,37,6
2017-11-26,10000030,3125,10000000,10000000,10000000,1,1
2017-11-26,10000030,3130,1850000,1850000,1850000,7,2
2017-11-26,10000030,3133,8899980.24,8899980.24,8899980.24,1,1
2017-11-26,10000030,3136,11000000,11000000,11000000,1,1
2017-11-26,10000030,3141,10200000,10200000,10200000,1,1
2017-11-26,10000030,3146,2715858.19,2699999,2749925.81,22,5
2017-11-26,10000030,3162,600000,599999.99,600000,12,5
2017-11-26,10000030,3170,705177.34,699999.99,739693.02,23,8
2017-11-26,10000030,3178,1012739.81,635000.01,1049885.99,40,16
2017-11-26,10000030,3184,1455428.71,288000.99,1600000,7,7
2017-11-26,10000030,3186,4431804.28,4399988.97,4499978.93,22,5
2017-11-26,10000030,3196,7999999.99,7999999.99,7999999.99,1,1
2017-11-26,10000030,3217,10200000,10200000,10200000,1,1
2017-11-26,10000030,3218,286000000,286000000,286000000,1,1
2017-11-26,10000030,3242,106471.96,49998,113999.99,8,8
2017-11-26,10000030,3243,394240,394240,394240,1,1
2017-11-26,10000030,3244,1731402.06,1480052.94,1747999,64,53
2017-11-26,10000030,3256,9965775.58,9965760,9965780.77,4,4
2017-11-26,10000030,3265,9999394.26,9999394.26,9999394.26,2,2
2017-11-26,10000030,3266,109999998,109999998,109999998,1,1
2017-11-26,10000030,3293,99824.75,10.02,224551.85,5,4
2017-11-26,10000030,3296,115000,70000,249999.99,18,3
2017-11-26,10000030,3297,15691.61,100.03,19999.89,12,6
2017-11-26,10000030,3300,20000,20000,20000,2,2
2017-11-26,10000030,3301,24333.33,20000,39500,9,8
2017-11-26,10000030,3302,20000,20000,20000,121,22
2017-11-26,10000030,3303,20000,20000,20000,10,10
2017-11-26,10000030,3304,260000,100000,899999.99,10,10
2017-11-26,10000030,3305,116529.12,100000,327999,43,43
2017-11-26,10000030,3306,260000,100000,899999.99,5,5
2017-11-26,10000030,3307,2000000,2000000,2000000,4,4
2017-11-26,10000030,3308,2000000,2000000,2000000,7,7
2017-11-26,10000030,3309,3500000,3500000,3500000,1,1
2017-11-26,10000030,3310,41800.13,40000,49000.65,5,5
2017-11-26,10000030,3311,76998,64990,80000,5,5
2017-11-26,10000030,3312,56941.37,54994.97,60000,18,9
2017-11-26,10000030,3315,1375000,1000000,2500000,4,4
2017-11-26,10000030,3316,70000,70000,70000,7,7
2017-11-26,10000030,3317,137395.69,100000,174791.37,4,4
2017-11-26,10000030,3318,80000,80000,80000,4,4
2017-11-26,10000030,3319,20000,20000,20000,5,5
2017-11-26,10000030,3320,11949.66,10000,20000,28,28
2017-11-26,10000030,3321,21470.65,20000,23521.47,39,39
2017-11-26,10000030,3322,25000,25000,25000,7,7
2017-11-26,10000030,3323,30084.27,30000,31348.32,16,16
2017-11-26,10000030,3324,121399.43,100000,199998,19,19
2017-11-26,10000030,3325,640000,400000,800000,5,5
2017-11-26,10000030,3326,466666.67,350000,700000,6,6
2017-11-26,10000030,3328,47058.29,40000,79997,17,17
2017-11-26,10000030,3329,43299.96,40000,194999.99,50,41
2017-11-26,10000030,3330,44374,40000,74992,8,8
2017-11-26,10000030,3331,40000,40000,40000,111,12
2017-11-26,10000030,3332,499916.67,499000,500000,12,12
2017-11-26,10000030,3333,540857.8,500000,1000000,49,48
2017-11-26,10000030,3334,611111.11,500000,1000000,9,9
2017-11-26,10000030,3335,500000,500000,500000,4,4
2017-11-26,10000030,3336,5090864.53,4000000,7999839.94,11,11
2017-11-26,10000030,3337,4023075.38,4000000,4499979.99,13,13
2017-11-26,10000030,3338,4000000,4000000,4000000,7,7
2017-11-26,10000030,3339,4000000,4000000,4000000,2,2
2017-11-26,10000030,3340,338461.54,300000,550000,13,13
2017-11-26,10000030,3341,300000,300000,300000,10,10
2017-11-26,10000030,3342,366665.33,300000,499996,3,3
2017-11-26,10000030,3343,300000,300000,300000,2,2
2017-11-26,10000030,3348,75379.31,20000,341000,29,29
2017-11-26,10000030,3349,287500,75000,499999.99,2,2
2017-11-26,10000030,3350,100000,100000,100000,3,3
2017-11-26,10000030,3354,2000000,2000000,2000000,2,2
2017-11-26,10000030,3355,21538.31,20000,29999,39,38
2017-11-26,10000030,3356,61071.43,60000,69999.98,28,23
2017-11-26,10000030,3357,206386.08,180000,399883.99,25,20
2017-11-26,10000030,3358,100000,100000,100000,3,3
2017-11-26,10000030,3359,282758.62,200000,400000,29,25
2017-11-26,10000030,3361,200000,200000,200000,11,11
2017-11-26,10000030,3363,20468.75,20000,27500,16,16
2017-11-26,10000030,3368,40000,40000,40000,1,1
2017-11-26,10000030,3380,17244.47,100.12,20000,9,9
2017-11-26,10000030,3385,42668.97,504.49,50000,21,21
2017-11-26,10000030,3387,148999.78,145499,150000,9,9
2017-11-26,10000030,3388,119714.14,1000.04,125000,7,7
2017-11-26,10000030,3389,280000,280000,280000,2,2
2017-11-26,10000030,3392,20000,20000,20000,1,1
2017-11-26,10000030,3393,30000,29999.92,30000,64,64
2017-11-26,10000030,3394,71677.29,60000,141741,7,7
2017-11-26,10000030,3395,80000,80000,80000,4,4
2017-11-26,10000030,3396,2000000,2000000,2000000,3,3
2017-11-26,10000030,3397,1333333.33,1000000,1999999.98,3,3
2017-11-26,10000030,3398,25000000,25000000,25000000,2,2
2017-11-26,10000030,3400,100000000,100000000,100000000,1,1
2017-11-26,10000030,3403,300000,300000,300000,6,6
2017-11-26,10000030,3405,25000,25000,25000,19,19
2017-11-26,10000030,3406,301086.96,300000,304347.83,4,4
2017-11-26,10000030,3408,15000000,15000000,15000000,1,1
2017-11-26,10000030,3409,350000,350000,350000,5,5
2017-11-26,10000030,3410,462500,450000,550000,16,15
2017-11-26,10000030,3411,75000,75000,75000,3,3
2017-11-26,10000030,3412,450000,449999.99,450000,2,2
2017-11-26,10000030,3413,20.06,20.06,20.06,1,1
2017-11-26,10000030,3416,36399.64,35000,37000,20,20
2017-11-26,10000030,3417,78185.46,40000,500000,11,11
2017-11-26,10000030,3418,170000,170000,170000,9,9
2017-11-26,10000030,3419,170000,170000,170000,5,5
2017-11-26,10000030,3420,210000,210000,210000,5,5
2017-11-26,10000030,3421,133750,130000,160000,24,24
2017-11-26,10000030,3422,72268.92,2000.35,80000,26,26
2017-11-26,10000030,3423,110576.86,75000,999998.33,26,26
2017-11-26,10000030,3424,78916.67,78000,79000,12,12
2017-11-26,10000030,3425,120400,84000,250000,5,5
2017-11-26,10000030,3426,20000,20000,20000,3,3
2017-11-26,10000030,3427,177142.85,120000,199999.99,7,7
2017-11-26,10000030,3428,88000,88000,88000,9,9
2017-11-26,10000030,3429,109090.91,100000,200000,11,11
2017-11-26,10000030,3430,500000,500000,500000,8,8
2017-11-26,10000030,3431,128125,75000,500000,8,8
2017-11-26,10000030,3432,100000,100000,100000,8,8
2017-11-26,10000030,3433,100000,100000,100000,7,7
2017-11-26,10000030,3434,81006.01,80000,88048.11,24,24
2017-11-26,10000030,3435,107025.1,40074.99,150000,6,6
2017-11-26,10000030,3436,19759.09,500.26,20000,8,8
2017-11-26,10000030,3437,43749.75,40000,54999,4,4
2017-11-26,10000030,3438,40971.11,40000,64990,18,18
2017-11-26,10000030,3439,200000,200000,200000,4,4
2017-11-26,10000030,3440,275285.71,220000,348999.99,7,7
2017-11-26,10000030,3441,434285.71,380000,760000,7,7
2017-11-26,10000030,3442,538461.54,500000,749999.98,13,13
2017-11-26,10000030,3443,20000,20000,20000,6,6
2017-11-26,10000030,3444,100000,100000,100000,3,3
2017-11-26,10000030,3446,108222.22,100000,174500,18,18
2017-11-26,10000030,3447,7500000,7500000,7500000,8,7
2017-11-26,10000030,3449,20000,20000,20000,1,1
2017-11-26,10000030,3450,21255.75,12546.01,22500,8,8
2017-11-26,10000030,3451,228000,30000,3000000,15,15
2017-11-26,10000030,3452,117336.64,40000,1999999.99,52,52
2017-11-26,10000030,3453,41666.67,25000,175000,9,9
2017-11-26,10000030,3454,380000,340000,700000,9,9
2017-11-26,10000030,3455,46111.11,30000,174999.96,9,9
2017-11-26,10000030,3456,10000000,10000000,10000000,4,4
2017-11-26,10000030,3467,43999.99,3000,64499.99,3,3
2017-11-26,10000030,3488,1323442.92,950000.01,1399999.88,18,14
2017-11-26,10000030,3496,1606207.66,1151042.32,1719998.99,5,5
2017-11-26,10000030,3504,2974868.25,2899868,2999868,4,3
2017-11-26,10000030,3512,2139996,2139996,2139996,3,1
2017-11-26,10000030,3520,1834314.77,951010.13,1949996.99,19,8
2017-11-26,10000030,3528,65997.17,15987.03,79999.99,6,6
2017-11-26,10000030,3530,1324666.86,1114540.17,1407999.99,16,13
2017-11-26,10000030,3538,45000,45000,45000,18,1
2017-11-26,10000030,3540,2116648.01,2099999.94,2199888.62,6,4
2017-11-26,10000030,3552,450.02,450,450.03,200,2
2017-11-26,10000030,3554,2107,2107,2107,169,7
2017-11-26,10000030,3566,37433.35,1300.06,55500,3,3
2017-11-26,10000030,3568,1162835.31,67000,1199999,13,11
2017-11-26,10000030,3576,79700,79700,79700,1,1
2017-11-26,10000030,3578,2432799.2,2340999,2799999.99,5,4
2017-11-26,10000030,3586,500000,500000,500000,1,1
2017-11-26,10000030,3588,919999,919999,919999,1,1
2017-11-26,10000030,3643,68.46,68.01,119.6,22918,12
2017-11-26,10000030,3645,597,204.14,598.98,37115,41
2017-11-26,10000030,3647,238.94,238.81,238.99,676857,36
2017-11-26,10000030,3651,326.4,110.79,750,7,7
2017-11-26,10000030,3653,174599.99,174599.99,174599.99,2,2
2017-11-26,10000030,3665,1302509.99,1302509.99,1302509.99,1,1
2017-11-26,10000030,3673,1.06,0.9,1.14,60,5
2017-11-26,10000030,3683,351.43,351.43,351.43,114605,13
2017-11-26,10000030,3687,708.42,708.34,776.4,392593,36
2017-11-26,10000030,3689,8721.01,8721.01,9950,4852,13
2017-11-26,10000030,3691,5509.05,5509.05,5509.05,1738,1
2017-11-26,10000030,3699,47,45,48.15,3436112,76
2017-11-26,10000030,3703,12.77,2,19.95,50,3
2017-11-26,10000030,3705,6.23,6.23,6.23,130,7
2017-11-26,10000030,3707,6.23,6.23,6.23,30,3
2017-11-26,10000030,3709,6,6,6,70,6
2017-11-26,10000030,3711,2,2,2,10,1
2017-11-26,10000030,3713,10586.89,10586.89,10586.89,1350,5
2017-11-26,10000030,3715,90.95,90.95,90.95,65432,20
2017-11-26,10000030,3717,103.01,103.01,103.01,130,13
2017-11-26,10000030,3719,3515.97,2203,6500,72,5
2017-11-26,10000030,3721,8999.75,3750,14249.5,4,4
2017-11-26,10000030,3723,100,100,100,12,1
2017-11-26,10000030,3725,8100.25,8100.25,8100.25,10,1
2017-11-26,10000030,3731,400000,400000,400000,3,3
2017-11-26,10000030,3732,8000000,8000000,8000000,1,1
2017-11-26,10000030,3756,54010319.55,50041001.21,54999999,15,15
2017-11-26,10000030,3766,350000,350000,350000,1,1
2017-11-26,10000030,3767,2300000,2300000,2300000,2,2
2017-11-26,10000030,3771,1177.2,1177.2,1177.2,428,2
2017-11-26,10000030,3777,505.08,505.08,505.08,125,11
2017-11-26,10000030,3810,2150,2150,2150,250,7
2017-11-26,10000030,3812,142.02,142.02,169.89,111429,16
2017-11-26,10000030,3814,16.39,11.81,18.72,22,3
2017-11-26,10000030,3818,6,6,6,10,1
2017-11-26,10000030,3822,8,8,8,20,2
2017-11-26,10000030,3824,6.01,6.01,6.01,10,1
2017-11-26,10000030,3826,32.04,6,50,49,3
2017-11-26,10000030,3828,8407.77,8400.02,8421,19768,10
2017-11-26,10000030,3829,30566.34,29999.93,42300,67,47
2017-11-26,10000030,3830,124740,124740,124740,41,41
2017-11-26,10000030,3831,974981.76,755000,974986.2,121,50
2017-11-26,10000030,3839,108310.46,36003.97,129995,26,15
2017-11-26,10000030,3841,1356943.66,1349763.98,1499975,89,46
2017-11-26,10000030,3887,79845.02,49498.84,117777.77,9,8
2017-11-26,10000030,3888,1252056.93,1249999.99,1433990,33,30
2017-11-26,10000030,3894,45499879.1,42000000,48999758.2,2,2
2017-11-26,10000030,3895,33549900.11,32989801.38,39999999.99,7,7
2017-11-26,10000030,3898,14364149.83,13612920,14998000,59,9
2017-11-26,10000030,4025,38640.55,9006.07,45859.92,120,65
2017-11-26,10000030,4027,84999,50000,84999.97,180,92
2017-11-26,10000030,4051,23105,23105,23105,12280,1
2017-11-26,10000030,4238,1200000,1200000,1200000,1,1
2017-11-26,10000030,4246,22698.95,22698.95,22698.95,22180,8
2017-11-26,10000030,4247,23072,23070,23073,42880,10
2017-11-26,10000030,4248,5899999,5899999,5899999,1,1
2017-11-26,10000030,4250,2192117.05,2100000,2239998.99,17,10
2017-11-26,10000030,4254,1149999.5,1000000,1299999,4,3
2017-11-26,10000030,4258,1500272.81,1500000,1688993.94,16,9
2017-11-26,10000030,4260,1684998.98,1679998.97,1689998.99,2,2
2017-11-26,10000030,4302,74599700,74599700,74599700,1,1
2017-11-26,10000030,4308,78999977.99,78999977.99,78999977.99,1,1
2017-11-26,10000030,4310,61720000.79,60080001.19,65000000,3,3
2017-11-26,10000030,4311,592000000,592000000,592000000,2,1
2017-11-26,10000030,4312,21000,21000,21000,4045,2
2017-11-26,10000030,4316,10000000,10000000,10000000,1,1
2017-11-26,10000030,4349,336376245.99,279149021.92,364989858.02,3,3
2017-11-26,10000030,4358,17333.33,2000,25000,30,3
2017-11-26,10000030,4383,1450349.14,1424444.33,1693598.84,57,9
2017-11-26,10000030,4385,4895984,4500000,5489960,5,5
2017-11-26,10000030,4391,219868.73,195000,234799.97,8,8
2017-11-26,10000030,4393,47699.76,42000.01,49999.59,15,9
2017-11-26,10000030,4395,582094.32,550389.9,690389.93,16,14
2017-11-26,10000030,4397,4690148,4690148,4690148,3,3
2017-11-26,10000030,4399,9799249.27,9798988.99,9799899.99,7,5
2017-11-26,10000030,4403,522115.28,453021,752000,84,26
2017-11-26,10000030,4405,1600000,1599999.98,1999999.94,210,89
2017-11-26,10000030,4409,44004.45,30464.91,45000,73,2
2017-11-26,10000030,4411,600000,600000,600000,5,5
2017-11-26,10000030,4435,50600.38,2255.09,189900,16,8
2017-11-26,10000030,4471,89161.55,7062.16,188709.95,39,18
2017-11-26,10000030,4477,79053.34,7383.63,189998.93,35,19
2017-11-26,10000030,4529,7785.24,100.93,99997,13,7
2017-11-26,10000030,4531,418.03,418.03,418.03,9,3
2017-11-26,10000030,4533,153895.22,45001.82,174998,20,16
2017-11-26,10000030,4535,1916.67,100,11000,6,4
2017-11-26,10000030,4569,14103.11,9000,17949.94,18,11
2017-11-26,10000030,4571,15666.67,7000.01,20000,3,2
2017-11-26,10000030,4573,383711.97,91500,448997.05,28,9
2017-11-26,10000030,4575,5000,5000,5000,3,2
2017-11-26,10000030,4609,13337.5,10000,36700,8,3
2017-11-26,10000030,4611,10000.01,10000.01,10000.01,7,3
2017-11-26,10000030,4613,17533.33,10000,43900,9,5
2017-11-26,10000030,4615,10000,10000,10000,12,4
2017-11-26,10000030,4787,25809.48,400.01,159999.5,21,14
2017-11-26,10000030,4829,153.01,153,153.01,5,4
2017-11-26,10000030,4831,3145.65,2650,3699.98,23,13
2017-11-26,10000030,4833,185729.61,135000.15,255953.51,16,11
2017-11-26,10000030,4835,2750,2750,2750,6,5
2017-11-26,10000030,4871,21538.85,20000.01,40000,13,9
2017-11-26,10000030,5007,5000.02,5000.02,5000.02,1,1
2017-11-26,10000030,5009,1029.97,1029.97,1029.97,10,7
2017-11-26,10000030,5011,237620.74,121113.33,346998.88,19,16
2017-11-26,10000030,5013,10.01,10.01,10.01,4,3
2017-11-26,10000030,5047,34209.84,33251.81,39000,6,5
2017-11-26,10000030,5049,37893.77,37893.77,37893.77,13,7
2017-11-26,10000030,5051,77011.47,63169.95,94998.99,9,9
2017-11-26,10000030,5053,46195.5,44509.29,57999,8,5
2017-11-26,10000030,5087,551.08,551.08,551.08,8,1
2017-11-26,10000030,5089,459.26,400,1000,27,7
2017-11-26,10000030,5091,200.01,200.01,200.01,12,4
2017-11-26,10000030,5093,292.89,200,1000,43,8
2017-11-26,10000030,5137,15047.65,5250,38450,43,24
2017-11-26,10000030,5141,8038.79,5710.02,28999.98,40,21
2017-11-26,10000030,5175,0.01,0.01,0.01,1,1
2017-11-26,10000030,5177,0.01,0.01,0.01,2,1
2017-11-26,10000030,5181,2777.77,2777.77,2777.77,2,2
2017-11-26,10000030,5215,250.01,250.01,250.01,11,2
2017-11-26,10000030,5217,6175.38,440,75000,13,4
2017-11-26,10000030,5219,171787.03,98777.77,362499.99,24,15
2017-11-26,10000030,5221,2777.77,2777.77,2777.77,7,2
2017-11-26,10000030,5239,19739.52,2152,34950,59,29
2017-11-26,10000030,5245,19397.01,504.1,55777.77,48,30
2017-11-26,10000030,5279,114.07,114.05,114.08,12,8
2017-11-26,10000030,5281,1250.1,1250.1,1250.1,3,3
2017-11-26,10000030,5282,0.01,0.01,0.01,9,5
2017-11-26,10000030,5299,3278.63,3277.78,3280.34,3,3
2017-11-26,10000030,5301,5533.87,5250,7450,31,18
2017-11-26,10000030,5302,351464.93,13200,899999.99,23,15
2017-11-26,10000030,5319,3503.09,3120,7152.4,21,17
2017-11-26,10000030,5320,9871.75,2777.77,20000,26,20
2017-11-26,10000030,5321,3874.96,3000.1,9999,24,13
2017-11-26,10000030,5322,4653.85,3250,12375,13,11
2017-11-26,10000030,5340,822.89,822.89,822.89,3,3
2017-11-26,10000030,5361,0.01,0.01,0.01,1,1
2017-11-26,10000030,5363,2565.71,2510,2710,7,6
2017-11-26,10000030,5365,120403.57,808.14,239999,2,2
2017-11-26,10000030,5399,13232.7,6506.41,49939.98,60,29
2017-11-26,10000030,5403,9999.99,9999.99,9999.99,169,27
2017-11-26,10000030,5405,13223.9,8501.05,24998,38,25
2017-11-26,10000030,5439,13470.02,7750.65,19995.95,78,35
2017-11-26,10000030,5443,140482.62,59004.8,229888,83,49
2017-11-26,10000030,5445,33791.14,11003,76999.99,58,26
2017-11-26,10000030,5493,123511.51,75000,204937.39,27,11
2017-11-26,10000030,5533,69016.67,22501.29,100000,43,23
2017-11-26,10000030,5599,59061.55,5000.75,89999.98,29,22
2017-11-26,10000030,5631,87031.2,3000,149997.99,20,13
2017-11-26,10000030,5647,746.67,120.01,2000,3,2
2017-11-26,10000030,5649,120,120,120,3,2
2017-11-26,10000030,5683,70000,70000,70000,5,5
2017-11-26,10000030,5697,101920,101920,101920,15,13
2017-11-26,10000030,5719,70000,70000,70000,6,4
2017-11-26,10000030,5721,105997.84,105215.09,114999.5,25,15
2017-11-26,10000030,5723,111773.65,101187.04,170000,13,10
2017-11-26,10000030,5745,1000.01,1000.01,1000.01,22,13
2017-11-26,10000030,5747,0.01,0.01,0.01,12,4
2017-11-26,10000030,5755,101150.62,101150.62,101150.62,4,4
2017-11-26,10000030,5757,101658.85,101658.85,101658.85,15,9
2017-11-26,10000030,5759,101413.92,101413.92,101413.92,19,8
2017-11-26,10000030,5839,1579302.73,1007779.02,1599999.67,65,47
2017-11-26,10000030,5849,47198.34,5030.8,100000,16,11
2017-11-26,10000030,5865,78.21,46.52,300,8,5
2017-11-26,10000030,5867,288.63,187.05,1000,16,10
2017-11-26,10000030,5869,31.8,1,300,29,12
2017-11-26,10000030,5871,0.15,0.07,0.17,9,7
2017-11-26,10000030,5933,173525.06,75001.12,199998.99,90,44
2017-11-26,10000030,5945,403959.52,399869.11,444896,33,22
2017-11-26,10000030,5955,108779.02,80557.07,170000,29,18
2017-11-26,10000030,5971,61989.98,17500.1,61989.99,111,68
2017-11-26,10000030,5973,398999.99,250003.06,399999.99,156,101
2017-11-26,10000030,5975,16048.05,7500.31,47499,73,34
2017-11-26,10000030,6001,33280.35,11001.01,60000,76,48
2017-11-26,10000030,6003,31248.48,1500,54999.99,91,56
2017-11-26,10000030,6005,18858.67,4500.04,49999.99,46,33
2017-11-26,10000030,6073,27412.09,3588.84,45000,22,17
2017-11-26,10000030,6131,2713.66,200.04,5000,22,11
2017-11-26,10000030,6135,250.01,0.01,500,2,2
2017-11-26,10000030,6159,8401.44,551.36,18999.99,27,14
2017-11-26,10000030,6160,47255.64,7655.75,149885.16,64,30
2017-11-26,10000030,6173,24963.65,100,69996,9,5
2017-11-26,10000030,6176,8067.33,100.99,24000,6,6
2017-11-26,10000030,6296,24040.42,1800.02,99000,28,21
2017-11-26,10000030,6325,22491.68,2510.12,39897,16,14
2017-11-26,10000030,6437,84849.18,75000,97763.95,22,19
2017-11-26,10000030,6439,31050.55,150,73999.99,10,10
2017-11-26,10000030,6441,97437.6,97437.6,97437.6,1,1
2017-11-26,10000030,6443,11961.68,250.03,37777.77,16,13
2017-11-26,10000030,6485,4534.34,3001.1,11500,45,19
2017-11-26,10000030,6527,262.41,100,300,29,15
2017-11-26,10000030,6569,21591.97,1006.41,44000,24,16
2017-11-26,10000030,6631,0.01,0.01,0.01,11,5
2017-11-26,10000030,6633,1500.98,0.01,1801.17,6,4
2017-11-26,10000030,6635,89111.16,89111.05,89112,9,4
2017-11-26,10000030,6637,2777.77,2777.77,2777.77,7,3
2017-11-26,10000030,6673,0.01,0.01,0.01,11,5
2017-11-26,10000030,6675,357582.73,182166.13,548999,12,8
2017-11-26,10000030,6677,8022,8022,8022,5,2
2017-11-26,10000030,6717,4000.01,0.01,12000,3,3
2017-11-26,10000030,6719,1011875.59,353133.13,1999989.29,5,4
2017-11-26,10000030,6721,2808.8,2808.8,2808.8,5,4
2017-11-26,10000030,6763,1.88,1.88,1.88,4,4
2017-11-26,10000030,6807,10000.05,10000.05,10000.05,1,1
2017-11-26,10000030,6809,1611000.08,1611000.08,1611000.08,1,1
2017-11-26,10000030,6811,372077.77,372077.77,372077.77,4,3
2017-11-26,10000030,6861,20104.11,20104.11,20104.11,1,1
2017-11-26,10000030,6863,613123.03,613123.03,613123.03,1,1
2017-11-26,10000030,6865,120757,120001,121009,4,4
2017-11-26,10000030,6919,20000.33,20000.33,20000.33,9,6
2017-11-26,10000030,6921,24356,24356,24356,6,3
2017-11-26,10000030,6923,51341.67,44025.01,55000,3,2
2017-11-26,10000030,6925,25000,25000,25000,6,4
2017-11-26,10000030,6959,25000,25000,25000,3,1
2017-11-26,10000030,6961,25012.42,25012.42,25012.42,8,6
2017-11-26,10000030,6963,537064.89,489023,699999,11,9
2017-11-26,10000030,6965,400,400,400,2,2
2017-11-26,10000030,6999,30000,30000,30000,3,1
2017-11-26,10000030,7001,46478.82,46475.1,46483.78,7,4
2017-11-26,10000030,7003,30000,30000,30000,1,1
2017-11-26,10000030,7005,30000,30000,30000,2,2
2017-11-26,10000030,7043,153350.93,153350.93,153350.93,6,3
2017-11-26,10000030,7045,133417.04,133417.04,133417.04,2,2
2017-11-26,10000030,7047,152823.21,152823.21,152823.21,2,2
2017-11-26,10000030,7049,144043.54,134132.23,148998.95,12,5
2017-11-26,10000030,7085,204080.21,204080.21,204080.21,5,4
2017-11-26,10000030,7087,690379.4,225948.5,1000000,5,2
2017-11-26,10000030,7123,274731.21,274731.21,274731.21,5,5
2017-11-26,10000030,7125,285294.27,285294.27,285294.27,14,7
2017-11-26,10000030,7127,282361.28,265935.87,290000,10,6
2017-11-26,10000030,7131,258613.16,258613.16,258613.16,14,6
2017-11-26,10000030,7167,371737.56,371737.56,371737.56,6,4
2017-11-26,10000030,7169,371590.24,371590.24,371590.24,8,5
2017-11-26,10000030,7171,300000.35,300000.35,300000.35,6,5
2017-11-26,10000030,7173,379566.18,379566.18,379566.18,2,2
2017-11-26,10000030,7247,294574.02,126009.09,390000,7,6
2017-11-26,10000030,7249,30835,10000,59450,10,5
2017-11-26,10000030,7251,100.04,100.04,100.04,8,5
2017-11-26,10000030,7253,16242.42,1777.78,30000,11,7
2017-11-26,10000030,7287,132278.91,132233.88,132283.91,10,5
2017-11-26,10000030,7289,3674.49,1599.99,12000,10,8
2017-11-26,10000030,7291,63005.1,20765.56,142500,12,10
2017-11-26,10000030,7293,2500,2500,2500,3,2
2017-11-26,10000030,7327,344061.14,88122.28,600000,4,3
2017-11-26,10000030,7329,4300.01,4300.01,4300.01,1,1
2017-11-26,10000030,7331,2166.88,2166.88,2166.88,2,2
2017-11-26,10000030,7333,13366.67,100.01,20000,3,3
2017-11-26,10000030,7367,1007142.86,800000.04,1199999.99,21,14
2017-11-26,10000030,7369,63850.66,37344.26,125698.94,20,12
2017-11-26,10000030,7371,52594.37,51584.51,60000,25,11
2017-11-26,10000030,7373,53609.71,53609.71,53609.71,16,10
2017-11-26,10000030,7407,172550.01,95101.01,249999,2,2
2017-11-26,10000030,7413,32460,32460,32460,2,2
2017-11-26,10000030,7449,300000,300000,300000,1,1
2017-11-26,10000030,7451,300006.19,300006.19,300006.19,2,2
2017-11-26,10000030,7453,331910.99,331910.99,331910.99,3,3
2017-11-26,10000030,7487,504219.82,121099.11,600000,5,2
2017-11-26,10000030,7489,197325.33,1976,295000,3,3
2017-11-26,10000030,7535,34000.11,34000.11,34000.11,1,1
2017-11-26,10000030,7539,19691.55,19691.55,19691.55,1,1
2017-11-26,10000030,7541,207991.88,150000,236987.83,3,3
2017-11-26,10000030,7579,600317.29,600314.12,600318.88,3,3
2017-11-26,10000030,7581,18000,18000,18000,1,1
2017-11-26,10000030,7583,502.81,502.81,502.81,2,2
2017-11-26,10000030,7585,852002.4,520002.17,888888.88,10,7
2017-11-26,10000030,7619,2820201.19,660603.8,3899999.88,3,3
2017-11-26,10000030,7669,70400,3500,115000,5,5
2017-11-26,10000030,7703,460161.05,116000.81,666657.19,8,3
2017-11-26,10000030,7707,4500.08,4500.08,4500.08,4,4
2017-11-26,10000030,7743,123248.17,123248.17,123248.17,4,3
2017-11-26,10000030,7745,139080.02,139080.02,139080.02,5,4
2017-11-26,10000030,7747,140060,140060,140060,5,4
2017-11-26,10000030,7749,120000,120000,120000,5,4
2017-11-26,10000030,7783,1473015.93,342234,1479999,14,5
2017-11-26,10000030,7785,350841.88,306526.09,378999.98,21,9
2017-11-26,10000030,7787,280132.02,280132.02,280132.02,3,3
2017-11-26,10000030,7789,210345.62,210345.62,210345.62,4,3
2017-11-26,10000030,7829,255346.38,255346.38,255346.38,5,5
2017-11-26,10000030,7831,150403.81,150403.81,150403.81,2,2
2017-11-26,10000030,7997,120551.67,2206.67,160000,4,4
2017-11-26,10000030,8001,1250,1250,1250,1,1
2017-11-26,10000030,8007,79733.59,3000.65,198999.88,15,7
2017-11-26,10000030,8023,19834.37,10000,40000,19,14
2017-11-26,10000030,8025,43166.5,27000,84499.5,6,6
2017-11-26,10000030,8027,1067848.75,629358,1389999.89,33,26
2017-11-26,10000030,8089,234605.22,179780.19,379999.94,74,34
2017-11-26,10000030,8091,135235.83,47783.01,157998.93,27,14
2017-11-26,10000030,8101,8404.09,1851.91,18907.85,21,14
2017-11-26,10000030,8103,422.01,27,501.01,6,5
2017-11-26,10000030,8105,1683116.85,950125.03,1898998.77,53,25
2017-11-26,10000030,8113,2750,2750,2750,6,2
2017-11-26,10000030,8115,3100,3100,3100,3,2
2017-11-26,10000030,8117,193598.25,90000.01,222999.97,35,15
2017-11-26,10000030,8133,11781.79,5.02,116777.77,10,5
2017-11-26,10000030,8135,30008.89,17.78,60000,2,2
2017-11-26,10000030,8175,35050.18,0.26,140000,20,12
2017-11-26,10000030,8177,26400.03,200.04,165000,20,10
2017-11-26,10000030,8225,97980.37,300,132387.58,35,21
2017-11-26,10000030,8263,28867.46,7012.04,159999.97,14,8
2017-11-26,10000030,8295,11800.67,201,35000,3,2
2017-11-26,10000030,8297,1000.09,1000.03,1000.11,5,4
2017-11-26,10000030,8335,52055.2,10003.76,57999.99,22,15
2017-11-26,10000030,8337,38258.75,201,74900,12,8
2017-11-26,10000030,8419,37533.34,17200.02,46999.97,15,10
2017-11-26,10000030,8427,110317.44,25000.03,125000.01,7,7
2017-11-26,10000030,8433,657551.13,227778.03,698989.98,39,21
2017-11-26,10000030,8517,3269774.17,2577010.29,3747988.91,40,26
2017-11-26,10000030,8521,165796.74,159997.96,277777.39,20,15
2017-11-26,10000030,8529,111744.75,45001.43,119301.96,69,27
2017-11-26,10000030,8531,11303.67,11303.67,11303.67,21,9
2017-11-26,10000030,8535,8041.02,7856.08,11000,17,13
2017-11-26,10000030,8537,2791.44,2791.44,2791.44,11,7
2017-11-26,10000030,8579,5750.02,5750.02,5750.02,11,7
2017-11-26,10000030,8583,75000,75000,75000,219,17
2017-11-26,10000030,8585,9097.17,6000.14,12000,17,12
2017-11-26,10000030,8635,168755.74,168755.74,168755.74,11,5
2017-11-26,10000030,8639,190377.9,190377.9,190377.9,6,5
2017-11-26,10000030,8641,202819.4,189799.45,319999,20,10
2017-11-26,10000030,8748,103079.81,87000,189996.12,15,10
2017-11-26,10000030,8759,4717382.44,2800101.69,5995569.6,5,2
2017-11-26,10000030,8785,83770.27,11455.5,147777.77,18,8
2017-11-26,10000030,8787,265856.36,215000,467500,11,7
2017-11-26,10000030,8789,400866.7,202600.11,500000,3,3
2017-11-26,10000030,8815,153831.27,95214.25,178000,14,6
2017-11-26,10000030,8817,2777.77,2777.77,2777.77,8,4
2017-11-26,10000030,8819,59762.51,1800.01,117725,8,5
2017-11-26,10000030,8821,113534.85,7802.28,325000,9,5
2017-11-26,10000030,8863,754485.68,465131.01,999450,73,28
2017-11-26,10000030,8865,93311.42,79998.98,299997.77,41,22
2017-11-26,10000030,8867,226073.41,27639.02,374999.88,43,21
2017-11-26,10000030,8869,173192.11,99915.01,258999.93,43,17
2017-11-26,10000030,8903,429101.76,300320.5,499448,39,20
2017-11-26,10000030,8905,56337.36,21001,99999.99,15,7
2017-11-26,10000030,8907,296071.6,10100,377777.77,9,4
2017-11-26,10000030,8909,158999.98,75000.11,298999.77,8,7
2017-11-26,10000030,9071,705191.64,425511.25,872999.88,16,8
2017-11-26,10000030,9073,5000,5000,5000,1,1
2017-11-26,10000030,9093,29000,29000,29000,1,1
2017-11-26,10000030,9127,6999421.3,6999421.3,6999421.3,1,1
2017-11-26,10000030,9129,245000,245000,245000,2,1
2017-11-26,10000030,9133,438486.9,145001.88,466888.66,34,5
2017-11-26,10000030,9135,634657.81,599000,675244.99,21,8
2017-11-26,10000030,9137,146677.92,22100,208966.88,3,3
2017-11-26,10000030,9139,138668.75,22002.08,372002.08,3,2
2017-11-26,10000030,9141,408999,408999,408999,2,1
2017-11-26,10000030,9207,425190.25,131205.59,490990.98,38,12
2017-11-26,10000030,9209,137551.26,115000,237500,39,11
2017-11-26,10000030,9211,116000.01,116000.01,116000.01,32,5
2017-11-26,10000030,9213,103363.65,51000.02,195000,11,4
2017-11-26,10000030,9249,30000,30000,30000,2,2
2017-11-26,10000030,9251,41000.01,41000.01,41000.01,2,2
2017-11-26,10000030,9253,30000.01,30000.01,30000.01,3,3
2017-11-26,10000030,9287,121075.22,121075.22,121075.22,1,1
2017-11-26,10000030,9289,120516.51,120516.51,120516.51,2,2
2017-11-26,10000030,9291,132031.92,132031.92,132031.92,2,2
2017-11-26,10000030,9293,120000,120000,120000,1,1
2017-11-26,10000030,9327,908103.07,200384.31,1369969.69,10,5
2017-11-26,10000030,9329,180350.38,180350.38,180350.38,2,2
2017-11-26,10000030,9331,180285.64,180285.64,180285.64,10,4
2017-11-26,10000030,9333,239329.7,221061.58,285000,7,5
2017-11-26,10000030,9367,1119723.56,578255.39,1290000.26,9,5
2017-11-26,10000030,9369,275237.53,275237.53,275237.53,1,1
2017-11-26,10000030,9371,240123.34,240123.34,240123.34,2,2
2017-11-26,10000030,9411,3166995.8,3166995.8,3166995.8,120,20
2017-11-26,10000030,9413,59000.11,59000.11,59000.11,5,4
2017-11-26,10000030,9415,380174.33,358990.88,777777.77,64,21
2017-11-26,10000030,9417,776566.74,775000,999999.99,23,7
2017-11-26,10000030,9451,2169981.21,1699969.69,2949996.99,15,14
2017-11-26,10000030,9453,144888.22,76000.01,199998.99,9,6
2017-11-26,10000030,9455,198664.61,96003.82,249995,3,3
2017-11-26,10000030,9457,295439.61,108024.37,599988.86,21,8
2017-11-26,10000030,9491,6028741.09,4000007.61,6799983.59,40,9
2017-11-26,10000030,9493,403028.63,403028.58,403028.67,5,3
2017-11-26,10000030,9495,390000.01,390000,390000.01,35,6
2017-11-26,10000030,9497,979200.03,899998.99,999000.29,5,2
2017-11-26,10000030,9521,391.67,350,400,6,5
2017-11-26,10000030,9556,4481.48,777.77,23000,6,5
2017-11-26,10000030,9568,141851.4,6126.31,194999.99,12,12
2017-11-26,10000030,9580,98304.71,6201.01,199999.99,17,11
2017-11-26,10000030,9582,28555.75,4000,63348.5,13,8
2017-11-26,10000030,9608,4227.27,4000,7500,22,13
2017-11-26,10000030,9622,18680.94,17682.28,29000,35,20
2017-11-26,10000030,9632,318451.18,190100.83,364999.94,84,54
2017-11-26,10000030,9646,17711.97,16573.39,22493.99,26,20
2017-11-26,10000030,9660,15664.63,15067.32,30000,25,11
2017-11-26,10000030,9668,254519.29,254519.29,254519.29,38,12
2017-11-26,10000030,9670,1266.56,800,4999,9,7
2017-11-26,10000030,9678,254820.11,254450.12,260000,15,8
2017-11-26,10000030,9680,1000.11,1000.11,1000.11,6,3
2017-11-26,10000030,9728,260127.64,260092.75,261000,26,16
2017-11-26,10000030,9734,216024.12,216024.12,216024.12,9,6
2017-11-26,10000030,9744,166.05,166.01,166.11,7,4
2017-11-26,10000030,9762,232566.1,39398.99,254029.11,10,6
2017-11-26,10000030,9772,251181.91,251181.91,251181.91,16,10
2017-11-26,10000030,9784,2000.01,2000.01,2000.01,8,5
2017-11-26,10000030,9800,244437.49,244421.86,245000,37,19
2017-11-26,10000030,9808,228553.97,228553.97,228553.97,19,13
2017-11-26,10000030,9826,190,190,190,554,43
2017-11-26,10000030,9828,1159.99,1159.99,1159.99,12500,1
2017-11-26,10000030,9830,12598.99,12598.99,12599,2536,4
2017-11-26,10000030,9832,9161,9161,9161,26984,10
2017-11-26,10000030,9834,95812.31,91106,111500,13,2
2017-11-26,10000030,9836,11403.01,11403.01,11403.01,9705,2
2017-11-26,10000030,9838,10001.13,10001.13,10001.13,14512,6
2017-11-26,10000030,9840,12231,12231,12231,3079,3
2017-11-26,10000030,9842,17949.92,17949.92,17949.92,170,7
2017-11-26,10000030,9844,261,261,261,2909,3
2017-11-26,10000030,9846,150000,150000,150000,50,1
2017-11-26,10000030,9848,98999.88,98998.7,98999.89,1364,11
2017-11-26,10000030,9850,474.46,467.35,486.43,31728,7
2017-11-26,10000030,9852,59.33,59.25,59.33,2064998,63
2017-11-26,10000030,9899,8655946.08,8300001,10499997.66,37,12
2017-11-26,10000030,9941,11370237.13,10646286.56,14990000,6,6
2017-11-26,10000030,9942,10461599.4,8308003.22,10999997.93,5,5
2017-11-26,10000030,9943,9474251.47,8300003.83,10048749.89,6,6
2017-11-26,10000030,9947,3999551.55,3999551.55,3999551.55,1,1
2017-11-26,10000030,9950,4115576.66,4115560.37,4115610.49,16,5
2017-11-26,10000030,9956,8828107.67,8500000.5,8998920,7,7
2017-11-26,10000030,9957,15000000,15000000,15000000,1,1
2017-11-26,10000030,10039,4001.58,1000,9794.99,30,19
2017-11-26,10000030,10040,3360,3360,3360,5,5
2017-11-26,10000030,10155,17499115.94,17499110.93,17499120.94,2,2
2017-11-26,10000030,10190,1259470.79,965000.79,1294998.99,78,36
2017-11-26,10000030,10208,19499996.03,17500000,21749991.5,17,11
2017-11-26,10000030,10209,124116457.71,99232955.6,148999959.82,2,2
2017-11-26,10000030,10212,20970805.33,17843601.1,21345965.88,12,10
2017-11-26,10000030,10213,127089999.96,127089999.96,127089999.96,1,1
2017-11-26,10000030,10216,23139975.96,21000000,23299701.85,11,11
2017-11-26,10000030,10217,129969929.97,129969929.97,129969929.97,1,1
2017-11-26,10000030,10221,22276573.06,21997865.78,23498896.99,14,11
2017-11-26,10000030,10222,127989959.94,127989959.94,127989959.94,1,1
2017-11-26,10000030,10225,24227053.69,23899688.92,29990000,7,7
2017-11-26,10000030,10226,123039999.99,123039999.99,123039999.99,1,1
2017-11-26,10000030,10228,19729839.82,19729839.73,19729839.91,2,2
2017-11-26,10000030,10244,37999943.69,37999943.69,37999943.69,1,1
2017-11-26,10000030,10246,6500,3777.77,6800,182,31
2017-11-26,10000030,10247,19986000,19986000,19986000,2,2
2017-11-26,10000030,10250,1039414.18,928773.57,1059999.85,80,17
2017-11-26,10000030,10629,14329.24,6434.96,29999.91,14,7
2017-11-26,10000030,10630,30000,30000,30000,2,2
2017-11-26,10000030,10631,425507.51,298980.35,449996.64,74,10
2017-11-26,10000030,10678,11809.1,3300.02,15000,11,3
2017-11-26,10000030,10680,879999,879999,879999,9,2
2017-11-26,10000030,10690,135.73,135.7,135.76,6,4
2017-11-26,10000030,10692,11450.48,30.67,40000,7,5
2017-11-26,10000030,10694,173476.36,15100.01,324937.99,11,6
2017-11-26,10000030,10836,41275.85,38999.96,44989.67,5,5
2017-11-26,10000030,10840,999987.99,999987.99,999987.99,1,1
2017-11-26,10000030,10842,2499999.95,2499999.93,2499999.97,2,2
2017-11-26,10000030,10850,749055.15,333038.96,779998,22,21
2017-11-26,10000030,10858,1117439.05,755602.85,1228879.89,13,12
2017-11-26,10000030,10866,3010,3010,3010,11,8
2017-11-26,10000030,10868,53452.48,1815.6,259999.99,5,4
2017-11-26,10000030,10870,455.36,251,1885.88,8,4
2017-11-26,10000030,10872,32146.31,8800.25,69999.99,13,13
2017-11-26,10000030,10874,20000,20000,20000,1,1
2017-11-26,10000030,10876,13479.03,8276.03,49900,8,5
2017-11-26,10000030,10878,15000,15000,15000,4,3
2017-11-26,10000030,10880,23333.33,15000,40000,6,5
2017-11-26,10000030,10882,60056.52,60056.52,60056.52,4,2
2017-11-26,10000030,10884,60080.06,60080.06,60080.06,1,1
2017-11-26,10000030,10886,60073.23,60073.23,60073.23,8,5
2017-11-26,10000030,10888,90068.78,60076.42,359999.99,10,6
2017-11-26,10000030,10998,24250,24250,24250,206,56
2017-11-26,10000030,11084,870989.35,829999,1000000,20,11
2017-11-26,10000030,11105,288917.77,125004.35,339900,41,20
2017-11-26,10000030,11129,16937.09,6200,20000,16,16
2017-11-26,10000030,11130,50000,50000,50000,2,2
2017-11-26,10000030,11132,37782.09,24999.99,250000,41,41
2017-11-26,10000030,11133,50000,50000,50000,5,3
2017-11-26,10000030,11134,34604.82,20000,39999,51,27
2017-11-26,10000030,11172,36449949.5,35999900,36899999,2,2
2017-11-26,10000030,11176,33506226.81,20012553.62,46999900,2,2
2017-11-26,10000030,11178,45900048.5,45900048.49,45900048.51,2,2
2017-11-26,10000030,11182,34702179.2,31755502.02,35999998.99,5,5
2017-11-26,10000030,11184,34499999.5,33999999,35000000,2,2
2017-11-26,10000030,11186,52899950.64,52899950.58,52899950.69,2,2
2017-11-26,10000030,11192,39973567.87,19746009.68,40148322.92,4,4
2017-11-26,10000030,11196,42666626.44,39999900,43999989.66,3,3
2017-11-26,10000030,11198,34999998.51,34999998.48,34999998.53,3,3
2017-11-26,10000030,11200,32000000.99,32000000.99,32000000.99,1,1
2017-11-26,10000030,11202,39089999.99,39089999.99,39089999.99,1,1
2017-11-26,10000030,11207,515999.96,500000,699999.5,25,25
2017-11-26,10000030,11215,1987500,1987500,1987500,1,1
2017-11-26,10000030,11227,180000,180000,180000,5,1
2017-11-26,10000030,11229,999999,999998.99,999999,2,2
2017-11-26,10000030,11237,160000,160000,160000,1,1
2017-11-26,10000030,11249,1299999,1299999,1299999,1,1
2017-11-26,10000030,11267,160315.89,5001.03,177999.99,19,10
2017-11-26,10000030,11269,880207.54,800000,900000,49,35
2017-11-26,10000030,11283,1800,1800,1800,118,2
2017-11-26,10000030,11285,3750,3750,3750,861,8
2017-11-26,10000030,11286,2500000,2500000,2500000,1,1
2017-11-26,10000030,11287,9999.99,9999.99,9999.99,5051,13
2017-11-26,10000030,11289,4195.77,4195.77,4195.77,686,18
2017-11-26,10000030,11293,37666.67,23000,45000,3,3
2017-11-26,10000030,11295,139998.08,139998.07,139998.09,9,6
2017-11-26,10000030,11299,1200000,1200000,1200000,3,2
2017-11-26,10000030,11303,101974.94,101974.94,101974.94,1,1
2017-11-26,10000030,11309,191947.96,131370.3,269887.99,44,25
2017-11-26,10000030,11311,118726.93,111069.98,180000,36,20
2017-11-26,10000030,11317,314308.2,310103.1,390000,19,12
2017-11-26,10000030,11319,256035.55,253721.68,299999,20,11
2017-11-26,10000030,11325,622155.77,460554.87,738999,32,20
2017-11-26,10000030,11327,493368.28,485695.1,530000,25,14
2017-11-26,10000030,11341,11515.92,6098.9,19621.11,38,14
2017-11-26,10000030,11343,5136.81,4939.3,12000,47,14
2017-11-26,10000030,11349,92680.4,44291.05,127187.99,57,31
2017-11-26,10000030,11351,54822.15,46142.73,96750,36,20
2017-11-26,10000030,11355,37575.11,100.15,150000,4,2
2017-11-26,10000030,11370,2071254.42,2063997,3141995.2,63,47
2017-11-26,10000030,11371,34133341.33,33699999,35000026,3,3
2017-11-26,10000030,11377,33999978.88,33999978.88,33999978.88,2,2
2017-11-26,10000030,11379,38379998.99,37449999,38999998.99,5,5
2017-11-26,10000030,11395,125375.05,500.06,500000,4,2
2017-11-26,10000030,11399,10888.86,10888.86,10888.86,7678,18
2017-11-26,10000030,11400,33000008.59,33000008.59,33000008.6,3,3
2017-11-26,10000030,11433,13000000,13000000,13000000,1,1
2017-11-26,10000030,11441,9250000,8500000,10000000,2,2
2017-11-26,10000030,11442,10000000,10000000,10000000,1,1
2017-11-26,10000030,11443,10000000,10000000,10000000,5,5
2017-11-26,10000030,11444,9000000,8000000,10000000,2,2
2017-11-26,10000030,11445,6399999.97,4599999.96,10000000,3,3
2017-11-26,10000030,11446,10400000,10000000,13000000,5,5
2017-11-26,10000030,11447,9933326.66,9799979.98,10000000,3,3
2017-11-26,10000030,11448,10000000,10000000,10000000,1,1
2017-11-26,10000030,11449,9999999.5,9999999,10000000,2,2
2017-11-26,10000030,11450,6599999.5,6599999,6600000,2,2
2017-11-26,10000030,11451,10999999,10999999,10999999,1,1
2017-11-26,10000030,11453,10000000,10000000,10000000,1,1
2017-11-26,10000030,11454,10000000,10000000,10000000,1,1
2017-11-26,10000030,11455,10000000,10000000,10000000,4,4
2017-11-26,10000030,11475,14.43,14.43,14.43,100,1
2017-11-26,10000030,11483,150,150,150,100,1
2017-11-26,10000030,11486,236.06,236.06,236.06,103,2
2017-11-26,10000030,11489,263636.35,100000.02,299999.98,22,6
2017-11-26,10000030,11496,79995,79995,79995,15,1
2017-11-26,10000030,11529,10000000,10000000,10000000,1,1
2017-11-26,10000030,11531,85999.99,85999.99,85999.99,1,1
2017-11-26,10000030,11538,89999.99,89999.99,89999.99,504,3
2017-11-26,10000030,11539,37502.16,37502.11,37502.18,9,3
2017-11-26,10000030,11540,119999.99,119999.99,119999.99,101,2
2017-11-26,10000030,11541,94999.99,94999.99,94999.99,679,7
2017-11-26,10000030,11542,17999.99,17999.99,17999.99,105,2
2017-11-26,10000030,11545,17198.71,17198.71,17198.71,700,1
2017-11-26,10000030,11547,199999.99,199999.99,199999.99,3,1
2017-11-26,10000030,11553,89999.99,89999.99,89999.99,352,4
2017-11-26,10000030,11557,60000.06,60000.06,60000.06,4,1
2017-11-26,10000030,11558,51316.73,35502,56000,35,3
2017-11-26,10000030,11561,70579.56,8300.08,163998.79,5,3
2017-11-26,10000030,11563,205770.33,175001.78,208996.38,31,28
2017-11-26,10000030,11566,129041.67,120000,159000,24,24
2017-11-26,10000030,11572,400000,400000,400000,1,1
2017-11-26,10000030,11574,4000000,2000000,5999999.99,2,2
2017-11-26,10000030,11577,4004167.26,2910008.86,4100000,24,24
2017-11-26,10000030,11578,7090316.41,6100000.01,7299994.72,58,50
2017-11-26,10000030,11579,3966618.33,3500000,4999810.99,15,15
2017-11-26,10000030,11584,75000,75000,75000,13,13
2017-11-26,10000030,11621,99000,99000,99000,1,1
2017-11-26,10000030,11640,930992.11,712002.56,974986.43,57,21
2017-11-26,10000030,11644,2799999,2799999,2799999,2,2
2017-11-26,10000030,11646,2060333.12,1402200,2389399.68,3,3
2017-11-26,10000030,11648,1989998.98,1989998.98,1989998.98,1,1
2017-11-26,10000030,11689,35269.26,30007.77,37900.01,6,2
2017-11-26,10000030,11691,44000.1,44000.1,44000.1,2421,5
2017-11-26,10000030,11692,2500,2500,2500,3,1
2017-11-26,10000030,11695,41999.99,41999.99,41999.99,100,1
2017-11-26,10000030,11738,0.01,0.01,0.01,1,1
2017-11-26,10000030,11859,282640,282640,282640,1,1
2017-11-26,10000030,11963,309999979.98,309999979.98,309999979.98,1,1
2017-11-26,10000030,11969,239990990,239990990,239990990,1,1
2017-11-26,10000030,11987,224999999.97,224999999.97,224999999.97,3,2
2017-11-26,10000030,11993,253772350,223089109,264000096.99,4,4
2017-11-26,10000030,12005,313441440.99,313441440.99,313441440.99,1,1
2017-11-26,10000030,12017,383999999,383999999,383999999,1,1
2017-11-26,10000030,12021,455000000,455000000,455000000,1,1
2017-11-26,10000030,12032,39330330,37990990,40000000,3,3
2017-11-26,10000030,12034,37490345.14,37490321.97,37490379.89,5,4
2017-11-26,10000030,12038,37499999.5,36999999,37999999.99,2,2
2017-11-26,10000030,12052,143254.94,28019.81,180000,8,4
2017-11-26,10000030,12054,2749999.99,2749999.99,2749999.99,1,1
2017-11-26,10000030,12056,36391.92,22001.33,40994.77,19,17
2017-11-26,10000030,12058,3498887.76,2300107.02,3673999.98,16,15
2017-11-26,10000030,12066,275999.48,275998.99,275999.96,2,2
2017-11-26,10000030,12068,4349997.99,4299998,4399997.99,4,4
2017-11-26,10000030,12076,6485221.67,4120000,6749999,9,9
2017-11-26,10000030,12084,9995998.99,9989998.99,9999998.99,5,5
2017-11-26,10000030,12092,2199998,1000000,3999995,5,5
2017-11-26,10000030,12093,4499951.49,4000000,4999900,6,6
2017-11-26,10000030,12095,4000000,4000000,4000000,1,1
2017-11-26,10000030,12096,44419869.97,38999999.99,49839739.94,2,2
2017-11-26,10000030,12098,20000000,20000000,20000000,3,3
2017-11-26,10000030,12102,4033325.57,4029990.88,4049998.99,6,3
2017-11-26,10000030,12179,40000000,40000000,40000000,1,1
2017-11-26,10000030,12180,281343.89,375.56,375000,4,4
2017-11-26,10000030,12181,175175.03,350.06,350000,6,4
2017-11-26,10000030,12182,147904.85,325.56,325000,11,6
2017-11-26,10000030,12183,275000,275000,275000,1,1
2017-11-26,10000030,12184,250000,250000,250000,3,3
2017-11-26,10000030,12185,225000,225000,225000,2,2
2017-11-26,10000030,12186,200000,200000,200000,4,4
2017-11-26,10000030,12187,175000,175000,175000,1,1
2017-11-26,10000030,12188,225000,150000,300000,2,2
2017-11-26,10000030,12189,400000,400000,400000,5,5
2017-11-26,10000030,12190,125.62,125.62,125.62,2,1
2017-11-26,10000030,12191,73750.02,70000.06,75000,4,4
2017-11-26,10000030,12193,50000,50000,50000,2,2
2017-11-26,10000030,12194,300000,300000,300000,3,3
2017-11-26,10000030,12195,25000,25000,25000,2,2
2017-11-26,10000030,12196,300000,300000,300000,4,4
2017-11-26,10000030,12199,5000000,5000000,5000000,8,1
2017-11-26,10000030,12201,910711,898799.5,1000000,9,9
2017-11-26,10000030,12202,2779996.4,2749991,3000000,5,5
2017-11-26,10000030,12203,8000000,8000000,8000000,1,1
2017-11-26,10000030,12204,2900000,2900000,2900000,1,1
2017-11-26,10000030,12208,2850041.24,2600112,2999997.97,8,7
2017-11-26,10000030,12209,6549997.25,6499995,6599999.5,4,4
2017-11-26,10000030,12210,1250000,1250000,1250000,1,1
2017-11-26,10000030,12212,7000000,7000000,7000000,2,2
2017-11-26,10000030,12214,4990000.03,4990000.03,4990000.03,1,1
2017-11-26,10000030,12215,19902004.45,19902004.45,19902004.45,1,1
2017-11-26,10000030,12237,24989558.37,24989558.37,24989558.37,1,1
2017-11-26,10000030,12259,4299948.94,4299898.88,4299998.99,2,2
2017-11-26,10000030,12265,174999.99,174999.99,174999.99,1,1
2017-11-26,10000030,12267,3872395.77,3521000,3999998.97,5,4
2017-11-26,10000030,12271,6499998.99,6499998.99,6499998.99,1,1
2017-11-26,10000030,12274,124305.9,94063.64,173998.24,20,12
2017-11-26,10000030,12297,7485280,7485280,7485280,1,1
2017-11-26,10000030,12304,244572.12,75562.82,289905,13,6
2017-11-26,10000030,12305,116666.67,100000,175000,18,18
2017-11-26,10000030,12344,135833.33,135000,140000,12,3
2017-11-26,10000030,12346,1391050.04,1002300.08,1779800,10,2
2017-11-26,10000030,12356,4236624.99,4232999.99,4247500,4,2
2017-11-26,10000030,12365,126782.61,120000,159000,23,23
2017-11-26,10000030,12366,133636.36,120000,220000,22,22
2017-11-26,10000030,12367,125318.18,120000,159000,22,22
2017-11-26,10000030,12441,89120,80000,118000,25,25
2017-11-26,10000030,12442,101225.91,100000,108990,22,22
2017-11-26,10000030,12478,10558.29,10492.99,10607.01,366652,22
2017-11-26,10000030,12484,3779000,3779000,3779000,1,1
2017-11-26,10000030,12485,8665918.74,8554568.98,9000000,4,4
2017-11-26,10000030,12486,3762898.99,3762898.98,3762898.99,4,4
2017-11-26,10000030,12487,4988799,4988799,4988799,3,2
2017-11-26,10000030,12528,26805.59,11006.99,90000,5,5
2017-11-26,10000030,12529,9898996,9898996,9898996,20,2
2017-11-26,10000030,12530,24000.86,2001.14,90000,4,4
2017-11-26,10000030,12531,3502.17,3502.17,3502.17,5,5
2017-11-26,10000030,12548,110.8,110.8,110.8,1,1
2017-11-26,10000030,12550,200.01,200.01,200.01,1,1
2017-11-26,10000030,12557,749999.58,749999.58,749999.58,24,3
2017-11-26,10000030,12559,584999.8,584999.8,584999.81,31,3
2017-11-26,10000030,12563,143701.18,143415.5,144415.38,14,4
2017-11-26,10000030,12565,198847.64,198800,198990.54,16,5
2017-11-26,10000030,12608,53.93,53.93,53.93,77288,28
2017-11-26,10000030,12612,59.45,59.45,59.45,41767,20
2017-11-26,10000030,12614,38.99,38.99,38.99,20116,10
2017-11-26,10000030,12618,35,35,35,38540,10
2017-11-26,10000030,12620,240.68,240.68,240.68,5498,4
2017-11-26,10000030,12625,43.5,43.5,43.5,27560,17
2017-11-26,10000030,12631,47.13,47.13,47.13,24570,11
2017-11-26,10000030,12633,55.92,55.92,55.92,59200,6
2017-11-26,10000030,12709,30000.25,30000.25,30000.25,1,1
2017-11-26,10000030,12735,202699950,201399900,204000000,2,2
2017-11-26,10000030,12743,239998799,239998799,239998799,1,1
2017-11-26,10000030,12745,326998502.5,326998450,326998555,2,2
2017-11-26,10000030,12747,322989956.98,322989956.98,322989956.98,1,1
2017-11-26,10000030,12761,679.99,679.99,679.99,9500,3
2017-11-26,10000030,12765,614.98,614.98,614.98,6500,2
2017-11-26,10000030,12767,288.99,288.99,288.99,8600,3
2017-11-26,10000030,12771,319.9,319.9,319.9,10600,3
2017-11-26,10000030,12773,233.88,233.88,234,60000,19
2017-11-26,10000030,12775,594.99,594.99,594.99,18500,6
2017-11-26,10000030,12777,262,262,262,83034,16
2017-11-26,10000030,12779,721.89,721.89,721.89,47000,6
2017-11-26,10000030,12785,332.88,332.88,332.88,13750,8
2017-11-26,10000030,12787,397.73,397.73,397.73,5120,2
2017-11-26,10000030,12789,348.93,348.93,348.93,16298,5
2017-11-26,10000030,12791,349.32,349.32,349.32,70812,8
2017-11-26,10000030,12801,250,250,250,12000,8
2017-11-26,10000030,12805,189,189,189,38000,14
2017-11-26,10000030,12807,388.93,388.93,388.93,60000,1
2017-11-26,10000030,12814,791999.85,791999.85,791999.85,22,3
2017-11-26,10000030,12816,1719999.96,1719999.95,1719999.97,46,2
2017-11-26,10000030,12818,349876.75,349876.75,349876.75,33,4
2017-11-26,10000030,12820,889998.93,889998.92,889998.93,46,3
2017-11-26,10000030,12822,247888.85,232999.95,300000,45,5
2017-11-26,10000030,12824,1449998.46,1449998.46,1449998.46,8,1
2017-11-26,10000030,12826,600000,600000,600000,10,2
2017-11-26,10000030,12836,70000,70000,70000,414,1
2017-11-26,10000030,13001,1939170.99,1008001.08,2129998.99,13,12
2017-11-26,10000030,13003,2602881.95,2399999,2999999.9,17,11
2017-11-26,10000030,13119,279.99,279.99,279.99,2000,1
2017-11-26,10000030,13216,24999959.75,24999959.75,24999959.75,1,1
2017-11-26,10000030,13222,26998779.44,26998779.44,26998779.44,1,1
2017-11-26,10000030,13233,22222777.95,22222777.95,22222777.95,1,1
2017-11-26,10000030,13253,1725000,100000,3349999.99,2,2
2017-11-26,10000030,13258,1800000,100001,3499998.99,2,2
2017-11-26,10000030,13259,22002649.82,22002649.82,22002649.82,1,1
2017-11-26,10000030,13260,37998503.52,37998503.52,37998503.52,1,1
2017-11-26,10000030,13261,45199541.18,45199536.76,45199545.6,2,2
2017-11-26,10000030,13263,24999962.94,24999925.88,24999999.99,2,2
2017-11-26,10000030,13267,2783.13,2101.01,5000,85,8
2017-11-26,10000030,13278,83350.01,100.06,100000,6,6
2017-11-26,10000030,13279,314705.76,250000,799999,17,17
2017-11-26,10000030,13283,15720.93,4205.09,44000,14,8
2017-11-26,10000030,13284,140003.4,140003.4,140003.4,1,1
2017-11-26,10000030,13285,1110000,1110000,1110000,1,1
2017-11-26,10000030,13286,21998.52,2778.29,99999,18,10
2017-11-26,10000030,13287,598492.34,596984.68,600000,2,2
2017-11-26,10000030,13856,139,139,139,16000,3
2017-11-26,10000030,13920,10100000,10100000,10100000,2,1
2017-11-26,10000030,13947,12998959.66,12998959.66,12998959.66,1,1
2017-11-26,10000030,13948,2500000,2500000,2500000,1,1
2017-11-26,10000030,13952,19999998.98,19999998.98,19999998.98,1,1
2017-11-26,10000030,13955,5879999,5879999,5879999,2,1
2017-11-26,10000030,13957,10000000,10000000,10000000,1,1
2017-11-26,10000030,13997,3600000,3600000,3600000,1,1
2017-11-26,10000030,14045,41119999.9,41119999.9,41119999.9,1,1
2017-11-26,10000030,14051,100,100,100,1,1
2017-11-26,10000030,14074,19599948.72,19599948.72,19599948.72,1,1
2017-11-26,10000030,14078,1999999,1999999,1999999,1,1
2017-11-26,10000030,14084,4999989.98,4999989.98,4999989.98,1,1
2017-11-26,10000030,14094,6999999.99,6999999.99,6999999.99,1,1
2017-11-26,10000030,14100,57026424.86,57026424.86,57026424.86,1,1
2017-11-26,10000030,14102,47999999.99,47999999.99,47999999.99,1,1
2017-11-26,10000030,14126,32500000,32500000,32500000,1,1
2017-11-26,10000030,14134,44500000,44500000,44500000,1,1
2017-11-26,10000030,14140,37999995.38,37999995.38,37999995.38,1,1
2017-11-26,10000030,14146,17787834.32,17787834.32,17787834.32,3,1
2017-11-26,10000030,14154,8999999,8999999,8999999,1,1
2017-11-26,10000030,14172,5999999.9,5999999.9,5999999.9,1,1
2017-11-26,10000030,14236,34129772.02,34129772.02,34129772.02,1,1
2017-11-26,10000030,14244,133999999.95,133999999.95,133999999.95,1,1
2017-11-26,10000030,14246,59999957.7,59999957.7,59999957.7,1,1
2017-11-26,10000030,14254,93899981.58,93899981.58,93899981.58,1,1
2017-11-26,10000030,14266,56799936.26,56799921.99,56799941.02,4,3
2017-11-26,10000030,14272,22565.01,22565.01,22565.01,3,3
2017-11-26,10000030,14274,14020.01,14020.01,14020.01,1,1
2017-11-26,10000030,14276,3002.43,3002.43,3002.43,1,1
2017-11-26,10000030,14278,1117120.58,96109.08,1499999.87,11,6
2017-11-26,10000030,14282,250029.26,250029.25,250029.26,3,3
2017-11-26,10000030,14286,998372.35,997997,998997.92,8,2
2017-11-26,10000030,14292,1687.87,1687.87,1687.87,16,6
2017-11-26,10000030,14295,4000000,4000000,4000000,1,1
2017-11-26,10000030,14296,2719542.12,1751200.35,4172054.8,5,5
2017-11-26,10000030,14297,1953126,1953126,1953126,1,1
2017-11-26,10000030,14298,4173495.5,2520500.7,4999990.87,6,6
2017-11-26,10000030,14299,4065365.97,3793050.03,4609997.86,3,3
2017-11-26,10000030,15331,1200.01,1200.01,1200.01,4815,339
2017-11-26,10000030,15464,9000000,9000000,9000000,1,1
2017-11-26,10000030,15466,6000000,6000000,6000000,1,1
2017-11-26,10000030,15479,6264112.11,4650000,6388959.96,14,6
2017-11-26,10000030,15480,21998873.99,21998873.99,21998873.99,1,1
2017-11-26,10000030,15508,34386.86,33970,38750,35,9
2017-11-26,10000030,15509,1600000,1600000,1600000,1,1
2017-11-26,10000030,15510,77494.88,37398.97,400000,90,10
2017-11-26,10000030,15511,1500000,1500000,1500000,1,1
2017-11-26,10000030,15587,1615.01,1615.01,1615.01,37,7
2017-11-26,10000030,15588,2815.01,2815.01,2815.01,6,5
2017-11-26,10000030,15590,7520,7520,7520,6,1
2017-11-26,10000030,15592,241000.01,12500.01,500000,15,3
2017-11-26,10000030,15593,50000,50000,50000,13,3
2017-11-26,10000030,15596,3392.35,2900.06,4500,13,5
2017-11-26,10000030,15597,4958.66,4601.04,8000,38,11
2017-11-26,10000030,15598,7663.66,7650,7666.07,20,7
2017-11-26,10000030,15599,10050.01,10050,10050.01,67,18
2017-11-26,10000030,15600,334719.73,330753.23,342652.72,24,10
2017-11-26,10000030,15601,474071.36,458315.67,600116.92,9,3
2017-11-26,10000030,15602,77441.39,76600,79003.98,20,9
2017-11-26,10000030,15604,1866589.7,1199999.9,2200000,62,6
2017-11-26,10000030,15605,1914999.77,1800000,2049999,50,5
2017-11-26,10000030,15607,2178.96,2050.01,4500,95,11
2017-11-26,10000030,15608,4200.05,4200.05,4200.05,127,15
2017-11-26,10000030,15609,8025.02,8025,8025.03,42,9
2017-11-26,10000030,15610,180000.03,180000,375000,130,12
2017-11-26,10000030,15611,17107.58,12810.1,30000,24,7
2017-11-26,10000030,15612,31145.27,27610.01,50000,38,10
2017-11-26,10000030,15613,375000,375000,375000,139,12
2017-11-26,10000030,15614,111000,111000,111000,214,14
2017-11-26,10000030,15615,2123757.9,2050001,2200000,58,10
2017-11-26,10000030,15620,7000,7000,7000,6,1
2017-11-26,10000030,15621,12500,12500,12500,11,1
2017-11-26,10000030,15625,1525,1525,1525,14,7
2017-11-26,10000030,15626,2525,2525,2525,3,3
2017-11-26,10000030,15627,3250,3250,3250,3,1
2017-11-26,10000030,15628,12511,12511,12511,5,1
2017-11-26,10000030,15629,10005.13,10005.13,10005.13,5,1
2017-11-26,10000030,15630,245000,245000,245000,2,2
2017-11-26,10000030,15631,105005,105005,105005,5,2
2017-11-26,10000030,15646,16015,16015,16015,9,3
2017-11-26,10000030,15656,55113.3,55113.05,55114,60,7
2017-11-26,10000030,15660,12505.1,12505.1,12505.1,5,2
2017-11-26,10000030,15661,1200005,1200005,1200005,4,2
2017-11-26,10000030,15669,2447018.69,2382664,2700000,68,10
2017-11-26,10000030,15671,200000.01,200000.01,200000.01,9,1
2017-11-26,10000030,15672,55000,55000,55000,15,1
2017-11-26,10000030,15675,88999348.19,88999348.19,88999348.19,1,1
2017-11-26,10000030,15681,111165861.9,110999036.23,112000000,6,6
2017-11-26,10000030,15729,37511371.77,37510783.99,37511665.66,3,3
2017-11-26,10000030,15766,38448650.91,38448650.91,38448650.91,1,1
2017-11-26,10000030,15889,53999979.98,53999979.98,53999979.98,1,1
2017-11-26,10000030,15992,26000,26000,26000,106,10
2017-11-26,10000030,15993,8500,8500,8500,7,1
2017-11-26,10000030,15997,6515.02,6515.02,6515.02,3,3
2017-11-26,10000030,15999,23020.03,23020.02,23020.03,19,16
2017-11-26,10000030,16000,50500.01,50500.01,50500.01,37,7
2017-11-26,10000030,16001,12500,12500,12500,8,1
2017-11-26,10000030,16002,30010.01,30010.01,30010.01,15,2
2017-11-26,10000030,16004,164378104,164378104,164378104,1,1
2017-11-26,10000030,16008,5999939.94,5999939.94,5999939.94,1,1
2017-11-26,10000030,16064,89000000,89000000,89000000,1,1
2017-11-26,10000030,16068,79000000,79000000,79000000,3,1
2017-11-26,10000030,16069,99278.57,85000,184999.99,7,7
2017-11-26,10000030,16118,13015,13015,13015,6,2
2017-11-26,10000030,16119,180,180,180,8,2
2017-11-26,10000030,16231,47889831.99,47889831.99,47889831.99,1,1
2017-11-26,10000030,16233,38602000,38602000,38602000,1,1
2017-11-26,10000030,16236,1050000,1000000,1200000,4,4
2017-11-26,10000030,16238,931800.2,459007.01,1049998.5,5,5
2017-11-26,10000030,16240,730000.53,655001,997499.5,17,6
2017-11-26,10000030,16242,954429.79,752001.22,975000,97,76
2017-11-26,10000030,16243,7500000,7500000,7500000,5,4
2017-11-26,10000030,16248,155998801.99,155998801.99,155998801.99,1,1
2017-11-26,10000030,16263,180000,180000,180000,1574,15
2017-11-26,10000030,16272,519,519,519,878516,17
2017-11-26,10000030,16273,120,120,120,1029470,38
2017-11-26,10000030,16274,759.99,750,800,231122,11
2017-11-26,10000030,16275,4000.01,4000.01,4000.01,416911,22
2017-11-26,10000030,16278,2400225.34,1850000.69,2950450,8,4
2017-11-26,10000030,16279,15003680,15003680,15003680,1,1
2017-11-26,10000030,16281,307125,3750,375000,10,8
2017-11-26,10000030,16297,11428.58,5000.01,50000,7,6
2017-11-26,10000030,16299,4104,2760,5000,5,3
2017-11-26,10000030,16301,55239.42,20000,74400.26,22,15
2017-11-26,10000030,16303,251952.77,182000.27,293898.93,51,28
2017-11-26,10000030,16305,77277.77,76777.77,77777.77,2,2
2017-11-26,10000030,16307,1777.77,1777.77,1777.77,2,2
2017-11-26,10000030,16309,400,400,400,2,2
2017-11-26,10000030,16311,312881.64,217450,439998.8,14,8
2017-11-26,10000030,16313,106.99,106.99,106.99,3,2
2017-11-26,10000030,16315,11700.79,102.36,17500,3,3
2017-11-26,10000030,16317,1000,1000,1000,1,1
2017-11-26,10000030,16321,2576.34,101.79,10000,4,4
2017-11-26,10000030,16323,22867.33,551,67500,3,3
2017-11-26,10000030,16325,1000,1000,1000,1,1
2017-11-26,10000030,16327,700.42,101.26,1000,3,2
2017-11-26,10000030,16329,181.39,181.39,181.39,2,1
2017-11-26,10000030,16333,135.33,102.99,200,3,2
2017-11-26,10000030,16335,102.18,102.18,102.18,2,2
2017-11-26,10000030,16337,120.01,100,140.01,2,2
2017-11-26,10000030,16339,667.33,501,1000,3,3
2017-11-26,10000030,16341,200,200,200,1,1
2017-11-26,10000030,16343,10.01,10.01,10.01,3,1
2017-11-26,10000030,16345,1777.77,1777.77,1777.77,2,2
2017-11-26,10000030,16347,1000,1000,1000,1,1
2017-11-26,10000030,16349,13425.55,101.1,52500,4,3
2017-11-26,10000030,16351,500.01,0.02,1000,2,2
2017-11-26,10000030,16353,72335.39,70002.24,98000,12,6
2017-11-26,10000030,16355,76164.81,76164.81,76164.81,18,12
2017-11-26,10000030,16357,84047.54,84047.54,84047.54,16,11
2017-11-26,10000030,16359,97481.5,89355.21,194997,13,10
2017-11-26,10000030,16361,149860.8,145682.53,200000,13,7
2017-11-26,10000030,16363,179545.56,178314.79,182314.78,13,10
2017-11-26,10000030,16365,122390.39,122390.39,122390.39,29,6
2017-11-26,10000030,16367,173155.27,170646.37,219999.99,63,14
2017-11-26,10000030,16369,138719.43,138719.43,138719.43,18,7
2017-11-26,10000030,16371,139493.97,136762.74,175000,14,9
2017-11-26,10000030,16373,116411.31,113127.35,139399,8,7
2017-11-26,10000030,16375,157150.78,155979.03,180000,41,12
2017-11-26,10000030,16377,128563.44,128563.44,128563.44,10,6
2017-11-26,10000030,16379,127713.95,127713.95,127713.95,23,11
2017-11-26,10000030,16381,114855.4,114855.4,114855.4,14,8
2017-11-26,10000030,16383,158256.49,145127.99,223899,18,14
2017-11-26,10000030,16385,117820.53,95000,275000,5,5
2017-11-26,10000030,16387,16888.9,16777.78,17000.01,2,2
2017-11-26,10000030,16389,59065.83,5109.71,140000,5,4
2017-11-26,10000030,16391,346834.8,25505,450000,6,6
2017-11-26,10000030,16393,1390.56,1201.06,1580.05,4,3
2017-11-26,10000030,16397,3000,3000,3000,3,1
2017-11-26,10000030,16399,21000.78,21000.78,21000.78,1,1
2017-11-26,10000030,16401,7334.84,1002.26,20000,3,2
2017-11-26,10000030,16403,3002.25,3002.23,3002.26,3,3
2017-11-26,10000030,16405,4500,4500,4500,3,2
2017-11-26,10000030,16407,10000,10000,10000,2,1
2017-11-26,10000030,16409,52499.99,52499.99,52499.99,1,1
2017-11-26,10000030,16411,1940.4,597.14,10000,7,7
2017-11-26,10000030,16413,5000,5000,5000,1,1
2017-11-26,10000030,16415,17500,17500,17500,1,1
2017-11-26,10000030,16417,2000,2000,2000,2,1
2017-11-26,10000030,16419,17737.5,500,59950,4,4
2017-11-26,10000030,16421,12250,4500,20000,2,2
2017-11-26,10000030,16423,37187.51,0.01,74375,4,4
2017-11-26,10000030,16425,10014.65,10014.65,10014.65,2,2
2017-11-26,10000030,16427,3014.6,3014.6,3014.6,1,1
2017-11-26,10000030,16429,2000,2000,2000,2,2
2017-11-26,10000030,16431,13888.84,0.01,41666.5,6,4
2017-11-26,10000030,16433,12999,12999,12999,3,3
2017-11-26,10000030,16435,10000,10000,10000,1,1
2017-11-26,10000030,16439,618,618,618,9,4
2017-11-26,10000030,16443,2750.01,2750.01,2750.01,5,2
2017-11-26,10000030,16447,7252.65,6250,7503.3,5,4
2017-11-26,10000030,16449,2500,2500,2500,4,3
2017-11-26,10000030,16451,6000.01,6000.01,6000.01,1,1
2017-11-26,10000030,16455,48249.4,2500.79,93998,8,3
2017-11-26,10000030,16457,3622433.12,2210038.09,3998775,19,9
2017-11-26,10000030,16467,165135.39,45000.34,248822.6,13,8
2017-11-26,10000030,16469,129583.29,25004.79,149998.97,24,9
2017-11-26,10000030,16475,220624.34,131000.02,244999,24,13
2017-11-26,10000030,16477,256874.89,127000.02,560000,8,6
2017-11-26,10000030,16481,29700,29700,29700,1,1
2017-11-26,10000030,16483,2500,2500,2500,2,2
2017-11-26,10000030,16487,139916.67,19750,200000,3,2
2017-11-26,10000030,16491,7890,7890,7890,1,1
2017-11-26,10000030,16495,7000.04,7000.04,7000.04,1,1
2017-11-26,10000030,16497,245508.48,182113.05,308903.88,10,6
2017-11-26,10000030,16499,182091.62,182091.62,182091.62,6,5
2017-11-26,10000030,16505,41950.21,41950.21,41950.21,6,5
2017-11-26,10000030,16507,64911.98,57500,99999.98,5,4
2017-11-26,10000030,16513,1000,1000,1000,2,1
2017-11-26,10000030,16515,1000,1000,1000,1,1
2017-11-26,10000030,16517,1250,1250,1250,1,1
2017-11-26,10000030,16519,31000.06,31000.06,31000.06,8,2
2017-11-26,10000030,16521,4468.23,300,10499,17,10
2017-11-26,10000030,16523,2281.4,102.01,10998.99,15,7
2017-11-26,10000030,16525,44763.53,2027.06,87500,4,3
2017-11-26,10000030,16527,461450.23,325003.96,544774.47,19,10
2017-11-26,10000030,16529,295291.47,108112.88,388880.76,3,3
2017-11-26,10000030,16531,218008.88,218008.88,218008.88,2,2
2017-11-26,10000030,16533,8888660.29,8888660.29,8888660.29,1,1
2017-11-26,10000030,16535,16999999.36,16999999.36,16999999.36,1,1
2017-11-26,10000030,16537,16000000,16000000,16000000,1,1
2017-11-26,10000030,16591,32000000,32000000,32000000,3,3
2017-11-26,10000030,16594,1500000,1500000,1500000,9,9
2017-11-26,10000030,16595,12500000,12500000,12500000,5,5
2017-11-26,10000030,16596,35000000,35000000,35000000,2,2
2017-11-26,10000030,16597,21081658.66,20000000,28489950.94,6,6
2017-11-26,10000030,16598,3555450.11,3500000,3999051,9,9
2017-11-26,10000030,16622,5555555.33,5000000,7499999,9,9
2017-11-26,10000030,16635,5801,5801,5801,12220,1
2017-11-26,10000030,16636,4699.96,4699.96,4699.96,104431,5
2017-11-26,10000030,16638,3660.42,3660.42,3660.42,6906,1
2017-11-26,10000030,16639,4000,4000,4000,3880,2
2017-11-26,10000030,16640,4807.29,4600,4807.29,106194,4
2017-11-26,10000030,16642,5008.6,5008.6,5008.6,8897,1
2017-11-26,10000030,16643,8250,8250,8250,17358,1
2017-11-26,10000030,16644,4950,4950,4950,12304,2
2017-11-26,10000030,16648,7500,7000,8000,20000,2
2017-11-26,10000030,16650,78602.01,78602.01,78602.01,22217,1
2017-11-26,10000030,16651,46009.73,46009.73,46009.73,40000,1
2017-11-26,10000030,16652,65000,65000,65000,2815,1
2017-11-26,10000030,16653,49557.18,49557.18,49557.18,40000,1
2017-11-26,10000030,16661,4100,4100,4100,16800,2
2017-11-26,10000030,16670,274.67,274.67,274.67,2554,2
2017-11-26,10000030,16671,273.14,273.14,273.14,33128,4
2017-11-26,10000030,16672,287.35,287.35,287.35,164452,3
2017-11-26,10000030,16673,229.99,229.99,229.99,649456,13
2017-11-26,10000030,16678,601.75,601.75,601.75,111122,5
2017-11-26,10000030,16679,1587.85,1587.85,1587.85,35800,5
2017-11-26,10000030,16680,4378.72,4378.72,4378.72,9664,6
2017-11-26,10000030,16681,5116.57,5115.32,5117.13,276158,16
2017-11-26,10000030,16682,12507.55,12507.55,12507.55,45424,11
2017-11-26,10000030,16683,52448.99,52448.99,52448.99,1711,4
2017-11-26,10000030,17178,2399999,2399999,2399999,3,1
2017-11-26,10000030,17190,21099,21099,21099,3,1
2017-11-26,10000030,17194,299998.99,299998.99,299998.99,1,1
2017-11-26,10000030,17199,1001.2,1001.2,1001.2,26,6
2017-11-26,10000030,17215,5.79,5.79,5.79,1,1
2017-11-26,10000030,17218,368278.68,350000,499999,19,10
2017-11-26,10000030,17219,0.01,0.01,0.01,1,1
2017-11-26,10000030,17220,39314.67,32999,50000,33,9
2017-11-26,10000030,17222,300.01,300.01,300.01,3,2
2017-11-26,10000030,17223,1498999.99,1498999.9,1499000,10,4
2017-11-26,10000030,17230,10,10,10,2,2
2017-11-26,10000030,17317,105975.13,105975.13,105975.13,428,3
2017-11-26,10000030,17322,5000000,5000000,5000000,1,1
2017-11-26,10000030,17324,5000000,5000000,5000000,1,1
2017-11-26,10000030,17327,5000000,5000000,5000000,21,2
2017-11-26,10000030,17328,5000000,5000000,5000000,2,2
2017-11-26,10000030,17332,5000000,5000000,5000000,1,1
2017-11-26,10000030,17333,5000000,5000000,5000000,1,1
2017-11-26,10000030,17340,5000000,5000000,5000000,1,1
2017-11-26,10000030,17342,5000000,5000000,5000000,1,1
2017-11-26,10000030,17348,9300000,9300000,9300000,1,1
2017-11-26,10000030,17351,5000000,5000000,5000000,1,1
2017-11-26,10000030,17353,5000000,5000000,5000000,1,1
2017-11-26,10000030,17354,5000000,5000000,5000000,1,1
2017-11-26,10000030,17356,5000000,5000000,5000000,1,1
2017-11-26,10000030,17366,29560.45,5,30000,34,17
2017-11-26,10000030,17368,100000,100000,100000,1,1
2017-11-26,10000030,17437,683,683,683,10,1
2017-11-26,10000030,17440,401.01,401.01,401.01,7000,1
2017-11-26,10000030,17441,451.12,451.12,451.12,4194,1
2017-11-26,10000030,17444,400.01,400.01,400.01,13466,2
2017-11-26,10000030,17445,400.01,400.01,400.01,11623,2
2017-11-26,10000030,17448,400,400,400,26768,8
2017-11-26,10000030,17449,400,400,400,49609,6
2017-11-26,10000030,17452,120,120,120,20264,7
2017-11-26,10000030,17453,190,190,190,4878,8
2017-11-26,10000030,17455,54,50,57,3246027,79
2017-11-26,10000030,17456,63.33,63.33,63.33,1759406,74
2017-11-26,10000030,17459,26,26,26,89,1
2017-11-26,10000030,17463,18.89,18.89,18.89,1817174,80
2017-11-26,10000030,17464,19.77,14,20.35,778488,53
2017-11-26,10000030,17470,13,10.01,13.8,9944620,128
2017-11-26,10000030,17471,12,10.01,13,1666866,66
2017-11-26,10000030,17476,28069637.2,27988888,31670787.11,7,7
2017-11-26,10000030,17478,23923000.19,22950000,24666999,12,11
2017-11-26,10000030,17480,20849991.65,19999995.5,23399978.92,8,7
2017-11-26,10000030,17482,2279926.66,1501002.18,2289880.95,47,28
2017-11-26,10000030,17483,16130080,16130080,16130080,1,1
2017-11-26,10000030,17500,53999476.81,53999470.13,53999480.15,3,3
2017-11-26,10000030,17559,64999999,64999999,64999999,5,1
2017-11-26,10000030,17619,18265887.76,12032001.12,24499774.2,6,4
2017-11-26,10000030,17623,62500,50000,75000,2,2
2017-11-26,10000030,17624,968.8,968.8,968.8,4,2
2017-11-26,10000030,17634,131990000,131990000,131990000,1,1
2017-11-26,10000030,17666,1088,1088,1088,35000,1
2017-11-26,10000030,17703,31999999.95,31999999.95,31999999.96,3,3
2017-11-26,10000030,17709,109999995.5,109999995.49,109999995.5,2,2
2017-11-26,10000030,17713,59664536.9,55000000,61996805.35,3,3
2017-11-26,10000030,17715,223199841.75,219999951.66,224799786.8,3,3
2017-11-26,10000030,17720,142188659.98,142188659.98,142188659.98,1,1
2017-11-26,10000030,17726,468900000,468900000,468900000,1,1
2017-11-26,10000030,17765,8007.77,8007.77,8007.77,10,1
2017-11-26,10000030,17794,2099877.69,2099877.69,2099877.69,1,1
2017-11-26,10000030,17812,11002915.06,6142034.51,11399899.94,14,9
2017-11-26,10000030,17814,8999999,8999999,8999999,1,1
2017-11-26,10000030,17816,7500000,7500000,7500000,1,1
2017-11-26,10000030,17840,1645.56,1645.56,1645.56,5,4
2017-11-26,10000030,17841,13799906.37,9000001,15399874.82,4,4
2017-11-26,10000030,17843,70779406.44,61296955.1,72397495,7,7
2017-11-26,10000030,17866,750,750,750,2400,1
2017-11-26,10000030,17867,60,60,60,135645,16
2017-11-26,10000030,17868,69,69,69,71027,11
2017-11-26,10000030,17871,202000,202000,202000,1,1
2017-11-26,10000030,17887,820,820,820,130000,3
2017-11-26,10000030,17888,849.99,849.99,849.99,68000,3
2017-11-26,10000030,17889,620.3,620.28,620.3,481590,5
2017-11-26,10000030,17893,127287.05,81000.31,135001.51,7,6
2017-11-26,10000030,17894,190000.31,190000.29,190000.31,5,3
2017-11-26,10000030,17895,426500.47,410000.49,490000.49,20,10
2017-11-26,10000030,17898,249998.73,249998.73,249998.73,1,1
2017-11-26,10000030,17912,3840701.42,3226016.76,3979996.99,20,11
2017-11-26,10000030,17918,458527273.66,410222000,476998547.31,4,4
2017-11-26,10000030,17922,98999841,98999841,98999841,1,1
2017-11-26,10000030,17928,63261561.6,59499500,80000000,7,7
2017-11-26,10000030,17930,72915386.79,72914988,72916978.99,5,4
2017-11-26,10000030,17932,52898837.66,52698847.67,52998832.66,3,3
2017-11-26,10000030,17938,19999.98,19999,39000,115,106
2017-11-26,10000030,17940,541666.67,500000,1000000,12,11
2017-11-26,10000030,17999,145000,145000,145000,13,1
2017-11-26,10000030,18025,400000,400000,400000,4,2
2017-11-26,10000030,18029,15500.01,15500.01,15500.01,10,1
2017-11-26,10000030,18044,166553.99,166553.99,166553.99,4,1
2017-11-26,10000030,18048,74998.99,74998.99,74998.99,4,1
2017-11-26,10000030,18052,1,1,1,104,4
2017-11-26,10000030,18054,4.17,4.17,4.17,100,1
2017-11-26,10000030,18056,55000,20000,72500,3,2
2017-11-26,10000030,18058,1,1,1,133,5
2017-11-26,10000030,18060,14286,1,20000,28,2
2017-11-26,10000030,18062,1,1,1,90,1
2017-11-26,10000030,18066,1,1,1,60,1
2017-11-26,10000030,18068,1400000,1400000,1400000,2,1
2017-11-26,10000030,18580,100999987.71,100000000,104999938.55,5,4
2017-11-26,10000030,18600,257544.91,254226.51,258097.98,56,5
2017-11-26,10000030,18602,514472.77,514472.77,514472.77,4,1
2017-11-26,10000030,18604,249979.98,249979.98,249979.98,7,2
2017-11-26,10000030,18606,749949.99,749949.99,749949.99,9,3
2017-11-26,10000030,18608,1647748,1647748,1647748,3,1
2017-11-26,10000030,18612,349996.87,349996.87,349996.87,125,7
2017-11-26,10000030,18616,141780.97,141780.97,141780.97,4,1
2017-11-26,10000030,18618,246311.91,219403.76,253999.95,9,4
2017-11-26,10000030,18626,324499.99,324499.99,324499.99,8,1
2017-11-26,10000030,18635,299999.92,299999.92,299999.92,8,1
2017-11-26,10000030,18637,351910.99,351910.99,351910.99,412,3
2017-11-26,10000030,18639,54537.75,29475.7,54999.99,29,26
2017-11-26,10000030,18666,88000000,88000000,88000000,2,2
2017-11-26,10000030,18668,31119999.9,31119999.9,31119999.9,2,2
2017-11-26,10000030,18692,30500004.43,30500004.43,30500004.43,1,1
2017-11-26,10000030,18758,2998000,2998000,2998000,1,1
2017-11-26,10000030,18807,9000000,9000000,9000000,1,1
2017-11-26,10000030,18829,163454500,149000000,177909000,4,3
2017-11-26,10000030,18941,74999372.03,74999372.03,74999372.03,1,1
2017-11-26,10000030,19009,59036941.01,59036941.01,59036941.01,1,1
2017-11-26,10000030,19105,32332223,32332223,32332223,2,1
2017-11-26,10000030,19107,17595073.23,17595073.23,17595073.23,1,1
2017-11-26,10000030,19143,33556714.29,32999000,33975000,7,6
2017-11-26,10000030,19173,46008155.03,46008155.03,46008155.03,1,1
2017-11-26,10000030,19187,33501463.96,26504437.9,36999977,3,3
2017-11-26,10000030,19191,226999818.81,226999818.81,226999818.81,1,1
2017-11-26,10000030,19198,381000000.01,381000000.01,381000000.01,1,1
2017-11-26,10000030,19202,49999985.61,49999985.61,49999985.61,1,1
2017-11-26,10000030,19207,174999845.57,174999845.57,174999845.57,1,1
2017-11-26,10000030,19208,94001396.98,85003019.15,102999774.81,2,2
2017-11-26,10000030,19211,1984802.32,1984802.32,1984802.32,3,3
2017-11-26,10000030,19215,19599851.03,19599851.03,19599851.03,1,1
2017-11-26,10000030,19219,29999949.87,29999949.87,29999949.87,1,1
2017-11-26,10000030,19225,4199976,4199976,4199976,4,2
2017-11-26,10000030,19227,54999995.97,54999995.97,54999995.97,1,1
2017-11-26,10000030,19235,1450000,1450000,1450000,1,1
2017-11-26,10000030,19282,110000000.02,110000000.02,110000000.02,1,1
2017-11-26,10000030,19286,6999958.83,6999958.83,6999958.83,1,1
2017-11-26,10000030,19295,88403629.67,88403629.67,88403629.67,1,1
2017-11-26,10000030,19301,72618562.64,72618562.64,72618562.64,2,1
2017-11-26,10000030,19325,45799975.15,45799970.14,45799980.15,2,2
2017-11-26,10000030,19359,229999999.97,229999999.97,229999999.97,1,1
2017-11-26,10000030,19400,11000,11000,11000,9,3
2017-11-26,10000030,19404,70000.29,70000.27,70000.33,7,7
2017-11-26,10000030,19406,430248.86,430248.85,430248.86,8,7
2017-11-26,10000030,19407,901845.56,901845.56,901845.56,2,2
2017-11-26,10000030,19470,64999999.53,64999999.53,64999999.53,1,1
2017-11-26,10000030,19500,0.01,0.01,0.01,8,5
2017-11-26,10000030,19660,1066.36,27.97,2797,8,4
2017-11-26,10000030,19686,184989999,179999999,189979999,2,2
2017-11-26,10000030,19719,38060000,31100000,39400000,5,5
2017-11-26,10000030,19723,1850000000,1850000000,1850000000,5,5
2017-11-26,10000030,19739,3380000,3380000,3380000,142,13
2017-11-26,10000030,19759,200000,200000,200000,3,3
2017-11-26,10000030,19760,160000,160000,160000,4,4
2017-11-26,10000030,19761,1000000,1000000,1000000,1,1
2017-11-26,10000030,19766,800000,800000,800000,3,3
2017-11-26,10000030,19767,400000,400000,400000,3,3
2017-11-26,10000030,19806,1188995.28,1188994.97,1188995.99,10,9
2017-11-26,10000030,19810,12235.14,1000.03,42499.5,17,12
2017-11-26,10000030,19812,6996.79,1.02,16000,19,18
2017-11-26,10000030,19814,33967.2,1601.63,44888,31,16
2017-11-26,10000030,19921,90000,90000,90000,23,23
2017-11-26,10000030,19922,480120.01,600.05,600000,5,5
2017-11-26,10000030,19923,1508.38,1508.38,1508.38,4,3
2017-11-26,10000030,19925,2858.89,2502.04,5000,7,5
2017-11-26,10000030,19927,127.52,127.52,127.52,4,4
2017-11-26,10000030,19929,6450.01,1200.01,22200,8,7
2017-11-26,10000030,19931,4000,4000,4000,3,1
2017-11-26,10000030,19935,2500,2500,2500,14,2
2017-11-26,10000030,19937,170.25,17.77,2000,13,4
2017-11-26,10000030,19939,3215,3215,3215,20,6
2017-11-26,10000030,19942,2200,2200,2200,3,2
2017-11-26,10000030,19944,2500.01,2500.01,2500.01,3,3
2017-11-26,10000030,19948,1.49,1.49,1.49,4,4
2017-11-26,10000030,19950,6089,1210,50000,10,6
2017-11-26,10000030,19952,3029.1,0.01,4327.28,10,6
2017-11-26,10000030,19970,10.99,10.99,14,22362,10
2017-11-26,10000030,19972,89.99,89.99,89.99,7000,4
2017-11-26,10000030,19974,135,87.5,175,4000,4
2017-11-26,10000030,19996,599.99,599.99,599.99,10070,2
2017-11-26,10000030,20002,1998.9,1998.9,1998.9,1000,1
2017-11-26,10000030,20057,7100,7100,7100,240,1
2017-11-26,10000030,20110,1000000,1000000,1000000,1,1
2017-11-26,10000030,20138,35000,35000,35000,2,1
2017-11-26,10000030,20171,80000,52499.07,85499,132,6
2017-11-26,10000030,20172,64973.42,62125.06,95000,72,7
2017-11-26,10000030,20189,1264000113.65,1264000113.65,1264000113.65,1,1
2017-11-26,10000030,20190,1850000000,1850000000,1850000000,1,1
2017-11-26,10000030,20209,950000,900000,1000000,4,4
2017-11-26,10000030,20210,975000,925000,1000000,3,3
2017-11-26,10000030,20211,3199998.9,3000000,3999994.49,5,5
2017-11-26,10000030,20212,9000000,9000000,9000000,3,3
2017-11-26,10000030,20213,10999900.8,9000000,13999752,5,5
2017-11-26,10000030,20306,117.8,117.8,117.8,970,1
2017-11-26,10000030,20307,91.99,91.99,91.99,25250,3
2017-11-26,10000030,20308,155,155,155,75298,6
2017-11-26,10000030,20312,456775.74,5000,500000,5,5
2017-11-26,10000030,20314,63879.88,60000,88999,25,25
2017-11-26,10000030,20315,980000,800000,1000000,10,10
2017-11-26,10000030,20327,21000400,21000400,21000400,1,1
2017-11-26,10000030,20342,50749987.49,50000000,51499974.98,4,4
2017-11-26,10000030,20345,273999.5,272999,275000,2,2
2017-11-26,10000030,20347,651630.72,629969.99,792425.5,15,14
2017-11-26,10000030,20349,2708777.09,1799999,5999999,18,7
2017-11-26,10000030,20351,1749999,1749999,1749999,3,2
2017-11-26,10000030,20353,4004999.18,3799998.96,4999999.99,20,11
2017-11-26,10000030,20410,140225,140225,140225,16,2
2017-11-26,10000030,20411,153166.24,137825.01,170699,30,5
2017-11-26,10000030,20412,108999,108999,108999,307,2
2017-11-26,10000030,20413,130024.04,130015.56,130028.32,45,4
2017-11-26,10000030,20414,180572.27,127952.66,200000,69,8
2017-11-26,10000030,20415,60100.07,60100.06,60100.07,587,10
2017-11-26,10000030,20416,156200.82,156200.8,158000.01,141,15
2017-11-26,10000030,20417,80001.01,80001.01,80001.01,5,1
2017-11-26,10000030,20418,111000.15,111000.15,111000.15,213,4
2017-11-26,10000030,20419,199001.11,199001.11,199001.11,10,1
2017-11-26,10000030,20420,226077.7,92525,299991.68,73,5
2017-11-26,10000030,20421,34226,34226,34226,14,2
2017-11-26,10000030,20423,90000,70149.03,119899.99,172,11
2017-11-26,10000030,20424,35025,35025,35025,7333,33
2017-11-26,10000030,20433,4440000,4440000,4440000,4,4
2017-11-26,10000030,20494,100000,100000,100000,1,1
2017-11-26,10000030,20495,100000,100000,100000,1,1
2017-11-26,10000030,20524,94999984.84,94999984.84,94999984.84,1,1
2017-11-26,10000030,20526,119998510,119998510,119998510,1,1
2017-11-26,10000030,20528,75000000,75000000,75000000,2,2
2017-11-26,10000030,20532,100000000,100000000,100000000,4,4
2017-11-26,10000030,20557,39899990,39899990,39899990,1,1
2017-11-26,10000030,20595,20000000,20000000,20000000,1,1
2017-11-26,10000030,20757,608.44,226.88,990,2000,2
2017-11-26,10000030,20767,99999.99,99999.99,99999.99,500,1
2017-11-26,10000030,20835,1222994.5,1,2445988,2,2
2017-11-26,10000030,20961,5000,5000,5000,1000,1
2017-11-26,10000030,21010,1253962000,1253962000,1253962000,5,1
2017-11-26,10000030,21037,7105888,7099999,7111777,2,2
2017-11-26,10000030,21059,123318.18,120000,158999.99,44,40
2017-11-26,10000030,21071,41142.86,40000,48000,28,28
2017-11-26,10000030,21075,5000.12,5000.12,5000.12,1,1
2017-11-26,10000030,21080,250011.02,250011.02,250011.02,1,1
2017-11-26,10000030,21082,113073.09,113073.09,113073.09,1,1
2017-11-26,10000030,21096,2332011.53,1640924.62,2549994.99,24,16
2017-11-26,10000030,21344,1000,1000,1000,1000,1
2017-11-26,10000030,21368,10000,10000,10000,1500,1
2017-11-26,10000030,21484,99999999,99999999,99999999,1,1
2017-11-26,10000030,21571,100.01,100.01,100.01,1,1
2017-11-26,10000030,21572,2399999,2399999,2399999,7,1
2017-11-26,10000030,21584,5000,5000,5000,1,1
2017-11-26,10000030,21585,53979.25,28639,130000,4,3
2017-11-26,10000030,21586,1101000.34,1101000.34,1101000.34,1,1
2017-11-26,10000030,21587,6.02,6.02,6.02,181,3
2017-11-26,10000030,21588,6.02,6.02,6.02,102,1
2017-11-26,10000030,21589,18.03,18.03,18.03,530,5
2017-11-26,10000030,21590,280.47,11.02,999,22,2
2017-11-26,10000030,21591,10.01,10.01,10.01,85,2
2017-11-26,10000030,21592,6.1,6.07,6.11,1527,17
2017-11-26,10000030,21593,6.1,6.1,6.1,746,11
2017-11-26,10000030,21594,6.1,6.1,6.1,444,10
2017-11-26,10000030,21595,6.1,6.1,6.11,40,2
2017-11-26,10000030,21603,11055555.56,10000000,14000000,9,9
2017-11-26,10000030,21604,31372640,31372640,31372640,1,1
2017-11-26,10000030,21610,20000000,20000000,20000000,1,1
2017-11-26,10000030,21611,30000000,30000000,30000000,2,2
2017-11-26,10000030,21638,932327.4,472222.02,999989.96,39,7
2017-11-26,10000030,21640,937882.54,880000.11,947997.69,74,13
2017-11-26,10000030,21667,15000000,15000000,15000000,5,5
2017-11-26,10000030,21668,15000000,15000000,15000000,1,1
2017-11-26,10000030,21718,99888.38,99665.13,100000,6,6
2017-11-26,10000030,21722,846002.94,802002.02,850003.01,12,4
2017-11-26,10000030,21725,2450000.5,1100002.03,2899999.99,4,2
2017-11-26,10000030,21730,480000,479999.99,480000,2,2
2017-11-26,10000030,21731,151759.6,2501.04,226388.89,3,3
2017-11-26,10000030,21740,1220.95,1220.93,1220.95,38405,10
2017-11-26,10000030,21789,999999.96,999999.95,999999.96,4,4
2017-11-26,10000030,21791,45005.03,10.05,90000,2,2
2017-11-26,10000030,21802,25000000,25000000,25000000,3,3
2017-11-26,10000030,21803,17500000,17500000,17500000,3,3
2017-11-26,10000030,21815,7200001.64,7200001.64,7998999,141,22
2017-11-26,10000030,21841,97778,90000,113333.99,3,2
2017-11-26,10000030,21853,45625,7500,60000,4,4
2017-11-26,10000030,21855,11000.01,0.02,27500,5,2
2017-11-26,10000030,21857,13914.71,1400,23050.03,45,35
2017-11-26,10000030,21867,30,30,30,11500,2
2017-11-26,10000030,21868,600000,600000,600000,1,1
2017-11-26,10000030,21894,1300,1091.99,1400,57340,9
2017-11-26,10000030,21896,747.99,747.99,747.99,35004,17
2017-11-26,10000030,21898,491.99,491.99,491.99,88649,72
2017-11-26,10000030,21902,1500,1500,1500,28800,5
2017-11-26,10000030,21904,658.95,658.95,658.95,54860,18
2017-11-26,10000030,21906,465.43,465.43,465.43,37534,35
2017-11-26,10000030,21910,655.89,655.89,655.89,1000,1
2017-11-26,10000030,21912,968.54,968.54,968.54,6000,3
2017-11-26,10000030,21918,1261,1261,1261,10300,5
2017-11-26,10000030,21922,699.92,699.92,699.92,39400,14
2017-11-26,10000030,21924,638.07,638.07,638.07,53437,45
2017-11-26,10000030,21931,450,450,450,1000,1
2017-11-26,10000030,21935,1200.01,1200.01,1200.01,2200,3
2017-11-26,10000030,21937,797.98,797.98,797.98,28520,4
2017-11-26,10000030,21939,500,500,500,11570,6
2017-11-26,10000030,22043,25000000,25000000,25000000,2,2
2017-11-26,10000030,22107,22000001.97,22000001.97,22000001.97,1,1
2017-11-26,10000030,22109,220000000,220000000,220000000,1,1
2017-11-26,10000030,22113,10500000,10500000,10500000,1,1
2017-11-26,10000030,22114,13499969.96,13499969.96,13499969.96,1,1
2017-11-26,10000030,22117,14499999,14499999,14499999,1,1
2017-11-26,10000030,22175,44897,44897,44897,122,81
2017-11-26,10000030,22176,332640,332640,332640,2,2
2017-11-26,10000030,22177,88177.77,84236.22,90909.05,99,85
2017-11-26,10000030,22229,3587051.35,1288205.4,4379999.99,4,3
2017-11-26,10000030,22242,75000000,75000000,75000000,2,2
2017-11-26,10000030,22291,1098998.87,1098998.85,1098998.88,118,59
2017-11-26,10000030,22456,71999999.86,71999999.86,71999999.86,3,3
2017-11-26,10000030,22460,55021215.45,55021215.44,55021215.45,4,3
2017-11-26,10000030,22534,24999054.66,24999030.2,24999103.59,3,3
2017-11-26,10000030,22536,409499.94,392999.88,449999.98,4,4
2017-11-26,10000030,22541,9357142.71,9000000,9750000,7,7
2017-11-26,10000030,22542,80405.23,32000,250000,71,48
2017-11-26,10000030,22544,380708688.81,364062751.5,385563058.54,6,6
2017-11-26,10000030,22546,311999999.5,311999999,312000000,2,2
2017-11-26,10000030,22548,325353389.66,306107901.25,337499399,5,5
2017-11-26,10000030,22551,21900007,3600027.99,28000000,8,7
2017-11-26,10000030,22552,2499999.95,2499999.95,2499999.95,4,4
2017-11-26,10000030,22559,67999792.27,67999792.27,67999792.27,1,1
2017-11-26,10000030,22576,37783.9,34227,49125,10,5
2017-11-26,10000030,22577,250000,250000,250000,1,1
2017-11-26,10000030,22578,82559.96,80000,118500,68,68
2017-11-26,10000030,22611,19018600.2,19018600.2,19018600.2,1,1
2017-11-26,10000030,22761,32000000,32000000,32000000,4,4
2017-11-26,10000030,22778,219876.72,219876.72,219876.72,221,7
2017-11-26,10000030,22782,1649999.83,1649999.83,1649999.83,8,6
2017-11-26,10000030,22806,125454.55,120000,180000,22,22
2017-11-26,10000030,22807,120526.32,120000,130000,19,19
2017-11-26,10000030,22808,120000,120000,120000,19,19
2017-11-26,10000030,22809,121428.52,120000,149999,21,21
2017-11-26,10000030,22961,586.99,586.99,586.99,13900,9
2017-11-26,10000030,22969,862.47,862.47,862.47,1000,1
2017-11-26,10000030,22977,769.99,769.99,769.99,4160,3
2017-11-26,10000030,22991,1200,1200,1200,2000,1
2017-11-26,10000030,22993,1219.98,1219.98,1219.98,25000,2
2017-11-26,10000030,23009,466.94,466.94,466.94,99220,21
2017-11-26,10000030,23023,1000,1000,1000,1000,1
2017-11-26,10000030,23025,999.92,999.91,10000,22943,14
2017-11-26,10000030,23035,2500,2500,2500,1300,3
2017-11-26,10000030,23043,1200,1200,1200,3000,1
2017-11-26,10000030,23056,200473400,200473400,200473400,5,1
2017-11-26,10000030,23059,3000000,3000000,3000000,20,2
2017-11-26,10000030,23062,200013400,200013400,200013400,9,2
2017-11-26,10000030,23069,50000000,50000000,50000000,5,5
2017-11-26,10000030,23071,397218.91,397040.68,398050.64,34,9
2017-11-26,10000030,23079,698984.29,698984.29,698984.29,4,1
2017-11-26,10000030,23087,59000,59000,59000,1,1
2017-11-26,10000030,23089,699350.26,695080.75,700000,16,3
2017-11-26,10000030,23097,890000,890000,890000,20,1
2017-11-26,10000030,23105,1245039.49,1244999.77,1245079.2,16,2
2017-11-26,10000030,23121,214997,214997,214997,1,1
2017-11-26,10000030,23124,506662.65,260000,999987.96,3,3
2017-11-26,10000030,23135,932.72,932.72,932.72,1,1
2017-11-26,10000030,23137,6000001.15,6000001.15,6000001.15,1,1
2017-11-26,10000030,23158,3.02,3.02,3.02,307,4
2017-11-26,10000030,23159,1,1,1,322,4
2017-11-26,10000030,23160,6.02,6.02,6.02,395,4
2017-11-26,10000030,23161,51.09,51.09,51.09,105,2
2017-11-26,10000030,23162,2.52,2.52,2.52,78,2
2017-11-26,10000030,23163,6.03,6.03,6.03,67,1
2017-11-26,10000030,23164,2.02,2.02,2.02,41,1
2017-11-26,10000030,23165,3.07,3.07,3.07,16,1
2017-11-26,10000030,23166,3.02,3.02,3.02,22,1
2017-11-26,10000030,23175,1604.93,1604.93,1604.93,1,1
2017-11-26,10000030,23418,249999999.99,249999999.99,249999999.99,1,1
2017-11-26,10000030,23525,159999.98,159999.98,159999.98,10,1
2017-11-26,10000030,23526,14000000,14000000,14000000,1,1
2017-11-26,10000030,23527,455068.41,188005.41,499990.37,27,26
2017-11-26,10000030,23528,2130000,2130000,2130000,1,1
2017-11-26,10000030,23533,20999.99,20999.99,20999.99,2,2
2017-11-26,10000030,23559,169999.99,169999.99,169999.99,10,1
2017-11-26,10000030,23560,14000000,14000000,14000000,1,1
2017-11-26,10000030,23561,97484.87,60000,99983.86,16,3
2017-11-26,10000030,23562,14000000,14000000,14000000,1,1
2017-11-26,10000030,23564,14000000,14000000,14000000,1,1
2017-11-26,10000030,23566,422222.1,400000,599999.89,18,18
2017-11-26,10000030,23594,578571.43,450000,900000,7,7
2017-11-26,10000030,23606,175000,150000,299999.98,12,12
2017-11-26,10000030,23618,56250,50000,100000,16,16
2017-11-26,10000030,23705,34444.87,29997.99,85000,47,13
2017-11-26,10000030,23707,5899.99,5899.99,5899.99,118,25
2017-11-26,10000030,23709,46204.46,2706.93,124500,14,2
2017-11-26,10000030,23711,36760,36760,36760,2,1
2017-11-26,10000030,23719,5972.15,5972.15,5972.15,5,1
2017-11-26,10000030,23731,94642.3,94642.3,94642.3,10,1
2017-11-26,10000030,23791,74923.54,27.56,99888.87,4,4
2017-11-26,10000030,23805,210000000,210000000,210000000,1,1
2017-11-26,10000030,23950,64000000,64000000,64000000,2,2
2017-11-26,10000030,24241,50329.2,50000,58999.99,60,60
2017-11-26,10000030,24242,1039999.9,1000000,1399999,20,20
2017-11-26,10000030,24268,7500000,7500000,7500000,2,2
2017-11-26,10000030,24270,7500000,7500000,7500000,1,1
2017-11-26,10000030,24284,55000000,55000000,55000000,5,1
2017-11-26,10000030,24314,500000000,500000000,500000000,1,1
2017-11-26,10000030,24348,1031666.73,27970,1206999.99,51,20
2017-11-26,10000030,24395,182220.2,120018.89,245369.52,10,9
2017-11-26,10000030,24396,1400000,1400000,1400000,1,1
2017-11-26,10000030,24417,1554748.5,1519998,1668999,8,7
2017-11-26,10000030,24427,1473246.06,1026021,1539992,16,14
2017-11-26,10000030,24438,1428571.3,1222000.22,1944999,7,4
2017-11-26,10000030,24443,995331.87,590008.18,1198987.48,6,6
2017-11-26,10000030,24445,37526.26,0.01,150105.01,8,3
2017-11-26,10000030,24471,119.88,119.88,119.88,3880,6
2017-11-26,10000030,24473,123,123,123,1400,2
2017-11-26,10000030,24475,95.95,95.95,95.95,2050,4
2017-11-26,10000030,24477,161,161,161,1666,3
2017-11-26,10000030,24478,48.99,48.99,48.99,2500,3
2017-11-26,10000030,24479,130,130,130,2704,2
2017-11-26,10000030,24484,1150000000,1150000000,1150000000,6,2
2017-11-26,10000030,24486,379.98,379.98,379.98,4000,3
2017-11-26,10000030,24488,216.99,216.99,216.99,13500,5
2017-11-26,10000030,24490,367.85,367.85,367.85,7722,5
2017-11-26,10000030,24492,188.92,188.92,188.92,60499,5
2017-11-26,10000030,24495,188,188,188,13914,11
2017-11-26,10000030,24497,152.99,152.99,152.99,19745,14
2017-11-26,10000030,24499,193.92,193.92,193.92,9527,9
2017-11-26,10000030,24501,400,400,400,12000,2
2017-11-26,10000030,24503,146,146,146,1000,1
2017-11-26,10000030,24505,200,200,200,1000,1
2017-11-26,10000030,24507,982.99,982.99,982.99,1000,1
2017-11-26,10000030,24509,719.95,719.95,719.95,6500,3
2017-11-26,10000030,24511,1439.95,1439.95,1439.95,21000,7
2017-11-26,10000030,24513,899.99,899.99,899.99,6622,3
2017-11-26,10000030,24515,780.99,780,783.54,11500,4
2017-11-26,10000030,24517,950,950,950,2500,1
2017-11-26,10000030,24519,1966.68,1966.68,1966.68,10000,1
2017-11-26,10000030,24521,3150,3150,3150,5000,2
2017-11-26,10000030,24529,1699.01,1699.01,1699.01,250,1
2017-11-26,10000030,24531,600,600,600,3000,1
2017-11-26,10000030,24533,750,750,750,18890,4
2017-11-26,10000030,24541,540,540,540,10000,1
2017-11-26,10000030,24568,10000000,10000000,10000000,2,2
2017-11-26,10000030,24571,10000000,10000000,10000000,1,1
2017-11-26,10000030,24572,10000000,10000000,10000000,2,2
2017-11-26,10000030,24595,399,399,399,13708,2
2017-11-26,10000030,24613,15000000,15000000,15000000,4,4
2017-11-26,10000030,24624,23250000,20000000,26500000,2,2
2017-11-26,10000030,24625,20000000,20000000,20000000,1,1
2017-11-26,10000030,24632,19000000,19000000,19000000,1,1
2017-11-26,10000030,24638,250000000,250000000,250000000,1,1
2017-11-26,10000030,24688,194000000,194000000,194000000,1,1
2017-11-26,10000030,24692,177999909.86,177999909.86,177999909.86,1,1
2017-11-26,10000030,24694,181201402.01,160004001,186500000,5,5
2017-11-26,10000030,24696,34038000.01,34038000.01,34038000.01,1,1
2017-11-26,10000030,24698,44603877,40665000,46647998,9,8
2017-11-26,10000030,24702,43999713.92,40499500.37,44999998,7,7
2017-11-26,10000030,24703,565000000,565000000,565000000,5,2
2017-11-26,10000030,24764,20000000,20000000,20000000,1,1
2017-11-26,10000030,25233,487500,150000,1500000,4,4
2017-11-26,10000030,25235,199999.99,150000,500000,7,7
2017-11-26,10000030,25266,2815203.15,1600000.36,3349997.98,28,12
2017-11-26,10000030,25349,35998996.99,35998996.99,35998996.99,1,1
2017-11-26,10000030,25530,99999999,99999999,99999999,1,1
2017-11-26,10000030,25538,73690015,190020,147190009.99,2,2
2017-11-26,10000030,25544,25874980,24000000,26999968,8,6
2017-11-26,10000030,25565,136.19,135,137.37,2,2
2017-11-26,10000030,25567,2346.16,2346.16,2346.16,1,1
2017-11-26,10000030,25569,2000.07,0.11,6000,3,3
2017-11-26,10000030,25571,302.22,302.22,302.22,7,2
2017-11-26,10000030,25588,13701.01,13701.01,13701.01,1314,58
2017-11-26,10000030,25589,5100,5100,5100,2419,104
2017-11-26,10000030,25590,109000.01,108000,109004.1,3165,120
2017-11-26,10000030,25591,227000.01,227000.01,227000.01,1238,86
2017-11-26,10000030,25592,11100,11100,11100,1419,57
2017-11-26,10000030,25593,7000,7000,7000,4679,118
2017-11-26,10000030,25594,47000,47000,47000,3103,57
2017-11-26,10000030,25595,17500,17500,17500.07,5380,110
2017-11-26,10000030,25596,38201.02,38201.02,38201.02,1569,90
2017-11-26,10000030,25597,2700,2700,2700,5259,86
2017-11-26,10000030,25598,11301.1,11300,11498,16674,161
2017-11-26,10000030,25599,1100.04,1100.03,1300,20513,159
2017-11-26,10000030,25600,25000,25000,25000,10311,167
2017-11-26,10000030,25601,4106,3802.15,4106.12,11338,161
2017-11-26,10000030,25602,12300,12300,12300,4022,29
2017-11-26,10000030,25603,35000.02,35000.02,35000.03,1036,42
2017-11-26,10000030,25604,11400,11400,11400,1424,67
2017-11-26,10000030,25605,42000.01,42000.01,42000.01,3213,114
2017-11-26,10000030,25606,75999.91,71000,76000,683,28
2017-11-26,10000030,25607,29644.01,25686,49999.49,86,8
2017-11-26,10000030,25608,620003,620003,620003,110,6
2017-11-26,10000030,25609,330778.16,291051.45,333010,94,6
2017-11-26,10000030,25610,327170.69,102300.01,375000.13,85,6
2017-11-26,10000030,25611,75689.01,75689.01,75689.01,430,13
2017-11-26,10000030,25612,999999.99,852002.73,999999.99,388,11
2017-11-26,10000030,25613,647991.13,611004.01,650303,17,4
2017-11-26,10000030,25614,650000.44,650000.44,650000.44,223,12
2017-11-26,10000030,25615,3023803.97,3011105.07,3100000,84,9
2017-11-26,10000030,25616,8573.04,8573.04,8573.04,570,22
2017-11-26,10000030,25617,400000,390204.44,400000.44,422,30
2017-11-26,10000030,25618,10300,10300,10300,408,27
2017-11-26,10000030,25619,700042.09,700042.01,700042.9,352,23
2017-11-26,10000030,25620,45000.01,45000.01,45002,595,24
2017-11-26,10000030,25621,955022,955022,955022,303,15
2017-11-26,10000030,25622,741596.6,681560,769844,87,12
2017-11-26,10000030,25623,68945,68945,68945,1018,9
2017-11-26,10000030,25624,4560544.42,4560500.35,4560599.9,61,7
2017-11-26,10000030,25625,2802602.97,2800040.15,2900000,39,6
2017-11-26,10000030,25707,309741.19,121091.48,521972.09,17,6
2017-11-26,10000030,25709,4123.28,4000.01,9999.99,11,10
2017-11-26,10000030,25711,8.34,5.01,10,3,3
2017-11-26,10000030,25713,98581.51,40000,199999,5,4
2017-11-26,10000030,25715,1607883.92,1500000,1929997,26,4
2017-11-26,10000030,25718,3000000,3000000,3000000,2,2
2017-11-26,10000030,25719,127193.26,100000,200000,15,15
2017-11-26,10000030,25736,10895995.95,10895995.95,10895995.95,1,1
2017-11-26,10000030,25739,483000,450000,780000,10,10
2017-11-26,10000030,25810,450000,449999.99,450000,10,10
2017-11-26,10000030,25811,506249.72,450000,899997.79,8,8
2017-11-26,10000030,25812,5121427.36,5099999,5199997.99,14,4
2017-11-26,10000030,25861,52934.79,52934.79,52934.79,121,74
2017-11-26,10000030,25863,593118.37,1051.6,1000000,6,4
2017-11-26,10000030,25887,85002.3,85002.3,85002.3,10,1
2017-11-26,10000030,25888,13492195.74,11995995.95,13990929,4,4
2017-11-26,10000030,25890,14950948,14950948,14950948,3,3
2017-11-26,10000030,25892,9959284.65,9895995.95,9990929,3,3
2017-11-26,10000030,25894,12916746.63,12850109.9,12950065,9,4
2017-11-26,10000030,25898,14690000,14690000,14690000,1,1
2017-11-26,10000030,25900,15990032.3,15990032.3,15990032.3,2,2
2017-11-26,10000030,25902,22999000,22999000,22999000,1,1
2017-11-26,10000030,25906,1990940,1990940,1990940,2,2
2017-11-26,10000030,25908,8990460,8990460,8990460,1,1
2017-11-26,10000030,25912,8990452,8990452,8990452,1,1
2017-11-26,10000030,25916,14990815,14990815,14990815,2,1
2017-11-26,10000030,25920,14950948,14950948,14950948,1,1
2017-11-26,10000030,25954,11990920,11990920,11990920,1,1
2017-11-26,10000030,25956,16000000,16000000,16000000,1,1
2017-11-26,10000030,25996,6990584,6990584,6990584,1,1
2017-11-26,10000030,26008,29990275.2,29990275.2,29990275.2,1,1
2017-11-26,10000030,26016,6790580,6790580,6790580,1,1
2017-11-26,10000030,26020,6950549,6950549,6950549,1,1
2017-11-26,10000030,26026,6299999,6299999,6299999,1,1
2017-11-26,10000030,26028,6560520,6560520,6560520,1,1
2017-11-26,10000030,26030,8990722,8990722,8990722,4,4
2017-11-26,10000030,26042,1448767.89,1448767.89,1448767.89,1,1
2017-11-26,10000030,26046,2878676.88,2878676.88,2878676.88,1,1
2017-11-26,10000030,26048,3990229,3990229,3990229,1,1
2017-11-26,10000030,26058,6990405,6990405,6990405,2,1
2017-11-26,10000030,26068,8890506,8890501.99,8890510,2,2
2017-11-26,10000030,26076,2190980,2190980,2190980,2,2
2017-11-26,10000030,26084,9890749,9890749,9890749,3,1
2017-11-26,10000030,26086,8980712,8980712,8980712,2,1
2017-11-26,10000030,26088,8980614.75,8979990,8980704,8,6
2017-11-26,10000030,26224,42000000,42000000,42000000,1,1
2017-11-26,10000030,26252,53982.54,19550.25,60000,40,39
2017-11-26,10000030,26253,100306.37,100000,113676.46,12,11
2017-11-26,10000030,26254,19876.71,19136.96,20000,14,13
2017-11-26,10000030,26255,100000,100000,100000,20,18
2017-11-26,10000030,26256,100000,100000,100000,13,13
2017-11-26,10000030,26257,100000,100000,100000,17,16
2017-11-26,10000030,26258,100000,100000,100000,6,5
2017-11-26,10000030,26259,100000,100000,100000,8,7
2017-11-26,10000030,26260,100000,100000,100000,15,14
2017-11-26,10000030,26261,106250,100000,249999.99,24,18
2017-11-26,10000030,26368,60498985.99,60498977,60498994.99,4,3
2017-11-26,10000030,26374,44999494.5,43998989.99,45999999,4,3
2017-11-26,10000030,26402,23794998.96,23794998.96,23794998.96,23,5
2017-11-26,10000030,26430,69999702.97,69999702.97,69999702.97,1,1
2017-11-26,10000030,26436,17996999.67,17996999,17997000,3,2
2017-11-26,10000030,26442,17997998.99,17997998.99,17997998.99,2,2
2017-11-26,10000030,26450,93997979.98,93997979.98,93997979.98,1,1
2017-11-26,10000030,26759,300000,300000,300000,1,1
2017-11-26,10000030,26760,600000,600000,600000,1,1
2017-11-26,10000030,26888,31499999.92,31499999.91,31499999.92,4,2
2017-11-26,10000030,26912,2114937.17,2099999,2119998.99,12,5
2017-11-26,10000030,26913,3229999,3229999,3229999,1,1
2017-11-26,10000030,26914,1402940.22,35002.46,2599885.68,15,5
2017-11-26,10000030,26929,194503.62,168999.9,399900,29,20
2017-11-26,10000030,26931,2900791.55,2899993.99,2903980.99,5,5
2017-11-26,10000030,27015,20000,20000,20000,129,129
2017-11-26,10000030,27068,766211.6,750000,790529,5,4
2017-11-26,10000030,27073,1389999.99,1389999.99,1389999.99,1,1
2017-11-26,10000030,27074,2854809.54,2854809.54,2854809.54,1,1
2017-11-26,10000030,27075,4420837.98,4420837.98,4420837.98,1,1
2017-11-26,10000030,27080,4899901.01,4899901.01,4899901.01,1,1
2017-11-26,10000030,27081,1735590,1735590,1735590,2,2
2017-11-26,10000030,27095,1700000,1700000,1700000,1,1
2017-11-26,10000030,27107,1549999.63,1549999.63,1549999.63,1,1
2017-11-26,10000030,27126,179950000,179950000,179950000,1,1
2017-11-26,10000030,27127,2865661.62,1750000,3110992.44,6,6
2017-11-26,10000030,27143,1189693.98,1189693.98,1189693.98,1,1
2017-11-26,10000030,27169,29999999,29999999,29999999,1,1
2017-11-26,10000030,27174,250000000,250000000,250000000,1,1
2017-11-26,10000030,27188,33999911.72,33999911.72,33999911.72,1,1
2017-11-26,10000030,27251,1499747.31,1499747.31,1499747.31,1,1
2017-11-26,10000030,27255,2000000,2000000,2000000,1,1
2017-11-26,10000030,27260,37996410.55,37996410.55,37996410.55,1,1
2017-11-26,10000030,27315,988.92,988.92,988.92,48237,13
2017-11-26,10000030,27321,1299.96,1299.96,1299.96,1903,8
2017-11-26,10000030,27327,1125,1125,1125,3622,9
2017-11-26,10000030,27331,1.1,1.1,1.1,1000,1
2017-11-26,10000030,27333,1500,1500,1500,2933,7
2017-11-26,10000030,27337,1680.6,1680.6,1680.6,446,1
2017-11-26,10000030,27339,2999,2999,2999,1378,3
2017-11-26,10000030,27345,2800,2800,2800,10700,4
2017-11-26,10000030,27351,2997.94,2997.94,2997.94,5146,4
2017-11-26,10000030,27357,1799.99,1799.99,1799.99,500,1
2017-11-26,10000030,27359,1251.06,1250.88,3999.8,1616,5
2017-11-26,10000030,27361,1199.9,1199.9,1199.9,16335,17
2017-11-26,10000030,27367,225,225,225,539,1
2017-11-26,10000030,27371,1250,1250,2069.7,22697,16
2017-11-26,10000030,27381,1255,1255,1255,26176,12
2017-11-26,10000030,27387,2304.95,2304.95,2304.95,23078,14
2017-11-26,10000030,27401,2799.99,2799.99,2799.99,3500,2
2017-11-26,10000030,27405,2797.29,2797.29,2797.29,38211,6
2017-11-26,10000030,27411,1799.99,1799.99,1799.99,1000,1
2017-11-26,10000030,27413,3199.99,3199.99,3199.99,16000,4
2017-11-26,10000030,27419,2779.6,2779.6,2779.6,1700,2
2017-11-26,10000030,27435,2499.68,2499.68,2499.68,1240,2
2017-11-26,10000030,27441,1497.96,1497.96,1497.96,17775,9
2017-11-26,10000030,27445,4999.99,4999.99,4999.99,2000,1
2017-11-26,10000030,27447,7269.8,7269.8,7269.8,6523,4
2017-11-26,10000030,27453,4768.39,4768.39,4768.39,1300,2
2017-11-26,10000030,27902,100000,100000,100000,16,16
2017-11-26,10000030,27906,25000000,25000000,25000000,4,4
2017-11-26,10000030,27911,12000000,12000000,12000000,3,3
2017-11-26,10000030,27912,1366664.4,1200000.01,1699993.17,6,2
2017-11-26,10000030,27914,2521200.84,2249999.09,3199205.23,7,6
2017-11-26,10000030,27918,1317496.49,600000.01,1419995.99,8,5
2017-11-26,10000030,27932,250000,250000,250000,1,1
2017-11-26,10000030,27936,10000000,10000000,10000000,2,2
2017-11-26,10000030,28073,10639089.38,8000000,14597723.46,5,5
2017-11-26,10000030,28164,3200033.34,600100.01,4500000,3,3
2017-11-26,10000030,28209,1199949.47,1199948.99,1199950,19,2
2017-11-26,10000030,28211,699959.96,699956.89,699960,25,3
2017-11-26,10000030,28213,1299034.71,1244998.92,1369696.9,30,6
2017-11-26,10000030,28215,999977.71,999977.71,999977.71,9,1
2017-11-26,10000030,28266,1899999,1899999,1899999,5,1
2017-11-26,10000030,28270,1140000,1100000,1200000,5,3
2017-11-26,10000030,28272,48999849.22,48999848.98,48999850.42,6,4
2017-11-26,10000030,28274,1110999.94,1110999.94,1110999.94,10,3
2017-11-26,10000030,28276,19999974.98,19999969.97,19999979.98,2,2
2017-11-26,10000030,28282,1590798.99,1590798.99,1590798.99,2,1
2017-11-26,10000030,28286,2367125.57,2249999.75,2449113.65,17,4
2017-11-26,10000030,28290,2469999.92,2469999.9,2469999.95,8,3
2017-11-26,10000030,28294,1299999.77,1299999.77,1299999.77,5,1
2017-11-26,10000030,28302,999999.99,999999.99,999999.99,12,3
2017-11-26,10000030,28332,1300,1300,1300,1200,1
2017-11-26,10000030,28334,962.84,962.84,962.84,12320,8
2017-11-26,10000030,28336,952.86,952.86,952.86,19143,18
2017-11-26,10000030,28352,2900000000,2900000000,2900000000,1,1
2017-11-26,10000030,28361,3434.93,3434.93,3434.93,4958,13
2017-11-26,10000030,28362,214999.88,171000.02,214999.9,4334,17
2017-11-26,10000030,28363,176899.95,176899.95,176899.95,201,6
2017-11-26,10000030,28364,6002.13,6002,6004,16,2
2017-11-26,10000030,28365,18011.01,18011.01,18011.01,221,3
2017-11-26,10000030,28366,2443120.83,2011000,3000329,87,6
2017-11-26,10000030,28374,500000000,500000000,500000000,2,2
2017-11-26,10000030,28403,26600.01,26600.01,26600.01,16,1
2017-11-26,10000030,28407,22850.01,22850.01,22850.01,25,1
2017-11-26,10000030,28408,40000,40000,40000,19,1
2017-11-26,10000030,28409,17000,17000,17000,86,1
2017-11-26,10000030,28410,18000,18000,18000,26,1
2017-11-26,10000030,28411,17000,17000,17000,410,1
2017-11-26,10000030,28415,6104.12,6104.12,6104.12,146,2
2017-11-26,10000030,28416,7115,7115,7115,153,1
2017-11-26,10000030,28417,6224.16,6224.16,6224.16,438,3
2017-11-26,10000030,28421,6249.01,6249.01,6249.01,110749,11
2017-11-26,10000030,28422,6065.11,6065.11,6065.11,6076,20
2017-11-26,10000030,28423,6455,6455,6455,4472,6
2017-11-26,10000030,28427,1700,1700,1700,129,2
2017-11-26,10000030,28428,2105,2105,2105,1926,3
2017-11-26,10000030,28430,1580,1580,1580,6704,2
2017-11-26,10000030,28431,1500,1500,1500,1240,3
2017-11-26,10000030,28432,1500,1500,1500,1229,1
2017-11-26,10000030,28438,197000,197000,197000,3238,7
2017-11-26,10000030,28576,883325.56,700000.01,899995.58,47,28
2017-11-26,10000030,28578,989898,989898,989898,1,1
2017-11-26,10000030,28585,24000000,23000000,25000000,2,2
2017-11-26,10000030,28615,7000000,4000000,8000000,4,4
2017-11-26,10000030,28646,7499995,7499994.98,7499995,4,4
2017-11-26,10000030,28647,31372640,31372640,31372640,1,1
2017-11-26,10000030,28654,4999999.97,4999999.97,4999999.97,1,1
2017-11-26,10000030,28656,64000000,64000000,64000000,2,2
2017-11-26,10000030,28667,64000000,64000000,64000000,2,2
2017-11-26,10000030,28668,31100.47,30000,31100.49,16851,132
2017-11-26,10000030,28670,311571,311571,311571,10,1
2017-11-26,10000030,28674,1798690,1798690,1798690,7,2
2017-11-26,10000030,28676,1391776.99,1391776.99,1391776.99,1,1
2017-11-26,10000030,28700,8.42,8.42,8.42,1247,2
2017-11-26,10000030,28710,1588666666.66,1588666666.66,1588666666.66,1,1
2017-11-26,10000030,28756,43992344.66,43984819.57,43994859.7,4,4
2017-11-26,10000030,28758,32151078.95,28829234.67,33459891.87,17,15
2017-11-26,10000030,28879,1000000,1000000,1000000,2,2
2017-11-26,10000030,28974,98000,98000,98000,315,1
2017-11-26,10000030,28999,23771.38,2777.9,79999.99,54,18
2017-11-26,10000030,29001,1345.7,1345.7,1345.7,119,18
2017-11-26,10000030,29003,79999.99,79999.99,79999.99,1,1
2017-11-26,10000030,29005,7195.15,12.11,8990.9,15,9
2017-11-26,10000030,29007,34951.81,15501.59,40138.53,19,13
2017-11-26,10000030,29009,49922.93,6591.92,61998.79,78,16
2017-11-26,10000030,29011,55249.71,15000,92999.98,70,28
2017-11-26,10000030,29013,27543.66,10.07,79999.99,11,5
2017-11-26,10000030,29015,16164.01,3.08,25398.83,11,5
2017-11-26,10000030,29029,124996066.06,124996066.06,124996066.06,1,1
2017-11-26,10000030,29248,384509.23,78111,428289,8,8
2017-11-26,10000030,29266,3899998,3899998,3899998,1,1
2017-11-26,10000030,29336,55515663.29,52028800.02,59999259.86,9,7
2017-11-26,10000030,29637,50000000,50000000,50000000,5,5
2017-11-26,10000030,29984,185988688.13,185988674.23,185988702.03,2,2
2017-11-26,10000030,29990,259999808.87,259999803.86,259999813.87,2,2
2017-11-26,10000030,30013,7149.99,7149.98,7149.99,1154,123
2017-11-26,10000030,30018,7030.04,7030.04,7030.04,21,3
2017-11-26,10000030,30019,803.68,803.68,803.68,162,3
2017-11-26,10000030,30021,23252,23252,23252,287,4
2017-11-26,10000030,30022,60524,60524,60524,10,3
2017-11-26,10000030,30024,9011.91,9011.91,9011.91,24,3
2017-11-26,10000030,30028,64999,26118.98,64999.97,209,15
2017-11-26,10000030,30248,35734.08,35734.08,35734.08,19,3
2017-11-26,10000030,30251,3400,3400,3400,292,4
2017-11-26,10000030,30252,20001.29,20001.01,20002,7,4
2017-11-26,10000030,30254,1338.64,1338.64,1338.64,541,4
2017-11-26,10000030,30258,30856,30856,30856,17,3
2017-11-26,10000030,30259,702907,702907,702907,33,4
2017-11-26,10000030,30268,42200.31,42200.31,42200.31,3,1
2017-11-26,10000030,30269,42050.03,42050.03,42050.03,4,2
2017-11-26,10000030,30270,40008.02,40008.02,40008.02,8,2
2017-11-26,10000030,30271,33001,33001,33001,1,1
2017-11-26,10000030,30324,10000000,10000000,10000000,5,1
2017-11-26,10000030,30325,10000000,10000000,10000000,1,1
2017-11-26,10000030,30327,10000000,10000000,10000000,1,1
2017-11-26,10000030,30328,10.01,10,10.01,2,2
2017-11-26,10000030,30370,3199,3199,3199,2980,2
2017-11-26,10000030,30372,1558.24,1558.24,1558.24,2360,2
2017-11-26,10000030,30373,7106.04,7106.04,7106.04,5004,6
2017-11-26,10000030,30374,3504.02,3504.02,3504.02,840,2
2017-11-26,10000030,30420,630.22,630.22,630.22,1,1
2017-11-26,10000030,30422,558.81,558.81,558.81,1,1
2017-11-26,10000030,30486,557998.94,557998.89,557998.94,146,14
2017-11-26,10000030,30488,443415.78,399500,443415.83,743,48
2017-11-26,10000030,30497,5000.11,5000.11,5000.11,798,5
2017-11-26,10000030,30532,5000000,5000000,5000000,2,2
2017-11-26,10000030,30537,5000000,5000000,5000000,2,2
2017-11-26,10000030,30538,5000000,5000000,5000000,2,2
2017-11-26,10000030,30539,3335005.19,5015.56,5000000,3,3
2017-11-26,10000030,30540,5000000,5000000,5000000,1,1
2017-11-26,10000030,30544,5000000,5000000,5000000,2,2
2017-11-26,10000030,30545,5000000,5000000,5000000,6,6
2017-11-26,10000030,30546,3759000.02,2518000.04,5000000,2,2
2017-11-26,10000030,30547,5000000,5000000,5000000,7,7
2017-11-26,10000030,30548,5000000,5000000,5000000,3,3
2017-11-26,10000030,30549,5000000,5000000,5000000,3,3
2017-11-26,10000030,30550,5000000,5000000,5000000,1,1
2017-11-26,10000030,30551,5000000,5000000,5000000,8,8
2017-11-26,10000030,30552,5000000,5000000,5000000,2,2
2017-11-26,10000030,30553,5000000,5000000,5000000,1,1
2017-11-26,10000030,30554,5000000,5000000,5000000,6,6
2017-11-26,10000030,30650,1500000,1500000,1500000,2,2
2017-11-26,10000030,30651,1500000,1500000,1500000,3,3
2017-11-26,10000030,30652,1500000,1500000,1500000,2,2
2017-11-26,10000030,30653,1250250.93,1505.55,1500000,6,6
2017-11-26,10000030,30744,200000,200000,200000,3587,20
2017-11-26,10000030,30745,500000,500000,500000,4349,28
2017-11-26,10000030,30746,1500000,1500000,1500000,1803,14
2017-11-26,10000030,30747,5000000,5000000,5000000,678,12
2017-11-26,10000030,30788,10000000,10000000,10000000,1,1
2017-11-26,10000030,30832,1614992.15,1439978.99,2499999.99,6,6
2017-11-26,10000030,30834,2184666.34,1479999,2890000.02,6,6
2017-11-26,10000030,30836,1593960.48,1593960.16,1593960.49,10,6
2017-11-26,10000030,30839,8654.29,8654.29,8654.29,1,1
2017-11-26,10000030,30987,572537.84,570529.99,580529.82,59,23
2017-11-26,10000030,30999,2130616.57,1895995.95,2990200,5,5
2017-11-26,10000030,31003,9999999,9999999,9999999,1,1
2017-11-26,10000030,31005,17698989.99,17698989.99,17698989.99,1,1
2017-11-26,10000030,31009,521102.96,475000,525990.57,63,40
2017-11-26,10000030,31011,2986400.74,2975000,2990200.99,12,12
2017-11-26,10000030,31015,8389987.05,8389986.97,8389987.47,6,2
2017-11-26,10000030,31017,26193093.33,26192995,26193289.99,3,3
2017-11-26,10000030,31021,506206.67,475000,590430,18,9
2017-11-26,10000030,31023,2380067,2075000,2990201,3,3
2017-11-26,10000030,31027,10995995.95,10995995.95,10995995.95,2,2
2017-11-26,10000030,31033,770247.47,540494.95,999999.99,2,2
2017-11-26,10000030,31035,2887500,2875000,2900000,2,2
2017-11-26,10000030,31039,16786777.78,1000.01,18885000,9,7
2017-11-26,10000030,31041,20211497.31,2000000,26281996.41,4,4
2017-11-26,10000030,31045,1331583.47,749999,1390739.84,54,25
2017-11-26,10000030,31047,2888984.8,2888984.79,2888984.8,3,3
2017-11-26,10000030,31051,8297689.49,8297000,8297984.99,10,9
2017-11-26,10000030,31053,37584489,37584389,37584799,4,3
2017-11-26,10000030,31055,2284829.61,2200000,2287898.97,28,11
2017-11-26,10000030,31057,9714199.33,9695930,9970000,15,9
2017-11-26,10000030,31059,21153200.99,21140510.44,21200000,14,9
2017-11-26,10000030,31063,684249.98,680999.98,719999.99,12,10
2017-11-26,10000030,31065,1695000.01,100000.01,3290000,2,2
2017-11-26,10000030,31069,11092000,11092000,11092000,2,2
2017-11-26,10000030,31071,53123699.4,53122999.95,53123935.89,4,4
2017-11-26,10000030,31083,775672.72,770740,780739.99,11,5
2017-11-26,10000030,31085,3054999.99,3054999.99,3054999.99,7,3
2017-11-26,10000030,31091,59997500,59997500,59997500,6,4
2017-11-26,10000030,31105,237499.9,237499.89,237499.9,6,5
2017-11-26,10000030,31107,1819838.94,1819838.94,1819838.94,3,1
2017-11-26,10000030,31111,5988809.17,5988809.17,5988809.17,1,1
2017-11-26,10000030,31117,237997.85,237997.81,237998,5,3
2017-11-26,10000030,31119,1197731.24,1180950,1230949.76,29,12
2017-11-26,10000030,31123,4499079.23,4498998.41,4499099.44,5,3
2017-11-26,10000030,31125,12999436.58,12999380.44,12999460.43,14,9
2017-11-26,10000030,31153,189995.2,189995.18,189995.22,16,12
2017-11-26,10000030,31155,2715349.23,1279885,2790899.98,20,11
2017-11-26,10000030,31159,440710.38,390270,490187.46,38,19
2017-11-26,10000030,31161,1490112.77,1490112.75,1490112.78,18,11
2017-11-26,10000030,31165,5088369.93,5088334.99,5088584,30,13
2017-11-26,10000030,31167,14967071.98,14966999.95,14967089.99,5,4
2017-11-26,10000030,31171,5981913.99,5981913.99,5981913.99,6,4
2017-11-26,10000030,31173,11399975.6,11399975,11399976,5,3
2017-11-26,10000030,31177,237133.21,219989.34,400000,21,9
2017-11-26,10000030,31178,125000,125000,125000,1,1
2017-11-26,10000030,31179,1130381.43,1089999.98,1190953.56,15,8
2017-11-26,10000030,31180,750000,750000,750000,1,1
2017-11-26,10000030,31183,3587978,3587978,3587978,3,3
2017-11-26,10000030,31185,13998099,13998099,13998099,2,2
2017-11-26,10000030,31189,178999.99,178999.99,178999.99,2,1
2017-11-26,10000030,31201,217900.6,190000,253059.83,39,21
2017-11-26,10000030,31202,125000,125000,125000,2,2
2017-11-26,10000030,31204,750000,750000,750000,1,1
2017-11-26,10000030,31207,2899988.5,2899988,2899989,2,2
2017-11-26,10000030,31209,9795895,9795895,9795895,1,1
2017-11-26,10000030,31213,66396.46,64999.92,77777.77,99,50
2017-11-26,10000030,31214,125000,125000,125000,3,3
2017-11-26,10000030,31215,580389.99,580389.99,580389.99,2,1
2017-11-26,10000030,31216,750000,750000,750000,1,1
2017-11-26,10000030,31220,4999991.49,4999990,4999994.46,3,3
2017-11-26,10000030,31226,117777.77,117777.77,117777.77,1,1
2017-11-26,10000030,31232,4777552.99,4777552.99,4777552.99,1,1
2017-11-26,10000030,31238,129999.52,129998.81,130000,15,12
2017-11-26,10000030,31239,125000,125000,125000,1,1
2017-11-26,10000030,31241,750000,750000,750000,1,1
2017-11-26,10000030,31246,8797851.67,8797789,8797977,3,3
2017-11-26,10000030,31274,270227.87,270227.87,270227.87,1,1
2017-11-26,10000030,31280,4394984.97,4394984.97,4394984.97,1,1
2017-11-26,10000030,31282,23859768,23859768,23859768,1,1
2017-11-26,10000030,31289,750000,750000,750000,1,1
2017-11-26,10000030,31322,289994.42,289993.98,289994.99,14,5
2017-11-26,10000030,31348,1600000,1600000,1600000,4,1
2017-11-26,10000030,31358,563978.99,190000.05,574992.91,35,27
2017-11-26,10000030,31359,125000,125000,125000,1,1
2017-11-26,10000030,31360,3403758.91,3328999,3800000,25,22
2017-11-26,10000030,31364,4648516.27,2225001.01,4799985.97,17,16
2017-11-26,10000030,31366,23884908.44,23883999,23885800,9,8
2017-11-26,10000030,31370,268952.28,268000,268999.89,42,22
2017-11-26,10000030,31371,125000,125000,125000,1,1
2017-11-26,10000030,31372,1821409.55,1780100,2375000,22,16
2017-11-26,10000030,31373,750000,750000,750000,1,1
2017-11-26,10000030,31376,4865576.95,1825001.01,5299944.94,8,6
2017-11-26,10000030,31378,9841410.24,9249930.38,9939990.22,7,4
2017-11-26,10000030,31382,260000,260000,260000,1,1
2017-11-26,10000030,31394,178900,178900,178900,2,2
2017-11-26,10000030,31402,26920495,26920000,26920990,2,2
2017-11-26,10000030,31406,803262.5,547500,839800,8,5
2017-11-26,10000030,31408,2035400,1969000,2300000,5,4
2017-11-26,10000030,31412,7699955.99,7699955.48,7699956.49,2,2
2017-11-26,10000030,31414,26995915.12,26995915.12,26995915.12,1,1
2017-11-26,10000030,31442,550179.5,550179,550180,2,2
2017-11-26,10000030,31454,207585,195000,220170,2,2
2017-11-26,10000030,31456,703333.33,695000,720000,3,2
2017-11-26,10000030,31478,990150,990150,990150,6,5
2017-11-26,10000030,31480,990460,990460,990460,2,1
2017-11-26,10000030,31484,3497280.99,3497280.99,3497281,6,4
2017-11-26,10000030,31526,1489958.33,1489957.99,1489959,3,3
2017-11-26,10000030,31538,1262087.94,1150000,1290109.93,5,5
2017-11-26,10000030,31546,7999860.29,7999860.29,7999860.29,1,1
2017-11-26,10000030,31562,990620,990620,990620,3,1
2017-11-26,10000030,31570,9617998,9617998,9617998,1,1
2017-11-26,10000030,31586,290338.24,250000.01,308897.91,10,8
2017-11-26,10000030,31588,2312999.99,2312999.99,2312999.99,3,3
2017-11-26,10000030,31592,4997948.99,4997948.99,4997948.99,4,4
2017-11-26,10000030,31594,15989903.09,15989894.11,15989947.99,6,6
2017-11-26,10000030,31598,289998.82,289997.99,289998.99,12,3
2017-11-26,10000030,31600,1574999,1574999,1574999,3,3
2017-11-26,10000030,31604,7999997,7999997,7999997,2,1
2017-11-26,10000030,31606,16199989.99,16199989.99,16199989.99,1,1
2017-11-26,10000030,31608,299898,299898,299898,8,4
2017-11-26,10000030,31610,2950127.5,2950126.99,2950128,2,2
2017-11-26,10000030,31614,8451849,8451849,8451849,2,2
2017-11-26,10000030,31616,14999971.77,14999971.77,14999971.77,1,1
2017-11-26,10000030,31620,398666.62,395000,399999.94,15,10
2017-11-26,10000030,31622,2050157.99,2050157.99,2050157.99,3,3
2017-11-26,10000030,31626,5983504.35,5983492,5983510.53,3,3
2017-11-26,10000030,31632,289999,289999,289999,1,1
2017-11-26,10000030,31644,218000,218000,218000,3,3
2017-11-26,10000030,31646,1319000,1319000,1319000,1,1
2017-11-26,10000030,31650,5444294.3,5444294.3,5444294.3,1,1
2017-11-26,10000030,31652,17999853.93,17999848.92,17999858.93,2,2
2017-11-26,10000030,31656,119081.67,87500,119995,23,5
2017-11-26,10000030,31658,500469.99,500469.99,500470,5,4
2017-11-26,10000030,31668,157121.4,156709,162691.03,31,19
2017-11-26,10000030,31670,470987.99,470987.99,470987.99,5,3
2017-11-26,10000030,31674,4199918.99,4199918.99,4199918.99,1,1
2017-11-26,10000030,31676,18387312.98,18387312.98,18387312.98,1,1
2017-11-26,10000030,31680,112770.64,105995,170000,71,38
2017-11-26,10000030,31682,566738.65,500000.03,600000.03,6,6
2017-11-26,10000030,31686,4414562.74,3497900,4720116.99,4,4
2017-11-26,10000030,31692,717378.41,475000,959756.82,2,2
2017-11-26,10000030,31694,469991,469991,469991,1,1
2017-11-26,10000030,31704,345945.44,195000,410150,17,11
2017-11-26,10000030,31705,125000,125000,125000,1,1
2017-11-26,10000030,31706,990419.99,990419.99,990419.99,1,1
2017-11-26,10000030,31707,750000,750000,750000,1,1
2017-11-26,10000030,31712,14999999,14999999,14999999,1,1
2017-11-26,10000030,31716,82662.41,79798.91,119999.99,74,44
2017-11-26,10000030,31718,344391.35,329990.4,595000,55,30
2017-11-26,10000030,31722,3518978.09,3518971.99,3518978.85,9,9
2017-11-26,10000030,31724,4399999.14,4399999,4400000,7,6
2017-11-26,10000030,31728,119999.76,45000,194999.51,2,2
2017-11-26,10000030,31730,582660,275000,890320,2,2
2017-11-26,10000030,31736,4399999.95,4399999.95,4399999.95,1,1
2017-11-26,10000030,31740,122357.09,98946.62,216000,5,5
2017-11-26,10000030,31742,390320,390320,390320,4,4
2017-11-26,10000030,31748,4395800,4395800,4395800,1,1
2017-11-26,10000030,31752,150088.81,146869.99,164000,30,21
2017-11-26,10000030,31754,422404.75,152000,428999.99,42,18
2017-11-26,10000030,31758,3996998.98,3996998.98,3996998.98,1,1
2017-11-26,10000030,31760,4399999.99,4399999.99,4399999.99,4,3
2017-11-26,10000030,31766,214999.98,214999.98,214999.98,3,1
2017-11-26,10000030,31772,6798619.89,6798619.89,6798619.89,2,2
2017-11-26,10000030,31788,469869.79,459999.99,469869.99,125,45
2017-11-26,10000030,31790,2192968.47,2170000,2850000,76,40
2017-11-26,10000030,31794,7863080,7862988,7863670,15,11
2017-11-26,10000030,31796,22963072.49,22963000,22963089.99,14,12
2017-11-26,10000030,31800,100389.99,519.99,400000,4,2
2017-11-26,10000030,31802,2101065.21,2090160,2270153.93,33,17
2017-11-26,10000030,31810,9999969.67,9999969,9999971,3,3
2017-11-26,10000030,31812,21720004.98,20000000,22293339.97,8,4
2017-11-26,10000030,31816,347500,347500,347500,1,1
2017-11-26,10000030,31824,25684500,25684000,25685000,2,2
2017-11-26,10000030,31866,2800000,2800000,2800000,3,2
2017-11-26,10000030,31868,6709812.49,6599733,7149994,10,5
2017-11-26,10000030,31870,5999853.04,5999837.54,5999861.15,29,8
2017-11-26,10000030,31874,2879999,2879999,2879999,11,4
2017-11-26,10000030,31876,7999991.2,7999991.2,7999991.2,3,1
2017-11-26,10000030,31878,3699999,3699999,3699999,10,1
2017-11-26,10000030,31880,1321519.05,651900.03,1355000,21,7
2017-11-26,10000030,31882,2298988.18,2298986.91,2298990.48,14,4
2017-11-26,10000030,31884,3587406.49,3379998.87,4500000,27,6
2017-11-26,10000030,31886,3969995.9,3969995.9,3969995.9,3,1
2017-11-26,10000030,31888,1178443.14,785000.11,1289997,9,5
2017-11-26,10000030,31890,2248799.98,2210999.98,2400000,5,3
2017-11-26,10000030,31892,2985998.67,2985998.61,2985998.75,18,3
2017-11-26,10000030,31894,2311959.57,2000001,2467938.85,12,3
2017-11-26,10000030,31900,85599643.51,85599581.3,85599780,4,4
2017-11-26,10000030,31902,49999721.55,49999721.55,49999721.55,1,1
2017-11-26,10000030,31906,23999999.99,23999999.99,23999999.99,1,1
2017-11-26,10000030,31924,4433423.37,301169.7,6499550.21,3,3
2017-11-26,10000030,31926,27867791.59,27867791.59,27867791.59,2,2
2017-11-26,10000030,31928,11068032.84,10975229.97,11300035.01,7,4
2017-11-26,10000030,31930,23124617.19,23124617.19,23124617.19,1,1
2017-11-26,10000030,31942,36999943.25,36999943.25,36999943.25,1,1
2017-11-26,10000030,31982,29000,29000,29000,153,4
2017-11-26,10000030,31990,57998.86,57998.86,57998.86,325,8
2017-11-26,10000030,31998,53800,53800,53800,598,14
2017-11-26,10000030,32006,92004.96,92004.96,92004.96,6176,38
2017-11-26,10000030,32014,198999,198999,198999,598,17
2017-11-26,10000030,32025,328730.67,300000,343096,3,2
2017-11-26,10000030,32027,2190000,2190000,2190000,3,3
2017-11-26,10000030,32031,27000000,27000000,27000000,1,1
2017-11-26,10000030,32034,125000,125000,125000,1,1
2017-11-26,10000030,32035,2445093,1900000,2990186,2,2
2017-11-26,10000030,32036,750000,750000,750000,1,1
2017-11-26,10000030,32043,2779101.29,2695995.94,2790182,17,8
2017-11-26,10000030,32059,1923258,1789500,1990137,3,3
2017-11-26,10000030,32061,7999457,7999457,7999457,2,2
2017-11-26,10000030,32083,2650209,2650209,2650209,1,1
2017-11-26,10000030,32085,8999999,8999999,8999999,1,1
2017-11-26,10000030,32099,8989999.87,8989999.82,8989999.98,6,6
2017-11-26,10000030,32339,100000000,100000000,100000000,2,2
2017-11-26,10000030,32435,15000000,15000000,15000000,1,1
2017-11-26,10000030,32459,3.34,0.01,10.01,3,3
2017-11-26,10000030,32772,568851.04,499999.05,590197.94,29,13
2017-11-26,10000030,32774,132074.62,119900,217000,8,7
2017-11-26,10000030,32780,890498.86,890497.94,890499.05,7,6
2017-11-26,10000030,32787,16500.05,16500.05,16500.05,214,22
2017-11-26,10000030,32797,550000.01,500000,900000,8,8
2017-11-26,10000030,32817,990000,880000,1100000,2,2
2017-11-26,10000030,32819,831338.34,600000,888595.84,5,5
2017-11-26,10000030,32872,983624.6,412994,1214796,7,7
2017-11-26,10000030,32876,524009.45,450010.5,1190000,10,3
2017-11-26,10000030,32878,1105298.93,789299.35,1225000,11,10
2017-11-26,10000030,32879,7837500,7837500,7837500,5,3
2017-11-26,10000030,32880,180766.47,150005.55,249999.99,95,82
2017-11-26,10000030,32918,40000,40000,40000,106,7
2017-11-26,10000030,32982,29986000,29986000,29986000,1,1
2017-11-26,10000030,32999,280000,200000,440000,6,6
2017-11-26,10000030,33000,199995.44,199990.88,200000,4,4
2017-11-26,10000030,33001,236666.67,200000,420000,12,12
2017-11-26,10000030,33002,240000,200000,440000,6,6
2017-11-26,10000030,33003,248571.42,239999.99,300000,7,6
2017-11-26,10000030,33005,248999,248999,248999,1,1
2017-11-26,10000030,33007,298999.98,298999.98,298999.98,2,1
2017-11-26,10000030,33009,64543.6,59997.96,110000,11,3
2017-11-26,10000030,33011,27000,27000,27000,20,2
2017-11-26,10000030,33076,319960.07,299993.89,790000,89,61
2017-11-26,10000030,33078,1043166.67,1000000,1259000,24,24
2017-11-26,10000030,33091,101130.44,100000,104521.74,4,4
2017-11-26,10000030,33092,111111.11,100000,200000,9,9
2017-11-26,10000030,33093,121428.57,100000,200000,14,14
2017-11-26,10000030,33094,84932.19,1060.01,100000,38,34
2017-11-26,10000030,33095,1000000,1000000,1000000,5,5
2017-11-26,10000030,33096,1000000,1000000,1000000,7,7
2017-11-26,10000030,33097,1375000,1000000,2499999.99,8,8
2017-11-26,10000030,33098,1094117.64,1000000,1799999.96,17,16
2017-11-26,10000030,33101,550974.32,549387.93,570000,13,11
2017-11-26,10000030,33103,168950,168950,168950,2,2
2017-11-26,10000030,33138,1119999.95,790000,1449999.9,2,2
2017-11-26,10000030,33139,1762500,1049999.99,2000000,4,3
2017-11-26,10000030,33140,16953125.02,15250000,17700000.03,16,6
2017-11-26,10000030,33141,25000000,25000000,25000000,1,1
2017-11-26,10000030,33151,200000000,200000000,200000000,1,1
2017-11-26,10000030,33157,156500000,150000000,163000000,2,2
2017-11-26,10000030,33176,78999.46,1001.22,80999,18,15
2017-11-26,10000030,33178,206259.09,177777.77,211005.97,14,8
2017-11-26,10000030,33180,142551.36,139990,197777.77,64,40
2017-11-26,10000030,33195,13805.39,13802.13,14000.51,73,17
2017-11-26,10000030,33197,1449990.3,1449990,1449990.9,6,3
2017-11-26,10000030,33199,1204165,1154998,1450000,6,3
2017-11-26,10000030,33201,1524165,1520000,1524998,6,3
2017-11-26,10000030,33270,399997.93,399997.93,399997.93,1,1
2017-11-26,10000030,33272,3499999,3499999,3499999,2,1
2017-11-26,10000030,33330,6406.68,214.7,8700,74,3
2017-11-26,10000030,33332,20499.99,19800,20500,367,11
2017-11-26,10000030,33359,21543.2,21543.2,21543.2,54672,10
2017-11-26,10000030,33360,26493.99,26493.99,26493.99,107,1
2017-11-26,10000030,33361,21001.22,21001.22,21001.22,35661,13
2017-11-26,10000030,33362,30000,30000,30000,23325,4
2017-11-26,10000030,33399,5000000,5000000,5000000,1,1
2017-11-26,10000030,33400,10559564.99,10559564.99,10559564.99,1,1
2017-11-26,10000030,33407,36000000,36000000,36000000,2,2
2017-11-26,10000030,33440,20995.19,9000,24993.53,8,6
2017-11-26,10000030,33441,6550,3200,9900,4,3
2017-11-26,10000030,33442,16666.67,4000,23000,3,2
2017-11-26,10000030,33448,98999.59,98999.59,98999.59,7,3
2017-11-26,10000030,33450,3227272.27,3000000,3499999,11,2
2017-11-26,10000030,33466,1000,1000,1000,4,2
2017-11-26,10000030,33467,3499999.75,3000000,4999999,4,4
2017-11-26,10000030,33468,62833526.04,57635004.14,63999826.8,11,11
2017-11-26,10000030,33470,207460494.36,205000000,208283981.86,4,4
2017-11-26,10000030,33472,446150696.68,444113383.37,454299959.94,5,5
2017-11-26,10000030,33474,2200079.12,1000900,2299977.49,19,17
2017-11-26,10000030,33475,8698481.03,8399990,8799999.98,29,23
2017-11-26,10000030,33513,196111001,196111001,196111001,1,1
2017-11-26,10000030,33519,30000000,30000000,30000000,1,1
2017-11-26,10000030,33539,1100000,1100000,1100000,125,4
2017-11-26,10000030,33571,0.1,0.1,0.1,600,1
2017-11-26,10000030,33572,0.13,0.13,0.13,600,1
2017-11-26,10000030,33573,0.11,0.11,0.11,1400,1
2017-11-26,10000030,33577,399999.39,399999,400000,59,4
2017-11-26,10000030,33589,39875000,39875000,39875000,4,2
2017-11-26,10000030,33618,45250252.75,40001011,47000000,4,2
2017-11-26,10000030,33619,150000000,150000000,150000000,1,1
2017-11-26,10000030,33681,83997695.71,69014000.5,86994438,12,7
2017-11-26,10000030,33697,49999902.42,49999900,49999909.84,4,4
2017-11-26,10000030,33699,107915.98,100000,194991.81,12,12
2017-11-26,10000030,33700,27999989.96,27999989.96,27999989.96,1,1
2017-11-26,10000030,33706,17399,17399,17399,1,1
2017-11-26,10000030,33818,243333331.09,225000001.64,279999989.99,3,3
2017-11-26,10000030,33822,69800,69800,69800,1,1
2017-11-26,10000030,33824,1449998.17,1449998,1469997,6,4
2017-11-26,10000030,33828,7000000,7000000,7000000,1,1
2017-11-26,10000030,33856,4003773.21,4000000,4199979.98,53,4
2017-11-26,10000030,33890,894002.7,890819.97,937500,44,13
2017-11-26,10000030,33892,3599999.15,3599999,3599999.95,23,9
2017-11-26,10000030,33894,3967283.99,3875000,3990354.99,5,4
2017-11-26,10000030,33896,8892300,8892300,8892300,2,1
2017-11-26,10000030,33900,44000000,44000000,44000000,3,3
2017-11-26,10000030,33915,348999.5,300000,397998.99,2,2
2017-11-26,10000030,33924,59999999.99,59999999.99,59999999.99,1,1
2017-11-26,10000030,34133,1304718794.5,1150038000.01,1459399588.99,2,2
2017-11-26,10000030,34201,154518.31,136534.82,309000,44,12
2017-11-26,10000030,34202,3123829.49,2100000,3225001,35,6
2017-11-26,10000030,34203,773243.91,100.09,800102,54,17
2017-11-26,10000030,34204,1043984.91,971000,1399950,31,22
2017-11-26,10000030,34205,330369.14,325002,395001,63,21
2017-11-26,10000030,34206,229868.02,209159,294579.5,46,19
2017-11-26,10000030,34207,4773908.19,2513000.14,4999998.99,11,3
2017-11-26,10000030,34208,3700000.09,3700000.09,3700000.09,4,4
2017-11-26,10000030,34288,5370492,1750000,8990984,10,2
2017-11-26,10000030,34306,4990344.91,4990344.91,4990344.91,10,5
2017-11-26,10000030,34317,50999412.5,43021001.01,58977823.99,4,4
2017-11-26,10000030,34328,1260333326.33,1229999989.5,1321000000,3,3
2017-11-26,10000030,34363,1000000,1000000,1000000,1,1
2017-11-26,10000030,34390,2000000,2000000,2000000,1,1
2017-11-26,10000030,34496,1250000,1250000,1250000,1,1
2017-11-26,10000030,34533,1333333.33,1000000,2000000,3,3
2017-11-26,10000030,34562,55499724.46,50099989.9,68999416.97,7,5
2017-11-26,10000030,34590,140000000,140000000,140000000,1,1
2017-11-26,10000030,34753,1248998,1248998,1248998,2,1
2017-11-26,10000030,34754,9999998,9999998,9999998,1,1
2017-11-26,10000030,34828,58599989.98,58599989.98,58599989.98,1,1
2017-11-26,10000030,35656,56370.29,13000.02,99999.96,54,35
2017-11-26,10000030,35657,102411.76,101000,108999.99,34,15
2017-11-26,10000030,35658,34001.24,13102.58,49949.97,60,42
2017-11-26,10000030,35659,43354.44,22000.16,63999.99,79,54
2017-11-26,10000030,35660,27999.96,7787.85,90000,44,26
2017-11-26,10000030,35661,407566.68,401000.01,447000,30,16
2017-11-26,10000030,35662,337205.81,329923.85,390000,33,18
2017-11-26,10000030,35680,1000000,1000000,1000000,4,4
2017-11-26,10000030,35683,53999998.94,53999998.94,53999998.94,2,2
2017-11-26,10000030,35685,1000000,1000000,1000000,2,2
2017-11-26,10000030,35770,54956.5,54913,55000,2,2
2017-11-26,10000030,35771,1229657.99,509089.98,1649999,8,5
2017-11-26,10000030,35774,221944.48,12777.88,549999.88,10,8
2017-11-26,10000030,35788,148969.21,148968.98,148969.33,3,3
2017-11-26,10000030,35789,1540001.56,800005.12,2049998.77,5,4
2017-11-26,10000030,35790,1680769.71,910008.55,1839998.84,13,9
2017-11-26,10000030,35794,49999.46,49999.46,49999.48,32,8
2017-11-26,10000030,35795,25038.75,24998.79,25997.76,25,7
2017-11-26,10000030,35832,1299999749.64,1299999749.64,1299999749.64,1,1
2017-11-26,10000030,35835,1049879900,1049879900,1049879900,1,1
2017-11-26,10000030,35899,44995999.99,44995999.99,44995999.99,1,1
2017-11-26,10000030,35922,44494998.99,44494998.99,44494998.99,1,1
2017-11-26,10000030,35940,33989997.14,33989997.14,33989997.14,2,1
2017-11-26,10000030,35949,33844513.97,33844513.97,33844513.97,2,2
2017-11-26,10000030,36908,7099599.32,7099599.32,7099599.32,1,1
2017-11-26,10000030,36909,9998981.3,9998981.3,9998981.3,1,1
2017-11-26,10000030,36910,7727764.36,7499999.94,7898587.68,7,5
2017-11-26,10000030,37135,61999899.99,61999899.99,61999899.99,1,1
2017-11-26,10000030,37450,333333.33,300000,350000,6,2
2017-11-26,10000030,37451,1429999,1429999,1429999,1,1
2017-11-26,10000030,37454,16500000,16500000,16500000,1,1
2017-11-26,10000030,37479,865999.99,798999.99,999999.99,3,3
2017-11-26,10000030,37480,91999999.71,91999999.71,91999999.71,1,1
2017-11-26,10000030,37482,88999999.87,88999999.87,88999999.87,1,1
2017-11-26,10000030,37532,17639523.94,17639523.94,17639523.94,1,1
2017-11-26,10000030,37544,1522.54,1522.54,1522.54,21,9
2017-11-26,10000030,37545,2050.06,1671,2505.49,22,15
2017-11-26,10000030,37600,1000000.5,1000000.5,1000000.5,1,1
2017-11-26,10000030,37608,1615423.73,1090000,1650000,59,34
2017-11-26,10000030,37610,1634042.56,1300000,1640000.01,47,35
2017-11-26,10000030,37611,1645762.72,1600000,1650000,59,33
2017-11-26,10000030,37615,20000000,20000000,20000000,1,1
2017-11-26,10000030,37798,5000000,5000000,5000000,1,1
2017-11-26,10000030,37799,5000000,5000000,5000000,1,1
2017-11-26,10000030,37820,32650246.78,32650246.78,32650246.78,1,1
2017-11-26,10000030,37822,350000,350000,350000,1,1
2017-11-26,10000030,37823,200000,200000,200000,1,1
2017-11-26,10000030,37824,149998.99,149998.99,149998.99,1,1
2017-11-26,10000030,37825,5999999,5999999,5999999,2,1
2017-11-26,10000030,37846,13046.46,13046.46,13046.46,1000,1
2017-11-26,10000030,37847,17707.96,17707.96,17707.96,1000,1
2017-11-26,10000030,37848,14972.99,14972.99,14972.99,1000,1
2017-11-26,10000030,37879,1,1,1,2,1
2017-11-26,10000030,40328,4000000,4000000,4000000,2,2
2017-11-26,10000030,40334,72457.99,20,144895.98,4,2
2017-11-26,10000030,40335,18399,18399,18399,5,4
2017-11-26,10000030,40519,364959994.67,364000000,364999994.91,25,19
2017-11-26,10000030,40520,803606291.48,802799999.99,811800000,79,57
2017-11-26,10000030,40572,100000000,100000000,100000000,1,1
2017-11-26,10000030,40573,100000000,100000000,100000000,3,3
2017-11-26,10000030,40701,10000,10000,10000,8,1
2017-11-26,10000030,40758,140000000.01,139999999.99,140000000.03,2,2
2017-11-26,10000030,41031,0.01,0.01,0.01,11,9
2017-11-26,10000030,41032,11077.86,1000,30000,21,16
2017-11-26,10000030,41033,200,200,200,1,1
2017-11-26,10000030,41034,96720.75,24002,124949.99,21,15
2017-11-26,10000030,41040,2000.34,2000.34,2000.34,1,1
2017-11-26,10000030,41054,535365.41,535365.41,535365.41,32,17
2017-11-26,10000030,41055,546526.28,535605.26,895998.96,33,16
2017-11-26,10000030,41056,535946.36,535946.36,535946.36,48,14
2017-11-26,10000030,41057,4100000,4100000,4100000,7,7
2017-11-26,10000030,41155,71370.47,31987.92,95000,8,4
2017-11-26,10000030,41191,38999819.86,38999819.86,38999819.86,1,1
2017-11-26,10000030,41196,11139979,10999995,11699915,5,5
2017-11-26,10000030,41212,24776620.93,24776620.93,24776620.93,1,1
2017-11-26,10000030,41215,27747580.34,27747580.34,27747580.34,2,2
2017-11-26,10000030,41218,29191111.28,20269950.01,32749979.98,7,5
2017-11-26,10000030,41403,27000000,27000000,27000000,13,3
2017-11-26,10000030,41404,27000000,27000000,27000000,2,2
2017-11-26,10000030,41489,20000,20000,20000,2959,14
2017-11-26,10000030,41490,999676.75,998998.98,1000000,96,5
2017-11-26,10000030,41533,65000000,65000000,65000000,2,2
2017-11-26,10000030,41585,1000000000,1000000000,1000000000,4,1
2017-11-26,10000030,42204,69999998.62,69999998.62,69999998.62,1,1
2017-11-26,10000030,42205,124999999.43,124999999.43,124999999.43,1,1
2017-11-26,10000030,42206,160000000,160000000,160000000,1,1
2017-11-26,10000030,42226,2100000,2100000,2100000,81,1
2017-11-26,10000030,42527,70000.99,70000.99,70000.99,2,2
2017-11-26,10000030,42528,672499.98,564999.97,995000,4,3
2017-11-26,10000030,42529,858333.28,150000.03,999999.93,6,3
2017-11-26,10000030,42530,809999.99,809999.99,809999.99,3,2
2017-11-26,10000030,42561,6999979,6999979,6999979,2,1
2017-11-26,10000030,42685,22077001.73,22000000,23500000,4,4
2017-11-26,10000030,42694,819.89,819.89,819.89,1000,1
2017-11-26,10000030,42695,1689.77,1689.77,1689.77,900,2
2017-11-26,10000030,42696,1247.91,1247.91,1247.91,7600,4
2017-11-26,10000030,42707,635000,520000,1000000,4,3
2017-11-26,10000030,42726,690000,690000,690000,1,1
2017-11-26,10000030,42738,500,500,500,1,1
2017-11-26,10000030,42829,1099.99,1099.99,1099.99,23396,5
2017-11-26,10000030,42830,812,812,812,20104,5
2017-11-26,10000030,42831,577.75,577.75,577.75,11713,4
2017-11-26,10000030,42832,949.96,949.96,949.96,1400,3
2017-11-26,10000030,42833,2400,2400,2400,300,1
2017-11-26,10000030,42834,1649.98,1649.98,1649.98,2000,5
2017-11-26,10000030,42838,901.82,900,920,11,2
2017-11-26,10000030,42839,1159.58,1159.58,1159.58,1406,4
2017-11-26,10000030,42840,1793.67,1793.67,1793.67,2128,3
2017-11-26,10000030,42880,15749999.99,15749999.99,15749999.99,2,2
2017-11-26,10000030,42881,19999999.99,19999999.99,19999999.99,2,2
2017-11-26,10000030,42882,16900000,16900000,16900000,3,3
2017-11-26,10000030,42884,10000000,10000000,10000000,1,1
2017-11-26,10000030,42885,10000000,10000000,10000000,1,1
2017-11-26,10000030,43530,3594249.46,3499999,3688499.91,2,2
2017-11-26,10000030,43544,7500000,7500000,7500000,1,1
2017-11-26,10000030,43551,7992169.88,7991699.81,7995000,7,5
2017-11-26,10000030,43552,3900848,3900848,3900848,3,3
2017-11-26,10000030,43555,5797749.98,5797749.98,5797749.98,1,1
2017-11-26,10000030,43556,4799475.38,4699213.07,4999999.99,3,3
2017-11-26,10000030,43694,53498010.01,53498010.01,53498010.01,1,1
2017-11-26,10000030,43699,58513.54,32500.55,60000,74,2
2017-11-26,10000030,43700,3933333.15,3900000,4099998.9,6,2
2017-11-26,10000030,43702,88888.89,80000,160000,9,6
2017-11-26,10000030,43703,18000000,18000000,18000000,2,2
2017-11-26,10000030,43789,4000000,4000000,4000000,1,1
2017-11-26,10000030,43894,650280,650279.99,650280,2,2
2017-11-26,10000030,43896,1490910,1490910,1490910,1,1
2017-11-26,10000030,44067,250000000,250000000,250000000,3,2
2017-11-26,10000030,44166,3192000.16,100000,4222666.88,4,4
2017-11-26,10000030,44167,57999999,57999999,57999999,1,1
2017-11-26,10000030,44186,4666888.68,4666888.68,4666888.68,1,1
2017-11-26,10000030,44992,3098015.01,3090036.03,3179999.99,50552,160
2017-11-26,10000030,44993,210109000.88,150218001.75,270000000,2,2
2017-11-26,10000030,45537,249989997.94,249989997.94,249989997.94,1,1
2017-11-26,10000030,45538,229999996.89,229999996.89,229999996.9,3,3
2017-11-26,10000030,45588,57696628.96,57696628.96,57696628.96,1,1
2017-11-26,10000030,45589,89989875.42,89989855.64,89989914.97,3,3
2017-11-26,10000030,45592,43998150,43998150,43998150,1,1
2017-11-26,10000030,45595,57998931.59,57998931.59,57998931.59,1,1
2017-11-26,10000030,45597,42968956.12,42968949.34,42968969.69,3,3
2017-11-26,10000030,45600,77947919,77947919,77947919,1,1
2017-11-26,10000030,45601,27698968.98,27698968.98,27698968.98,1,1
2017-11-26,10000030,45602,54916449.11,54916449.11,54916449.11,1,1
2017-11-26,10000030,45604,27499968.27,27499968.27,27499968.27,1,1
2017-11-26,10000030,45607,39498915.4,39498915.4,39498915.4,1,1
2017-11-26,10000030,45608,49868925.44,49868925.44,49868925.44,1,1
2017-11-26,10000030,45609,67229579,67229579,67229579,1,1
2017-11-26,10000030,45611,60000000,60000000,60000000,1,1
2017-11-26,10000030,45613,39999984,39999978.99,39999989,2,2
2017-11-26,10000030,45614,39999900.56,39999900.56,39999900.56,1,1
2017-11-26,10000030,45618,32999997.98,32999997.98,32999997.98,1,1
2017-11-26,10000030,45620,34989916.94,34989899.52,34989969.69,4,4
2017-11-26,10000030,45624,54878372.26,54878372.26,54878372.26,1,1
2017-11-26,10000030,45625,14989300.01,14989300.01,14989300.01,1,1
2017-11-26,10000030,45626,34989717.92,34989717.92,34989717.92,1,1
2017-11-26,10000030,45629,42500000,42500000,42500000,1,1
2017-11-26,10000030,45631,34899999,34899999,34899999,1,1
2017-11-26,10000030,45632,35938630.43,35888606.85,35988654,2,2
2017-11-26,10000030,45633,47988348.83,47988348.83,47988348.83,1,1
2017-11-26,10000030,45635,170352182.38,161099000,217777777.77,28,23
2017-11-26,10000030,45660,3021,3021,3021,13,2
2017-11-26,10000030,45661,4015,4015,4015,14,1
2017-11-26,10000030,45662,2029,2029,2029,56,3
2017-11-26,10000030,45663,11529.1,11529.1,11529.1,7,1
2017-11-26,10000030,45746,1000000,1000000,1000000,17,17
2017-11-26,10000030,45748,5000000,5000000,5000000,6,6
2017-11-26,10000030,45749,25000000,25000000,25000000,3,3
2017-11-26,10000030,45750,15000000,15000000,15000000,4,4
2017-11-26,10000030,45752,50000,50000,50000,2,1
2017-11-26,10000030,45753,50000,50000,50000,1,1
2017-11-26,10000030,45757,200000,200000,200000,1,1
2017-11-26,10000030,45767,2025000,50000,4000000,2,2
2017-11-26,10000030,45770,420000,420000,420000,1,1
2017-11-26,10000030,45774,480000,480000,480000,1,1
2017-11-26,10000030,45787,9.99,9.99,9.99,1,1
2017-11-26,10000030,45794,50000,50000,50000,2,1
2017-11-26,10000030,45795,3500000,3500000,3500000,1,1
2017-11-26,10000030,45813,97500,50000,145000,2,2
2017-11-26,10000030,45814,44937.5,29750,50000,4,2
2017-11-26,10000030,45815,300000,300000,300000,1,1
2017-11-26,10000030,45863,50000,50000,50000,2,1
2017-11-26,10000030,45865,2525000,50000,5000000,2,2
2017-11-26,10000030,45869,46586.78,43173.56,50000,2,2
2017-11-26,10000030,45876,300000,300000,300000,1,1
2017-11-26,10000030,45884,2400000,2400000,2400000,1,1
2017-11-26,10000030,45885,50000,50000,50000,1,1
2017-11-26,10000030,45888,50000,50000,50000,1,1
2017-11-26,10000030,45895,2272000,2272000,2272000,1,1
2017-11-26,10000030,45901,50000,50000,50000,1,1
2017-11-26,10000030,45913,50000,50000,50000,1,1
2017-11-26,10000030,45919,67999999.99,67999999.99,67999999.99,1,1
2017-11-26,10000030,45920,60000000,60000000,60000000,1,1
2017-11-26,10000030,45922,1300000,1300000,1300000,1,1
2017-11-26,10000030,45925,4000000,4000000,4000000,1,1
2017-11-26,10000030,45931,1899999,1899999,1899999,1,1
2017-11-26,10000030,45933,688999,688999,688999,1,1
2017-11-26,10000030,45934,17102.79,17102.79,17102.79,1,1
2017-11-26,10000030,45937,500000,500000,500000,1,1
2017-11-26,10000030,45940,11000000,11000000,11000000,1,1
2017-11-26,10000030,45947,26000000,26000000,26000000,1,1
2017-11-26,10000030,45950,12051110.91,12051110.91,12051110.91,1,1
2017-11-26,10000030,45966,25000000,25000000,25000000,1,1
2017-11-26,10000030,45967,970833.13,970833.13,970833.13,1,1
2017-11-26,10000030,45973,50000,50000,50000,1,1
2017-11-26,10000030,45984,50000,50000,50000,1,1
2017-11-26,10000030,45985,899888,899888,899888,2,2
2017-11-26,10000030,45996,80990.86,80990.86,80990.86,3,3
2017-11-26,10000030,45998,2001219.85,1500001.01,2100000,41,12
2017-11-26,10000030,45999,5411152.36,4100053.03,10000000,9,2
2017-11-26,10000030,46000,39000000,39000000,39000000,2,2
2017-11-26,10000030,46001,250042.28,250042.28,250042.28,10,1
2017-11-26,10000030,46002,1661402.79,1113034.62,5499979.98,8,4
2017-11-26,10000030,46003,12085732.78,9000043.27,14399999.91,7,5
2017-11-26,10000030,46004,297900.08,213000.1,637500,20,4
2017-11-26,10000030,46005,3501037.5,2102075,4900000,12,5
2017-11-26,10000030,46008,7383529.47,5000000,7949488,78,52
2017-11-26,10000030,46050,1746169.36,727016.18,1950000,12,3
2017-11-26,10000030,46152,10000000,10000000,10000000,4,4
2017-11-26,10000030,46153,15000000,15000000,15000000,4,4
2017-11-26,10000030,46154,20000000,20000000,20000000,4,4
2017-11-26,10000030,46155,25000000,25000000,25000000,4,4
2017-11-26,10000030,46156,30000000,30000000,30000000,3,3
2017-11-26,10000030,46157,15000000,15000000,15000000,3,1
2017-11-26,10000030,46158,15000000,15000000,15000000,1,1
2017-11-26,10000030,46159,15000000,15000000,15000000,1,1
2017-11-26,10000030,46160,15000000,15000000,15000000,1,1
2017-11-26,10000030,46161,15000000,15000000,15000000,1,1
2017-11-26,10000030,46162,15000000,15000000,15000000,1,1
2017-11-26,10000030,46163,15000000,15000000,15000000,1,1
2017-11-26,10000030,46164,15000000,15000000,15000000,2,1
2017-11-26,10000030,46165,15000000,15000000,15000000,1,1
2017-11-26,10000030,46167,10000000,10000000,10000000,1,1
2017-11-26,10000030,46169,10000000,10000000,10000000,1,1
2017-11-26,10000030,46171,10000000,10000000,10000000,1,1
2017-11-26,10000030,46172,10000000,10000000,10000000,1,1
2017-11-26,10000030,46174,10000000,10000000,10000000,1,1
2017-11-26,10000030,46175,10000000,10000000,10000000,1,1
2017-11-26,10000030,46184,10000000,10000000,10000000,1,1
2017-11-26,10000030,46205,20000000,20000000,20000000,1,1
2017-11-26,10000030,46206,20000000,20000000,20000000,1,1
2017-11-26,10000030,46213,20000000,20000000,20000000,1,1
2017-11-26,10000030,46232,21988001,21988001,21988001,1,1
2017-11-26,10000030,46350,10000000,10000000,10000000,2,1
2017-11-26,10000030,46352,10000000,10000000,10000000,2,1
2017-11-26,10000030,46355,511444,511444,511444,6,1
2017-11-26,10000030,46356,3199999.27,3199999.27,3199999.27,2,1
2017-11-26,10000030,46357,10000000,10000000,10000000,2,1
2017-11-26,10000030,46359,10000000,10000000,10000000,2,1
2017-11-26,10000030,46361,10000000,10000000,10000000,2,1
2017-11-26,10000030,46365,503851.33,503851.33,503851.33,6,1
2017-11-26,10000030,46366,2799998.93,2799998.93,2799998.93,2,1
2017-11-26,10000030,46367,514332.75,514332.75,514332.75,6,1
2017-11-26,10000030,46368,2999994.96,2999994.96,2999994.96,2,1
2017-11-26,10000030,46370,3199994.96,3199994.96,3199994.96,2,1
2017-11-26,10000030,46371,505777,505777,505777,6,1
2017-11-26,10000030,46372,3199998.39,3199998.39,3199998.39,2,1
2017-11-26,10000030,46722,17777767.77,17777767.77,17777767.77,1,1
2017-11-26,10000030,47029,200000000,200000000,200000000,1,1
2017-11-26,10000030,47030,23000024,23000023,23000025,2,2
2017-11-26,10000031,34,6,6,6,6015870,4
2017-11-26,10000031,35,3.5,3.5,3.5,1090345,6
2017-11-26,10000031,36,70,70,70,321351,2
2017-11-26,10000031,37,40,40,40,858820,4
2017-11-26,10000031,38,350,350,350,134693,5
2017-11-26,10000031,39,1300,1300,1300,54635,5
2017-11-26,10000031,40,1000,1000,1000,21172,5
2017-11-26,10000031,189,70,70,70,9700,1
2017-11-26,10000031,199,134.99,134.99,134.99,10000,1
2017-11-26,10000031,238,100,100,100,12999,2
2017-11-26,10000031,377,400000,400000,400000,1,1
2017-11-26,10000031,380,754749.99,754749.99,754749.99,1,1
2017-11-26,10000031,394,1755000,1755000,1755000,2,2
2017-11-26,10000031,434,120000,120000,120000,2,2
2017-11-26,10000031,438,2299000,2299000,2299000,1,1
2017-11-26,10000031,442,120000,120000,120000,1,1
2017-11-26,10000031,447,195000,195000,195000,1,1
2017-11-26,10000031,448,1999785.43,1998500,2000000,7,7
2017-11-26,10000031,483,20000,20000,20000,44,2
2017-11-26,10000031,519,1801619.78,1801619.78,1801619.78,4,2
2017-11-26,10000031,526,50000,50000,50000,2,1
2017-11-26,10000031,527,1499999.99,1499999.99,1499999.99,1,1
2017-11-26,10000031,578,650000,650000,650000,3,2
2017-11-26,10000031,584,512499.25,499999,550000,8,8
2017-11-26,10000031,585,980000,980000,980000,1,1
2017-11-26,10000031,586,1459897.99,1459897.99,1459897.99,2,2
2017-11-26,10000031,587,1000000,1000000,1000000,1,1
2017-11-26,10000031,589,950000,950000,950000,2,2
2017-11-26,10000031,593,480000,480000,480000,1,1
2017-11-26,10000031,605,1896145.83,1896145.83,1896145.83,1,1
2017-11-26,10000031,608,1276396.11,675000,1877792.21,2,2
2017-11-26,10000031,621,8304609.4,8000000,8761523.49,5,3
2017-11-26,10000031,626,10000000,10000000,10000000,1,1
2017-11-26,10000031,631,3999999.99,3999999.99,3999999.99,1,1
2017-11-26,10000031,642,150000000,150000000,150000000,1,1
2017-11-26,10000031,649,6004819.8,6004819.8,6004819.8,1,1
2017-11-26,10000031,650,1500000,1500000,1500000,2,2
2017-11-26,10000031,652,9999999.99,9999999.99,9999999.99,1,1
2017-11-26,10000031,654,3250000,3250000,3250000,2,2
2017-11-26,10000031,655,2344729.39,2025000,3634615.55,9,9
2017-11-26,10000031,656,3274285.29,2005000,4999999,7,7
2017-11-26,10000031,657,2548706.01,2199998,3049000,7,7
2017-11-26,10000031,1195,99999,99999,99999,2,2
2017-11-26,10000031,1236,574240.69,574240.69,574240.69,2,2
2017-11-26,10000031,1248,1768471.39,1768471.38,1768471.39,4,2
2017-11-26,10000031,1256,2000000,2000000,2000000,1,1
2017-11-26,10000031,1317,98999.99,98999.99,98999.99,5,1
2017-11-26,10000031,1319,840546.58,770000,991000,24,9
2017-11-26,10000031,1335,1050000,1050000,1050000,8,3
2017-11-26,10000031,1353,550000,550000,550000,2,2
2017-11-26,10000031,1355,1100000,1100000,1100000,1,1
2017-11-26,10000031,1403,250000,250000,250000,1,1
2017-11-26,10000031,1405,1312482.56,1200000,1399968.99,16,5
2017-11-26,10000031,1422,1453624.97,1128999.8,1499999.99,8,3
2017-11-26,10000031,1447,880447.98,816542.84,990000,19,11
2017-11-26,10000031,1541,1597707.29,1345414.58,1849999.99,4,3
2017-11-26,10000031,1808,250000,250000,250000,3,3
2017-11-26,10000031,1832,90,90,90,100,1
2017-11-26,10000031,1877,1709086.88,1400000,1894539,16,3
2017-11-26,10000031,1952,2571428.57,2500000,2600000,7,3
2017-11-26,10000031,1978,1380000,1380000,1380000,2,1
2017-11-26,10000031,1999,1800000,1800000,1800000,1,1
2017-11-26,10000031,2006,9500000,9500000,9500000,1,1
2017-11-26,10000031,2024,1294343.66,1294343.65,1294343.67,2,2
2017-11-26,10000031,2032,1353934.33,1215740.44,1399998.96,4,3
2017-11-26,10000031,2046,390000,390000,390000,2,2
2017-11-26,10000031,2048,720748.61,704851.47,991000,18,16
2017-11-26,10000031,2185,1315789.47,1000000,1400000,19,4
2017-11-26,10000031,2195,3499999.99,3499999.99,3499999.99,6,1
2017-11-26,10000031,2203,132588.24,2000,150000,17,5
2017-11-26,10000031,2205,845000,800000,890000,60,10
2017-11-26,10000031,2254,1000000,1000000,1000000,1,1
2017-11-26,10000031,2281,3695498.4,3600000,3698579,32,22
2017-11-26,10000031,2297,3125000,3125000,3125000,1,1
2017-11-26,10000031,2299,1949999.99,1949999.99,1949999.99,1,1
2017-11-26,10000031,2301,2886486.95,2886486.95,2886486.95,3,3
2017-11-26,10000031,2303,1725038.45,1725038.45,1725038.45,3,3
2017-11-26,10000031,2333,2489000,2489000,2489000,2,1
2017-11-26,10000031,2389,375,375,375,144540,2
2017-11-26,10000031,2404,1012000,1012000,1012000,5,1
2017-11-26,10000031,2410,1369896,1369896,1369896,15,2
2017-11-26,10000031,2454,10000,10000,10000,5,1
2017-11-26,10000031,2456,700000,700000,700000,30,3
2017-11-26,10000031,2466,37232,37232,37232,46,1
2017-11-26,10000031,2476,218222.12,218222.12,218222.12,21,4
2017-11-26,10000031,2478,2559599.3,2121212.12,2950000,37,8
2017-11-26,10000031,2486,40632.42,39999.99,51700,37,8
2017-11-26,10000031,2488,598320.55,598320.55,598320.55,143,20
2017-11-26,10000031,2524,850000,699999.99,1000000,4,4
2017-11-26,10000031,2531,2000000,2000000,2000000,1,1
2017-11-26,10000031,2534,499999.99,499999.99,499999.99,3,2
2017-11-26,10000031,2537,250000,250000,250000,2,2
2017-11-26,10000031,2539,1300000,1300000,1300000,1,1
2017-11-26,10000031,2547,1000000,1000000,1000000,2,2
2017-11-26,10000031,2549,599999.99,599999.99,599999.99,1,1
2017-11-26,10000031,2550,624999.99,499999.99,1000000,4,3
2017-11-26,10000031,2551,499999.99,499999.99,499999.99,2,1
2017-11-26,10000031,2553,1250000,750000,1500000,3,3
2017-11-26,10000031,2559,2199999.99,2199999.99,2199999.99,1,1
2017-11-26,10000031,2571,3100000,2833333.33,3500000,5,2
2017-11-26,10000031,2605,786792.44,786792.44,786792.44,4,4
2017-11-26,10000031,2629,493.98,493.98,493.98,7781,2
2017-11-26,10000031,2868,3499999.99,3499999.99,3499999.99,6,1
2017-11-26,10000031,2873,999999.99,999999.99,999999.99,2,1
2017-11-26,10000031,2881,735999,735999,735999,13,2
2017-11-26,10000031,2889,819999.99,819999.99,819999.99,3,1
2017-11-26,10000031,2929,3500000,3500000,3500000,6,1
2017-11-26,10000031,2969,2599999.99,2599999.99,2599999.99,6,1
2017-11-26,10000031,2998,75000000,75000000,75000000,1,1
2017-11-26,10000031,3009,1779997.96,1779997.96,1779997.96,5,1
2017-11-26,10000031,3138,2499999,2499999,2499999,5,2
2017-11-26,10000031,3146,3443112,3443112,3443112,5,1
2017-11-26,10000031,3178,1100000,1100000,1100000,2,1
2017-11-26,10000031,3244,2268598.26,2199999.99,2288888,23,5
2017-11-26,10000031,3296,750000,750000,750000,3,1
2017-11-26,10000031,3334,900000,900000,900000,1,1
2017-11-26,10000031,3335,2000000,2000000,2000000,1,1
2017-11-26,10000031,3340,399999,399999,399999,2,2
2017-11-26,10000031,3341,399999,399999,399999,1,1
2017-11-26,10000031,3342,399999,399999,399999,1,1
2017-11-26,10000031,3343,400000,400000,400000,1,1
2017-11-26,10000031,3405,600000,600000,600000,2,2
2017-11-26,10000031,3451,1000000,1000000,1000000,1,1
2017-11-26,10000031,3496,1500000,1500000,1500000,2,1
2017-11-26,10000031,3530,3248254.89,3248254.89,3248254.89,1,1
2017-11-26,10000031,3568,1299121.22,1298994.96,1299499.99,4,2
2017-11-26,10000031,3756,49999999.99,49999999.99,49999999.99,1,1
2017-11-26,10000031,3766,1799999.99,1799999.99,1799999.99,1,1
2017-11-26,10000031,3831,1799722.58,1799630.1,1800000,4,4
2017-11-26,10000031,3841,1707989.84,1683764.99,1810000,34,19
2017-11-26,10000031,3887,110000,110000,110000,1,1
2017-11-26,10000031,3888,1267201.36,1172553.09,1693118.58,22,3
2017-11-26,10000031,4025,1112257.11,249028.45,1400000,4,4
2017-11-26,10000031,4027,1200000,1200000,1200000,3,3
2017-11-26,10000031,4247,21999.99,21999.99,21999.99,16000,1
2017-11-26,10000031,4254,1350000,1350000,1350000,1,1
2017-11-26,10000031,4383,2199999.99,2199999.99,2199999.99,1,1
2017-11-26,10000031,4403,500000,500000,500000,1,1
2017-11-26,10000031,4405,2360122.2,2300000,2399999.99,75,24
2017-11-26,10000031,4435,270000,270000,270000,2,2
2017-11-26,10000031,4477,25000,25000,25000,1,1
2017-11-26,10000031,5141,1000000,1000000,1000000,1,1
2017-11-26,10000031,5403,190000,190000,190000,1,1
2017-11-26,10000031,5405,59999.94,59999.94,59999.94,1,1
2017-11-26,10000031,5439,1190000,1190000,1190000,1,1
2017-11-26,10000031,5443,324997.99,149995.98,500000,2,2
2017-11-26,10000031,5445,345830.83,237498.5,399997,3,3
2017-11-26,10000031,5599,110000,110000,110000,6,3
2017-11-26,10000031,5839,1333333.32,999999.99,1499999.99,3,3
2017-11-26,10000031,5945,510399,510399,510399,4,3
2017-11-26,10000031,5955,257142.86,200000,300000,14,10
2017-11-26,10000031,5971,199000,199000,199000,4,4
2017-11-26,10000031,5973,511111.11,400000,525000,9,9
2017-11-26,10000031,6001,75000,75000,75000,1,1
2017-11-26,10000031,6003,99000,99000,99000,2,2
2017-11-26,10000031,6160,190000,190000,190000,3,3
2017-11-26,10000031,6569,399999.99,399999.99,399999.99,2,2
2017-11-26,10000031,7289,40000,40000,40000,2,1
2017-11-26,10000031,8089,799999.99,799999.99,799999.99,1,1
2017-11-26,10000031,8117,444444,444444,444444,12,2
2017-11-26,10000031,8175,199999,199999,199999,9,2
2017-11-26,10000031,8263,199999,199999,199999,5,3
2017-11-26,10000031,8419,98000,91500,150000,9,5
2017-11-26,10000031,8433,599999,599998.99,599999,2,2
2017-11-26,10000031,8517,3343099.21,3343099.21,3343099.21,2,1
2017-11-26,10000031,8529,251000,251000,251000,4,3
2017-11-26,10000031,8579,74874.99,74500,74999.99,4,2
2017-11-26,10000031,8635,116333.33,116333.33,116333.33,1,1
2017-11-26,10000031,9455,150000,150000,150000,1,1
2017-11-26,10000031,9457,2700141.19,2700141.19,2700141.19,6,2
2017-11-26,10000031,9622,424448.99,424448.99,424448.99,1,1
2017-11-26,10000031,9632,213689.74,205241.6,239034.14,4,3
2017-11-26,10000031,9660,250000,250000,250000,1,1
2017-11-26,10000031,9784,149999,149999,149999,1,1
2017-11-26,10000031,9899,12999999.99,12999999.99,12999999.99,1,1
2017-11-26,10000031,9942,12999999.99,12999999.99,12999999.99,1,1
2017-11-26,10000031,9943,12999999.99,12999999.99,12999999.99,1,1
2017-11-26,10000031,10190,999999.98,999999.97,999999.98,6,3
2017-11-26,10000031,10208,26666666.67,25000000,30000000,3,3
2017-11-26,10000031,10212,25750000,25000000,28000000,4,4
2017-11-26,10000031,10216,25708863.78,25000000,27126591.35,3,3
2017-11-26,10000031,10221,25812500,24500000,27124999.99,4,4
2017-11-26,10000031,10225,24984452.66,24980000,24986679,3,3
2017-11-26,10000031,10246,39999.16,39999.05,39999.21,30,5
2017-11-26,10000031,10250,1092304.61,1090611.99,1092868.82,40,8
2017-11-26,10000031,10631,800000,800000,800000,3,1
2017-11-26,10000031,10850,744995.74,744995.74,744995.74,1,1
2017-11-26,10000031,10998,304288.26,250000,323555.38,15,5
2017-11-26,10000031,11129,20000,20000,20000,4,3
2017-11-26,10000031,11132,50000,50000,50000,2,2
2017-11-26,10000031,11134,50000,50000,50000,1,1
2017-11-26,10000031,11192,39999999.99,39999999.99,39999999.99,1,1
2017-11-26,10000031,11198,20000000,20000000,20000000,1,1
2017-11-26,10000031,11200,45000000,45000000,45000000,1,1
2017-11-26,10000031,11267,300000,300000,300000,1,1
2017-11-26,10000031,11269,926751.87,890630.31,998994.98,6,3
2017-11-26,10000031,11289,5312.61,5312.61,5312.61,200,1
2017-11-26,10000031,11317,200000,200000,200000,1,1
2017-11-26,10000031,11325,599999.99,599999.99,599999.99,2,1
2017-11-26,10000031,11370,3495500,3490000,3501000,2,2
2017-11-26,10000031,11399,6500.59,6500.59,6500.59,27020,2
2017-11-26,10000031,11446,12000000,12000000,12000000,1,1
2017-11-26,10000031,11563,312962.94,249999.95,344444.44,3,2
2017-11-26,10000031,11577,4850000,4500000,5200000,2,2
2017-11-26,10000031,11578,6302923.43,6000000,6605846.87,4,4
2017-11-26,10000031,12058,3392499.46,3284998.92,3499999.99,2,2
2017-11-26,10000031,12076,5400000,5400000,5400000,1,1
2017-11-26,10000031,12084,11250000,11250000,11250000,1,1
2017-11-26,10000031,12189,1400000,1400000,1400000,1,1
2017-11-26,10000031,12199,4999996,4999996,4999996,2,1
2017-11-26,10000031,12200,19900000,19900000,19900000,4,1
2017-11-26,10000031,12608,150.99,150.99,150.99,8000,3
2017-11-26,10000031,12612,97.99,97.99,97.99,3057,1
2017-11-26,10000031,12625,57,57,57,11585,3
2017-11-26,10000031,12745,294999999.99,294999999.99,294999999.99,1,1
2017-11-26,10000031,12767,402.86,402.86,402.86,5000,1
2017-11-26,10000031,12771,244.96,244.96,244.96,600,1
2017-11-26,10000031,12777,194.9,194.9,194.9,1500,1
2017-11-26,10000031,12785,123.43,123.43,123.43,5000,1
2017-11-26,10000031,12789,127.77,127.77,127.77,3000,1
2017-11-26,10000031,12801,283.69,283.69,283.69,7000,1
2017-11-26,10000031,12805,349.8,349.8,349.8,10000,1
2017-11-26,10000031,13259,49500000.02,49500000.02,49500000.02,1,1
2017-11-26,10000031,14025,499999.99,499999.99,499999.99,1,1
2017-11-26,10000031,15510,68076.31,65000,69999,13,3
2017-11-26,10000031,15681,120000000,120000000,120000000,2,1
2017-11-26,10000031,16240,3162500,3143750,3181250,2,2
2017-11-26,10000031,16272,799,799,799,611000,11
2017-11-26,10000031,16273,70,70,70,80760,26
2017-11-26,10000031,16274,825,825,825,50000,2
2017-11-26,10000031,16467,200000,200000,200000,1,1
2017-11-26,10000031,17366,809954.14,780427.44,1119457.9,5,5
2017-11-26,10000031,17476,34226956.26,33090434.63,49999999,6,5
2017-11-26,10000031,17480,24300125.01,24000000,24999999.99,10,10
2017-11-26,10000031,17482,2603466.27,2400000,2991000,22,8
2017-11-26,10000031,17841,18630041.15,17890123.45,19000000,3,3
2017-11-26,10000031,17843,80248028.06,74998998.98,89930000,14,14
2017-11-26,10000031,17887,949.99,949.99,949.99,538165,13
2017-11-26,10000031,17888,829.97,829.97,829.97,580430,10
2017-11-26,10000031,17889,850,825,999.99,346311,16
2017-11-26,10000031,17912,5876395.47,4887559.29,5999999.99,18,7
2017-11-26,10000031,17938,174999.25,100000,199999,4,4
2017-11-26,10000031,18054,853999.94,349999.71,980000,10,2
2017-11-26,10000031,18590,999999.99,999999.99,999999.99,12,3
2017-11-26,10000031,18592,849999.99,849999.99,849999.99,12,3
2017-11-26,10000031,18594,829999.99,829999.99,829999.99,12,3
2017-11-26,10000031,18596,499999.99,499999.99,499999.99,10,1
2017-11-26,10000031,18598,699999.99,699999.99,699999.99,12,2
2017-11-26,10000031,18600,999999,999999,999999,10,1
2017-11-26,10000031,18602,999999,999999,999999,10,1
2017-11-26,10000031,18608,1479998.95,1479998.95,1479998.95,15,2
2017-11-26,10000031,18618,999999,999999,999999,20,1
2017-11-26,10000031,18624,999999.99,999999.99,999999.99,12,2
2017-11-26,10000031,18639,189999.67,189999.67,189999.67,2,2
2017-11-26,10000031,19295,195000000,195000000,195000000,2,2
2017-11-26,10000031,19744,6100000,6100000,6100000,1,1
2017-11-26,10000031,19814,163332.67,65000,199999,6,5
2017-11-26,10000031,19946,249999,249999,249999,7,3
2017-11-26,10000031,20349,1000000,1000000,1000000,2,1
2017-11-26,10000031,20353,3200000,2999999.99,3400000,2,2
2017-11-26,10000031,20415,78500,78500,78500,2,1
2017-11-26,10000031,20416,125000,125000,125000,28,2
2017-11-26,10000031,20423,78500,78500,78500,15,1
2017-11-26,10000031,20424,37500,37500,37500,34,3
2017-11-26,10000031,21096,3068749.37,2999999,3500000,16,15
2017-11-26,10000031,21640,1057978.01,1000000,1135619.03,13,4
2017-11-26,10000031,21740,1499.99,1499.99,1499.99,11200,1
2017-11-26,10000031,21791,7999.99,7999.99,7999.99,1,1
2017-11-26,10000031,21802,62300000.01,62300000.01,62300000.01,1,1
2017-11-26,10000031,21894,1799.99,1799.99,1799.99,1900,1
2017-11-26,10000031,21896,1387.94,1387.94,1387.94,5755,4
2017-11-26,10000031,21898,705,705,705,9000,3
2017-11-26,10000031,21904,1399.8,1399.8,1399.8,1200,1
2017-11-26,10000031,21906,720,720,720,1000,1
2017-11-26,10000031,21922,1198.95,1198.95,1198.95,2700,3
2017-11-26,10000031,21924,699.99,699.99,699.99,6000,2
2017-11-26,10000031,21937,1200,1200,1200,1200,1
2017-11-26,10000031,21939,384,384,384,1000,1
2017-11-26,10000031,22175,499999,499999,499999,2,2
2017-11-26,10000031,22177,287499.5,75000,499999,2,2
2017-11-26,10000031,22229,4233317.41,3999976.12,4700000,6,3
2017-11-26,10000031,22291,1249471.48,1200000,1252381.57,18,5
2017-11-26,10000031,22456,80000000,80000000,80000000,1,1
2017-11-26,10000031,22541,29000000,29000000,29000000,1,1
2017-11-26,10000031,22542,95289.21,89999.99,224875,51,5
2017-11-26,10000031,22544,430904162.68,430904162.68,430904162.68,1,1
2017-11-26,10000031,22546,349999999.99,349999999.99,349999999.99,1,1
2017-11-26,10000031,22576,54999.99,54999.99,54999.99,3,2
2017-11-26,10000031,22778,157088.04,157088.04,157088.04,71,2
2017-11-26,10000031,22782,1999996.58,1999996.58,1999996.58,1,1
2017-11-26,10000031,23009,665.13,665.13,665.13,4084,4
2017-11-26,10000031,23025,749.42,749.42,749.42,4200,3
2017-11-26,10000031,23035,799,799,799,2500,1
2017-11-26,10000031,23055,4472221.44,4200000,4489999,45,5
2017-11-26,10000031,23061,4414471.68,3000000,4999995.99,76,6
2017-11-26,10000031,23079,499999.99,499999.99,499999.99,3,1
2017-11-26,10000031,23087,250000,250000,250000,1,1
2017-11-26,10000031,23089,699999.99,699999.99,699999.99,5,1
2017-11-26,10000031,23097,698990.49,698990.49,698990.49,3,1
2017-11-26,10000031,23527,334222.45,312000,405186.42,16,13
2017-11-26,10000031,23659,2000,2000,2000,4,1
2017-11-26,10000031,23707,118676.61,100000,137999.99,65,16
2017-11-26,10000031,23717,70000,70000,70000,4,1
2017-11-26,10000031,23731,15000,15000,15000,2,1
2017-11-26,10000031,24241,199999,199999,199999,2,2
2017-11-26,10000031,24242,16505001,16505001,16505001,1,1
2017-11-26,10000031,24283,103999998.97,103999998.97,103999998.97,4,2
2017-11-26,10000031,24305,5199999.99,5199999.99,5199999.99,2,1
2017-11-26,10000031,24348,1550000,1500000,1700000,8,6
2017-11-26,10000031,24395,580000,580000,580000,2,2
2017-11-26,10000031,24417,2424223.5,1999999.99,2991000,7,6
2017-11-26,10000031,24427,1899999.99,1899999.99,1899999.99,2,2
2017-11-26,10000031,24438,1533393.38,1305090.07,1990000,3,2
2017-11-26,10000031,24471,50,50,50,1000,1
2017-11-26,10000031,24478,98.98,98.98,98.98,1000,1
2017-11-26,10000031,24483,1200000000,1200000000,1200000000,1,1
2017-11-26,10000031,24488,230,230,230,10000,1
2017-11-26,10000031,24492,139.88,139.88,139.88,25000,1
2017-11-26,10000031,24495,175,175,175,500,1
2017-11-26,10000031,24509,539.78,539.78,539.78,10553,3
2017-11-26,10000031,24531,700,700,700,10000,1
2017-11-26,10000031,24533,900,900,900,5374,2
2017-11-26,10000031,24700,53000000,53000000,53000000,1,1
2017-11-26,10000031,24702,39999244.99,38999000,40999489.97,2,2
2017-11-26,10000031,25565,328750,190000,745000,8,4
2017-11-26,10000031,25593,2000.48,2000.48,2000.48,1,1
2017-11-26,10000031,25597,5008.01,5008.01,5008.01,155,1
2017-11-26,10000031,25598,6001.41,6001.41,6001.41,91,2
2017-11-26,10000031,25599,500.28,500.28,500.28,80,1
2017-11-26,10000031,25600,15001.21,15001.21,15001.21,59,1
2017-11-26,10000031,25614,600002.03,600002.03,600002.03,20,1
2017-11-26,10000031,25617,341000.26,341000.26,341000.26,19,1
2017-11-26,10000031,25618,27500,27500,27500,1,1
2017-11-26,10000031,25620,30000.08,30000.08,30000.08,17,1
2017-11-26,10000031,25715,1499999.99,1499999.99,1499999.99,4,1
2017-11-26,10000031,25861,144811.69,50000,144999,16,7
2017-11-26,10000031,26929,149999.99,149999.99,149999.99,2,1
2017-11-26,10000031,27345,2498.96,2498.96,2498.96,1000,1
2017-11-26,10000031,27361,999.98,999.98,999.98,2000,2
2017-11-26,10000031,27371,1136.55,1136.55,1136.55,2455,3
2017-11-26,10000031,27381,1013.74,1013.74,1013.74,2000,2
2017-11-26,10000031,27387,1034.82,1034.82,1034.82,2000,2
2017-11-26,10000031,27435,1844,1844,1844,3000,1
2017-11-26,10000031,27441,1384.39,1384.39,1384.39,5336,4
2017-11-26,10000031,27447,1406,1406,1406,3000,1
2017-11-26,10000031,27453,1638.25,1638.25,1638.25,3000,1
2017-11-26,10000031,28328,499.99,499.99,499.99,1000,1
2017-11-26,10000031,28334,1846.67,1846.67,1846.67,2400,3
2017-11-26,10000031,28336,599,599,599,1000,1
2017-11-26,10000031,28576,1142795.2,999783.23,1199999.99,28,11
2017-11-26,10000031,28578,994489.11,994489.11,994489.11,2,1
2017-11-26,10000031,28668,57000,57000,57000,1146,14
2017-11-26,10000031,29001,100000,100000,100000,1,1
2017-11-26,10000031,29009,29285.14,21998.99,39000,7,5
2017-11-26,10000031,29011,184443.66,179998.99,200000,9,5
2017-11-26,10000031,30028,170442,170442,170442,24,2
2017-11-26,10000031,30486,738986.91,738986.91,738986.91,32,1
2017-11-26,10000031,30488,644744.04,600449.4,1000000,72,6
2017-11-26,10000031,30834,2390000,2390000,2390000,1,1
2017-11-26,10000031,30836,1000000,1000000,1000000,2,1
2017-11-26,10000031,31011,2999000,2999000,2999000,3,2
2017-11-26,10000031,31015,10999999.99,10999999.99,10999999.99,1,1
2017-11-26,10000031,31053,34000000,34000000,34000000,1,1
2017-11-26,10000031,31055,3300000,3300000,3300000,7,4
2017-11-26,10000031,31083,977000,977000,977000,5,2
2017-11-26,10000031,31117,2000000,2000000,2000000,1,1
2017-11-26,10000031,31125,18999999.99,18999999.99,18999999.99,3,1
2017-11-26,10000031,31153,209499,209499,209499,8,5
2017-11-26,10000031,31159,379000,379000,379000,3,2
2017-11-26,10000031,31177,183999.2,179999.99,184999,5,3
2017-11-26,10000031,31201,1000000,1000000,1000000,2,1
2017-11-26,10000031,31213,494999.99,494999.99,494999.99,3,2
2017-11-26,10000031,31286,299999,299998.99,299999,2,2
2017-11-26,10000031,31292,4999999.99,4999999.99,4999999.99,1,1
2017-11-26,10000031,31358,889999.95,889999.95,889999.95,1,1
2017-11-26,10000031,31360,4999999,4999999,4999999,1,1
2017-11-26,10000031,31364,4999999.99,4999999.99,4999999.99,1,1
2017-11-26,10000031,31366,29999999.99,29999999.99,29999999.99,1,1
2017-11-26,10000031,31370,690000,690000,690000,1,1
2017-11-26,10000031,31372,1341738.37,1300000,1717383.68,10,8
2017-11-26,10000031,31378,13999999.99,13999999.99,13999999.99,1,1
2017-11-26,10000031,31644,1000000,1000000,1000000,9,1
2017-11-26,10000031,31682,726000,726000,726000,5,1
2017-11-26,10000031,31700,10000000,10000000,10000000,1,1
2017-11-26,10000031,31716,499999,499999,499999,1,1
2017-11-26,10000031,31718,738448.63,691111,783564,8,8
2017-11-26,10000031,31724,4950000,4950000,4950000,1,1
2017-11-26,10000031,31730,1522857.14,1300000,1900000,35,16
2017-11-26,10000031,31736,8999999.99,8999999.99,8999999.99,1,1
2017-11-26,10000031,31740,200000,200000,200000,1,1
2017-11-26,10000031,31742,991000,991000,991000,6,5
2017-11-26,10000031,31748,8999999.99,8999999.99,8999999.99,6,5
2017-11-26,10000031,31752,500000,500000,500000,1,1
2017-11-26,10000031,31754,397999.94,397999.94,397999.94,2,2
2017-11-26,10000031,31788,648996.85,648996.85,648996.85,5,2
2017-11-26,10000031,31790,2844135.26,2764978.66,2990000,46,20
2017-11-26,10000031,31792,80000000,80000000,80000000,3,1
2017-11-26,10000031,31796,30999999.99,30999999.99,30999999.99,5,3
2017-11-26,10000031,31802,2500000,2500000,2500000,3,1
2017-11-26,10000031,31884,3500995,3500995,3500995,4,2
2017-11-26,10000031,31892,2790540.01,2499999,3400000,74,17
2017-11-26,10000031,31942,90000000,90000000,90000000,1,1
2017-11-26,10000031,31944,74200000.03,74200000.03,74200000.03,1,1
2017-11-26,10000031,31982,25000,25000,25000,50,1
2017-11-26,10000031,31998,100000,100000,100000,8,1
2017-11-26,10000031,32006,189999,189999,189999,119,4
2017-11-26,10000031,32043,4829999.99,4829999.99,4829999.99,1,1
2017-11-26,10000031,32047,41999999.99,41999999.99,41999999.99,1,1
2017-11-26,10000031,32772,819500,649000,990000,2,2
2017-11-26,10000031,32819,1199999.99,1199999.99,1199999.99,3,3
2017-11-26,10000031,32880,500000,500000,500000,10,1
2017-11-26,10000031,33076,229999.95,229999.95,229999.95,3,3
2017-11-26,10000031,33094,500000,500000,500000,1,1
2017-11-26,10000031,33101,2500000,2500000,2500000,1,1
2017-11-26,10000031,33176,209870,209870,209870,1,1
2017-11-26,10000031,33178,209870,209870,209870,1,1
2017-11-26,10000031,33180,389870.01,389870.01,389870.01,1,1
2017-11-26,10000031,33450,3996871.88,3996871.88,3996871.88,6,2
2017-11-26,10000031,33468,72000000,72000000,72000000,1,1
2017-11-26,10000031,33474,10162960,10162960,10162960,3,3
2017-11-26,10000031,33475,11828616.61,11500000,11900000,51,18
2017-11-26,10000031,33681,162500000.02,162500000.02,162500000.02,1,1
2017-11-26,10000031,33822,730000,730000,730000,2,2
2017-11-26,10000031,33824,1938076.92,1899999.99,1990000,26,14
2017-11-26,10000031,33890,1352631.58,1100000,1857894.73,3,2
2017-11-26,10000031,33892,4199997.53,4199997.53,4199997.53,3,1
2017-11-26,10000031,34202,2050000,2050000,2050000,1,1
2017-11-26,10000031,34306,5449999.5,5449999.5,5449999.5,2,2
2017-11-26,10000031,35656,399000,399000,399000,1,1
2017-11-26,10000031,35657,595000,190000,1000000,2,2
2017-11-26,10000031,35659,34432.75,29577,49000,4,4
2017-11-26,10000031,35660,159233.62,148999.99,241102.61,9,7
2017-11-26,10000031,35795,1017499.5,35000,1999999,2,2
2017-11-26,10000031,37610,1389999.5,1389999.5,1389999.5,3,2
2017-11-26,10000031,40346,9999999,9999999,9999999,3,3
2017-11-26,10000031,40357,188700000,188700000,188700000,1,1
2017-11-26,10000031,40361,3499999.99,3499999.99,3499999.99,24,4
2017-11-26,10000031,40365,11000000,11000000,11000000,25,1
2017-11-26,10000031,40556,9999999.99,9999999.99,9999999.99,4,1
2017-11-26,10000031,40559,18202917.98,17636494.48,25000000,13,3
2017-11-26,10000031,40565,24000000,24000000,24000000,18,1
2017-11-26,10000031,40572,162300000.01,162300000.01,162300000.01,1,1
2017-11-26,10000031,41155,25000,25000,25000,3,1
2017-11-26,10000031,41237,149999999.99,149999999.99,149999999.99,1,1
2017-11-26,10000031,41411,78800000,78800000,78800000,1,1
2017-11-26,10000031,41489,12000,12000,12000,110,5
2017-11-26,10000031,41490,1300899.97,1300899.97,1300899.97,290,5
2017-11-26,10000031,41493,120000000,120000000,120000000,3,2
2017-11-26,10000031,42244,79999999,79999999,79999999,1,1
2017-11-26,10000031,42529,1000000,1000000,1000000,3,3
2017-11-26,10000031,42695,1050,1050,1050,8500,4
2017-11-26,10000031,42829,2000,2000,2000,1000,1
2017-11-26,10000031,42830,1999,1999,1999,2354,2
2017-11-26,10000031,43699,149999.99,149999.99,149999.99,10,1
2017-11-26,10000031,46008,15618605.2,14938219.07,24495000,11,9
2017-11-26,10000031,46355,398000,398000,398000,22,2
2017-11-26,10000031,46356,1199999.99,1199999.99,1199999.99,12,2
2017-11-26,10000031,46366,1669999.99,1669999.99,1669999.99,10,1
2017-11-26,10000031,46367,434000,398000,500000,34,3
2017-11-26,10000031,46368,2199999.99,2199999.99,2199999.99,12,2
2017-11-26,10000031,46370,2899999.95,2899999.95,2899999.95,10,1
2017-11-26,10000031,46372,1999999.99,1999999.99,1999999.99,10,1
2017-11-26,10000032,18,52.07,52.02,58,22059244,288
2017-11-26,10000032,19,1103.62,1103.62,1103.62,647,3
2017-11-26,10000032,20,240,240,240,306570,46
2017-11-26,10000032,21,485.9,485.9,485.9,7330,6
2017-11-26,10000032,22,4342,4342,4342,1427,7
2017-11-26,10000032,34,4.75,4.63,4.83,1009944077,694
2017-11-26,10000032,35,4.88,4.88,4.88,380636632,499
2017-11-26,10000032,36,63.99,61.43,64.44,78100104,440
2017-11-26,10000032,37,45.98,41.8,52,16374010,332
2017-11-26,10000032,38,333.53,333.34,379.89,8385933,373
2017-11-26,10000032,39,1061.62,1002.02,1159.82,2539635,299
2017-11-26,10000032,40,1245.9,1123.28,1266.88,903908,242
2017-11-26,10000032,41,14,14,14,455098,30
2017-11-26,10000032,42,1000,1000,1000,210,13
2017-11-26,10000032,43,374.86,323,374.95,616411,46
2017-11-26,10000032,44,10014.42,10013.94,11500,12642,10
2017-11-26,10000032,45,5.96,5.96,5.96,300,23
2017-11-26,10000032,178,3.98,3.98,3.98,8001,22
2017-11-26,10000032,179,9.11,9.11,9.11,39518,31
2017-11-26,10000032,180,4.87,4.87,4.87,8682,25
2017-11-26,10000032,181,9.6,9.6,9.6,19706,30
2017-11-26,10000032,182,8.22,8.22,9.75,9601,22
2017-11-26,10000032,183,18.7,18.7,18.7,14000,30
2017-11-26,10000032,184,16.79,16.79,16.79,273040,43
2017-11-26,10000032,185,19.76,19.76,19.76,108388,21
2017-11-26,10000032,186,9.44,9.44,9.44,14181,13
2017-11-26,10000032,187,2.06,2.06,2.06,2500,15
2017-11-26,10000032,188,1.6,1.6,21.87,5200,16
2017-11-26,10000032,189,59.9,25,59.9,15300,14
2017-11-26,10000032,190,50,50,50,11401,12
2017-11-26,10000032,191,43.92,37.5,92.99,50100,19
2017-11-26,10000032,192,89.87,87.98,90,93003,34
2017-11-26,10000032,193,69,69,69,235010,32
2017-11-26,10000032,194,7.97,7.97,7.97,1500,10
2017-11-26,10000032,195,2.73,2.73,2.73,1800,14
2017-11-26,10000032,196,5.89,5.89,5.89,1600,12
2017-11-26,10000032,197,3.71,3.71,3.71,1000,7
2017-11-26,10000032,198,2.73,2.72,2.76,400,4
2017-11-26,10000032,199,174.95,174.95,174.99,11365,12
2017-11-26,10000032,200,175.98,175,244.5,29492,10
2017-11-26,10000032,201,140.05,140.05,140.05,1297,10
2017-11-26,10000032,202,336.89,336.89,336.89,30300,22
2017-11-26,10000032,203,293.65,293.65,293.65,89563,33
2017-11-26,10000032,204,219.88,219.88,220,43939,37
2017-11-26,10000032,205,241.29,241.29,241.29,33704,28
2017-11-26,10000032,206,149.57,13.3,149.57,23768,43
2017-11-26,10000032,207,45.98,45.97,45.98,42093,65
2017-11-26,10000032,208,84.7,84.7,84.7,68213,67
2017-11-26,10000032,209,40.21,40.21,40.21,814343,84
2017-11-26,10000032,210,11.49,9.7,11.58,245517,77
2017-11-26,10000032,211,7.2,7.2,7.2,78655,67
2017-11-26,10000032,212,19.9,19.9,19.9,229474,63
2017-11-26,10000032,213,18,18,18,46916,62
2017-11-26,10000032,215,4.2,4.2,4.2,331542,119
2017-11-26,10000032,216,5.82,0.26,5.89,65510,104
2017-11-26,10000032,217,6.05,6.04,6.05,143980,105
2017-11-26,10000032,218,9.97,9.97,9.97,89045,93
2017-11-26,10000032,219,6.94,6.93,7,108964,110
2017-11-26,10000032,220,7.98,3.05,9.03,63316,106
2017-11-26,10000032,221,8.2,3.84,8.22,88578,108
2017-11-26,10000032,222,15.98,15.98,15.98,2887324,336
2017-11-26,10000032,223,48.61,48.61,48.62,105488,74
2017-11-26,10000032,224,31.91,18.58,31.92,67071,76
2017-11-26,10000032,225,31.84,8.04,31.87,73030,73
2017-11-26,10000032,226,43.99,43.9,43.99,57364,70
2017-11-26,10000032,227,59.79,59.79,59.79,102369,60
2017-11-26,10000032,228,11.03,11.03,11.03,89260,52
2017-11-26,10000032,229,29.91,29.89,29.91,36033,57
2017-11-26,10000032,230,52.65,52.62,52.66,554943,127
2017-11-26,10000032,231,10.14,10.14,10.14,11189,23
2017-11-26,10000032,232,21.27,21.27,21.27,2179,17
2017-11-26,10000032,233,61.07,32.74,61.08,24512,34
2017-11-26,10000032,234,25.32,25.32,25.32,10642,29
2017-11-26,10000032,235,122.82,122.82,122.82,31800,21
2017-11-26,10000032,236,26.79,26.79,26.79,34693,18
2017-11-26,10000032,237,59,31.94,75.94,7170,24
2017-11-26,10000032,238,153.88,148.55,165.79,335264,46
2017-11-26,10000032,239,480.03,480.03,480.03,34,18
2017-11-26,10000032,240,660.28,660.28,660.28,123,25
2017-11-26,10000032,241,464.79,420.07,755.49,30,25
2017-11-26,10000032,242,1882.78,225.11,10999.98,39,27
2017-11-26,10000032,243,766.92,130.01,4699.96,50,31
2017-11-26,10000032,244,132.97,105.12,504,43,31
2017-11-26,10000032,245,937.14,904.21,1000,32,20
2017-11-26,10000032,246,800.98,800.98,800.98,106,45
2017-11-26,10000032,247,10244.15,3500.03,17999.86,43,18
2017-11-26,10000032,248,5777.96,1201.04,18201.02,26,17
2017-11-26,10000032,249,3399.98,800.12,7749.75,33,15
2017-11-26,10000032,250,3529.83,1563.18,9250.98,43,15
2017-11-26,10000032,251,4300.19,1671.02,6994.96,40,24
2017-11-26,10000032,252,12854.66,2200.36,30886,35,19
2017-11-26,10000032,253,8466.67,5000.01,17999.97,30,22
2017-11-26,10000032,254,7922.08,2500.21,11999.97,77,32
2017-11-26,10000032,255,1014.49,1014.49,1014.49,19,9
2017-11-26,10000032,256,1000.25,1000.25,1000.25,10,8
2017-11-26,10000032,257,158.91,158.9,159.13,11,10
2017-11-26,10000032,258,2001.26,2001.18,2001.28,10,7
2017-11-26,10000032,259,2735.46,2735.45,2735.46,12,8
2017-11-26,10000032,260,1001.42,1001.42,1001.42,11,5
2017-11-26,10000032,261,13007.22,10009.01,25000,15,10
2017-11-26,10000032,262,26137.28,26137.27,26137.3,15,11
2017-11-26,10000032,263,130,130,130,27419,14
2017-11-26,10000032,264,755.55,755.55,755.55,427,3
2017-11-26,10000032,266,6.48,6.48,6.48,24701,33
2017-11-26,10000032,267,143.79,143.79,143.79,18507,19
2017-11-26,10000032,269,9.63,9.63,40,39950,28
2017-11-26,10000032,377,26984.07,19500,28950,63,46
2017-11-26,10000032,380,548373.89,350005.01,599899.99,52,38
2017-11-26,10000032,393,5000,5000,5000,291,11
2017-11-26,10000032,394,164836.85,160000.7,164987.98,66,18
2017-11-26,10000032,399,25654.26,4281.84,30996.9,44,23
2017-11-26,10000032,400,359540.87,150000,368999,24,20
2017-11-26,10000032,421,949990,949990,949990,1,1
2017-11-26,10000032,434,68544.64,68544.61,68544.64,116,76
2017-11-26,10000032,438,3149988.64,3139997.98,3149988.68,139,66
2017-11-26,10000032,439,12850,12850,12850,263,131
2017-11-26,10000032,440,4529798.3,4155671.47,4549928.99,70,51
2017-11-26,10000032,442,15222.12,12999.63,40000,37,31
2017-11-26,10000032,443,3111,3110.99,3111,2,2
2017-11-26,10000032,444,38430.32,1005.78,48000,38,21
2017-11-26,10000032,447,47671.5,41000.01,49555.55,46,21
2017-11-26,10000032,448,2027774.97,2027774.85,2049995,190,138
2017-11-26,10000032,450,3200,3200,3200,4,1
2017-11-26,10000032,451,1138.03,1138.03,1138.03,5,5
2017-11-26,10000032,452,49601.43,29600,79989.99,16,6
2017-11-26,10000032,454,28000,28000,28000,1,1
2017-11-26,10000032,457,143333.34,50000.01,190000,15,8
2017-11-26,10000032,460,30000,30000,30000,4,1
2017-11-26,10000032,464,1700000,1700000,1700000,3,2
2017-11-26,10000032,482,1124999.98,1124990,1126997.64,127,68
2017-11-26,10000032,483,9900,9850,9900,189,89
2017-11-26,10000032,484,8714.28,8499.99,10000,14,6
2017-11-26,10000032,485,4056.04,1612.07,6500,2,2
2017-11-26,10000032,486,32000,500,95000,3,3
2017-11-26,10000032,487,35587.37,35587.37,35587.37,1,1
2017-11-26,10000032,488,124856.11,118998.96,159999,7,2
2017-11-26,10000032,490,162787.17,59999,248443.98,11,2
2017-11-26,10000032,493,365949.5,365949.49,365949.5,8,2
2017-11-26,10000032,495,1000,1000,1000,1,1
2017-11-26,10000032,496,680006.48,680006.48,680006.48,1,1
2017-11-26,10000032,498,1000000.01,1000000.01,1000000.01,99,2
2017-11-26,10000032,499,5999.97,5999.96,6998.99,495,29
2017-11-26,10000032,501,92000,92000,92000,5,1
2017-11-26,10000032,503,40000.02,40000.02,40000.02,9,1
2017-11-26,10000032,519,1349998.88,1349998.82,1349998.93,189,80
2017-11-26,10000032,520,47357.08,35002.49,68977.62,11,8
2017-11-26,10000032,523,20104.56,16666.84,100000,60,57
2017-11-26,10000032,524,42405.8,39999.99,66908.03,11,10
2017-11-26,10000032,526,35785.93,30000,39999.99,64,48
2017-11-26,10000032,527,1699996.99,1699995.99,1699997.91,132,97
2017-11-26,10000032,529,1097.77,1097.77,1097.77,2,2
2017-11-26,10000032,530,26555.86,7401.01,29750,14,6
2017-11-26,10000032,533,9546.29,6001.02,44998.99,22,3
2017-11-26,10000032,561,5408.63,3715.96,12999.99,77,40
2017-11-26,10000032,562,17280.11,7777.77,20797.76,28,13
2017-11-26,10000032,563,27668.89,27668.89,27668.89,139,18
2017-11-26,10000032,564,27497.15,27497.15,27497.15,354,25
2017-11-26,10000032,565,37786.2,37786.19,48950,137,55
2017-11-26,10000032,566,296780.28,132502,419988.99,7,2
2017-11-26,10000032,567,43959.99,43900,44000,15,6
2017-11-26,10000032,568,316363.36,5000.01,328999.99,11,4
2017-11-26,10000032,569,146177.77,100000,449999.98,26,5
2017-11-26,10000032,570,428470.88,399000,477777.76,25,10
2017-11-26,10000032,571,210013,210013,210013,1,1
2017-11-26,10000032,573,1252011.36,1252011.36,1252011.36,5,1
2017-11-26,10000032,574,600185.94,600185.93,600185.94,5,3
2017-11-26,10000032,575,702871.06,122003.82,1060000,23,4
2017-11-26,10000032,577,63937.49,1815,94998.74,12,10
2017-11-26,10000032,578,75264.66,47506,80047,95,75
2017-11-26,10000032,580,57857.63,1001,65980,8,3
2017-11-26,10000032,581,75099.25,198.49,150000,2,2
2017-11-26,10000032,583,263545.48,175000.02,300000,13,10
2017-11-26,10000032,584,262572.33,104000.02,349999,11,7
2017-11-26,10000032,585,308749.49,299999.99,319998.99,16,8
2017-11-26,10000032,586,379376.91,374999.99,400000,13,11
2017-11-26,10000032,587,287945.62,251000.02,299999.99,34,16
2017-11-26,10000032,589,293146.87,200000,328724.99,8,8
2017-11-26,10000032,590,370000,370000,370000,2,2
2017-11-26,10000032,591,447672.62,200000,468312,13,5
2017-11-26,10000032,592,168354.99,167109,195000,40,30
2017-11-26,10000032,593,390000,320002.25,399555.54,110,77
2017-11-26,10000032,594,384999.97,310003.29,385000,154,60
2017-11-26,10000032,596,5528.95,400.02,9375.64,7,7
2017-11-26,10000032,597,393732.91,211031.07,450000,11,10
2017-11-26,10000032,598,354457.19,300000,402911.97,20,4
2017-11-26,10000032,599,262998,262998,262998,3,3
2017-11-26,10000032,601,2994,305,7027.5,5,5
2017-11-26,10000032,602,345747.63,300080.14,425000,26,12
2017-11-26,10000032,603,265714.16,190000.02,400000.01,14,8
2017-11-26,10000032,605,338965.75,338455.55,375000,22,20
2017-11-26,10000032,606,2203.42,102.2,16000,45,41
2017-11-26,10000032,607,419884.85,400000,419884.86,129,90
2017-11-26,10000032,608,280549.39,260000,309999.99,85,60
2017-11-26,10000032,609,334496.18,334495.99,334500,21,7
2017-11-26,10000032,620,8665555.33,8665000,8666666,3,3
2017-11-26,10000032,621,9064570.66,8501000,9289998.92,7,7
2017-11-26,10000032,622,11759996,10999989.99,12900000.02,5,5
2017-11-26,10000032,623,11151851.85,11150000,11155555.55,6,6
2017-11-26,10000032,624,10559167.27,9042000,11128105,11,6
2017-11-26,10000032,625,7653799.97,5978000.01,8172999.95,5,4
2017-11-26,10000032,626,9734316.69,8905010.14,9798999.99,68,55
2017-11-26,10000032,627,9317572.04,9222999.99,11096769.06,33,30
2017-11-26,10000032,628,9106153.6,7100000,9502873.35,4,4
2017-11-26,10000032,629,9919122.34,9810067.43,9973649.8,3,3
2017-11-26,10000032,631,7250434.97,6314000.04,8186869.89,2,2
2017-11-26,10000032,632,7373832.67,6503000,7799999,6,6
2017-11-26,10000032,633,7001000,6518000,7240000,6,6
2017-11-26,10000032,634,8537750,8234000,8638999.99,4,4
2017-11-26,10000032,638,157670495.01,142018001.04,162887992.99,8,8
2017-11-26,10000032,639,169999969.86,169999969.86,169999969.86,1,1
2017-11-26,10000032,641,155861220.89,155399998.99,155899897,8,8
2017-11-26,10000032,643,184046634.99,152244000.01,199947952.48,3,3
2017-11-26,10000032,644,144998494.99,144996989.98,145000000,2,2
2017-11-26,10000032,645,166813456.19,158003011.15,175999854.89,16,15
2017-11-26,10000032,648,635002.02,325006.07,789999.99,3,3
2017-11-26,10000032,649,1218930.71,1445.89,1399999.97,8,8
2017-11-26,10000032,650,497805.14,433305.45,549499.93,51,47
2017-11-26,10000032,651,989998.99,989998.99,989998.99,1,1
2017-11-26,10000032,652,1151689.8,1000000,1289900.17,11,11
2017-11-26,10000032,653,840000,840000,840000,2,2
2017-11-26,10000032,654,1176001.63,1000013.35,1295208.97,14,10
2017-11-26,10000032,655,1034257.77,802505.36,1128981.89,17,11
2017-11-26,10000032,656,1242987.53,1002000.07,1267796.99,34,31
2017-11-26,10000032,657,1557374.64,1121001.37,1646492.47,47,46
2017-11-26,10000032,672,20563.15,17350,69888,25,22
2017-11-26,10000032,685,5124999.99,5124999.99,5124999.99,1,1
2017-11-26,10000032,691,3900000,3900000,3900000,1,1
2017-11-26,10000032,785,92720,92720,92720,3,3
2017-11-26,10000032,803,5399999.99,5399999.99,5399999.99,1,1
2017-11-26,10000032,804,4999999.66,4999999.66,4999999.66,1,1
2017-11-26,10000032,805,5389999.8,5389999.8,5389999.8,1,1
2017-11-26,10000032,806,3999408.72,3999408.72,3999408.72,1,1
2017-11-26,10000032,807,3081889.7,3081889.7,3081889.7,1,1
2017-11-26,10000032,809,2470513.91,2470513.91,2470513.91,1,1
2017-11-26,10000032,811,150000,150000,150000,3,3
2017-11-26,10000032,812,160000,160000,160000,4,4
2017-11-26,10000032,813,180000,180000,180000,4,4
2017-11-26,10000032,814,140000,140000,140000,4,4
2017-11-26,10000032,820,60000,60000,60000,1,1
2017-11-26,10000032,824,200000,200000,200000,1,1
2017-11-26,10000032,825,600000,600000,600000,1,1
2017-11-26,10000032,836,90000,90000,90000,1,1
2017-11-26,10000032,879,20000,20000,20000,1,1
2017-11-26,10000032,880,30000,30000,30000,1,1
2017-11-26,10000032,881,40000,40000,40000,1,1
2017-11-26,10000032,882,50000,50000,50000,1,1
2017-11-26,10000032,883,60000,60000,60000,1,1
2017-11-26,10000032,884,70000,70000,70000,2,2
2017-11-26,10000032,885,80000,80000,80000,2,2
2017-11-26,10000032,886,100000,100000,100000,1,1
2017-11-26,10000032,890,3000000,3000000,3000000,1,1
2017-11-26,10000032,891,235000,235000,235000,2,2
2017-11-26,10000032,892,275000,275000,275000,1,1
2017-11-26,10000032,893,325000,325000,325000,1,1
2017-11-26,10000032,894,3999999.99,3999999.99,3999999.99,1,1
2017-11-26,10000032,901,2499988.98,2499988.98,2499988.98,1,1
2017-11-26,10000032,940,2825000,2825000,2825000,3,3
2017-11-26,10000032,955,2125000,2125000,2125000,1,1
2017-11-26,10000032,967,50000,50000,50000,2,2
2017-11-26,10000032,971,83250000,83250000,83250000,2,2
2017-11-26,10000032,972,73576016.83,56228050.5,82250000,3,3
2017-11-26,10000032,978,81250000,81250000,81250000,4,3
2017-11-26,10000032,979,80125000,80000000,80250000,2,2
2017-11-26,10000032,985,3100000,3100000,3100000,2,2
2017-11-26,10000032,987,11375000,11375000,11375000,1,1
2017-11-26,10000032,989,3425000,3425000,3425000,2,2
2017-11-26,10000032,990,6000000,6000000,6000000,4,4
2017-11-26,10000032,991,4287500,4287500,4287500,3,3
2017-11-26,10000032,992,11250000,11250000,11250000,1,1
2017-11-26,10000032,1032,91160,91160,91160,1,1
2017-11-26,10000032,1072,64500,64500,64500,3,3
2017-11-26,10000032,1076,1999999.94,1999999.94,1999999.94,2,2
2017-11-26,10000032,1112,20000,20000,20000,1,1
2017-11-26,10000032,1115,120000,120000,120000,1,1
2017-11-26,10000032,1118,200000,200000,200000,2,2
2017-11-26,10000032,1121,1500000,1500000,1500000,2,2
2017-11-26,10000032,1123,2000000,2000000,2000000,1,1
2017-11-26,10000032,1130,19857.14,19000,20000,7,7
2017-11-26,10000032,1131,30000,30000,30000,2,2
2017-11-26,10000032,1132,40000,40000,40000,3,3
2017-11-26,10000032,1133,50000,50000,50000,1,1
2017-11-26,10000032,1134,60000,60000,60000,5,5
2017-11-26,10000032,1135,70000,70000,70000,1,1
2017-11-26,10000032,1136,80000,80000,80000,3,3
2017-11-26,10000032,1137,100000,100000,100000,7,7
2017-11-26,10000032,1138,80000,80000,80000,5,5
2017-11-26,10000032,1139,110000,110000,110000,1,1
2017-11-26,10000032,1140,150000,150000,150000,1,1
2017-11-26,10000032,1143,285000,285000,285000,1,1
2017-11-26,10000032,1144,328333.33,325000,335000,3,3
2017-11-26,10000032,1145,400000,400000,400000,7,7
2017-11-26,10000032,1148,400000,400000,400000,2,2
2017-11-26,10000032,1153,1000000,1000000,1000000,10,5
2017-11-26,10000032,1178,100000,100000,100000,1,1
2017-11-26,10000032,1182,73986.2,1300,79999.99,29,25
2017-11-26,10000032,1183,630503.74,511003.45,649833.98,100,82
2017-11-26,10000032,1185,22554.31,5111,24742,26,24
2017-11-26,10000032,1195,43528.03,41500,47950,57,43
2017-11-26,10000032,1196,2527749.81,2499999.99,2555499.63,2,2
2017-11-26,10000032,1198,220799.2,219999,224000,5,3
2017-11-26,10000032,1201,26600,26600,26600,230,43
2017-11-26,10000032,1202,1892.15,1500.01,1900,64,3
2017-11-26,10000032,1214,5000000,5000000,5000000,3,3
2017-11-26,10000032,1220,44996.67,44990,45000,3,3
2017-11-26,10000032,1223,4879.95,4879.95,4879.95,50,2
2017-11-26,10000032,1224,38.15,38.15,38.15,244267,5
2017-11-26,10000032,1225,3123,3123,3123,119,2
2017-11-26,10000032,1226,400,400,400,21747,14
2017-11-26,10000032,1227,62.51,50,72.3,1352676,91
2017-11-26,10000032,1228,16.51,16.02,16.63,13630989,103
2017-11-26,10000032,1229,1101.96,1101.96,1101.96,181,3
2017-11-26,10000032,1230,12.64,12.5,12.64,36057589,225
2017-11-26,10000032,1231,520.23,517.25,520.23,29569,11
2017-11-26,10000032,1232,904,904,904,103,2
2017-11-26,10000032,1236,757732.51,414502.53,799975.98,73,43
2017-11-26,10000032,1244,4205.32,4205.32,4205.32,126,41
2017-11-26,10000032,1246,17786.01,2150.05,22998,4,4
2017-11-26,10000032,1248,1228747.93,1199999,1299997.03,24,15
2017-11-26,10000032,1256,735290,735290,735290,2,2
2017-11-26,10000032,1264,24989,24989,24989,2,2
2017-11-26,10000032,1265,49740,49740,49740,1,1
2017-11-26,10000032,1266,313118.25,182500.03,314987,8,7
2017-11-26,10000032,1274,60000,60000,60000,1,1
2017-11-26,10000032,1276,616665.99,60000,894998.99,6,5
2017-11-26,10000032,1286,154989.66,149986,164996.98,3,3
2017-11-26,10000032,1294,20000,20000,20000,4,1
2017-11-26,10000032,1296,134995,134994.99,134995,4,3
2017-11-26,10000032,1304,16066.11,15.01,24899.99,18,15
2017-11-26,10000032,1306,300002.03,300002.02,354997.88,240,63
2017-11-26,10000032,1315,550000,550000,550000,1,1
2017-11-26,10000032,1317,1199.94,556.17,1299.97,144,56
2017-11-26,10000032,1318,16640,16640,16640,1,1
2017-11-26,10000032,1319,553995.53,553995.51,553995.63,448,157
2017-11-26,10000032,1333,10000,10000,10000,206,7
2017-11-26,10000032,1334,125000,125000,125000,1,1
2017-11-26,10000032,1335,279898.53,279898.53,279898.53,120,38
2017-11-26,10000032,1353,12409.65,5508.86,14799.77,13,11
2017-11-26,10000032,1355,689749.27,555085.71,714998.65,38,26
2017-11-26,10000032,1401,7987999.97,7987999.97,7987999.97,2,1
2017-11-26,10000032,1403,57834.02,19500,64999.98,80,38
2017-11-26,10000032,1405,643823.02,643822.98,643823.16,368,180
2017-11-26,10000032,1422,826892.25,650021.24,879998,45,24
2017-11-26,10000032,1436,4994999.98,4994999.95,4995000,5,4
2017-11-26,10000032,1445,26488.46,25000,27150,13,9
2017-11-26,10000032,1447,635122.1,496004.97,636997.68,62,37
2017-11-26,10000032,1537,761245.65,591873.97,1099989,6,3
2017-11-26,10000032,1539,25891.9,22996.94,49900,11,10
2017-11-26,10000032,1541,1048171.24,1029750.86,1089757.96,44,35
2017-11-26,10000032,1547,35100.5,200.99,70000,2,2
2017-11-26,10000032,1557,80000,80000,80000,1,1
2017-11-26,10000032,1559,999999,999999,999999,17,2
2017-11-26,10000032,1808,1204.82,1204.82,1204.82,6,3
2017-11-26,10000032,1810,42,42,42,19898,32
2017-11-26,10000032,1814,3.08,3.08,5,8197,39
2017-11-26,10000032,1816,10,10,10,14100,39
2017-11-26,10000032,1818,76.68,76.68,76.68,14100,23
2017-11-26,10000032,1820,27.1,27.09,27.55,5000,32
2017-11-26,10000032,1822,5.03,5.03,5.03,4043,23
2017-11-26,10000032,1824,50,50,50,4200,28
2017-11-26,10000032,1826,404.72,404.72,404.72,18174,14
2017-11-26,10000032,1827,3000000,3000000,3000000,1,1
2017-11-26,10000032,1828,358.11,358.11,358.11,4900,11
2017-11-26,10000032,1830,140.79,140.79,140.8,1100,8
2017-11-26,10000032,1832,102.51,102.51,102.51,31516,11
2017-11-26,10000032,1833,4000000,4000000,4000000,1,1
2017-11-26,10000032,1855,930001.43,550011.22,1024998.98,5,5
2017-11-26,10000032,1877,2299995.78,2198999.99,2299996.71,102,31
2017-11-26,10000032,1944,1194243.6,350913.47,1436667,14,14
2017-11-26,10000032,1948,60667.12,1000.68,180000,3,2
2017-11-26,10000032,1949,244999.98,244999.98,244999.98,1,1
2017-11-26,10000032,1952,1539995.48,1529998.96,1539998.64,116,70
2017-11-26,10000032,1956,133466.72,800.38,159999.99,12,2
2017-11-26,10000032,1957,107519.81,2605.08,138994.23,13,9
2017-11-26,10000032,1958,27899.95,27899.95,27899.95,1,1
2017-11-26,10000032,1963,26033.33,100,39000,3,3
2017-11-26,10000032,1964,1632631.49,1509998,1800000,19,5
2017-11-26,10000032,1968,123700.76,123700.76,123700.76,6,3
2017-11-26,10000032,1969,1546663.39,950002.16,1844994,3,3
2017-11-26,10000032,1973,42705.25,0.07,65998.98,17,12
2017-11-26,10000032,1977,44243.08,33333.33,48988.84,54,49
2017-11-26,10000032,1978,1406438.77,1272000.02,1429998.95,58,35
2017-11-26,10000032,1986,34396.99,32000,34994.98,5,4
2017-11-26,10000032,1987,974879.35,600001.27,1147900,19,12
2017-11-26,10000032,1998,49049.44,5888.89,69935.27,6,6
2017-11-26,10000032,1999,1054944.29,900003.81,1089997.77,60,40
2017-11-26,10000032,2006,10000000,9999999.99,10000000,11,9
2017-11-26,10000032,2018,46251.05,5527.79,47999.98,26,7
2017-11-26,10000032,2020,176465.19,95659.3,179999.99,15,6
2017-11-26,10000032,2024,1602448.75,1099005.21,1629998,20,17
2017-11-26,10000032,2032,559993.5,549997.6,559993.53,248,145
2017-11-26,10000032,2038,1185153.75,830010.99,1249887.29,21,21
2017-11-26,10000032,2046,8492,8492,8492,5572,148
2017-11-26,10000032,2047,50000,50000,50000,2,2
2017-11-26,10000032,2048,536799.9,536799.59,536992.91,687,440
2017-11-26,10000032,2073,0.3,0.02,1.16,7672614,6
2017-11-26,10000032,2078,58999989.99,58999989.99,58999989.99,1,1
2017-11-26,10000032,2082,186165345.89,180000000,189248018.84,3,3
2017-11-26,10000032,2108,71500,70000,72999.99,2,2
2017-11-26,10000032,2109,1399998.94,1399998.94,1399998.94,3,3
2017-11-26,10000032,2117,1887880.36,1041675.12,2399996.05,11,10
2017-11-26,10000032,2161,339717.14,338020.03,339999.99,7,5
2017-11-26,10000032,2173,14560.21,14560.2,19000,254,82
2017-11-26,10000032,2174,1700000,1700000,1700000,1,1
2017-11-26,10000032,2175,1104673.02,1000000.02,1124998.95,99,28
2017-11-26,10000032,2183,22000,21347.99,22995.99,1799,211
2017-11-26,10000032,2184,1800000,1800000,1800000,1,1
2017-11-26,10000032,2185,984999.99,984999.98,985000,489,114
2017-11-26,10000032,2193,45277.3,38000.42,115999.98,52,31
2017-11-26,10000032,2195,2007924.53,1900000.33,2029999.94,53,18
2017-11-26,10000032,2203,2999.99,2999.99,2999.99,2821,174
2017-11-26,10000032,2204,200000,200000,200000,1,1
2017-11-26,10000032,2205,495000,424998.97,499999.85,491,89
2017-11-26,10000032,2254,130426.08,81000,174599,29,18
2017-11-26,10000032,2267,1.6,1.6,1.6,2889064,5
2017-11-26,10000032,2268,1.04,1.04,1.04,2773978,3
2017-11-26,10000032,2270,4.5,4.5,4.5,1270973,2
2017-11-26,10000032,2272,2,2,2,7267909,4
2017-11-26,10000032,2281,2846894.99,2846885.41,2846895.94,310,165
2017-11-26,10000032,2287,4.02,4.02,4.02,2425994,1
2017-11-26,10000032,2289,69980,69980,69980,3,2
2017-11-26,10000032,2291,73900,73900,73900,5,4
2017-11-26,10000032,2293,86311.74,27000,94998.99,8,8
2017-11-26,10000032,2295,88983.33,88900,88999.99,6,5
2017-11-26,10000032,2297,3286860.14,2144888,3449998.85,8,5
2017-11-26,10000032,2299,3062630.67,2999998.99,3099998.99,19,15
2017-11-26,10000032,2301,2216320.09,1800001.54,2329998.98,53,36
2017-11-26,10000032,2303,2501528.42,1700000.05,2585194.69,36,29
2017-11-26,10000032,2305,6.5,6.5,6.5,100000,1
2017-11-26,10000032,2306,0.61,0.61,0.61,4798238,1
2017-11-26,10000032,2307,5.2,5.2,5.2,382432,2
2017-11-26,10000032,2308,1.09,1.09,1.09,775299,1
2017-11-26,10000032,2309,1.53,0.3,3.01,11469397,5
2017-11-26,10000032,2310,0.85,0.85,0.85,3082849,3
2017-11-26,10000032,2311,4.35,4.35,4.35,284158,1
2017-11-26,10000032,2312,12999.86,12999.86,12999.86,600,1
2017-11-26,10000032,2317,5156.99,5156.99,5156.99,1635,3
2017-11-26,10000032,2319,6504.01,6504.01,6504.01,760,1
2017-11-26,10000032,2321,17000,17000,17000,2960,2
2017-11-26,10000032,2328,9990,9990,9990,8436,6
2017-11-26,10000032,2329,10787.15,10787.15,10787.15,617,2
2017-11-26,10000032,2331,63846.13,2500.01,109499.94,13,10
2017-11-26,10000032,2333,1134937.77,1000000,1333149.18,84,41
2017-11-26,10000032,2341,666002.45,155008.64,1009998,5,5
2017-11-26,10000032,2348,130000,130000,130000,701,6
2017-11-26,10000032,2349,103003.41,103003.41,103003.41,1,1
2017-11-26,10000032,2351,108696.63,108000,109999.99,89,5
2017-11-26,10000032,2352,399999,399999,399999,10,1
2017-11-26,10000032,2361,139301.35,110000.25,139999,43,3
2017-11-26,10000032,2363,30000,30000,30000,1,1
2017-11-26,10000032,2364,1223462.38,912003.77,1269998.91,94,48
2017-11-26,10000032,2366,374317.57,374317.57,374317.57,500,1
2017-11-26,10000032,2389,510,510,510,3520,2
2017-11-26,10000032,2390,498.96,498.96,498.96,127340,5
2017-11-26,10000032,2392,899.99,899,899.99,27220,4
2017-11-26,10000032,2393,340,340,340,68995,7
2017-11-26,10000032,2395,835.04,835.04,835.04,8040,2
2017-11-26,10000032,2396,260,260,260,112084,13
2017-11-26,10000032,2397,899.99,899.99,899.99,117960,5
2017-11-26,10000032,2398,438,437.99,448,169091,13
2017-11-26,10000032,2399,699,699,699,585800,8
2017-11-26,10000032,2400,469.99,469.99,475.38,615230,30
2017-11-26,10000032,2401,1037.99,1037.99,1037.99,153027,14
2017-11-26,10000032,2403,9984314.97,7500000,13959658.48,18,17
2017-11-26,10000032,2404,1420752.79,1273947.3,1428998.98,71,24
2017-11-26,10000032,2406,1179755.79,1000000,1898778.98,40,21
2017-11-26,10000032,2410,1300207.43,1111625.1,1349996.99,55,13
2017-11-26,10000032,2420,5096283.36,5050000,5099757.62,43,14
2017-11-26,10000032,2436,2070327.11,1900013.46,2198985.72,79,17
2017-11-26,10000032,2444,42748.91,29000,42748.98,429,69
2017-11-26,10000032,2445,7000000,7000000,7000000,1,1
2017-11-26,10000032,2446,1798000,1797999.96,1798999.86,272,58
2017-11-26,10000032,2454,3094.85,3094.85,3094.85,5781,392
2017-11-26,10000032,2455,250000,250000,250000,7,7
2017-11-26,10000032,2456,381999.96,380000,382499.98,1677,285
2017-11-26,10000032,2463,5560.78,5560.77,5561,6623,10
2017-11-26,10000032,2464,2900,2055,2945,619,131
2017-11-26,10000032,2465,300000,300000,300000,3,3
2017-11-26,10000032,2466,469999.91,469999.86,469999.95,193,45
2017-11-26,10000032,2476,30039.49,24907.01,48949.75,95,49
2017-11-26,10000032,2478,1749999.11,1749999.08,1749999.12,27,7
2017-11-26,10000032,2486,5204.54,5204.54,5204.54,1741,153
2017-11-26,10000032,2487,400000,400000,400000,2,2
2017-11-26,10000032,2488,474999.9,474999.87,474999.91,763,125
2017-11-26,10000032,2495,674614.91,500000,998899.76,20,19
2017-11-26,10000032,2505,624911.22,500000,995958.78,25,24
2017-11-26,10000032,2506,110.55,110.55,110.55,4442,16
2017-11-26,10000032,2507,7000000,7000000,7000000,1,1
2017-11-26,10000032,2508,429.86,429.86,429.86,9900,15
2017-11-26,10000032,2509,10000000,10000000,10000000,1,1
2017-11-26,10000032,2510,274.98,274.98,274.98,16227,14
2017-11-26,10000032,2511,8000000,8000000,8000000,2,2
2017-11-26,10000032,2512,9,9,9,8137,29
2017-11-26,10000032,2513,35000,35000,35000,2,2
2017-11-26,10000032,2514,9,9,9,6600,7
2017-11-26,10000032,2515,40000,40000,40000,2,2
2017-11-26,10000032,2516,1.35,1.35,1.35,22592,52
2017-11-26,10000032,2517,50000,50000,50000,2,2
2017-11-26,10000032,2524,168635.69,81000.01,199978.91,43,26
2017-11-26,10000032,2525,155241.77,81000,166378.04,23,8
2017-11-26,10000032,2529,1502.28,1502.28,1502.28,1,1
2017-11-26,10000032,2531,535999.99,535999.99,535999.99,103,7
2017-11-26,10000032,2533,161588.71,81000,198629.29,19,9
2017-11-26,10000032,2534,207010.61,81000,382697.65,36,21
2017-11-26,10000032,2537,33305.7,2778.01,63833.39,4,4
2017-11-26,10000032,2539,1595454.87,1000005.6,1799998,22,21
2017-11-26,10000032,2545,12628.71,258.41,24999,2,2
2017-11-26,10000032,2547,762112.27,596010.39,894993.8,9,9
2017-11-26,10000032,2549,168576.19,81000.01,349968.97,63,19
2017-11-26,10000032,2550,158530.2,81000.01,199878.97,23,13
2017-11-26,10000032,2551,115781.01,81000,122670.54,18,10
2017-11-26,10000032,2553,1032923.86,756779.2,1099847.94,41,39
2017-11-26,10000032,2559,2210432.8,2149948.95,2388055.03,51,13
2017-11-26,10000032,2563,2436802.09,1000500.29,2499249.99,24,7
2017-11-26,10000032,2567,2209099.76,1251500,2248999.74,25,10
2017-11-26,10000032,2571,2355128.52,2349995.98,2599998.95,48,15
2017-11-26,10000032,2575,1953706.34,1938930.88,2048930.91,40,12
2017-11-26,10000032,2589,193838939.41,190000000,197677878.81,2,2
2017-11-26,10000032,2603,5179.72,510.1,7998.99,84,41
2017-11-26,10000032,2604,16640,16640,16640,1,1
2017-11-26,10000032,2605,327988.81,327987.94,327988.92,319,154
2017-11-26,10000032,2613,329.53,329.52,329.53,17625,9
2017-11-26,10000032,2621,585.54,585.54,585.54,88010,15
2017-11-26,10000032,2629,746,746,746,44156,14
2017-11-26,10000032,2637,880.95,880.95,880.95,67724,8
2017-11-26,10000032,2647,95.5,50.04,140.95,4000,2
2017-11-26,10000032,2679,198,197.99,198.85,291158,18
2017-11-26,10000032,2801,1434,1434,1434,10000,1
2017-11-26,10000032,2811,1989.95,1989.95,1989.95,23780,9
2017-11-26,10000032,2817,75.74,75.74,75.74,18000,7
2017-11-26,10000032,2867,2251000,2251000,2251000,214,9
2017-11-26,10000032,2868,3018920.17,2539015.5,3124499,61,4
2017-11-26,10000032,2869,1331001.45,1157010.24,1359999.99,14,2
2017-11-26,10000032,2870,1100000,1100000,1100000,249,12
2017-11-26,10000032,2871,1535000.06,1535000.06,1535000.06,438,12
2017-11-26,10000032,2872,2813336.74,2799999.97,2900000,30,4
2017-11-26,10000032,2873,677142.49,600000.11,779999,14,7
2017-11-26,10000032,2875,1554000,1554000,1554000,483,7
2017-11-26,10000032,2876,2399999.99,2190003.01,2490000,253,13
2017-11-26,10000032,2881,589999.99,589999.99,590000,39,8
2017-11-26,10000032,2889,848999.9,668222.96,848999.95,154,38
2017-11-26,10000032,2897,1894022.6,1201004.13,2019998.88,44,14
2017-11-26,10000032,2905,714999,714999,714999,7,1
2017-11-26,10000032,2913,1900933.53,1635822.75,2099999.99,16,3
2017-11-26,10000032,2921,2077999.97,2077999.97,2077999.97,5,2
2017-11-26,10000032,2929,4171427.52,4099999,4199998.93,21,5
2017-11-26,10000032,2937,2413791.58,2000000,2499998,29,9
2017-11-26,10000032,2945,1535000.05,1535000.05,1535000.05,5,2
2017-11-26,10000032,2953,4039998.97,4039998.97,4039998.97,8,1
2017-11-26,10000032,2961,5331673.58,4099021.05,5947999.85,12,3
2017-11-26,10000032,2969,2465556.47,1807787.57,2599999,50,12
2017-11-26,10000032,2977,1616033.53,1499999,1689998.85,87,21
2017-11-26,10000032,2993,1000000,1000000,1000000,9,5
2017-11-26,10000032,2998,64671921.48,62000000,64999995,13,13
2017-11-26,10000032,3001,596999.99,596999.99,597000,15,6
2017-11-26,10000032,3009,2268576.66,1266346.52,2399998.94,48,6
2017-11-26,10000032,3017,763691.62,7000,1099999,13,4
2017-11-26,10000032,3025,2232280.12,2199999,2249888,17,4
2017-11-26,10000032,3033,1096000,1096000,1096000,63,12
2017-11-26,10000032,3041,711340.17,410008.22,770007.98,30,12
2017-11-26,10000032,3057,4345738.55,3012405.51,5012405.07,12,5
2017-11-26,10000032,3065,5329908.79,5329908.79,5329908.79,8,2
2017-11-26,10000032,3074,1030195.33,900007.21,1129998.94,88,31
2017-11-26,10000032,3080,10200000,10200000,10200000,1,1
2017-11-26,10000032,3082,2299998.6,2299998.6,2299998.6,146,32
2017-11-26,10000032,3088,9309874,9309874,9309874,1,1
2017-11-26,10000032,3090,5310505.63,5310505.63,5310505.63,1,1
2017-11-26,10000032,3093,10000000,10000000,10000000,1,1
2017-11-26,10000032,3098,718748.47,714999,719997.96,20,6
2017-11-26,10000032,3106,2334525.84,1027464.28,3749999.5,24,8
2017-11-26,10000032,3114,3200000,3200000,3200000,5,1
2017-11-26,10000032,3122,3167999,3167999,3167999,11,2
2017-11-26,10000032,3125,9999999.97,9999999.97,9999999.97,1,1
2017-11-26,10000032,3130,2999945.36,2999944.09,2999947.42,27,8
2017-11-26,10000032,3136,9999949.94,9999949.94,9999949.94,1,1
2017-11-26,10000032,3138,2299823.31,2298000,2299885.76,63,14
2017-11-26,10000032,3146,1797766,1503300,1797766.98,111,25
2017-11-26,10000032,3154,5799955.99,5799955.99,5799956,13,4
2017-11-26,10000032,3162,804156.83,351365.83,819998.98,34,10
2017-11-26,10000032,3170,723244.2,551002,749971.44,67,15
2017-11-26,10000032,3178,926899.75,840936.99,926899.8,216,43
2017-11-26,10000032,3184,1900219.95,1600000,2950989.79,18,18
2017-11-26,10000032,3186,4068022.26,3330011.08,4249959.9,46,10
2017-11-26,10000032,3204,10199993.99,10199993.99,10199993.99,1,1
2017-11-26,10000032,3237,9899000,9899000,9899000,5,2
2017-11-26,10000032,3240,8954641.94,8954641.94,8954641.94,4,1
2017-11-26,10000032,3242,33379.35,14999.99,36441.43,7,6
2017-11-26,10000032,3244,1586494.94,1586492,1586494.94,141,102
2017-11-26,10000032,3256,8465477.78,8464999.52,8465956.04,2,2
2017-11-26,10000032,3262,5000000,5000000,5000000,1,1
2017-11-26,10000032,3265,9895656.2,9894999.55,9896969.49,3,3
2017-11-26,10000032,3285,1324992.82,1300000,1399997.99,12,3
2017-11-26,10000032,3293,15373.37,15198,17999.98,16,7
2017-11-26,10000032,3296,34333.28,29999.92,43000,6,5
2017-11-26,10000032,3297,10772.56,10000,10998.83,53,16
2017-11-26,10000032,3300,20000,20000,20000,1,1
2017-11-26,10000032,3301,27590.8,20000,60000,13,13
2017-11-26,10000032,3302,24033.06,20000,29074.39,9,9
2017-11-26,10000032,3303,50750,20000,61000,8,8
2017-11-26,10000032,3304,134442.16,100000,178999.99,42,42
2017-11-26,10000032,3305,121874.99,100000,449999.85,16,14
2017-11-26,10000032,3306,349410.98,100000,557241.77,11,11
2017-11-26,10000032,3307,2999994.95,2000000,3999989.9,6,6
2017-11-26,10000032,3308,3129590.9,2000000,5388772.71,6,6
2017-11-26,10000032,3309,2000000,2000000,2000000,7,7
2017-11-26,10000032,3310,40000,40000,40000,3,3
2017-11-26,10000032,3311,77800,69000,80000,5,5
2017-11-26,10000032,3312,60000,60000,60000,2,2
2017-11-26,10000032,3315,1113568.33,1000000,1681410,6,6
2017-11-26,10000032,3316,70000,70000,70000,5,5
2017-11-26,10000032,3317,100000,100000,100000,6,6
2017-11-26,10000032,3318,87200.38,80000,92000.62,5,5
2017-11-26,10000032,3320,14582.46,10000,22995.9,12,12
2017-11-26,10000032,3321,31248.87,20000,49996.98,16,16
2017-11-26,10000032,3322,28999.43,25000,52996.01,7,7
2017-11-26,10000032,3323,29214.29,24500,30000,14,14
2017-11-26,10000032,3324,125796.73,100000,183839.36,13,13
2017-11-26,10000032,3325,521805.04,400000,1413437.8,30,11
2017-11-26,10000032,3326,386363.31,350000,450000,11,11
2017-11-26,10000032,3327,19952,19904,20000,2,2
2017-11-26,10000032,3328,70765.86,40000,228997.8,77,55
2017-11-26,10000032,3329,48927.85,40000,64997.99,14,11
2017-11-26,10000032,3330,60950.05,40000,99988.87,21,18
2017-11-26,10000032,3331,85142.66,40000,197999.33,35,19
2017-11-26,10000032,3332,544774.17,500000,749989.12,67,50
2017-11-26,10000032,3333,618625.24,500000,1844000,8,8
2017-11-26,10000032,3334,529081.41,500000,979840.74,66,17
2017-11-26,10000032,3335,527083.35,500000,1199999.96,12,12
2017-11-26,10000032,3336,4197681.31,4000000,4889573.4,18,17
2017-11-26,10000032,3337,4136284.41,4000000,6999128.45,11,11
2017-11-26,10000032,3338,6061484.53,4000000,9999869.79,13,13
2017-11-26,10000032,3339,4632304.12,4000000,9493824.72,12,12
2017-11-26,10000032,3340,366662.22,300000,449990,9,8
2017-11-26,10000032,3341,333333.31,300000,499999.85,6,6
2017-11-26,10000032,3342,412500,300000,1200000,8,8
2017-11-26,10000032,3343,483326.25,300000,2499914.94,12,10
2017-11-26,10000032,3348,23130.43,20000,29999.99,23,23
2017-11-26,10000032,3349,104166.67,75000,249999.99,6,6
2017-11-26,10000032,3350,199999.98,100000,299999.96,6,6
2017-11-26,10000032,3351,751467.4,400000,985779,5,5
2017-11-26,10000032,3352,1039995.82,400000,1999989.54,5,5
2017-11-26,10000032,3354,2807942.69,2500000,4347656.13,6,4
2017-11-26,10000032,3355,26810.38,20000,47997.81,37,37
2017-11-26,10000032,3356,63030.27,60000,79999.99,33,33
2017-11-26,10000032,3357,181823.61,180000,249999.99,17,17
2017-11-26,10000032,3358,157136.35,100000,499954.48,7,7
2017-11-26,10000032,3359,279674.05,200000,498777.56,30,30
2017-11-26,10000032,3361,286123.26,200000,745447.29,19,19
2017-11-26,10000032,3363,20673.55,20000,22581.96,23,23
2017-11-26,10000032,3368,40000,40000,40000,3,3
2017-11-26,10000032,3373,1000000,1000000,1000000,2,2
2017-11-26,10000032,3380,22100,20000,26300,3,3
2017-11-26,10000032,3385,45481.21,8000.06,50000,26,26
2017-11-26,10000032,3386,16666.67,10000,20000,3,3
2017-11-26,10000032,3387,159722.22,150000,174999.99,18,18
2017-11-26,10000032,3388,90463.4,51004.02,100000,13,12
2017-11-26,10000032,3389,280000.01,280000,280000.08,11,10
2017-11-26,10000032,3392,21918.74,21837.47,22000,2,2
2017-11-26,10000032,3393,30517.49,30000,47999.95,36,23
2017-11-26,10000032,3394,94962.66,60000,164887.99,3,3
2017-11-26,10000032,3395,80000,80000,80000,7,7
2017-11-26,10000032,3396,2166656.32,2000000,2499968.96,3,3
2017-11-26,10000032,3397,1428571.43,1000000,2500000,7,5
2017-11-26,10000032,3398,25000000,25000000,25000000,2,2
2017-11-26,10000032,3400,100000000,100000000,100000000,1,1
2017-11-26,10000032,3402,19000,19000,19000,1,1
2017-11-26,10000032,3403,333333.33,300000,499999.99,6,6
2017-11-26,10000032,3405,54166.62,25000,124999.86,24,24
2017-11-26,10000032,3406,325909.07,300000,584999.77,11,11
2017-11-26,10000032,3408,19262306.19,19262306.19,19262306.19,1,1
2017-11-26,10000032,3409,481229.58,350000,1399836.63,8,8
2017-11-26,10000032,3410,408776.39,450,450000,28,18
2017-11-26,10000032,3411,75000,75000,75000,2,2
2017-11-26,10000032,3412,528816.68,48950.17,874999.91,6,6
2017-11-26,10000032,3413,16666.67,10000,20000,3,3
2017-11-26,10000032,3416,50809.51,35000,124999.95,42,42
2017-11-26,10000032,3417,43999.98,43999.98,43999.98,2,2
2017-11-26,10000032,3418,279166.33,169500,498498.98,3,3
2017-11-26,10000032,3419,189899.98,170000,229699.95,3,3
2017-11-26,10000032,3420,270537.86,210000,331075.71,6,6
2017-11-26,10000032,3421,202227.29,130000,435375.72,30,30
2017-11-26,10000032,3422,122057.47,80000,239991.43,14,13
2017-11-26,10000032,3423,93499.71,75000,148998.84,52,37
2017-11-26,10000032,3424,108827.12,79000,287789.85,7,7
2017-11-26,10000032,3425,170994.12,84000,286979.42,7,7
2017-11-26,10000032,3426,29999.58,29999.58,29999.58,1,1
2017-11-26,10000032,3427,120000,120000,120000,3,3
2017-11-26,10000032,3428,88000,88000,88000,6,6
2017-11-26,10000032,3429,83335,10.01,100000,6,6
2017-11-26,10000032,3430,538888.78,500000,999998.99,9,9
2017-11-26,10000032,3431,75000,75000,75000,8,7
2017-11-26,10000032,3432,198666.53,100000,247999.79,3,2
2017-11-26,10000032,3433,171785.71,100000,301000,28,28
2017-11-26,10000032,3434,113846.1,80000,199999.98,26,26
2017-11-26,10000032,3435,125222.11,112833.16,150000,6,6
2017-11-26,10000032,3436,20618.03,20000,21499.96,5,5
2017-11-26,10000032,3437,49132.85,40000,87947.47,21,8
2017-11-26,10000032,3438,57663.89,40000,120745.16,31,27
2017-11-26,10000032,3439,263827.25,200000,600999.9,22,22
2017-11-26,10000032,3440,385197.24,220000,979907.31,46,27
2017-11-26,10000032,3441,410769.21,380000,499999.92,39,26
2017-11-26,10000032,3442,534999.95,500000,699999.72,40,40
2017-11-26,10000032,3443,20000,20000,20000,6,6
2017-11-26,10000032,3444,121428.54,100000,399999.56,14,14
2017-11-26,10000032,3446,142857.13,100000,299999.93,28,28
2017-11-26,10000032,3447,8561248.89,7500000,12989995,8,8
2017-11-26,10000032,3449,119999.92,119999.92,119999.92,1,1
2017-11-26,10000032,3450,24232.46,11350.51,49996.37,6,6
2017-11-26,10000032,3451,47142.83,30000,89999.9,14,12
2017-11-26,10000032,3452,47635.8,40000,88154.66,27,27
2017-11-26,10000032,3453,23500,7000,25000,8,7
2017-11-26,10000032,3454,395500,340000,423250,3,3
2017-11-26,10000032,3455,39039.01,30000,51817.96,8,7
2017-11-26,10000032,3456,10000000,10000000,10000000,6,6
2017-11-26,10000032,3465,119124,119124,119124,2,2
2017-11-26,10000032,3466,58888.95,58888.95,58888.95,6,4
2017-11-26,10000032,3467,34444.78,32000,194000,33,8
2017-11-26,10000032,3469,779999.98,779999.98,779999.98,2,2
2017-11-26,10000032,3488,818118.02,700000.03,829823.95,29,28
2017-11-26,10000032,3496,1718780.14,1455004.27,1869986.89,33,27
2017-11-26,10000032,3504,4103768.85,3499998.98,4449999.95,25,22
2017-11-26,10000032,3512,2176923.46,1100008.33,2499998,13,6
2017-11-26,10000032,3520,1987498.55,1500000.21,2149998,8,4
2017-11-26,10000032,3528,70358.01,69555.54,84000,18,15
2017-11-26,10000032,3530,1484999.99,1211220.54,1499972.48,180,81
2017-11-26,10000032,3538,14802.99,10203.1,138999.99,56,3
2017-11-26,10000032,3539,800000,800000,800000,1,1
2017-11-26,10000032,3540,2097282.12,1405031.06,2183297.99,28,23
2017-11-26,10000032,3551,33316.66,29566.66,36000,9,8
2017-11-26,10000032,3552,950,950,950,200,1
2017-11-26,10000032,3554,997.99,997.01,997.99,1698,18
2017-11-26,10000032,3566,14410.64,1577.65,14899.95,25,12
2017-11-26,10000032,3568,1058951.2,1039998.98,1099998,47,40
2017-11-26,10000032,3576,70038.55,10115.68,99999.98,3,3
2017-11-26,10000032,3578,2235851.86,1899000.05,2434000,27,12
2017-11-26,10000032,3581,10000000,9999999.99,10000000,2,2
2017-11-26,10000032,3587,49960,49960,49960,1,1
2017-11-26,10000032,3588,437499.5,434999,440000,6,3
2017-11-26,10000032,3597,124700,124700,124700,1,1
2017-11-26,10000032,3598,1089650.69,1089650.69,1089650.69,10,4
2017-11-26,10000032,3606,47999.99,47999.99,47999.99,1,1
2017-11-26,10000032,3607,312440,312440,312440,2,2
2017-11-26,10000032,3608,1054631.75,1003558.31,1309998.94,6,3
2017-11-26,10000032,3643,2367.6,2367.6,2367.6,240,5
2017-11-26,10000032,3645,493.06,403.06,499.98,307351,61
2017-11-26,10000032,3647,233.74,233.62,301.83,149889,10
2017-11-26,10000032,3651,454.75,287.81,505.11,23,14
2017-11-26,10000032,3653,37179.73,116.08,92775.22,5,3
2017-11-26,10000032,3655,2172739.81,1509166.78,3499885.89,3,3
2017-11-26,10000032,3665,1199735.26,500005.01,3298926,4,4
2017-11-26,10000032,3673,33,33,33,190,16
2017-11-26,10000032,3683,300.03,300.03,305,580329,44
2017-11-26,10000032,3685,470.03,470.03,470.03,71911,8
2017-11-26,10000032,3687,780,780,780,794982,101
2017-11-26,10000032,3689,9989.99,9989.97,9998.99,36913,14
2017-11-26,10000032,3691,6900.02,6900,7000,26190,6
2017-11-26,10000032,3693,9003.86,9003.69,9005.43,16090,10
2017-11-26,10000032,3695,9785,9785,9785,1055,3
2017-11-26,10000032,3697,20000,20000,20000,540,1
2017-11-26,10000032,3699,49.99,49.99,49.99,1192905,34
2017-11-26,10000032,3703,120.71,1.11,300.11,50,5
2017-11-26,10000032,3705,50,50,50,132,10
2017-11-26,10000032,3707,202,202,202,80,6
2017-11-26,10000032,3709,17.77,17.77,17.77,230,13
2017-11-26,10000032,3713,3500.06,3500.06,3500.06,420,14
2017-11-26,10000032,3715,93.66,90.16,116.42,332778,48
2017-11-26,10000032,3717,100,100,100,250,21
2017-11-26,10000032,3719,1002,1002,1002,205,11
2017-11-26,10000032,3721,640,150,750,15,3
2017-11-26,10000032,3723,500.03,500.03,500.03,20,3
2017-11-26,10000032,3725,13499,13499,13499,3380,3
2017-11-26,10000032,3731,266670,10.01,400000,3,3
2017-11-26,10000032,3732,8000000,8000000,8000000,1,1
2017-11-26,10000032,3756,54959374.74,50633820.73,57569749.91,15,15
2017-11-26,10000032,3766,225000.01,100000.01,350000,2,2
2017-11-26,10000032,3771,155.13,155.12,155.14,35,8
2017-11-26,10000032,3775,13299.99,13299.99,13299.99,1135,4
2017-11-26,10000032,3777,656.06,656.06,656.06,350,25
2017-11-26,10000032,3779,780,780,780,37790,3
2017-11-26,10000032,3810,0.01,0.01,0.01,251,12
2017-11-26,10000032,3812,153,150,153,105258,20
2017-11-26,10000032,3814,27.6,27.6,27.6,150210,14
2017-11-26,10000032,3818,60,60,60,10,1
2017-11-26,10000032,3820,0.38,0.38,0.38,20,2
2017-11-26,10000032,3822,19.95,19.95,19.95,70,6
2017-11-26,10000032,3824,15,15,15,110,8
2017-11-26,10000032,3826,407.5,120,699,100,5
2017-11-26,10000032,3828,9451.85,9451.85,9452,18514,20
2017-11-26,10000032,3829,29650,29650,29650,405,67
2017-11-26,10000032,3830,2049999.92,1299999.99,2799999.84,2,2
2017-11-26,10000032,3831,699991.95,699991.95,699991.95,259,109
2017-11-26,10000032,3839,92678.03,90000,96949.97,23,15
2017-11-26,10000032,3840,8400000,8000000,8800000,2,2
2017-11-26,10000032,3841,1388817.79,1388817.77,1388817.8,216,103
2017-11-26,10000032,3887,29586.31,29490,30000,31,23
2017-11-26,10000032,3888,1290235.84,1079150.43,1658998.98,77,38
2017-11-26,10000032,3893,38986676.97,38986676.97,38986676.97,1,1
2017-11-26,10000032,3894,32214825.46,28001010.03,33619433.94,4,4
2017-11-26,10000032,3895,34318202.77,20002100.04,36999978.97,7,7
2017-11-26,10000032,3898,15995995,15995995,15995995,7,2
2017-11-26,10000032,3962,159998959.89,159998959.89,159998959.89,1,1
2017-11-26,10000032,3977,1000000,1000000,1000000,1,1
2017-11-26,10000032,3986,126001.09,126001.09,126001.09,2,1
2017-11-26,10000032,3987,2,2,2,3,1
2017-11-26,10000032,4025,30000,19000,37399.93,265,132
2017-11-26,10000032,4027,89939.52,24000.11,119999.99,341,167
2017-11-26,10000032,4051,23882.94,19500.13,23885,32327,19
2017-11-26,10000032,4141,100000,100000,100000,1,1
2017-11-26,10000032,4147,3495999.99,3495999.99,3495999.99,4,1
2017-11-26,10000032,4225,475000,475000,475000,1,1
2017-11-26,10000032,4233,500000.5,1,1000000,2,2
2017-11-26,10000032,4234,100000,100000,100000,1,1
2017-11-26,10000032,4238,100000,100000,100000,1,1
2017-11-26,10000032,4239,100000,100000,100000,1,1
2017-11-26,10000032,4246,22175,22175,22175,15175,8
2017-11-26,10000032,4247,20000,20000,20000,100591,17
2017-11-26,10000032,4250,2341435.04,2279998.99,2896810.7,34,16
2017-11-26,10000032,4254,1185763.5,609001,1249998.98,17,14
2017-11-26,10000032,4256,2809889,2809889,2809889,138,7
2017-11-26,10000032,4258,1555091.53,1003000.21,1899998.95,76,27
2017-11-26,10000032,4260,2090390.16,1987987.7,2500000,5,5
2017-11-26,10000032,4292,114999609.88,114999609.88,114999609.88,1,1
2017-11-26,10000032,4302,68057228.31,64399456.62,71715000,4,4
2017-11-26,10000032,4308,70777500,69500000,72054999.99,2,2
2017-11-26,10000032,4309,650000000,650000000,650000000,1,1
2017-11-26,10000032,4310,60985000,60000000,61969999.99,2,2
2017-11-26,10000032,4312,20988.88,20988.88,20988.88,68912,21
2017-11-26,10000032,4315,13735526.26,13735526.26,13735526.26,2,2
2017-11-26,10000032,4316,10011850.97,6500001,11767775.96,3,3
2017-11-26,10000032,4345,379999979.98,379999979.98,379999979.98,1,1
2017-11-26,10000032,4347,1165681076.99,1165681076.99,1165681076.99,1,1
2017-11-26,10000032,4349,328021322.43,284064037.46,349999964.92,3,3
2017-11-26,10000032,4358,20102.03,20102.03,20102.03,70,3
2017-11-26,10000032,4383,1787499.7,1400010.29,1824997.65,36,28
2017-11-26,10000032,4385,4715753.1,4500000,5999779.64,19,10
2017-11-26,10000032,4391,129249.29,1499.98,169999,10,6
2017-11-26,10000032,4393,89555.52,89555.52,89555.54,194,105
2017-11-26,10000032,4394,499200,499200,499200,1,1
2017-11-26,10000032,4395,436543.12,419999.88,456988.04,49,37
2017-11-26,10000032,4397,1990144,1990144,1990144,1,1
2017-11-26,10000032,4399,6548998.98,6548998.97,6548998.99,13,9
2017-11-26,10000032,4403,482994,321000.7,482996.99,104,63
2017-11-26,10000032,4405,1250000,1249999.99,1279996.9,551,206
2017-11-26,10000032,4409,36966.51,5002.71,200000,28,6
2017-11-26,10000032,4411,639999.6,600000,699999,5,5
2017-11-26,10000032,4435,4114.2,4114.2,4114.2,107,50
2017-11-26,10000032,4471,47505.84,8100.01,110000,87,42
2017-11-26,10000032,4477,98179.3,98179.3,98179.3,109,41
2017-11-26,10000032,4529,1049.87,321.78,1777.77,93,63
2017-11-26,10000032,4531,866.37,42.51,6430.8,61,43
2017-11-26,10000032,4533,176839.02,100000.28,209924.98,52,48
2017-11-26,10000032,4535,28806.3,8500.01,68739.99,24,18
2017-11-26,10000032,4569,1604.62,150.41,16499,35,21
2017-11-26,10000032,4571,7098.76,4003.87,32999,26,21
2017-11-26,10000032,4573,259546.89,15147.57,309989.95,33,28
2017-11-26,10000032,4575,40466.67,16525,159999.99,6,6
2017-11-26,10000032,4609,5811.22,4305.48,26898.98,30,24
2017-11-26,10000032,4611,2692.36,2692.26,2692.36,15,12
2017-11-26,10000032,4613,11616.96,6523.76,20521.99,26,20
2017-11-26,10000032,4615,5222.11,4004.84,32000,23,17
2017-11-26,10000032,4787,502.01,501.27,30999.49,113,81
2017-11-26,10000032,4829,108085.75,3200.07,150000,14,10
2017-11-26,10000032,4831,1750,1750,1750,64,35
2017-11-26,10000032,4833,126907.64,13000.44,230984.91,31,24
2017-11-26,10000032,4835,4236.84,3600,12000,38,25
2017-11-26,10000032,4871,27455.07,1501.52,96997.9,77,49
2017-11-26,10000032,5007,157600,21500,700000,5,5
2017-11-26,10000032,5009,669.82,655.02,5290.01,51,32
2017-11-26,10000032,5011,443029.93,222000.04,499998.9,30,25
2017-11-26,10000032,5013,6128.69,2000,27777,16,16
2017-11-26,10000032,5047,46775.39,33521.13,53000,64,23
2017-11-26,10000032,5049,34018.65,34018.49,34019.22,32,21
2017-11-26,10000032,5051,56029.6,20002.22,87966.08,22,21
2017-11-26,10000032,5053,41120.92,40201,54000,15,14
2017-11-26,10000032,5087,674.89,0.02,810,18,10
2017-11-26,10000032,5089,675.78,675.78,675.78,117,49
2017-11-26,10000032,5091,1166.67,420,4900,6,4
2017-11-26,10000032,5093,787.56,787.56,787.56,242,95
2017-11-26,10000032,5137,4000,4000,4000,188,113
2017-11-26,10000032,5141,3200.01,3200.01,3200.01,149,89
2017-11-26,10000032,5175,0.6,0.01,1,5,5
2017-11-26,10000032,5177,800.01,800.01,800.01,6,5
2017-11-26,10000032,5179,1626.1,0.01,2301.75,8,7
2017-11-26,10000032,5181,1017.07,1017.07,1017.07,2,2
2017-11-26,10000032,5215,857.14,0.01,1000,14,11
2017-11-26,10000032,5217,773.5,83.01,850,24,16
2017-11-26,10000032,5219,56658.46,6800.05,149000,12,12
2017-11-26,10000032,5221,922.66,0.01,1230.21,8,7
2017-11-26,10000032,5239,2778.03,2778.03,18078.03,177,87
2017-11-26,10000032,5245,1201.13,1201.1,14999.99,161,68
2017-11-26,10000032,5279,9370.69,5250,65000,58,34
2017-11-26,10000032,5281,1990.29,1750,2000.09,51,27
2017-11-26,10000032,5282,3425,3425,3425,61,36
2017-11-26,10000032,5299,8447.37,6750,17500,76,48
2017-11-26,10000032,5301,4000.01,4000.01,4000.01,107,72
2017-11-26,10000032,5302,6650.12,6650.11,6650.12,145,64
2017-11-26,10000032,5319,5769.44,5750,7500,90,56
2017-11-26,10000032,5320,7659.44,4304.09,23497.96,95,55
2017-11-26,10000032,5321,5575.42,3500.59,6000,73,44
2017-11-26,10000032,5322,4879.37,4750,8932.9,97,63
2017-11-26,10000032,5339,3505.35,3504.7,3505.36,55,40
2017-11-26,10000032,5340,2785.78,5.01,3017.51,26,14
2017-11-26,10000032,5342,3059.72,3001.55,7000,18,12
2017-11-26,10000032,5361,3002.59,2952,3003.41,63,44
2017-11-26,10000032,5363,1814.91,1501.29,2004.12,61,40
2017-11-26,10000032,5365,2909.09,0.01,3004.11,52,30
2017-11-26,10000032,5399,10500,10500,10500,723,106
2017-11-26,10000032,5403,7500,6504.05,14999.98,997,78
2017-11-26,10000032,5405,6500,6500,8999.99,226,85
2017-11-26,10000032,5439,12990,8750,49499.97,398,115
2017-11-26,10000032,5443,27000.16,27000.14,93999.98,223,102
2017-11-26,10000032,5445,9750,9750,9750,1018,92
2017-11-26,10000032,5493,84089.81,17515.08,149999.87,45,32
2017-11-26,10000032,5533,75678.18,23000.16,95958.99,97,45
2017-11-26,10000032,5599,48505.3,12600,66249.94,66,33
2017-11-26,10000032,5631,25782.7,7777.8,64947.21,34,24
2017-11-26,10000032,5647,6766.6,5000,31499,15,13
2017-11-26,10000032,5649,67162.84,535.03,84000.04,16,9
2017-11-26,10000032,5683,94002,94002,94002,7,5
2017-11-26,10000032,5693,133.34,0.01,200,9,9
2017-11-26,10000032,5697,106026.52,103062,124999,37,26
2017-11-26,10000032,5719,77218.9,77210.4,77220.32,7,7
2017-11-26,10000032,5721,95220.68,95218.24,122774.99,109,49
2017-11-26,10000032,5723,91461.27,85107.28,124998.99,62,41
2017-11-26,10000032,5743,18257.34,18050.91,18463.77,2,2
2017-11-26,10000032,5745,1306.96,990.6,12490,66,43
2017-11-26,10000032,5747,802.08,625.13,2625.14,51,32
2017-11-26,10000032,5755,102602.89,102602,102603,32,23
2017-11-26,10000032,5757,102623.97,102469.38,110000,49,29
2017-11-26,10000032,5759,109914.61,105311.47,122305.97,48,22
2017-11-26,10000032,5839,1535664.95,1400000.83,1535665.02,104,78
2017-11-26,10000032,5849,65842.75,22020,188992.9,30,24
2017-11-26,10000032,5865,25.1,25.1,25.1,20,14
2017-11-26,10000032,5867,972.08,25,13284.08,14,13
2017-11-26,10000032,5869,468.67,120.02,10759.5,60,42
2017-11-26,10000032,5933,45337.27,18000,79995.99,18,15
2017-11-26,10000032,5945,348353.24,335000,392102.09,99,46
2017-11-26,10000032,5955,92182.01,92182.01,92182.01,108,62
2017-11-26,10000032,5971,12500.75,12500.7,26999.82,266,156
2017-11-26,10000032,5973,350000,250071.79,486985.67,533,299
2017-11-26,10000032,5975,4500,4500,4500,148,78
2017-11-26,10000032,6001,5033.51,5023,37998.98,277,159
2017-11-26,10000032,6003,4752.06,4752.06,4752.06,217,133
2017-11-26,10000032,6005,4300.16,4300.16,4300.16,170,92
2017-11-26,10000032,6073,10900.04,10900.03,10900.04,101,58
2017-11-26,10000032,6131,4543.54,2200,19000,96,57
2017-11-26,10000032,6135,17791.27,805,37999.99,18,15
2017-11-26,10000032,6159,2368.54,1505.22,31499.99,66,34
2017-11-26,10000032,6160,5001.07,5001.06,5001.08,164,100
2017-11-26,10000032,6173,14946.98,5605.01,25495,48,31
2017-11-26,10000032,6176,1228.85,608.88,9999,57,26
2017-11-26,10000032,6296,505.12,505.12,505.12,173,70
2017-11-26,10000032,6325,10006.54,4010,39997.99,24,16
2017-11-26,10000032,6437,100904.75,11778.01,139999.99,14,14
2017-11-26,10000032,6439,7752.64,600.01,39939.49,11,11
2017-11-26,10000032,6441,29369.58,2777.77,64991.99,14,14
2017-11-26,10000032,6443,822.1,500.02,7777,22,17
2017-11-26,10000032,6485,1632.18,322.01,1760,98,48
2017-11-26,10000032,6527,505.05,505.05,505.05,102,63
2017-11-26,10000032,6569,1000.72,1000.72,1000.72,146,97
2017-11-26,10000032,6633,858.84,710.12,1900,8,7
2017-11-26,10000032,6635,171000.52,101001,247999.99,21,14
2017-11-26,10000032,6637,1400.01,0.01,4900,7,7
2017-11-26,10000032,6671,19506.7,1510.54,50999.99,11,9
2017-11-26,10000032,6673,1208,1208,1208,9,9
2017-11-26,10000032,6675,260800,75000,569000,10,7
2017-11-26,10000032,6677,4627.27,100,50000,11,4
2017-11-26,10000032,6715,3040.78,3040.73,3040.79,4,3
2017-11-26,10000032,6717,6152.77,5120.09,6496.99,8,3
2017-11-26,10000032,6719,654417.51,370002.36,1750750.1,15,12
2017-11-26,10000032,6721,112568.96,120,299990,8,6
2017-11-26,10000032,6759,1033,1033,1033,2,2
2017-11-26,10000032,6761,560000,560000,560000,3,3
2017-11-26,10000032,6763,9109.41,9109.41,9109.41,3,3
2017-11-26,10000032,6805,165500.07,1000.13,330000,2,2
2017-11-26,10000032,6807,11320.03,11320.03,11320.03,2,1
2017-11-26,10000032,6809,4411900.98,4411900.98,4411900.98,2,2
2017-11-26,10000032,6811,552001.11,552001.11,552001.11,1,1
2017-11-26,10000032,6859,14896.11,13220.79,35000,13,10
2017-11-26,10000032,6861,22370.71,20026.6,49500,13,12
2017-11-26,10000032,6863,2310173.46,900002.5,4215689.25,16,12
2017-11-26,10000032,6865,479401.3,106003.07,999999,15,10
2017-11-26,10000032,6919,22060.36,22059.09,22060.67,14,8
2017-11-26,10000032,6921,17007,17007,17007,12,9
2017-11-26,10000032,6923,391314.69,142010.05,597621,24,11
2017-11-26,10000032,6925,9007.23,9005.53,9011.54,7,7
2017-11-26,10000032,6959,10327.61,9414.04,30000,22,15
2017-11-26,10000032,6961,43059.17,33502.01,59000,69,42
2017-11-26,10000032,6963,176472.28,75001.28,424999,46,24
2017-11-26,10000032,6965,16900.33,16003.26,17000,10,10
2017-11-26,10000032,6999,38542.12,37019.23,69000,21,13
2017-11-26,10000032,7001,44468.33,25536.21,61533.95,38,16
2017-11-26,10000032,7003,18715.71,17088.68,18919.11,9,8
2017-11-26,10000032,7005,29376.36,28087.44,50000,17,10
2017-11-26,10000032,7043,150000.26,150000.09,150001,28,16
2017-11-26,10000032,7045,166016.62,166016.62,166016.62,25,18
2017-11-26,10000032,7047,110001,110001,110001,10,10
2017-11-26,10000032,7049,132930.48,127075,168061,28,19
2017-11-26,10000032,7085,166025.84,166000,166027.59,21,14
2017-11-26,10000032,7087,268952.85,228003.74,399990,21,13
2017-11-26,10000032,7123,257027.37,257022.94,257030,20,10
2017-11-26,10000032,7125,280000.94,280000,280001,48,25
2017-11-26,10000032,7127,76193.63,76167.84,76208.19,9,6
2017-11-26,10000032,7131,257691.98,257500,257701,43,16
2017-11-26,10000032,7167,355007.56,355000,355009.45,10,9
2017-11-26,10000032,7169,333600.53,331020,375000,17,15
2017-11-26,10000032,7171,617823.47,375000.01,718999.91,34,8
2017-11-26,10000032,7173,390000,390000,390000,17,5
2017-11-26,10000032,7247,1068618.78,693003.53,1989999.89,47,24
2017-11-26,10000032,7249,50989.78,1779,80100,41,23
2017-11-26,10000032,7251,27100.31,6699.99,65000.99,25,15
2017-11-26,10000032,7253,340319.03,48285,729698.21,14,9
2017-11-26,10000032,7287,649999,451750.02,789242.93,120,70
2017-11-26,10000032,7289,29152.87,3777.77,54300,53,31
2017-11-26,10000032,7291,26061.89,5000,95000,71,45
2017-11-26,10000032,7293,122447.44,8200.01,179999.91,68,41
2017-11-26,10000032,7327,435828.13,310003.81,497947.81,58,27
2017-11-26,10000032,7329,18241.19,14010,64493.3,14,11
2017-11-26,10000032,7331,29490,29490,29490,27,15
2017-11-26,10000032,7333,89875,89875,89875,121,16
2017-11-26,10000032,7367,1399000,1080895.45,1668749.93,166,79
2017-11-26,10000032,7369,71104.36,40125.01,133996.99,96,49
2017-11-26,10000032,7371,36182.36,36182.36,36182.36,139,61
2017-11-26,10000032,7373,78643.94,29000.51,245000,39,27
2017-11-26,10000032,7407,213510.77,75135,299999.86,13,7
2017-11-26,10000032,7409,28012.01,28012.01,28012.01,12,7
2017-11-26,10000032,7411,29361.56,29361.56,29361.56,14,8
2017-11-26,10000032,7413,21628.34,21628.34,21628.34,1,1
2017-11-26,10000032,7447,756999.98,756999.98,756999.98,111,25
2017-11-26,10000032,7449,362010.92,362010.92,362010.92,16,13
2017-11-26,10000032,7451,354357.06,300000,366005,17,14
2017-11-26,10000032,7453,344001.73,344001,344003.56,14,11
2017-11-26,10000032,7487,361248.13,300350.06,649000,23,19
2017-11-26,10000032,7489,13318,2777.77,59999,34,26
2017-11-26,10000032,7491,14152.73,3500,133000,48,32
2017-11-26,10000032,7493,62605.71,5200.77,85999.97,36,18
2017-11-26,10000032,7535,301473.07,218208.66,399993.99,85,49
2017-11-26,10000032,7537,65000,3787.85,177767.77,111,43
2017-11-26,10000032,7539,5100.49,1780,19495,62,38
2017-11-26,10000032,7541,21933.87,12300,69999.95,94,46
2017-11-26,10000032,7579,1784999.98,907305.8,1978786.78,137,72
2017-11-26,10000032,7581,2401.76,2401.46,2401.77,113,54
2017-11-26,10000032,7583,20383.01,11005.02,36999,92,45
2017-11-26,10000032,7585,499999.94,295007.47,499999.98,132,59
2017-11-26,10000032,7619,2487699.16,1503426.22,2999948.16,8,4
2017-11-26,10000032,7621,16021.17,16020.91,16021.21,8,8
2017-11-26,10000032,7623,2517,2517,2517,6,4
2017-11-26,10000032,7625,6666.99,0.96,10000,3,3
2017-11-26,10000032,7663,385834.38,276098.18,554998.88,27,16
2017-11-26,10000032,7665,22215.72,12000.1,25000,14,11
2017-11-26,10000032,7667,100.01,100.01,100.01,10,9
2017-11-26,10000032,7669,70285.57,12000,148000,7,7
2017-11-26,10000032,7703,507506.69,420039.28,646997.97,27,21
2017-11-26,10000032,7705,4872.19,1188.56,29500,16,15
2017-11-26,10000032,7707,26799.3,26798.7,26799.98,21,13
2017-11-26,10000032,7709,39089.41,23003.14,49999.94,34,18
2017-11-26,10000032,7743,146688.43,145108.4,147004.44,12,9
2017-11-26,10000032,7745,150200.14,150200,150201,15,13
2017-11-26,10000032,7747,158000.18,158000.08,158000.6,32,14
2017-11-26,10000032,7749,150087.25,150087,150089.45,10,8
2017-11-26,10000032,7783,418556.36,201104.21,730487.99,71,38
2017-11-26,10000032,7785,287092.87,198891.03,293393,15,12
2017-11-26,10000032,7787,291115,291115,291115,18,13
2017-11-26,10000032,7789,252315.38,242001.1,253003,16,14
2017-11-26,10000032,7827,167800.61,167001.06,168000.5,5,4
2017-11-26,10000032,7829,206054.06,206054,206057.01,17,16
2017-11-26,10000032,7831,206017.51,206017,206019.57,10,10
2017-11-26,10000032,7997,5357.6,5191.68,5405,9,9
2017-11-26,10000032,8001,7500,7500,7500,7,6
2017-11-26,10000032,8007,25272.99,11280.01,40000,46,25
2017-11-26,10000032,8023,5062.05,5000.01,24999.97,42,25
2017-11-26,10000032,8025,244.08,0.01,305.1,15,11
2017-11-26,10000032,8027,1039382.89,951002.09,1222901.99,84,46
2017-11-26,10000032,8089,279000.01,277002.07,374999.96,149,54
2017-11-26,10000032,8091,39746.61,11004.35,87999.94,85,36
2017-11-26,10000032,8101,6806.34,5500,21000,79,33
2017-11-26,10000032,8103,37025.88,3600.53,99999.5,43,22
2017-11-26,10000032,8105,1295490.53,761001,1300000,86,39
2017-11-26,10000032,8113,9794.01,9750,9800.28,8,8
2017-11-26,10000032,8115,13750,13750,13750,12,9
2017-11-26,10000032,8117,125831.44,59115.21,173988.83,77,31
2017-11-26,10000032,8133,1259.79,5.01,1602,14,7
2017-11-26,10000032,8135,29889.15,2001.19,85997.91,18,13
2017-11-26,10000032,8175,13075.9,2701.8,54977.99,69,35
2017-11-26,10000032,8177,10408.25,2501.5,84999.97,59,30
2017-11-26,10000032,8225,42205.1,12109.02,62105.9,64,33
2017-11-26,10000032,8263,2108,2107.05,59999.99,128,48
2017-11-26,10000032,8295,4306.18,224.56,38999.99,19,13
2017-11-26,10000032,8297,140.29,4.37,150,30,18
2017-11-26,10000032,8335,4478.33,5.01,12998.92,61,37
2017-11-26,10000032,8337,5318.13,0.01,24999.98,32,25
2017-11-26,10000032,8419,40800.64,20000.59,52000,23,17
2017-11-26,10000032,8427,64551.36,11500.15,93488.38,34,24
2017-11-26,10000032,8433,421999.61,343001.05,665000,124,92
2017-11-26,10000032,8517,3150000,2756207.1,3158994.77,153,74
2017-11-26,10000032,8521,241526.8,121449.22,315781.81,58,46
2017-11-26,10000032,8529,156614.03,50001.18,214795,72,44
2017-11-26,10000032,8531,1138.46,1000,1200,13,10
2017-11-26,10000032,8535,9503.23,9503.23,9503.24,39,20
2017-11-26,10000032,8537,10003.91,10003.9,10003.91,22,19
2017-11-26,10000032,8579,7067.67,5750.2,21999,37,25
2017-11-26,10000032,8583,5250.14,5250,5250.15,72,34
2017-11-26,10000032,8585,28354.7,4750,79989.97,51,21
2017-11-26,10000032,8635,160838.6,153154.28,219100,43,16
2017-11-26,10000032,8639,147063.15,147062.89,147066.1,21,16
2017-11-26,10000032,8641,194486.84,169002,247999,35,21
2017-11-26,10000032,8748,11768.27,10002.05,15777.77,61,49
2017-11-26,10000032,8785,237499.24,230000,239998.98,8,7
2017-11-26,10000032,8787,340400,200000,600000,5,5
2017-11-26,10000032,8789,389500.5,31001,748000,4,4
2017-11-26,10000032,8815,64155.12,62001.38,90000,13,8
2017-11-26,10000032,8817,1600.01,1600.01,1600.01,4,3
2017-11-26,10000032,8819,3500,3500,3500,10,7
2017-11-26,10000032,8821,70749.07,500,140998.13,4,4
2017-11-26,10000032,8863,697000.28,659999.98,869999.25,85,28
2017-11-26,10000032,8865,8334.85,701,20000,17,16
2017-11-26,10000032,8867,41000,41000,41000,15,11
2017-11-26,10000032,8869,162500.41,75001.88,249999,20,9
2017-11-26,10000032,8903,316890.47,202300,459993,15,10
2017-11-26,10000032,8905,466.78,201,500,9,9
2017-11-26,10000032,8907,115065.57,1778,167524.98,12,9
2017-11-26,10000032,8909,498000,498000,498000,148,20
2017-11-26,10000032,9073,1600,1600,1600,1,1
2017-11-26,10000032,9091,2323,2323,2323,2,2
2017-11-26,10000032,9127,1858003.23,1858003.23,1858003.23,1,1
2017-11-26,10000032,9129,3104.8,3104.8,3104.8,2,2
2017-11-26,10000032,9133,260000,20000,500000,2,2
2017-11-26,10000032,9135,489411.78,351276.93,546967.97,17,9
2017-11-26,10000032,9139,21000.01,21000.01,21000.01,2,2
2017-11-26,10000032,9141,120353.41,3503.83,237203,6,3
2017-11-26,10000032,9207,360930.98,131283.7,444126.99,19,10
2017-11-26,10000032,9209,1800.61,1500.76,2000.76,5,5
2017-11-26,10000032,9211,6287.92,6212.87,6312.86,4,3
2017-11-26,10000032,9213,5306.26,5300,5309.39,3,3
2017-11-26,10000032,9247,51103.04,48103.04,52103.04,4,4
2017-11-26,10000032,9249,23006.84,23004,23007.79,4,4
2017-11-26,10000032,9251,42011.9,42011.9,42011.9,7,5
2017-11-26,10000032,9253,14826.64,14303.28,15000,4,3
2017-11-26,10000032,9287,110007.09,110007.09,110007.09,5,5
2017-11-26,10000032,9289,150140,150140,150140,9,8
2017-11-26,10000032,9291,152320.32,152320,152324.52,14,12
2017-11-26,10000032,9293,142200,142200,142200,3,2
2017-11-26,10000032,9327,2051389.83,400001.09,2194988.85,50,7
2017-11-26,10000032,9329,222022.9,222022.9,222022.9,6,5
2017-11-26,10000032,9331,221907.46,221000,222020.89,9,8
2017-11-26,10000032,9333,233000,233000,233000,20,2
2017-11-26,10000032,9369,293091.13,257029.19,309999.98,12,8
2017-11-26,10000032,9371,254064.49,254063.48,254065,9,7
2017-11-26,10000032,9377,258058.94,258058,258059,5,5
2017-11-26,10000032,9411,2222000.32,1611002.62,2379998.98,10,9
2017-11-26,10000032,9413,1778,1778,1778,6,4
2017-11-26,10000032,9417,459999.99,100000.01,549999.99,5,2
2017-11-26,10000032,9451,2337560.35,1700183.26,2399949.97,35,14
2017-11-26,10000032,9453,10831.16,10810.38,10900,11,7
2017-11-26,10000032,9455,10201.86,10201.86,10201.86,1,1
2017-11-26,10000032,9457,245999.19,100000,464997.98,10,7
2017-11-26,10000032,9491,4271874.74,3107000.19,4504828.38,42,22
2017-11-26,10000032,9493,312877.19,311003.7,313001,16,7
2017-11-26,10000032,9495,289002.64,289001.01,289004.01,8,6
2017-11-26,10000032,9497,1262914.75,385227.18,1496933.94,19,6
2017-11-26,10000032,9521,1139.56,1003.55,1503.56,69,52
2017-11-26,10000032,9556,375.28,5,409.37,24,20
2017-11-26,10000032,9568,27269.8,2500,60999,40,27
2017-11-26,10000032,9580,46411.13,14000.15,86676.08,59,36
2017-11-26,10000032,9582,68285.33,1500.01,99998.98,42,24
2017-11-26,10000032,9608,11122.16,2001.01,100000,58,32
2017-11-26,10000032,9622,9014.38,9014.37,20000,116,61
2017-11-26,10000032,9632,274998,167001.04,282770.92,164,113
2017-11-26,10000032,9646,9696.05,9103.02,20386.04,64,38
2017-11-26,10000032,9660,41585.16,10333.02,115683.85,60,38
2017-11-26,10000032,9668,223080.01,222252.48,229000,42,28
2017-11-26,10000032,9670,799.08,503.32,3799.89,66,50
2017-11-26,10000032,9678,244707.48,242007.74,259999.99,20,12
2017-11-26,10000032,9680,38645.9,5312.57,105312.57,6,5
2017-11-26,10000032,9728,230701.2,10000.05,236019.3,85,49
2017-11-26,10000032,9734,243621.97,243100.37,252999.99,19,17
2017-11-26,10000032,9744,9074.54,2757.66,74999.99,11,8
2017-11-26,10000032,9762,199217.6,195002.71,254000,14,13
2017-11-26,10000032,9772,240654.21,228001.01,242000,52,29
2017-11-26,10000032,9784,545.55,1.01,600,33,27
2017-11-26,10000032,9800,224899.98,93045.52,224950,102,45
2017-11-26,10000032,9808,245838.88,242314.43,286998.98,38,26
2017-11-26,10000032,9826,332.52,332.51,344.01,34512,151
2017-11-26,10000032,9828,700.01,700.01,700.01,4210,1
2017-11-26,10000032,9830,12750,12750,12750,5405,8
2017-11-26,10000032,9832,8504.13,8504.11,8505.12,83811,15
2017-11-26,10000032,9834,93500.01,92000.07,100000,9344,24
2017-11-26,10000032,9836,8106.01,8106,10999.5,35092,11
2017-11-26,10000032,9838,11000,9023,11429.98,2842,8
2017-11-26,10000032,9840,13500,13500,13500,1161,6
2017-11-26,10000032,9842,16207.51,16207.51,16207.51,14424,15
2017-11-26,10000032,9844,50,50,1177.7,265,11
2017-11-26,10000032,9846,192162.82,192162.82,192162.82,550,2
2017-11-26,10000032,9848,88999.89,75961.57,88999.91,8397,29
2017-11-26,10000032,9850,488.29,430.76,492.77,493341,25
2017-11-26,10000032,9852,44.41,44.4,44.42,967546,72
2017-11-26,10000032,9899,10661521.93,9900000.02,10998408.64,31,25
2017-11-26,10000032,9941,11221257.21,9000001.13,11669718.01,25,21
2017-11-26,10000032,9942,11067835.48,9900000.17,11999939,54,27
2017-11-26,10000032,9943,11030352.15,9900078.36,11999170.16,39,28
2017-11-26,10000032,9944,54990.15,34115.01,57000,67,43
2017-11-26,10000032,9947,4898767.66,4898767.66,4898767.66,2,1
2017-11-26,10000032,9950,4292399.82,4292373.65,4292473.75,6,5
2017-11-26,10000032,9956,9339985.57,8500000.04,9399975.94,25,20
2017-11-26,10000032,9957,26999608.88,26999608.88,26999608.88,1,1
2017-11-26,10000032,10039,829.62,400,1100,27,24
2017-11-26,10000032,10040,3360,3360,3360,3,3
2017-11-26,10000032,10152,1600.01,1600.01,1600.01,2,1
2017-11-26,10000032,10155,10999334.73,10999327.45,10999338.37,3,3
2017-11-26,10000032,10156,30989969.96,30989969.96,30989969.96,4,3
2017-11-26,10000032,10190,1264872.56,1264871.7,1264873.8,320,142
2017-11-26,10000032,10208,21914746.08,17532104.08,22948809.74,21,21
2017-11-26,10000032,10209,127491685.31,126000185.71,127789985.18,6,5
2017-11-26,10000032,10212,19804859.91,18400486.71,19999938.92,41,29
2017-11-26,10000032,10213,124083858,105001664.04,127900365.99,6,6
2017-11-26,10000032,10216,23953601.7,18703255.06,24728837.88,25,25
2017-11-26,10000032,10217,128834146.62,128002075.68,136999713.76,6,6
2017-11-26,10000032,10221,24042293.27,23399978.97,25880679.92,21,20
2017-11-26,10000032,10222,115143294.31,104003068.37,116999997.99,7,7
2017-11-26,10000032,10225,22820571.05,21990000,25199979.97,19,19
2017-11-26,10000032,10226,136666633.28,129999995,149999909.84,3,3
2017-11-26,10000032,10228,17941884.6,13895020.2,21988748.99,2,2
2017-11-26,10000032,10244,34666407.25,33000000,34999793,6,6
2017-11-26,10000032,10246,5049.95,5049.95,5049.95,416,67
2017-11-26,10000032,10250,1199993.43,1199993.43,1199995.95,230,28
2017-11-26,10000032,10629,12000,12000,12000,2,1
2017-11-26,10000032,10630,30000,30000,30000,1,1
2017-11-26,10000032,10631,528993.97,528800.89,528993.99,133,28
2017-11-26,10000032,10678,18500,18000,19470.17,164,54
2017-11-26,10000032,10679,799999.99,799999.99,799999.99,2,2
2017-11-26,10000032,10680,715067.61,500135.04,740997.99,35,11
2017-11-26,10000032,10688,46658.54,5000,76798.94,65,31
2017-11-26,10000032,10690,18692.26,7499.99,61999.5,26,19
2017-11-26,10000032,10692,69199.45,11502.87,80000,77,28
2017-11-26,10000032,10694,299996.23,205000.94,299998.99,115,50
2017-11-26,10000032,10836,28895.77,24000,97000,12,11
2017-11-26,10000032,10842,3620159.28,3100738.1,3790000,4,4
2017-11-26,10000032,10850,553251.23,409027.14,564998.98,26,20
2017-11-26,10000032,10858,1455554.79,1000002.34,1509998.98,9,8
2017-11-26,10000032,10866,3037.03,3037.03,3037.03,17,11
2017-11-26,10000032,10868,23284.14,4505.2,73500,20,17
2017-11-26,10000032,10870,1878.43,1878.43,1878.43,31,17
2017-11-26,10000032,10872,8920.7,2035,34998.98,27,20
2017-11-26,10000032,10874,15234.92,15234.4,15235.04,11,11
2017-11-26,10000032,10876,21250.51,20000.62,39999,16,12
2017-11-26,10000032,10878,11171.05,11171.05,11171.05,8,6
2017-11-26,10000032,10880,30468.49,20002.1,98500,15,12
2017-11-26,10000032,10882,67014.7,67014.7,67014.7,6,5
2017-11-26,10000032,10884,61020,61020,61020,12,12
2017-11-26,10000032,10886,65716.31,65716.31,65716.31,11,8
2017-11-26,10000032,10888,58734.28,53190,91999.97,14,13
2017-11-26,10000032,10998,19498.87,19350,19750,356,111
2017-11-26,10000032,11082,913000.01,500000.05,1000000,6,6
2017-11-26,10000032,11083,1419708,1419708,1419708,5,5
2017-11-26,10000032,11084,2000000,2000000,2000000,5,5
2017-11-26,10000032,11105,210000,210000,238000,156,90
2017-11-26,10000032,11129,14999.89,14998.95,16000,182,123
2017-11-26,10000032,11130,50000,50000,50000,8,8
2017-11-26,10000032,11132,14917.09,13988.99,17888,96,36
2017-11-26,10000032,11133,50000,50000,50000,1,1
2017-11-26,10000032,11134,14999.89,14999.89,14999.89,228,33
2017-11-26,10000032,11135,50000,50000,50000,1,1
2017-11-26,10000032,11172,37073445.46,32400307.93,37479799.93,25,25
2017-11-26,10000032,11174,108250000,28000000,135000000,4,4
2017-11-26,10000032,11176,34161398.49,24297000.2,35390998.19,9,9
2017-11-26,10000032,11178,35846692.61,23247001.14,45244735.05,5,4
2017-11-26,10000032,11182,34999975.84,34999975.79,34999975.88,7,7
2017-11-26,10000032,11184,51599700.76,49999989.99,51999630.95,5,5
2017-11-26,10000032,11186,45248497.24,44996999.99,45999999,4,4
2017-11-26,10000032,11188,41999542.56,30000001.84,44999430.24,5,5
2017-11-26,10000032,11192,33354112.8,31165538.05,34448396.93,6,6
2017-11-26,10000032,11194,38729999.4,38729999.4,38729999.4,11,5
2017-11-26,10000032,11196,46045990.07,46045990.07,46045990.07,2,2
2017-11-26,10000032,11198,45005948.96,25030000.34,49999948.64,5,5
2017-11-26,10000032,11200,34566987.39,34566986,34566987.85,4,4
2017-11-26,10000032,11202,37529373.47,37499999,37546997.97,8,8
2017-11-26,10000032,11207,657891.4,500000,999989.42,38,38
2017-11-26,10000032,11217,99000,99000,99000,1,1
2017-11-26,10000032,11219,734998.99,734998.99,734998.99,10,4
2017-11-26,10000032,11227,82499.93,82499.93,82499.93,1,1
2017-11-26,10000032,11229,1013999.4,989999,1040000,10,6
2017-11-26,10000032,11239,636675.4,470042.97,684998.97,9,6
2017-11-26,10000032,11247,99998.97,99998.97,99998.97,2,2
2017-11-26,10000032,11249,929999,929999,929999,1,1
2017-11-26,10000032,11257,89999.99,89999.99,89999.99,2,2
2017-11-26,10000032,11259,1116665.66,1099999,1199998.96,6,2
2017-11-26,10000032,11265,3995995,3995995,3995995,1,1
2017-11-26,10000032,11267,161749.61,110005.8,174942,45,32
2017-11-26,10000032,11268,1000000,1000000,1000000,1,1
2017-11-26,10000032,11269,985836.98,985836.96,985837.62,227,132
2017-11-26,10000032,11277,69600,32000.01,125999.98,5,5
2017-11-26,10000032,11279,1644364.21,1111111.12,1999866,5,3
2017-11-26,10000032,11280,7000000,7000000,7000000,1,1
2017-11-26,10000032,11283,3098.7,3098.7,3098.7,114,5
2017-11-26,10000032,11285,2999,2998.99,2999,1919,29
2017-11-26,10000032,11287,5299,5299,5299,6420,20
2017-11-26,10000032,11288,3750000,3750000,3750000,1,1
2017-11-26,10000032,11289,4475.33,4475.33,4475.33,2275,23
2017-11-26,10000032,11293,18998.98,18998.98,18998.98,1,1
2017-11-26,10000032,11295,105881.12,23000.02,108894.98,57,11
2017-11-26,10000032,11297,388429.48,83718,489999.97,12,10
2017-11-26,10000032,11299,294258.99,274011.99,354999.99,4,2
2017-11-26,10000032,11303,127832.21,35999.99,173997.76,6,5
2017-11-26,10000032,11305,79888,79888,79888,21,2
2017-11-26,10000032,11309,123023.1,123023.1,123023.1,180,85
2017-11-26,10000032,11311,101502.72,101502.72,101502.72,141,75
2017-11-26,10000032,11317,278884.35,266536.81,365998.94,64,36
2017-11-26,10000032,11319,262616.72,260003.01,360186.99,69,35
2017-11-26,10000032,11325,553648.3,506008.27,657789.95,92,59
2017-11-26,10000032,11327,504101.84,501000.2,524988.98,78,49
2017-11-26,10000032,11341,10034.08,10034.08,10034.08,240,107
2017-11-26,10000032,11343,10106.01,10106.01,10106.01,173,79
2017-11-26,10000032,11349,41212.17,41212.17,41212.17,129,76
2017-11-26,10000032,11351,31573.4,31573.4,31573.4,117,65
2017-11-26,10000032,11356,49960,49960,49960,1,1
2017-11-26,10000032,11358,124700,124700,124700,2,2
2017-11-26,10000032,11359,78000,78000,78000,2,1
2017-11-26,10000032,11360,312440,312440,312440,2,2
2017-11-26,10000032,11365,42278949.8,42278949.8,42278949.8,1,1
2017-11-26,10000032,11370,1645305.33,1278605.03,1693995.92,98,80
2017-11-26,10000032,11371,33062249.99,30905000,35219499.98,4,3
2017-11-26,10000032,11377,31261492.65,28000006.02,33399897.62,13,12
2017-11-26,10000032,11379,40969922.99,40969922.99,40969922.99,1,1
2017-11-26,10000032,11381,40208999,40208999,40208999,1,1
2017-11-26,10000032,11393,28997999.98,28997999.98,28997999.98,1,1
2017-11-26,10000032,11395,500000,500000,500000,2,2
2017-11-26,10000032,11399,9302.08,9302.08,9302.08,119456,40
2017-11-26,10000032,11400,27049000.49,22101001,31996999.98,2,2
2017-11-26,10000032,11433,7925042.89,7310053.47,10999989.98,6,4
2017-11-26,10000032,11441,5700075.42,5100100.02,9299927.85,7,4
2017-11-26,10000032,11442,10873997.49,10000000,13495989.97,4,4
2017-11-26,10000032,11443,8320149.23,7600213.18,10000000,10,4
2017-11-26,10000032,11444,4933333.34,3900000.01,7000000,6,6
2017-11-26,10000032,11445,1200002.73,1200002.73,1200002.73,1,1
2017-11-26,10000032,11446,10666663.33,10000000,11999989.99,3,3
2017-11-26,10000032,11447,2000001.48,2000001.48,2000001.48,9,3
2017-11-26,10000032,11448,2863571.43,9000,10000000,7,4
2017-11-26,10000032,11449,3250000,1000000,10000000,4,2
2017-11-26,10000032,11450,4222219.11,3000000.01,6499989.99,9,6
2017-11-26,10000032,11451,5100040.05,5100040.05,5100040.05,8,2
2017-11-26,10000032,11452,5000000.01,5000000.01,5000000.01,1,1
2017-11-26,10000032,11453,5030000.02,60000.04,10000000,6,4
2017-11-26,10000032,11454,7999919.91,7999919.91,7999919.91,1,1
2017-11-26,10000032,11459,1.17,1.17,1.17,100,1
2017-11-26,10000032,11462,1.17,1.17,1.17,100,1
2017-11-26,10000032,11465,1.05,1.05,1.05,100,1
2017-11-26,10000032,11466,1.07,1.07,1.07,100,1
2017-11-26,10000032,11475,100.06,100.06,100.06,356,4
2017-11-26,10000032,11476,200,200,200,320,4
2017-11-26,10000032,11478,176.5,176.5,176.5,10302,4
2017-11-26,10000032,11481,430.58,430.58,430.58,779,5
2017-11-26,10000032,11482,37.88,37.88,37.88,300,2
2017-11-26,10000032,11483,341,341,341,1782,11
2017-11-26,10000032,11484,395.62,395.61,395.62,21647,6
2017-11-26,10000032,11486,290.88,290.88,290.88,1724,10
2017-11-26,10000032,11488,147000,147000,147000,2,2
2017-11-26,10000032,11489,197809.82,154000.5,289999.88,42,16
2017-11-26,10000032,11496,4200.34,4200.34,4200.34,16,2
2017-11-26,10000032,11529,1000000,1000000,1000000,3,1
2017-11-26,10000032,11530,107304.34,107304.34,107304.34,147,5
2017-11-26,10000032,11531,77820.96,77820.96,77820.96,221,2
2017-11-26,10000032,11533,62396.93,62396.93,62396.93,29,1
2017-11-26,10000032,11534,59996.94,59996.94,59996.94,737,7
2017-11-26,10000032,11535,47010.01,47010.01,47010.01,465,2
2017-11-26,10000032,11537,49474.49,49474.49,49474.49,88,2
2017-11-26,10000032,11538,52715.07,52715.07,52715.07,11,3
2017-11-26,10000032,11539,114624.53,50000.02,119900,53,2
2017-11-26,10000032,11540,153200,153200,153200,208,3
2017-11-26,10000032,11541,82000,82000,82000,5413,12
2017-11-26,10000032,11543,27830,27830,27830,908,4
2017-11-26,10000032,11544,19480,19480,19480,721,1
2017-11-26,10000032,11545,18999.99,18999.99,18999.99,1473,2
2017-11-26,10000032,11547,220998.97,220998.97,220998.97,132,8
2017-11-26,10000032,11550,200009.12,200009.12,200009.12,8,1
2017-11-26,10000032,11552,102987.89,102987.89,102987.89,87,2
2017-11-26,10000032,11553,97699.99,97699.99,97699.99,684,3
2017-11-26,10000032,11554,88993.19,88993.19,88993.19,555,4
2017-11-26,10000032,11555,45110,45110,45110,8,1
2017-11-26,10000032,11556,84991.07,48001.01,88990,82,2
2017-11-26,10000032,11557,30001.01,30001.01,30001.01,8,1
2017-11-26,10000032,11558,119100,119100,119100,1612,9
2017-11-26,10000032,11561,120502.34,91004.67,200000,4,4
2017-11-26,10000032,11563,202000,202000,202000,115,59
2017-11-26,10000032,11566,164096.19,120000,361000,26,25
2017-11-26,10000032,11569,350000,300000,400000,2,2
2017-11-26,10000032,11572,400000,400000,400000,2,2
2017-11-26,10000032,11574,2425351.9,2000000,4552111.37,6,5
2017-11-26,10000032,11577,4126997.68,3699003.18,4191996.76,53,50
2017-11-26,10000032,11578,6581007.05,6381008.01,6581007.05,157,128
2017-11-26,10000032,11579,3799757.66,3500000,4142149.9,16,16
2017-11-26,10000032,11584,92861.99,75000,128499.75,29,26
2017-11-26,10000032,11613,99940,99940,99940,2,2
2017-11-26,10000032,11620,98700,98700,98700,1,1
2017-11-26,10000032,11621,99000,99000,99000,2,2
2017-11-26,10000032,11640,734995.97,734995.95,734995.99,109,50
2017-11-26,10000032,11642,1834347.64,1817999.99,1968969,13,9
2017-11-26,10000032,11644,2416422.1,1607000.02,2449998.98,26,16
2017-11-26,10000032,11646,2073823.57,1794476.76,2093776.98,30,19
2017-11-26,10000032,11648,2866664.93,2100000,2999994.29,24,17
2017-11-26,10000032,11688,49864.96,49864.96,49864.96,2824,7
2017-11-26,10000032,11689,46000,46000,46000,105,3
2017-11-26,10000032,11690,45656.91,45656.91,45656.91,275,2
2017-11-26,10000032,11693,39999.99,39999.99,39999.99,367,3
2017-11-26,10000032,11695,43448.97,43448.97,43448.97,300,1
2017-11-26,10000032,11725,4000,4000,4000,1,1
2017-11-26,10000032,11735,260,260,260,1,1
2017-11-26,10000032,11737,503,503,503,2,2
2017-11-26,10000032,11738,1066,1066,1066,1,1
2017-11-26,10000032,11740,209,209,209,1,1
2017-11-26,10000032,11741,1,1,1,2,2
2017-11-26,10000032,11859,282640,282640,282640,1,1
2017-11-26,10000032,11870,282640,282640,282640,3,3
2017-11-26,10000032,11872,364560,364560,364560,2,2
2017-11-26,10000032,11873,364560,364560,364560,1,1
2017-11-26,10000032,11887,282640,282640,282640,2,2
2017-11-26,10000032,11889,282640,282640,282640,3,3
2017-11-26,10000032,11890,282640,282640,282640,4,4
2017-11-26,10000032,11891,282640,282640,282640,3,3
2017-11-26,10000032,11957,282657992,270000000,288986988,3,3
2017-11-26,10000032,11969,224999999.5,224999998.99,225000000,2,2
2017-11-26,10000032,11971,284925055.76,284925055.76,284925055.76,1,1
2017-11-26,10000032,11978,239999813,239999813,239999813,1,1
2017-11-26,10000032,11985,297389329.91,297388994.88,297389999.99,3,3
2017-11-26,10000032,11987,244494228.74,234000000,254988457.47,2,2
2017-11-26,10000032,11989,216132393.33,209999995,228397190,3,3
2017-11-26,10000032,11993,287699997.94,287699997.94,287699997.94,1,1
2017-11-26,10000032,12005,323317000,323317000,323317000,1,1
2017-11-26,10000032,12015,176044310.41,150200209.12,201888411.7,2,2
2017-11-26,10000032,12017,425000000,425000000,425000000,1,1
2017-11-26,10000032,12023,279899789.76,279899789.76,279899789.76,4,2
2017-11-26,10000032,12032,38571427.7,36000000,38999998.98,14,14
2017-11-26,10000032,12034,39837723.78,28400521.76,43975187.18,4,4
2017-11-26,10000032,12038,39211184.12,22078081.25,47777735.56,3,3
2017-11-26,10000032,12042,35028551.98,34000000,35799965.98,7,7
2017-11-26,10000032,12044,35399553.53,35399553.26,35399553.67,3,3
2017-11-26,10000032,12052,113358.23,85000.14,124999.98,21,20
2017-11-26,10000032,12054,920770.12,90005.54,990000.55,13,10
2017-11-26,10000032,12055,7909400,7909400,7909400,1,1
2017-11-26,10000032,12056,40191.13,37999,89991,43,34
2017-11-26,10000032,12058,3514876.73,2911001.85,3629997.98,81,59
2017-11-26,10000032,12066,254500,105000,300000,5,5
2017-11-26,10000032,12068,4491978.41,4275650,4499988.96,23,17
2017-11-26,10000032,12076,6577700.79,5914000.04,6649988.98,41,25
2017-11-26,10000032,12084,10108888.08,8040000.01,10699998.96,9,4
2017-11-26,10000032,12092,1000000,1000000,1000000,10,10
2017-11-26,10000032,12093,4176387.49,4000000,4999529.09,34,16
2017-11-26,10000032,12095,4750000,4000000,5000000,8,8
2017-11-26,10000032,12096,29666666.33,28000000,32999999,3,3
2017-11-26,10000032,12098,24767477.07,20000000,29534954.14,4,4
2017-11-26,10000032,12102,4141000,4141000,4141000,5,2
2017-11-26,10000032,12109,3500000,3500000,3500000,1,1
2017-11-26,10000032,12110,1003,1003,1003,30,2
2017-11-26,10000032,12179,40000000,40000000,40000000,3,2
2017-11-26,10000032,12180,375000,375000,375000,5,4
2017-11-26,10000032,12181,350000,350000,350000,4,3
2017-11-26,10000032,12182,325000,325000,325000,7,6
2017-11-26,10000032,12183,275000,275000,275000,6,5
2017-11-26,10000032,12184,250000,250000,250000,6,5
2017-11-26,10000032,12185,225000,225000,225000,5,4
2017-11-26,10000032,12186,200000,200000,200000,3,3
2017-11-26,10000032,12187,175000,175000,175000,6,5
2017-11-26,10000032,12188,150000,150000,150000,3,2
2017-11-26,10000032,12189,400000,400000,400000,5,4
2017-11-26,10000032,12190,166666.67,125000,375000,6,5
2017-11-26,10000032,12191,76615.35,75000,81499.88,13,11
2017-11-26,10000032,12192,180399.76,100000,300999.4,5,5
2017-11-26,10000032,12193,61995.5,50000,79988.75,10,9
2017-11-26,10000032,12194,300000,300000,300000,7,6
2017-11-26,10000032,12195,30538.46,25000,48999.99,13,11
2017-11-26,10000032,12196,250066.83,401,300000,6,4
2017-11-26,10000032,12199,8785889.32,8785889.32,8785889.32,2,1
2017-11-26,10000032,12200,24989889.77,24989889.77,24989889.77,5,1
2017-11-26,10000032,12201,1699979.97,1699979.97,1699979.97,4,4
2017-11-26,10000032,12202,4287378.99,4249979.98,4324777.99,2,2
2017-11-26,10000032,12203,8707353.88,8700001,9850000,34,3
2017-11-26,10000032,12204,3999957.96,3999957.96,3999957.96,2,2
2017-11-26,10000032,12205,19969659.33,19969655.99,19969666,3,3
2017-11-26,10000032,12206,2983333.33,2900000,3000000,6,6
2017-11-26,10000032,12207,7145454.55,5500000.01,9000000,11,9
2017-11-26,10000032,12208,5500000,5500000,5500000,1,1
2017-11-26,10000032,12209,19988377.92,19988377.92,19988377.92,2,2
2017-11-26,10000032,12210,873770.8,646197.8,958000,7,7
2017-11-26,10000032,12211,2300001.52,1600003.04,3000000,10,6
2017-11-26,10000032,12212,7028308.18,6400000,8462711.53,8,8
2017-11-26,10000032,12213,999998.98,999998.98,999998.98,5,5
2017-11-26,10000032,12214,8558460.23,8000043.9,8744599,4,4
2017-11-26,10000032,12215,8999927.87,8999927.86,8999927.87,3,3
2017-11-26,10000032,12237,8989999.98,8989999.98,8989999.98,1,1
2017-11-26,10000032,12238,26999989.99,26999989.99,26999989.99,1,1
2017-11-26,10000032,12239,35374979.01,32000000.05,36499972,4,3
2017-11-26,10000032,12257,200000,200000,200000,1,1
2017-11-26,10000032,12259,4915116.84,3500105.59,5198123.98,12,10
2017-11-26,10000032,12263,7139980,7139980,7139980,3,2
2017-11-26,10000032,12266,998400,998400,998400,1,1
2017-11-26,10000032,12267,4893810.42,4500000,4919286.99,21,12
2017-11-26,10000032,12271,6617800.05,5527000.53,6738999.99,10,4
2017-11-26,10000032,12274,59550.42,28801.15,77999.98,16,10
2017-11-26,10000032,12304,325499.53,1000.05,649999,2,2
2017-11-26,10000032,12305,105706.11,100000,123176.41,54,51
2017-11-26,10000032,12344,136156.56,109000,147986.01,18,8
2017-11-26,10000032,12345,1000000,1000000,1000000,1,1
2017-11-26,10000032,12346,1790901.49,1451000.58,1807999.95,41,17
2017-11-26,10000032,12354,473216.61,473216.61,473216.61,1,1
2017-11-26,10000032,12356,3067999.53,2915000,3271998.9,14,3
2017-11-26,10000032,12365,182869.57,120000,361000,23,22
2017-11-26,10000032,12366,155994.94,120000,359989.99,24,23
2017-11-26,10000032,12367,153604.77,120000,299999.95,25,24
2017-11-26,10000032,12441,3185352.02,3149464.49,3400000,14,14
2017-11-26,10000032,12442,479684.23,239999.99,499806.64,13,13
2017-11-26,10000032,12484,3589308,3499308,3599308,10,10
2017-11-26,10000032,12485,3958550.42,3958548.99,3958564,7,7
2017-11-26,10000032,12486,2378571.42,1650000.04,2499999.98,14,14
2017-11-26,10000032,12487,5509006.39,2100104.01,5880000,10,10
2017-11-26,10000032,12528,20,20,20,26,4
2017-11-26,10000032,12529,3000002,3000002,3000002,2,2
2017-11-26,10000032,12530,3771.08,1001.97,84998.96,91,10
2017-11-26,10000032,12531,4000.22,4000.22,4000.22,6,4
2017-11-26,10000032,12532,2002022,2002022,2002022,15,1
2017-11-26,10000032,12533,25002,25002,25002,1,1
2017-11-26,10000032,12535,2001.01,2001.01,2001.01,1,1
2017-11-26,10000032,12536,8250,8250,8250,1,1
2017-11-26,10000032,12537,752172.37,630000,759999.97,82,31
2017-11-26,10000032,12538,28612.18,23.13,58999.99,74,30
2017-11-26,10000032,12539,446302.37,446302.37,446302.37,6,6
2017-11-26,10000032,12540,454955.05,12008.06,499000,22,6
2017-11-26,10000032,12541,153693.68,6005.94,198000,26,5
2017-11-26,10000032,12542,1000000.03,1000000.03,1000000.03,1,1
2017-11-26,10000032,12544,39.95,39.95,39.95,2,2
2017-11-26,10000032,12545,6000,6000,6000,2,1
2017-11-26,10000032,12546,127.1,127.1,127.1,1,1
2017-11-26,10000032,12548,20,20,20,1,1
2017-11-26,10000032,12557,249999.98,249999.98,249999.98,29,5
2017-11-26,10000032,12559,239334.14,235000,239928.84,66,11
2017-11-26,10000032,12563,126444.18,42005.11,133064.89,55,15
2017-11-26,10000032,12565,186698.46,10000,198469.65,64,14
2017-11-26,10000032,12608,80,80,80,105336,21
2017-11-26,10000032,12612,70,70,70,461803,70
2017-11-26,10000032,12614,47.98,47.98,47.98,166944,48
2017-11-26,10000032,12618,48.82,48.82,48.82,91217,29
2017-11-26,10000032,12620,87.8,87.8,87.8,108177,22
2017-11-26,10000032,12625,54.96,54.96,54.96,97683,21
2017-11-26,10000032,12631,36.06,36.06,36.06,25380,6
2017-11-26,10000032,12633,124.82,124.82,124.82,6915,5
2017-11-26,10000032,12709,74979.97,74979.96,74979.97,11,9
2017-11-26,10000032,12731,283999624.1,220000000.09,347999248.11,2,2
2017-11-26,10000032,12735,219999949.86,219999949.86,219999949.86,1,1
2017-11-26,10000032,12743,193698714.67,185003002.08,208437996.27,7,7
2017-11-26,10000032,12745,319749992.83,319749992.81,319749992.83,4,4
2017-11-26,10000032,12747,274999898.85,274999898.85,274999898.85,2,2
2017-11-26,10000032,12765,1398,1398,1398,2700,2
2017-11-26,10000032,12767,396.93,396.93,396.93,12196,5
2017-11-26,10000032,12771,403.67,403.67,403.67,12200,6
2017-11-26,10000032,12773,155,110,200,200,2
2017-11-26,10000032,12775,748.99,748.99,748.99,20000,2
2017-11-26,10000032,12777,115.48,115.48,115.48,2425,1
2017-11-26,10000032,12779,707.31,707.31,707.31,23112,6
2017-11-26,10000032,12785,99.83,99.83,99.83,120048,33
2017-11-26,10000032,12787,415.97,415.97,415.97,180059,15
2017-11-26,10000032,12789,109.84,77.03,109.93,174524,37
2017-11-26,10000032,12791,234.8,234.51,234.99,370482,25
2017-11-26,10000032,12801,245.63,245.63,245.63,132632,23
2017-11-26,10000032,12803,297.84,297.84,297.84,13000,3
2017-11-26,10000032,12805,155.8,155.8,155.8,729865,34
2017-11-26,10000032,12807,142.96,142.96,142.96,47746,1
2017-11-26,10000032,12814,291901.17,279969.77,366979.8,41,9
2017-11-26,10000032,12816,616929.57,616929.57,616929.57,103,9
2017-11-26,10000032,12818,354864.05,2503.21,374998.94,37,7
2017-11-26,10000032,12820,538865.73,538864.84,538865.86,16,3
2017-11-26,10000032,12822,145000.16,145000.16,145000.16,8,1
2017-11-26,10000032,12824,1355.03,1355.03,1355.03,16,1
2017-11-26,10000032,12826,383332.08,111107.12,409998.96,49,5
2017-11-26,10000032,12865,0.5,0.5,0.5,10,1
2017-11-26,10000032,13001,2283332.33,2249999,2299998.99,21,11
2017-11-26,10000032,13003,2432812.55,1919933.91,2450497.99,30,27
2017-11-26,10000032,13119,325.46,325.46,325.46,1000,1
2017-11-26,10000032,13209,41999999.98,41999999.98,41999999.98,1,1
2017-11-26,10000032,13216,21842837.64,14614111.72,22499989.99,12,12
2017-11-26,10000032,13217,41894469.95,32999999.99,44000000,4,4
2017-11-26,10000032,13220,13950300,13950300,13950300,1,1
2017-11-26,10000032,13222,3984022,3984022,3984022,1,1
2017-11-26,10000032,13223,312491.66,126003.31,498980,2,2
2017-11-26,10000032,13224,3899989.99,3899989.99,3899989.99,2,2
2017-11-26,10000032,13225,1100000,1100000,1100000,1,1
2017-11-26,10000032,13231,34666648.97,33000000,34999976.8,6,3
2017-11-26,10000032,13238,102,102,102,1,1
2017-11-26,10000032,13240,32999362.23,32999362.23,32999362.23,1,1
2017-11-26,10000032,13242,38998759.79,38998759.79,38998759.79,1,1
2017-11-26,10000032,13243,1001002,1001002,1001002,1,1
2017-11-26,10000032,13244,24899837.47,24899828.36,24899849.92,6,5
2017-11-26,10000032,13246,13709995.24,10900000,14499995.95,4,4
2017-11-26,10000032,13249,29736738.6,29736728.59,29736743.6,6,4
2017-11-26,10000032,13252,2960001,2960001,2960001,6,3
2017-11-26,10000032,13253,2700,2700,2700,2,2
2017-11-26,10000032,13255,33999777.87,33999777.87,33999777.87,1,1
2017-11-26,10000032,13256,19045993.79,18999984.99,23729999,5,5
2017-11-26,10000032,13257,3244728.78,1334502.23,4199842.05,3,3
2017-11-26,10000032,13258,10000000,10000000,10000000,1,1
2017-11-26,10000032,13259,32989446.91,32989446.91,32989446.91,1,1
2017-11-26,10000032,13261,22349992.48,22349989.98,22349999.99,4,4
2017-11-26,10000032,13262,25001.01,25001.01,25001.01,1,1
2017-11-26,10000032,13267,3085,3085,3085,294,20
2017-11-26,10000032,13278,111516.67,100000,140309.34,7,7
2017-11-26,10000032,13279,369792.12,250000,674848.84,24,23
2017-11-26,10000032,13283,23934.84,3000.01,79999.48,9,8
2017-11-26,10000032,13284,550435.94,326936.7,773935.19,8,7
2017-11-26,10000032,13285,577285.71,274000,978000,7,6
2017-11-26,10000032,13286,10008.42,2510.53,40000,5,5
2017-11-26,10000032,13287,764800,410000,1296000,5,4
2017-11-26,10000032,13320,1023.23,1023.23,1023.23,7,1
2017-11-26,10000032,13779,19999999.99,19999999.99,19999999.99,2,1
2017-11-26,10000032,13834,12000000.05,12000000.05,12000000.05,1,1
2017-11-26,10000032,13856,178,178,178,3333,1
2017-11-26,10000032,13864,6000000,6000000,6000000,4,1
2017-11-26,10000032,13867,4899999.2,4500000,4999999,5,5
2017-11-26,10000032,13870,9799869,9799869,9799869,5,1
2017-11-26,10000032,13886,380840.01,380840.01,380840.01,1,1
2017-11-26,10000032,13892,41357142.7,29900000,54700000,7,6
2017-11-26,10000032,13894,3999999,3999999,3999999,3,1
2017-11-26,10000032,13918,6000,6000,6000,2,2
2017-11-26,10000032,13923,30999989.98,30999989.98,30999989.98,1,1
2017-11-26,10000032,13924,25000000,25000000,25000000,1,1
2017-11-26,10000032,13933,21992191.26,21992191.26,21992191.26,2,1
2017-11-26,10000032,13943,59010524.35,45017617.33,79999884.88,5,3
2017-11-26,10000032,13945,84000000,84000000,84000000,1,1
2017-11-26,10000032,13947,7999944.96,7999939.95,7999949.96,2,2
2017-11-26,10000032,13948,9279297.65,9279297.65,9279297.65,1,1
2017-11-26,10000032,13949,29999959.94,29999959.94,29999959.94,1,1
2017-11-26,10000032,13951,13999144.2,13999144.2,13999144.2,1,1
2017-11-26,10000032,13952,48898999.99,48898999.99,48898999.99,1,1
2017-11-26,10000032,13956,30005000,30005000,30005000,1,1
2017-11-26,10000032,13957,46996357.12,46996350.45,46996360.46,3,2
2017-11-26,10000032,13959,101500020.56,66500020.56,136500020.56,2,2
2017-11-26,10000032,13960,176190066,176190066,176190066,1,1
2017-11-26,10000032,13966,9999858.91,9999858.91,9999858.91,3,3
2017-11-26,10000032,13968,7988564.97,7988564.97,7988564.97,1,1
2017-11-26,10000032,13970,3000000,3000000,3000000,1,1
2017-11-26,10000032,13972,1800003.89,1800003.89,1800003.89,1,1
2017-11-26,10000032,13976,5831969.98,5831969.98,5831969.98,1,1
2017-11-26,10000032,13980,2999939.94,2999939.94,2999939.94,1,1
2017-11-26,10000032,13984,4557000,4557000,4557000,1,1
2017-11-26,10000032,13996,2999999.99,2999999.99,2999999.99,1,1
2017-11-26,10000032,14001,12650505.92,12650505.92,12650505.92,1,1
2017-11-26,10000032,14003,6800000,6800000,6800000,1,1
2017-11-26,10000032,14027,55015.02,55015.02,55015.02,1,1
2017-11-26,10000032,14033,17499897.91,17499897.91,17499897.91,1,1
2017-11-26,10000032,14035,5997786.94,5997786.94,5997786.94,1,1
2017-11-26,10000032,14037,9999990,9999990,9999990,1,1
2017-11-26,10000032,14039,1998891.95,1998891.95,1998891.95,2,1
2017-11-26,10000032,14041,27511900,27511900,27511900,1,1
2017-11-26,10000032,14043,11150988,11150988,11150988,1,1
2017-11-26,10000032,14045,51000232.56,51000232.56,51000232.56,1,1
2017-11-26,10000032,14047,59999346.05,59999346.05,59999346.05,1,1
2017-11-26,10000032,14049,352570.15,320950.24,400000,5,3
2017-11-26,10000032,14051,56912.61,40000.21,175000,8,6
2017-11-26,10000032,14053,52393.48,50100.37,54686.59,2,2
2017-11-26,10000032,14055,6002.38,6002.38,6002.38,2,1
2017-11-26,10000032,14057,15000.85,15000.85,15000.85,1,1
2017-11-26,10000032,14059,2904999.5,1410000,4399999,2,2
2017-11-26,10000032,14061,3371417.44,2899990.69,4999974.98,7,7
2017-11-26,10000032,14063,3741561.83,1000000,4133209.23,8,7
2017-11-26,10000032,14065,4401388.12,2010000.66,4999000,5,5
2017-11-26,10000032,14069,8398959.84,8398959.84,8398959.84,1,1
2017-11-26,10000032,14070,25019002,25019002,25019002,1,1
2017-11-26,10000032,14072,35000001.31,35000001.31,35000001.31,1,1
2017-11-26,10000032,14074,12967002.31,11500000,17739999.01,5,5
2017-11-26,10000032,14076,1368430,1367999.99,1368860,2,2
2017-11-26,10000032,14080,260063.33,240100,299990,3,3
2017-11-26,10000032,14082,1495999.99,1495999.99,1495999.99,2,2
2017-11-26,10000032,14086,500000,500000,500000,5,5
2017-11-26,10000032,14090,1479999.6,1479999.6,1479999.6,1,1
2017-11-26,10000032,14092,262549.51,175100,349999.01,2,2
2017-11-26,10000032,14094,1481999.99,1481999.99,1481999.99,1,1
2017-11-26,10000032,14098,235000,195000,395000,5,5
2017-11-26,10000032,14102,26998999.99,26998999.99,26998999.99,1,1
2017-11-26,10000032,14110,6093690,6093690,6093690,1,1
2017-11-26,10000032,14112,15366666.67,7100000.01,19500000,3,3
2017-11-26,10000032,14124,21795000,21700000,21889999.99,2,2
2017-11-26,10000032,14127,32993998.87,32993998.87,32993998.87,1,1
2017-11-26,10000032,14128,7243992.23,5170000,9435834.78,32,9
2017-11-26,10000032,14134,41611917.83,39973340.02,44889073.46,3,3
2017-11-26,10000032,14136,63998604.65,63998604.58,63998604.71,2,2
2017-11-26,10000032,14140,24999861.42,24999856.41,24999866.42,2,2
2017-11-26,10000032,14142,23499899.94,22999999.99,23999799.89,4,4
2017-11-26,10000032,14146,38994908.9,38994908.9,38994908.9,1,1
2017-11-26,10000032,14152,9999802.9,9999771.96,9999869.78,6,6
2017-11-26,10000032,14154,251000.01,251000.01,251000.01,3,1
2017-11-26,10000032,14172,13998889.9,13998889.9,13998889.9,1,1
2017-11-26,10000032,14174,7499999.96,7499999.92,7500000,2,2
2017-11-26,10000032,14206,89998999.96,89998999.95,89999000,3,3
2017-11-26,10000032,14220,2153390.4,2153390.4,2153390.4,1,1
2017-11-26,10000032,14236,48888391.07,48888384.11,48888394.56,3,3
2017-11-26,10000032,14238,172999969.87,172999969.87,172999969.87,1,1
2017-11-26,10000032,14242,91723688.49,66447376.97,117000000,2,2
2017-11-26,10000032,14244,105000000,105000000,105000000,1,1
2017-11-26,10000032,14248,113176596.67,112999999.97,114029790.06,6,4
2017-11-26,10000032,14258,109999695.78,109999695.78,109999695.78,1,1
2017-11-26,10000032,14266,46899765.98,46899765.98,46899765.98,1,1
2017-11-26,10000032,14270,62999999.99,62999999.97,63000000,2,2
2017-11-26,10000032,14272,39560.52,3031.04,119997.9,21,18
2017-11-26,10000032,14274,73800.87,41009.41,194950,23,13
2017-11-26,10000032,14276,192000.48,72001.31,319999.99,19,15
2017-11-26,10000032,14278,1261317.07,900131.69,1398000,77,38
2017-11-26,10000032,14280,375002.15,375002.13,375002.18,11,9
2017-11-26,10000032,14282,317016,317016,317016,5,5
2017-11-26,10000032,14284,417000,417000,417000,4,4
2017-11-26,10000032,14286,759796.59,759796.59,759796.59,2,2
2017-11-26,10000032,14292,755.88,1.01,860,33,23
2017-11-26,10000032,14295,3191642.68,2750001.21,5399850,6,5
2017-11-26,10000032,14296,3501855.7,3205220.1,4988998,6,6
2017-11-26,10000032,14297,4636712.71,3667000,5749988.99,7,6
2017-11-26,10000032,14298,4157873.16,3031502.78,4599989.97,4,4
2017-11-26,10000032,14299,3247205.24,2541793.01,4392896.81,7,6
2017-11-26,10000032,14343,2000000,2000000,2000000,1,1
2017-11-26,10000032,15317,22999,22999,22999,200,1
2017-11-26,10000032,15331,1361.86,1361.86,1361.87,22900,826
2017-11-26,10000032,15463,4878629.51,4878629.51,4878629.51,4,1
2017-11-26,10000032,15466,5499999.99,5499999.99,5499999.99,12,4
2017-11-26,10000032,15477,16498372.62,16498372.62,16498372.62,1,1
2017-11-26,10000032,15479,4387867.45,4200000,4599999.99,18,10
2017-11-26,10000032,15480,21899884.01,21899884.01,21899884.01,2,2
2017-11-26,10000032,15508,28314.96,28314.96,28314.96,389,39
2017-11-26,10000032,15509,1600000,1600000,1600000,3,3
2017-11-26,10000032,15510,29996.6,29996.6,29996.6,1327,36
2017-11-26,10000032,15511,1500000,1500000,1500000,1,1
2017-11-26,10000032,15587,1257.36,1256,1260,53,11
2017-11-26,10000032,15588,1509.74,152,1600.17,37,24
2017-11-26,10000032,15589,4000,4000,4000,28,4
2017-11-26,10000032,15590,4000.29,4000.27,4000.31,38,4
2017-11-26,10000032,15591,7500.01,3000.02,12000,8,2
2017-11-26,10000032,15592,600010,600010,600010,11,2
2017-11-26,10000032,15593,1152.07,1152.07,1152.07,16,2
2017-11-26,10000032,15596,4500,4500,4500,1185,144
2017-11-26,10000032,15597,8000,8000,8000,472,75
2017-11-26,10000032,15598,15000,15000,15000,285,56
2017-11-26,10000032,15599,21003.01,21003,21003.02,293,55
2017-11-26,10000032,15600,600000.07,600000.07,600000.07,879,41
2017-11-26,10000032,15601,715002.6,715002.6,715002.6,514,60
2017-11-26,10000032,15602,108219.91,108219.91,108219.91,417,37
2017-11-26,10000032,15604,2303830,2303830,2303830,308,16
2017-11-26,10000032,15605,2189981,1704847.32,2189981.9,102,23
2017-11-26,10000032,15607,4500,4500,4500,393,63
2017-11-26,10000032,15608,8000,8000,8000,699,84
2017-11-26,10000032,15609,15000,15000,15000,468,29
2017-11-26,10000032,15610,197692,197691,197692,221,44
2017-11-26,10000032,15611,30000,30000,30000,145,40
2017-11-26,10000032,15612,50000,50000,50000,293,55
2017-11-26,10000032,15613,316000,316000,316000,508,68
2017-11-26,10000032,15614,123500,123500,123500,1216,63
2017-11-26,10000032,15615,1970003.72,1970001.01,1970003.72,416,40
2017-11-26,10000032,15620,20000,20000,20000,6,1
2017-11-26,10000032,15621,30000,30000,30000,4,1
2017-11-26,10000032,15625,1208.33,1000,1250,36,6
2017-11-26,10000032,15626,1750.04,1750,1750.1,30,6
2017-11-26,10000032,15627,1900,1900,1900,3,2
2017-11-26,10000032,15629,251.25,251.25,251.25,1,1
2017-11-26,10000032,15630,283341.02,283312.05,283347.7,16,3
2017-11-26,10000032,15631,255690.03,255690.03,255690.03,9,1
2017-11-26,10000032,15632,1680000.08,1680000.08,1680000.08,2,1
2017-11-26,10000032,15646,25000,25000,25000,3,2
2017-11-26,10000032,15656,100000,100000,100000,448,52
2017-11-26,10000032,15669,2200015.82,2200007.6,2200017.3,302,34
2017-11-26,10000032,15674,15000,15000,15000,1,1
2017-11-26,10000032,15677,77396583,77396577.99,77396588,2,2
2017-11-26,10000032,15681,98342247.37,88074309.89,99999918.88,12,8
2017-11-26,10000032,15725,37999999.99,37999999.99,37999999.99,1,1
2017-11-26,10000032,15729,34107352.35,33999979.98,34988744.83,18,13
2017-11-26,10000032,15739,19890000,19890000,19890000,2,2
2017-11-26,10000032,15744,32999867.99,32999867.99,32999867.99,1,1
2017-11-26,10000032,15753,49999839.77,49999839.77,49999839.77,1,1
2017-11-26,10000032,15766,29961051.03,29883193.12,29999979.98,3,3
2017-11-26,10000032,15788,90000,90000,90000,1,1
2017-11-26,10000032,15790,21886195.07,21885878,21886829.21,3,3
2017-11-26,10000032,15835,1000000,1000000,1000000,3,1
2017-11-26,10000032,15887,51084972.61,46510006.01,51999969.94,6,6
2017-11-26,10000032,15889,54633235.13,52000000,55949852.7,3,3
2017-11-26,10000032,15891,129999979.96,129999979.96,129999979.96,1,1
2017-11-26,10000032,15895,98979708.2,98979697.61,98979718.79,2,2
2017-11-26,10000032,15965,79991942.9,79991932.89,79991952.91,2,2
2017-11-26,10000032,15992,25000,25000,25000,437,46
2017-11-26,10000032,15996,30000,30000,30000,318,57
2017-11-26,10000032,15999,50000,50000,50000,87,22
2017-11-26,10000032,16000,34005,34005,34005,222,35
2017-11-26,10000032,16002,30000.11,30000.11,30000.11,11,5
2017-11-26,10000032,16008,5891001.85,5891001.85,5891001.85,1,1
2017-11-26,10000032,16062,59083249.87,58999989.99,60000000,12,9
2017-11-26,10000032,16064,121950000,121950000,121950000,1,1
2017-11-26,10000032,16065,29999993.33,29999990,30000000,3,2
2017-11-26,10000032,16069,79500.5,10.02,85000,40,24
2017-11-26,10000032,16118,40527.17,40520.03,40530.03,21,5
2017-11-26,10000032,16119,608.01,608.01,608.01,11,3
2017-11-26,10000032,16189,918181.82,100000.05,1000000,22,8
2017-11-26,10000032,16227,46496363.28,31020000.04,48000000,11,9
2017-11-26,10000032,16229,50084404.53,45118017.08,51098948.65,11,10
2017-11-26,10000032,16230,570000000,570000000,570000000,1,1
2017-11-26,10000032,16231,45182922.33,37049000,49249883.5,3,3
2017-11-26,10000032,16233,38496974.95,25000000,51993949.9,2,2
2017-11-26,10000032,16236,1198386.96,1198386.96,1198386.96,1,1
2017-11-26,10000032,16238,1090113.55,850040.04,1118886.97,10,7
2017-11-26,10000032,16240,949555.53,910001.05,949555.55,105,71
2017-11-26,10000032,16241,7887800,7887800,7887800,3,3
2017-11-26,10000032,16242,902886.9,840000,999998.85,87,20
2017-11-26,10000032,16243,9954498.25,9954498.25,9954498.25,1,1
2017-11-26,10000032,16246,147948000,147948000,147948000,1,1
2017-11-26,10000032,16264,200523.63,200523.63,200523.63,3434,47
2017-11-26,10000032,16272,470.18,470.18,470.18,1634706,21
2017-11-26,10000032,16273,113,110,120.21,19147123,107
2017-11-26,10000032,16274,681,681,750.12,1514890,19
2017-11-26,10000032,16275,4016,4016,4016,372481,26
2017-11-26,10000032,16278,1725833.09,1300004.91,2000000,24,14
2017-11-26,10000032,16281,312506.25,37.51,375000,6,6
2017-11-26,10000032,16297,8806.38,505.01,26998.76,38,22
2017-11-26,10000032,16299,38014.86,1804.56,59999.99,45,13
2017-11-26,10000032,16301,54316.52,6500.03,65556.46,70,29
2017-11-26,10000032,16303,332386.13,160009,334385,162,56
2017-11-26,10000032,16305,1796.1,1777.77,1805.27,6,5
2017-11-26,10000032,16307,57518.51,2777.77,109499.99,6,5
2017-11-26,10000032,16309,43000.26,20000.01,190000,28,16
2017-11-26,10000032,16311,354564.65,182002.45,417089.96,49,33
2017-11-26,10000032,16313,201.15,201.15,201.15,5,4
2017-11-26,10000032,16315,580,10,4000,7,6
2017-11-26,10000032,16317,9280.64,1,19999.99,12,7
2017-11-26,10000032,16321,303.03,303.03,303.03,4,4
2017-11-26,10000032,16323,316,316,316,2,2
2017-11-26,10000032,16325,2640.8,801,9999.99,5,5
2017-11-26,10000032,16327,1807.27,1807,1807.3,10,10
2017-11-26,10000032,16329,300.01,300.01,300.01,4,3
2017-11-26,10000032,16333,19231.2,289,95000,5,5
2017-11-26,10000032,16335,2003.1,2003.1,2003.1,8,6
2017-11-26,10000032,16337,157.2,100.14,200,7,6
2017-11-26,10000032,16339,452.49,0.01,603.32,4,3
2017-11-26,10000032,16341,1299.46,100,8496.25,7,7
2017-11-26,10000032,16343,83.34,50.01,100,6,6
2017-11-26,10000032,16345,102.05,102,102.1,6,5
2017-11-26,10000032,16347,58963.89,150.01,117777.77,2,2
2017-11-26,10000032,16349,0.01,0.01,0.01,3,3
2017-11-26,10000032,16351,341.83,301,350,6,5
2017-11-26,10000032,16353,83713.81,63107.71,94999.98,77,31
2017-11-26,10000032,16355,81316.81,67049.89,86998.92,91,27
2017-11-26,10000032,16357,78316.36,72159.29,94898.98,44,23
2017-11-26,10000032,16359,85759.88,70110.21,192000,33,23
2017-11-26,10000032,16361,149999.99,108204.43,150000,105,33
2017-11-26,10000032,16363,152999.99,144999.99,161999.98,126,38
2017-11-26,10000032,16365,159999.99,115255.72,167999.83,105,38
2017-11-26,10000032,16367,141186.39,132000,199999.99,44,27
2017-11-26,10000032,16369,110713.24,89201.97,140102.96,44,23
2017-11-26,10000032,16371,121905.63,111058.17,125797.99,84,33
2017-11-26,10000032,16373,138369.85,117056.84,144999.98,87,33
2017-11-26,10000032,16375,132126.14,120002.37,187999.86,31,20
2017-11-26,10000032,16377,96029.83,89064.35,100000,49,32
2017-11-26,10000032,16379,93144.17,81057.56,113250,59,35
2017-11-26,10000032,16381,117155.03,109041.3,124999.98,59,21
2017-11-26,10000032,16383,119529.42,112003.39,140000,53,28
2017-11-26,10000032,16385,157286.53,50000,279488.92,15,14
2017-11-26,10000032,16387,96400.01,57500.02,144575.13,19,12
2017-11-26,10000032,16389,96615.32,31000.02,310000.02,13,12
2017-11-26,10000032,16391,566889.06,177015.51,889997.89,43,35
2017-11-26,10000032,16393,16666.78,10000.14,49999.99,6,5
2017-11-26,10000032,16395,4000,4000,4000,5,4
2017-11-26,10000032,16397,8750.01,0.01,35000,4,4
2017-11-26,10000032,16399,500,500,500,6,6
2017-11-26,10000032,16401,1072.99,1072.99,1072.99,5,3
2017-11-26,10000032,16403,2001.53,2001.53,2001.53,3,3
2017-11-26,10000032,16405,4801.16,4801.16,4801.16,4,4
2017-11-26,10000032,16407,64301.4,45002,118999.97,10,10
2017-11-26,10000032,16409,2001.82,2001.82,2001.82,9,7
2017-11-26,10000032,16411,8143.91,4501.23,30000,7,6
2017-11-26,10000032,16413,2015,2015,2015,5,4
2017-11-26,10000032,16415,19223.08,9001.11,55000,9,7
2017-11-26,10000032,16417,20067.04,4201.13,28000,6,3
2017-11-26,10000032,16419,13334.46,2001.69,38999.99,9,8
2017-11-26,10000032,16421,12400,5500,67998.95,9,9
2017-11-26,10000032,16423,41999.78,11000,105998.99,9,8
2017-11-26,10000032,16425,12083.78,5010.54,47449.98,12,12
2017-11-26,10000032,16427,7207.34,3408.56,30000,7,7
2017-11-26,10000032,16429,100.01,100.01,100.01,9,5
2017-11-26,10000032,16431,35999.83,2001.36,69999,11,10
2017-11-26,10000032,16433,2509.86,1101.14,20000,45,31
2017-11-26,10000032,16435,2640.33,0.01,2708.72,75,47
2017-11-26,10000032,16439,2001.45,2001.45,2001.45,111,49
2017-11-26,10000032,16441,8171.47,3750.11,16000,30,22
2017-11-26,10000032,16443,58903.38,4250.74,149990,24,19
2017-11-26,10000032,16447,334478.15,6001.95,898999.97,44,22
2017-11-26,10000032,16449,4501.02,4500,4501.1,15,14
2017-11-26,10000032,16451,4500,4500,4500,10,8
2017-11-26,10000032,16455,12193.75,3250,39025,8,8
2017-11-26,10000032,16457,3813109.92,2700000,4411502.04,10,7
2017-11-26,10000032,16467,154606.96,48000.05,585489.98,23,19
2017-11-26,10000032,16469,84550,22000,188800,16,12
2017-11-26,10000032,16475,140658.48,72503.31,199999,19,13
2017-11-26,10000032,16477,292059.47,99999,538993.76,16,12
2017-11-26,10000032,16481,16750.01,16750.01,16750.01,4,4
2017-11-26,10000032,16483,29458.56,8750.01,44989.97,14,6
2017-11-26,10000032,16485,16750.01,16750.01,16750.01,3,3
2017-11-26,10000032,16487,97713.21,59999,147998.84,7,6
2017-11-26,10000032,16489,1778.01,1778.01,1778.01,10,9
2017-11-26,10000032,16491,8503.37,8503.37,8503.37,10,7
2017-11-26,10000032,16493,6016.5,6016.5,6016.5,9,8
2017-11-26,10000032,16495,415531,44999.51,699999.9,40,19
2017-11-26,10000032,16497,177500,177500,177500,115,17
2017-11-26,10000032,16499,200044.42,126006.14,401994.1,23,16
2017-11-26,10000032,16505,69179.08,35750.01,149894,26,21
2017-11-26,10000032,16507,52406.3,26000.47,111745,13,12
2017-11-26,10000032,16513,4861.11,3750,5000,18,11
2017-11-26,10000032,16515,8250,8250,8250,4,3
2017-11-26,10000032,16517,4801,4801,4801.01,6,5
2017-11-26,10000032,16519,550715.83,23102.46,699999.95,65,21
2017-11-26,10000032,16521,0.01,0.01,0.01,25,16
2017-11-26,10000032,16523,7082.35,3200,75600,17,15
2017-11-26,10000032,16525,49851.89,6000.1,80000,27,14
2017-11-26,10000032,16527,363884.48,220000.33,514773.15,35,20
2017-11-26,10000032,16529,50001.7,50001.7,50001.7,1,1
2017-11-26,10000032,16531,369999.99,369999.99,369999.99,1,1
2017-11-26,10000032,16533,2999991.63,2999989.95,2999999.97,6,6
2017-11-26,10000032,16535,24889213.22,24889213.22,24889213.22,1,1
2017-11-26,10000032,16537,13313834.89,13114231.41,18999876.43,4,4
2017-11-26,10000032,16591,31666666.67,31000000,32000000,3,3
2017-11-26,10000032,16594,2353708.51,1500000,2993989.89,7,7
2017-11-26,10000032,16595,13055139.78,12500000,14998129.03,9,9
2017-11-26,10000032,16596,35000000,35000000,35000000,8,8
2017-11-26,10000032,16597,21990612.29,20000000,31943673.74,6,6
2017-11-26,10000032,16598,3820689.55,3500000,4497907.92,28,28
2017-11-26,10000032,16622,5436464.13,5000000,6396676.96,16,16
2017-11-26,10000032,16633,1190,1190,1190,17600,1
2017-11-26,10000032,16634,2150,2150,2150,1365,2
2017-11-26,10000032,16636,3750,3750,3750,3514,2
2017-11-26,10000032,16647,9116.33,9116.33,9116.33,632,1
2017-11-26,10000032,16650,79000,79000,79000,677,2
2017-11-26,10000032,16651,47000,47000,47000,500,1
2017-11-26,10000032,16665,10000,10000,10000,874,1
2017-11-26,10000032,16670,289.91,289.91,289.91,541379,13
2017-11-26,10000032,16671,261.97,261.97,261.97,2557501,9
2017-11-26,10000032,16673,278.97,278.97,278.97,10027,2
2017-11-26,10000032,16678,427.53,427.44,578.42,1323458,11
2017-11-26,10000032,16679,1139.95,1139.95,1139.95,226249,11
2017-11-26,10000032,16680,2799.9,2799.9,2799.9,783883,18
2017-11-26,10000032,16681,5691.22,5691.22,5691.22,194877,18
2017-11-26,10000032,16682,12399.96,12399.96,12399.96,9437,14
2017-11-26,10000032,16683,52739.91,52739.91,52739.91,21210,8
2017-11-26,10000032,16696,4400000,4400000,4400000,5,1
2017-11-26,10000032,17136,72999.38,72999.38,72999.38,888,5
2017-11-26,10000032,17180,1500000,1500000,1500000,1,1
2017-11-26,10000032,17182,3249999.99,3249999.99,3249999.99,1,1
2017-11-26,10000032,17187,1800000,1800000,1800000,1,1
2017-11-26,10000032,17190,2015.3,2015.3,2015.3,1,1
2017-11-26,10000032,17192,189999.82,189999.82,189999.82,1,1
2017-11-26,10000032,17194,1000.05,1000.05,1000.05,4,4
2017-11-26,10000032,17196,1039.28,1039.28,1039.28,6,1
2017-11-26,10000032,17199,1000.31,1000.31,1000.31,55,12
2017-11-26,10000032,17203,2000.17,2000.17,2000.17,2,2
2017-11-26,10000032,17206,23.03,23.03,23.03,1,1
2017-11-26,10000032,17209,100,100,100,8,1
2017-11-26,10000032,17214,1101.8,1101.75,1101.8,16,3
2017-11-26,10000032,17215,44928.09,16293.35,77298.82,81,35
2017-11-26,10000032,17216,318140.32,5135,349000,78,8
2017-11-26,10000032,17217,4710100,4710100,4710100,5,5
2017-11-26,10000032,17218,93998.97,67995.78,93998.97,1094,26
2017-11-26,10000032,17219,8897.99,7497.92,8898.99,3074,35
2017-11-26,10000032,17226,171000,171000,171000,1,1
2017-11-26,10000032,17232,1,1,1,2,1
2017-11-26,10000032,17233,25,25,25,6,4
2017-11-26,10000032,17244,1,1,1,2,1
2017-11-26,10000032,17252,1,1,1,1,1
2017-11-26,10000032,17256,1,1,1,1,1
2017-11-26,10000032,17262,1000.7,1000.69,1000.7,20,13
2017-11-26,10000032,17264,1005.43,1005.42,1005.43,80,28
2017-11-26,10000032,17266,3218339.79,655019.4,4499999.99,3,3
2017-11-26,10000032,17272,1624.7,1111.21,8043.7,27,19
2017-11-26,10000032,17322,5000000,5000000,5000000,1,1
2017-11-26,10000032,17345,5000000,5000000,5000000,1,1
2017-11-26,10000032,17352,5000000,5000000,5000000,1,1
2017-11-26,10000032,17354,5000000,5000000,5000000,2,2
2017-11-26,10000032,17363,158524.92,158524.92,158524.92,1,1
2017-11-26,10000032,17364,395140,395140,395140,3,1
2017-11-26,10000032,17365,766970.95,766970.95,766970.95,3,2
2017-11-26,10000032,17366,29996.99,29996.98,29996.99,165,59
2017-11-26,10000032,17367,414629.3,174443.95,895000,6,5
2017-11-26,10000032,17368,1871825.68,550003.12,2316380.88,19,5
2017-11-26,10000032,17424,200.2,200.2,200.2,50,1
2017-11-26,10000032,17436,500,500,500,19,1
2017-11-26,10000032,17440,475,465.25,475.28,10094,9
2017-11-26,10000032,17441,451.67,451.67,451.67,1735,2
2017-11-26,10000032,17444,350,350,350,4938,4
2017-11-26,10000032,17445,511.01,511.01,511.01,5220,3
2017-11-26,10000032,17448,300,300,300,32797,16
2017-11-26,10000032,17449,420.21,420.21,420.21,6850,14
2017-11-26,10000032,17452,155.41,155.41,155.41,301266,9
2017-11-26,10000032,17453,122.56,122.42,200,24012,8
2017-11-26,10000032,17455,59.01,59,59.01,17569182,323
2017-11-26,10000032,17456,57.06,55.39,57.24,10350397,239
2017-11-26,10000032,17459,54,54,54,1856368,10
2017-11-26,10000032,17460,51.16,51.16,51.16,91599,6
2017-11-26,10000032,17463,16.29,16.29,16.29,8495058,60
2017-11-26,10000032,17464,17.91,17.91,17.91,2936446,59
2017-11-26,10000032,17470,13.12,13.08,14,21568592,110
2017-11-26,10000032,17471,14.33,14.29,14.34,7548995,96
2017-11-26,10000032,17476,24896599.18,24302100.21,27461095.28,48,19
2017-11-26,10000032,17478,22123253.57,20150001.32,22981859,47,34
2017-11-26,10000032,17480,18914154.02,17814002.12,21749689.95,63,33
2017-11-26,10000032,17482,1839979.99,1839979.99,1839979.99,169,58
2017-11-26,10000032,17483,27100000,27100000,27100000,1,1
2017-11-26,10000032,17500,53999909.03,49999979.1,57999838.96,2,2
2017-11-26,10000032,17526,17996326.66,17988979.97,18000000,3,3
2017-11-26,10000032,17559,55624935.43,53000004.26,63499728.92,4,4
2017-11-26,10000032,17619,19285000,18789999.99,19450000,4,4
2017-11-26,10000032,17621,2917495.01,2000000.03,3834990,4,4
2017-11-26,10000032,17624,2000,2000,2000,11,10
2017-11-26,10000032,17680,640000,640000,640000,15,1
2017-11-26,10000032,17686,1700000,1700000,1700000,15,2
2017-11-26,10000032,17690,500000,500000,500000,15,1
2017-11-26,10000032,17703,34928427.7,34885323.2,34949979.96,3,3
2017-11-26,10000032,17715,210950201.36,200102000,212499943.99,8,8
2017-11-26,10000032,17718,114699888.88,114699888.87,114699888.88,2,2
2017-11-26,10000032,17720,163692347.98,149090999.97,170993021.99,3,3
2017-11-26,10000032,17722,232593213.18,232592854.85,232593929.84,3,3
2017-11-26,10000032,17732,389999977.21,389999977.21,389999977.21,1,1
2017-11-26,10000032,17736,380703567.33,380703567.33,380703567.33,1,1
2017-11-26,10000032,17738,538628660.65,537890000,538997990.98,3,3
2017-11-26,10000032,17740,485329931.23,480000000,495989793.68,3,3
2017-11-26,10000032,17765,25081.02,25081.02,25081.02,135,14
2017-11-26,10000032,17773,9499999.99,9499999.99,9499999.99,8,1
2017-11-26,10000032,17796,9000,9000,9000,10,1
2017-11-26,10000032,17812,14848420.04,14820655.64,14880815.18,13,8
2017-11-26,10000032,17840,4000,4000,4000,2,2
2017-11-26,10000032,17841,10778009.57,10778009.42,12167999.89,101,35
2017-11-26,10000032,17843,60674823.18,56004410.22,68198989.87,53,38
2017-11-26,10000032,17848,1078344.83,500006.15,1098999.79,58,10
2017-11-26,10000032,17849,2826001.5,2826001.5,2826001.5,190,14
2017-11-26,10000032,17850,6049950.01,2100000.01,9999900,2,2
2017-11-26,10000032,17865,1103.25,1103.25,1103.25,50,1
2017-11-26,10000032,17866,1104.61,1104.61,1104.61,720,1
2017-11-26,10000032,17867,50,50,50,2573334,63
2017-11-26,10000032,17868,56.23,52,61.81,642695,48
2017-11-26,10000032,17871,517668.67,53006.01,750000,3,3
2017-11-26,10000032,17887,814,797.99,818.98,23003059,62
2017-11-26,10000032,17888,725,725,725,389166,13
2017-11-26,10000032,17889,995,995,995,430113,21
2017-11-26,10000032,17893,127562.3,127005.14,130000.01,43,29
2017-11-26,10000032,17894,135039.1,135039.06,135039.1,116,34
2017-11-26,10000032,17895,488654.62,322303,490005.2,65,38
2017-11-26,10000032,17897,12001.05,12001.05,12001.05,50,1
2017-11-26,10000032,17898,113003.31,113003.31,113003.31,3099,9
2017-11-26,10000032,17912,4110991.34,3999999,4124994.99,83,39
2017-11-26,10000032,17918,473366614.24,438511510.11,484984992.43,8,8
2017-11-26,10000032,17920,240390499.57,200000100.13,280780899,2,2
2017-11-26,10000032,17922,96999938.89,96999938.88,96999938.9,2,2
2017-11-26,10000032,17926,49754999,49754998.99,49754999,3,3
2017-11-26,10000032,17928,55644237.82,50168000.16,56713009.08,24,22
2017-11-26,10000032,17930,62745244.79,57001000.18,64989989.99,8,8
2017-11-26,10000032,17932,51899622.31,51891681.32,51901675,9,8
2017-11-26,10000032,17938,11450,11450,11450,326,218
2017-11-26,10000032,17940,500000,500000,500000,15,15
2017-11-26,10000032,18025,360000,80000.02,400000,8,8
2017-11-26,10000032,18029,1001.12,1001.12,1001.12,20,1
2017-11-26,10000032,18036,245699.98,245699.98,245699.98,2,1
2017-11-26,10000032,18037,800000,800000,800000,2,2
2017-11-26,10000032,18038,245693.94,237499.96,253887.91,4,2
2017-11-26,10000032,18039,750000,750000,750000,2,2
2017-11-26,10000032,18040,209887.81,209887.81,209887.81,10,2
2017-11-26,10000032,18041,700000,700000,700000,2,2
2017-11-26,10000032,18044,149999.6,149999.6,149999.6,2,1
2017-11-26,10000032,18045,550000,550000,550000,1,1
2017-11-26,10000032,18046,114499.96,114499.96,114499.96,6,1
2017-11-26,10000032,18047,500000,500000,500000,1,1
2017-11-26,10000032,18048,114686.15,114672.32,114699.97,4,2
2017-11-26,10000032,18049,450000,450000,450000,1,1
2017-11-26,10000032,18050,51143.25,1600.55,175000,7,2
2017-11-26,10000032,18051,400000,400000,400000,2,2
2017-11-26,10000032,18052,100409.79,1006.4,129402.56,31,6
2017-11-26,10000032,18053,350000,350000,350000,2,2
2017-11-26,10000032,18054,237350.79,30002.57,444699,20,3
2017-11-26,10000032,18055,1000000,1000000,1000000,3,3
2017-11-26,10000032,18056,20000,20000,20000,153,6
2017-11-26,10000032,18058,43100.4,36999.99,43100.4,102,14
2017-11-26,10000032,18061,200000,200000,200000,1,1
2017-11-26,10000032,18062,32935.99,31999.99,74999.99,39,8
2017-11-26,10000032,18064,239999.9,239999.9,239999.9,2,1
2017-11-26,10000032,18065,650000,650000,650000,1,1
2017-11-26,10000032,18066,8342.88,2470.02,11700,63,10
2017-11-26,10000032,18068,1440005.35,900013.87,1800000,5,4
2017-11-26,10000032,18580,106666643.31,100000000,109999964.97,3,3
2017-11-26,10000032,18590,733221.92,733221.92,733221.92,22,2
2017-11-26,10000032,18592,529986.82,529986.82,529986.82,8,2
2017-11-26,10000032,18594,638992.79,638992.79,638992.79,10,3
2017-11-26,10000032,18596,349988.84,349988.84,349988.84,8,2
2017-11-26,10000032,18598,968058.86,968058.86,968058.86,8,2
2017-11-26,10000032,18600,419992.01,419992.01,419992.01,53,3
2017-11-26,10000032,18602,265460.99,100000.36,338999.05,13,4
2017-11-26,10000032,18604,260159.14,120000,264992.21,60,4
2017-11-26,10000032,18606,361111.78,50003.01,450000,36,6
2017-11-26,10000032,18608,785717.92,785717.92,785717.92,18,3
2017-11-26,10000032,18610,243527.35,73003.01,253000.95,76,12
2017-11-26,10000032,18612,311999.81,311999.8,317998.95,211,30
2017-11-26,10000032,18614,180121.02,60003.11,189361.07,84,7
2017-11-26,10000032,18616,188156.27,33080.25,194997.87,71,15
2017-11-26,10000032,18618,134997.5,134997.5,134997.5,123,20
2017-11-26,10000032,18624,649986.78,649986.78,649986.78,10,2
2017-11-26,10000032,18626,149990,149990,150000,225,7
2017-11-26,10000032,18635,324998.85,324998.85,324998.85,256,11
2017-11-26,10000032,18637,260000,260000,260000,50,1
2017-11-26,10000032,18639,31577.39,25999.99,78000,75,48
2017-11-26,10000032,18655,2000,2000,2000,4,3
2017-11-26,10000032,18660,22508110.72,22508110.72,22508110.72,1,1
2017-11-26,10000032,18670,42999487.58,42999487.58,42999487.58,2,1
2017-11-26,10000032,18676,40496383.28,20994028.26,59998738.3,2,2
2017-11-26,10000032,18680,27168633.67,27168628.66,27168638.67,2,2
2017-11-26,10000032,18682,60666650.01,60000000,60999975.02,3,3
2017-11-26,10000032,18686,29125000,29000000,29250000,2,2
2017-11-26,10000032,18692,23635596.29,21214000.03,24874999.92,18,17
2017-11-26,10000032,18694,350000000,350000000,350000000,1,1
2017-11-26,10000032,18708,61350000.01,61350000.01,61350000.01,1,1
2017-11-26,10000032,18710,74207999.99,74207999.99,74207999.99,1,1
2017-11-26,10000032,18752,10000,10000,10000,1,1
2017-11-26,10000032,18758,1869996.91,869996.91,4869996.91,4,3
2017-11-26,10000032,18760,235789,235789,235789,1,1
2017-11-26,10000032,18764,1299999.89,1299999.89,1299999.89,1,1
2017-11-26,10000032,18766,1893999.99,1893999.99,1893999.99,2,1
2017-11-26,10000032,18789,49149008.02,47604000.1,49604000.17,11,11
2017-11-26,10000032,18791,115001.2,25001.8,295000,6,4
2017-11-26,10000032,18793,150005.8,100005.8,200005.79,2,2
2017-11-26,10000032,18795,6518.22,6518.18,6518.25,2,2
2017-11-26,10000032,18797,233918.37,21002.55,614500,12,8
2017-11-26,10000032,18799,97100133.56,88100157.48,106100109.63,2,2
2017-11-26,10000032,18801,2074577.59,1149156.18,2999998.99,2,2
2017-11-26,10000032,18805,990000,990000,990000,1,1
2017-11-26,10000032,18807,3980199.92,3980199.92,3980199.92,1,1
2017-11-26,10000032,18823,144999999.98,144999999.98,144999999.98,1,1
2017-11-26,10000032,18829,80000105.12,80000105.12,80000105.12,1,1
2017-11-26,10000032,18831,104318556.92,102668636.12,112568161.5,6,5
2017-11-26,10000032,18843,1000000,1000000,1000000,1,1
2017-11-26,10000032,18847,9666666.7,5999999.99,17000000.12,3,2
2017-11-26,10000032,18855,500002.89,500002.89,500002.89,1,1
2017-11-26,10000032,18863,500000.26,500000.26,500000.26,1,1
2017-11-26,10000032,18867,37999999.89,37999999.89,37999999.89,2,2
2017-11-26,10000032,18871,14899999.61,14899999.61,14899999.61,1,1
2017-11-26,10000032,18889,104000000,104000000,104000000,1,1
2017-11-26,10000032,18893,47400000,47400000,47400000,1,1
2017-11-26,10000032,18933,59992253.65,59992253.64,59992253.66,2,2
2017-11-26,10000032,18937,65227958.91,65227958.91,65227958.91,1,1
2017-11-26,10000032,18941,44999270.95,44999267.04,44999278.78,3,3
2017-11-26,10000032,18945,88999207.7,88999174.96,88999240.44,2,2
2017-11-26,10000032,18961,59499977,59499977,59499977,1,1
2017-11-26,10000032,18985,4420567.23,3824001.71,4820999.99,9,9
2017-11-26,10000032,18987,8000005.17,8000000,8000010.34,2,2
2017-11-26,10000032,18999,75000000,75000000,75000000,1,1
2017-11-26,10000032,19003,64814989.49,64630000.04,64999978.94,2,2
2017-11-26,10000032,19009,79999979.93,79999969.92,79999989.94,2,2
2017-11-26,10000032,19011,26067002.08,26067002.08,26067002.08,1,1
2017-11-26,10000032,19013,21361999.33,21299999,21486000,3,3
2017-11-26,10000032,19015,25183239.78,22050003.72,28049973.03,24,23
2017-11-26,10000032,19021,247578293.75,211156677.9,283999909.59,2,2
2017-11-26,10000032,19023,136511307.02,132999994.99,140022619.05,4,4
2017-11-26,10000032,19027,329999369.09,329999369.09,329999369.09,2,2
2017-11-26,10000032,19045,110414386.51,91243725.67,119999716.93,3,3
2017-11-26,10000032,19046,110000004.05,110000004.05,110000004.05,1,1
2017-11-26,10000032,19081,130000,130000,130000,1,1
2017-11-26,10000032,19105,23249978.56,22500004.15,23999952.97,2,2
2017-11-26,10000032,19107,7784666.66,6005000,8674499.99,3,3
2017-11-26,10000032,19147,3795001.46,3795001.45,3795001.46,3,3
2017-11-26,10000032,19173,16000001,16000001,16000001,1,1
2017-11-26,10000032,19179,59231520.15,40318862.03,68687849.22,3,3
2017-11-26,10000032,19187,32869203.51,20042497.57,37999883.88,7,7
2017-11-26,10000032,19191,205509764.01,191019558.1,219999969.92,2,2
2017-11-26,10000032,19198,588999188.19,588999188.19,588999188.19,1,1
2017-11-26,10000032,19200,249999688.23,249999688.23,249999688.23,1,1
2017-11-26,10000032,19204,64999797.1,64999797.1,64999797.1,1,1
2017-11-26,10000032,19208,108989800,108989599.99,108990000,2,2
2017-11-26,10000032,19211,1199956.94,600009.01,1599908.87,5,4
2017-11-26,10000032,19213,640002.51,160004.28,1599998.99,3,3
2017-11-26,10000032,19215,18389984.49,7280000.05,29499968.93,2,2
2017-11-26,10000032,19225,4011995.48,4011995.48,4011995.48,1,1
2017-11-26,10000032,19227,30499979.98,30499979.98,30499979.98,1,1
2017-11-26,10000032,19229,19974784.34,19974784.34,19974784.34,1,1
2017-11-26,10000032,19237,100001.01,100001.01,100001.01,1,1
2017-11-26,10000032,19241,4789990,4789990,4789990,2,2
2017-11-26,10000032,19245,26689969.92,26689969.92,26689969.92,1,1
2017-11-26,10000032,19247,34987938.61,34987938.61,34987938.61,1,1
2017-11-26,10000032,19281,74999896.26,74999896.26,74999896.26,1,1
2017-11-26,10000032,19283,12744929,12744929,12744929,1,1
2017-11-26,10000032,19288,23046126.45,23046126.45,23046126.45,2,1
2017-11-26,10000032,19297,25471000.5,25471000,25471001,2,2
2017-11-26,10000032,19301,182966806.26,182966806.26,182966806.26,1,1
2017-11-26,10000032,19313,30500000,30500000,30500000,1,1
2017-11-26,10000032,19315,123212425.5,118212426.05,128212424.94,2,2
2017-11-26,10000032,19317,149999999.99,149999999.97,150000000,2,2
2017-11-26,10000032,19319,33597191.59,32889978.99,33603000,5,4
2017-11-26,10000032,19321,174999999.94,174999999.94,174999999.94,1,1
2017-11-26,10000032,19325,27507875.89,24510001.27,30010000.06,8,7
2017-11-26,10000032,19327,998000000,998000000,998000000,1,1
2017-11-26,10000032,19339,85040014.99,65080090.19,104999939.78,2,2
2017-11-26,10000032,19347,119999998.97,119999998.97,119999998.97,1,1
2017-11-26,10000032,19359,199999517.64,199999517.64,199999517.64,1,1
2017-11-26,10000032,19398,2002.01,2002.01,2002.01,40,1
2017-11-26,10000032,19400,6992.02,6491.02,10999.96,81,14
2017-11-26,10000032,19401,20000,20000,20000,1,1
2017-11-26,10000032,19402,32000.4,20001.01,40000,5,4
2017-11-26,10000032,19403,60000,60000,60000,1,1
2017-11-26,10000032,19404,140657.12,118010.26,180000,83,31
2017-11-26,10000032,19405,322920.18,301009.37,360000,35,21
2017-11-26,10000032,19406,491130.21,491130.21,491130.25,155,49
2017-11-26,10000032,19407,1115850.3,1115850.3,1115850.31,133,43
2017-11-26,10000032,19408,1990594.07,1950810.32,2100000,90,37
2017-11-26,10000032,19409,5800058.71,5300117.42,6300000,2,2
2017-11-26,10000032,19410,6500014.61,6500014.6,6500014.61,2,2
2017-11-26,10000032,19411,9000097.66,9000097.66,9000097.66,2,1
2017-11-26,10000032,19412,12500015.85,12500015.84,12500015.85,2,2
2017-11-26,10000032,19416,43200000,43200000,43200000,2,2
2017-11-26,10000032,19417,51680000,51680000,51680000,2,2
2017-11-26,10000032,19418,61200000,61200000,61200000,1,1
2017-11-26,10000032,19419,80000000,80000000,80000000,1,1
2017-11-26,10000032,19421,133837000,133837000,133837000,6,1
2017-11-26,10000032,19422,3000016.6,3000016.6,3000016.6,2,1
2017-11-26,10000032,19470,65999994,65999994,65999994,1,1
2017-11-26,10000032,19500,603,603,603,9,8
2017-11-26,10000032,19660,13000,13000,13000,1,1
2017-11-26,10000032,19663,999,999,999,2,1
2017-11-26,10000032,19684,29844670.71,29844222.36,29845119.06,2,2
2017-11-26,10000032,19719,32499999.5,30000000,34999999,6,6
2017-11-26,10000032,19725,1900000000,1900000000,1900000000,1,1
2017-11-26,10000032,19739,4012923.93,3400000,6000000,19,6
2017-11-26,10000032,19744,847210.84,590475.89,890000,7,4
2017-11-26,10000032,19759,349998.77,200000,599996.71,8,8
2017-11-26,10000032,19760,291999.2,160000,599997,10,10
2017-11-26,10000032,19761,1333301.43,1000000,2999808.6,6,6
2017-11-26,10000032,19766,933333.22,800000,1599999.34,6,6
2017-11-26,10000032,19767,525925.57,400000,777776.7,6,6
2017-11-26,10000032,19806,1145698.69,1144478.6,1164000,16,14
2017-11-26,10000032,19810,58492.07,1777.83,89999.99,28,20
2017-11-26,10000032,19812,197.28,197.28,197.28,1006,13
2017-11-26,10000032,19814,5104.21,5104.2,5104.21,677,34
2017-11-26,10000032,19921,155818.18,90000,271000,11,11
2017-11-26,10000032,19922,600000,600000,600000,4,4
2017-11-26,10000032,19923,8288.84,4399.99,30000,27,20
2017-11-26,10000032,19925,2571.3,0.02,17999,14,11
2017-11-26,10000032,19927,45701.6,4001.04,139995,47,24
2017-11-26,10000032,19929,5137.98,5080.04,9949.99,73,54
2017-11-26,10000032,19931,2000.52,2000.23,2000.58,19,15
2017-11-26,10000032,19935,4000.98,2001.05,30000,14,10
2017-11-26,10000032,19937,8333.35,0.02,100000,12,8
2017-11-26,10000032,19939,8833.19,2000.37,43999.98,24,18
2017-11-26,10000032,19942,2653.14,2200.17,9998.98,64,41
2017-11-26,10000032,19944,1707.33,1675.94,2437.97,48,40
2017-11-26,10000032,19946,9769.03,4000,70002.5,50,35
2017-11-26,10000032,19948,2500.24,2500.24,2500.24,19,14
2017-11-26,10000032,19950,2666.69,0.03,40000,15,15
2017-11-26,10000032,19952,8604.59,5000,32899.95,23,18
2017-11-26,10000032,19962,3.46,3.46,3.46,33200,18
2017-11-26,10000032,19964,100,100,100,37104,12
2017-11-26,10000032,19966,3.82,3.82,3.82,12000,11
2017-11-26,10000032,19968,139.95,139.91,140,6306,7
2017-11-26,10000032,19972,99.99,99.99,99.99,6000,5
2017-11-26,10000032,19978,1,1,1,1,1
2017-11-26,10000032,19992,1798.6,1798.6,1798.6,1340,2
2017-11-26,10000032,20000,1999.99,1999.99,1999.99,1000,1
2017-11-26,10000032,20006,4971.97,4971.97,4971.97,200,1
2017-11-26,10000032,20008,4598.96,4598.96,4598.96,4500,2
2017-11-26,10000032,20034,3.08,3.08,3.08,1060,1
2017-11-26,10000032,20036,12.55,12.55,12.55,1000,1
2017-11-26,10000032,20038,31.11,31.11,31.11,1000,1
2017-11-26,10000032,20043,15.01,15.01,15.01,6000,6
2017-11-26,10000032,20045,2.02,2.02,2.02,3000,3
2017-11-26,10000032,20047,10.25,10.25,10.25,1000,1
2017-11-26,10000032,20051,29,29,29,2836,2
2017-11-26,10000032,20064,61999959.96,61999959.96,61999959.96,1,1
2017-11-26,10000032,20110,120000,120000,120000,1,1
2017-11-26,10000032,20114,8410.55,4205.22,9750,70,3
2017-11-26,10000032,20115,11523.93,3300.13,12999.99,46,4
2017-11-26,10000032,20125,283762999.99,283762999.99,283762999.99,1,1
2017-11-26,10000032,20138,50875.08,1000.34,67000,8,4
2017-11-26,10000032,20171,89223,89223,89223,1236,40
2017-11-26,10000032,20172,72827,72827,72827,101,11
2017-11-26,10000032,20183,1066629996.63,1000000000,1199889989.89,3,3
2017-11-26,10000032,20185,1248302599.47,1144907801.41,1299999998.5,3,3
2017-11-26,10000032,20187,1225440681.67,1218161025.5,1239999994,3,3
2017-11-26,10000032,20209,2774689.8,898999.99,3399919.73,4,4
2017-11-26,10000032,20210,970824.82,899998.99,984989.99,6,6
2017-11-26,10000032,20211,4800000,4800000,4800000,6,6
2017-11-26,10000032,20212,12171541.53,11895399.07,12999998.96,4,4
2017-11-26,10000032,20213,10333243.69,8999865.54,12999999.98,3,3
2017-11-26,10000032,20306,9.58,9.58,9.58,966,1
2017-11-26,10000032,20307,97.97,97.97,97.97,2000,1
2017-11-26,10000032,20308,142.99,142.99,142.99,5025,2
2017-11-26,10000032,20312,1172349.77,824999.99,1999999.99,4,4
2017-11-26,10000032,20314,3202492.51,2799999.95,3337953.71,11,11
2017-11-26,10000032,20315,2595525.99,1993288.98,4800000,9,9
2017-11-26,10000032,20342,50769230.61,50000000,54999999,13,13
2017-11-26,10000032,20345,139987.24,139987,139989.15,9,6
2017-11-26,10000032,20347,600441.4,302203.08,613997.84,23,10
2017-11-26,10000032,20349,844999.75,590001.01,1099998.5,4,4
2017-11-26,10000032,20351,1678324.07,1669997.98,2470000,14,13
2017-11-26,10000032,20353,3292521.46,2992000.07,3398999.98,46,32
2017-11-26,10000032,20410,73000.04,73000.04,73000.04,1154,33
2017-11-26,10000032,20411,146300,146299.08,146300.56,611,37
2017-11-26,10000032,20412,79625.05,79625.05,79625.05,376,26
2017-11-26,10000032,20413,158207.48,158207.48,158207.48,1657,32
2017-11-26,10000032,20414,155003,155003,155003,1115,29
2017-11-26,10000032,20415,90130.12,90130.12,90130.12,1866,29
2017-11-26,10000032,20416,180000,179999.97,180000,1897,34
2017-11-26,10000032,20417,87000,87000,87000,380,28
2017-11-26,10000032,20418,105754.97,105754.97,105754.97,3851,39
2017-11-26,10000032,20419,189998.83,165002,189998.83,549,25
2017-11-26,10000032,20420,98600.02,98559,138515,578,21
2017-11-26,10000032,20421,33505.26,33505.26,33505.26,395,22
2017-11-26,10000032,20423,84526,84526,84526,110,13
2017-11-26,10000032,20424,40001.59,40001.39,40500,1456,67
2017-11-26,10000032,20425,14499.99,14499.99,14499.99,10014,8
2017-11-26,10000032,20494,131250,100000,150000,8,8
2017-11-26,10000032,20495,284994.3,100000,469988.6,10,9
2017-11-26,10000032,20527,75150000,75000000,81000000,40,13
2017-11-26,10000032,20528,94741340.53,94741340.53,94741340.53,1,1
2017-11-26,10000032,20531,100000000,100000000,100000000,6,3
2017-11-26,10000032,20533,400000000,400000000,400000000,3,3
2017-11-26,10000032,20555,9999990,9999990,9999990,1,1
2017-11-26,10000032,20569,20999143.63,20999118.56,20999168.69,2,2
2017-11-26,10000032,20589,19999978.89,19999978.89,19999978.89,2,2
2017-11-26,10000032,20727,1998.99,1998.99,1998.99,5000,1
2017-11-26,10000032,20763,5785.89,5785.89,5785.89,68,1
2017-11-26,10000032,20831,2468784.28,2468784.28,2468784.28,4,2
2017-11-26,10000032,20913,3.6,3.6,3.6,1000,1
2017-11-26,10000032,20935,500,500,500,2,1
2017-11-26,10000032,20945,22.59,22.59,22.59,16000,8
2017-11-26,10000032,20947,10,10,10,3000,3
2017-11-26,10000032,20949,236.49,236.39,236.58,2000,2
2017-11-26,10000032,20951,528.68,528.68,528.68,2000,2
2017-11-26,10000032,20953,528.58,528.58,528.58,1000,1
2017-11-26,10000032,20963,1250,1250,1250,999,1
2017-11-26,10000032,21010,1599949799.99,1599949799.99,1599949799.99,1,1
2017-11-26,10000032,21013,5771428.57,5000000,6800000,7,3
2017-11-26,10000032,21014,1202763200,1202763200,1202763200,1,1
2017-11-26,10000032,21017,7000000,7000000,7000000,12,1
2017-11-26,10000032,21018,1498999496.99,1498999496.99,1498999496.99,1,1
2017-11-26,10000032,21020,1499994798.99,1499994798.99,1499994798.99,1,1
2017-11-26,10000032,21021,6500000,6500000,6500000,11,1
2017-11-26,10000032,21022,1599949811.99,1599949811.99,1599949811.99,1,1
2017-11-26,10000032,21024,1369999998.88,1369999998.88,1369999998.88,1,1
2017-11-26,10000032,21026,1663964800,1663964800,1663964800,1,1
2017-11-26,10000032,21030,872279600,872279600,872279600,1,1
2017-11-26,10000032,21036,1598999823.99,1598999823.99,1598999823.99,1,1
2017-11-26,10000032,21037,6190814.93,5411222.4,7749999.99,6,2
2017-11-26,10000032,21038,1005494000,1005494000,1005494000,2,2
2017-11-26,10000032,21039,6000000,6000000,6000000,4,2
2017-11-26,10000032,21041,7000000,7000000,7000000,12,1
2017-11-26,10000032,21059,199970.01,120000,399876.86,37,37
2017-11-26,10000032,21071,609940.56,100000,999999.99,11,11
2017-11-26,10000032,21074,2800000,2750000,2900000,3,3
2017-11-26,10000032,21075,1.03,1.03,1.03,3,2
2017-11-26,10000032,21076,30003.58,30003.58,30003.58,3,2
2017-11-26,10000032,21077,95000,95000,95000,1,1
2017-11-26,10000032,21078,15000.34,15000.34,15000.34,1,1
2017-11-26,10000032,21079,999999.99,999999.99,999999.99,2,1
2017-11-26,10000032,21080,174667.3,12000.95,500000,3,3
2017-11-26,10000032,21081,31000.93,31000.93,31000.93,4,3
2017-11-26,10000032,21082,599999.66,599999,600000,3,3
2017-11-26,10000032,21084,10816.27,10806.51,10826.03,2,2
2017-11-26,10000032,21085,30000,30000,30000,3,3
2017-11-26,10000032,21086,36000.05,36000.05,36000.05,1,1
2017-11-26,10000032,21087,1500.02,1500.02,1500.02,1,1
2017-11-26,10000032,21096,2489452.51,1832999.99,3000000,53,40
2017-11-26,10000032,21194,7000.2,7000.2,7000.2,4,3
2017-11-26,10000032,21196,3576,3576,3576,2,2
2017-11-26,10000032,21200,3735.87,3735.87,3735.87,1,1
2017-11-26,10000032,21226,1000.32,1000.32,1000.32,1,1
2017-11-26,10000032,21230,2899478.36,2899478.36,2899478.36,2,1
2017-11-26,10000032,21256,100.01,100.01,100.02,9,2
2017-11-26,10000032,21336,701,701,701,5000,2
2017-11-26,10000032,21384,492.79,492.79,492.79,5387,4
2017-11-26,10000032,21386,494.12,494.12,494.12,10000,1
2017-11-26,10000032,21390,5.27,5.27,5.27,1320,2
2017-11-26,10000032,21416,48980.28,48980.28,48980.28,2179,3
2017-11-26,10000032,21510,37000000.3,37000000.3,37000000.3,1,1
2017-11-26,10000032,21536,210000,210000,210000,1,1
2017-11-26,10000032,21568,191.78,191.78,191.78,1,1
2017-11-26,10000032,21572,60006.27,60006.27,60006.27,2,1
2017-11-26,10000032,21585,87779.75,87779.75,87779.75,2,2
2017-11-26,10000032,21587,125,125,125,868,12
2017-11-26,10000032,21588,100.02,100.02,100.02,1058,13
2017-11-26,10000032,21589,8.14,8.14,8.14,1468,13
2017-11-26,10000032,21590,7.7,7.7,7.7,299,7
2017-11-26,10000032,21591,100,100,100,295,5
2017-11-26,10000032,21592,130,130,130,960,13
2017-11-26,10000032,21593,50,50,50,1311,17
2017-11-26,10000032,21594,100.02,100.02,100.02,748,14
2017-11-26,10000032,21595,130.1,130.1,130.1,342,12
2017-11-26,10000032,21596,300.1,300.1,300.1,190,5
2017-11-26,10000032,21603,10299999.7,10000000,10999999,10,10
2017-11-26,10000032,21604,31372640,31372640,31372640,1,1
2017-11-26,10000032,21610,21249838.74,20000000,24999354.95,8,8
2017-11-26,10000032,21611,30000000,30000000,30000000,4,4
2017-11-26,10000032,21638,1005413.23,800000.04,1023992.88,78,22
2017-11-26,10000032,21640,957993.8,940000,957993.86,145,43
2017-11-26,10000032,21666,15000000,15000000,15000000,1,1
2017-11-26,10000032,21667,24999609.91,24999609.91,24999609.91,1,1
2017-11-26,10000032,21668,29153439.83,29153439.83,29153439.83,1,1
2017-11-26,10000032,21718,99599.68,98999.71,100000,5,5
2017-11-26,10000032,21720,4000000,4000000,4000000,1,1
2017-11-26,10000032,21721,350000.36,200000.71,500000,2,2
2017-11-26,10000032,21722,701000,701000,701000,2,2
2017-11-26,10000032,21723,185000,185000,185000,1,1
2017-11-26,10000032,21724,2000.35,2000.35,2000.35,1,1
2017-11-26,10000032,21727,8000.26,8000.26,8000.26,1,1
2017-11-26,10000032,21729,2000,2000,2000,1,1
2017-11-26,10000032,21731,15000.01,15000.01,15000.01,1,1
2017-11-26,10000032,21740,1209.85,1209.85,1209.85,14800,12
2017-11-26,10000032,21790,17500,17250,17750,3,3
2017-11-26,10000032,21791,45000,45000,45000,2,2
2017-11-26,10000032,21802,44999803.65,44999796.98,44999806.99,3,3
2017-11-26,10000032,21803,17500000,17500000,17500000,1,1
2017-11-26,10000032,21815,7550815.23,7550011.38,7551000.01,195,28
2017-11-26,10000032,21841,172499,145000,199998,2,2
2017-11-26,10000032,21853,62792.19,70.01,72999.99,74,16
2017-11-26,10000032,21855,0.01,0.01,0.01,2,2
2017-11-26,10000032,21857,8786.47,0.01,24000,33,19
2017-11-26,10000032,21867,31.09,31.09,31.09,71,1
2017-11-26,10000032,21889,22963998.98,22963998.98,22963998.98,1,1
2017-11-26,10000032,21890,41999969.86,41999969.86,41999969.86,1,1
2017-11-26,10000032,21894,1798.77,1798.77,1798.77,31927,12
2017-11-26,10000032,21896,2000,2000,2000,55806,24
2017-11-26,10000032,21898,585,585,585,204858,44
2017-11-26,10000032,21902,1128.95,1128.95,1128.95,7780,6
2017-11-26,10000032,21904,714,714,714,34800,16
2017-11-26,10000032,21906,570.96,570.96,570.96,119393,24
2017-11-26,10000032,21912,831,831,831,1000,1
2017-11-26,10000032,21918,1212.86,1212.86,1212.86,37534,7
2017-11-26,10000032,21922,823,823,823,52366,17
2017-11-26,10000032,21924,549.77,549.77,549.77,94262,24
2017-11-26,10000032,21926,1167.59,1167.59,1167.59,2469,2
2017-11-26,10000032,21928,800,800,800,400,1
2017-11-26,10000032,21931,568.99,568.99,568.99,2400,2
2017-11-26,10000032,21935,1194,1194,1194,1200,1
2017-11-26,10000032,21937,780.52,780.52,780.52,8138,5
2017-11-26,10000032,21939,586,586,586,4500,2
2017-11-26,10000032,21948,200000000,200000000,200000000,1,1
2017-11-26,10000032,21950,200000000,200000000,200000000,1,1
2017-11-26,10000032,21952,200000000,200000000,200000000,1,1
2017-11-26,10000032,21958,200000000,200000000,200000000,1,1
2017-11-26,10000032,21960,200000000,200000000,200000000,1,1
2017-11-26,10000032,21962,200000000,200000000,200000000,1,1
2017-11-26,10000032,22043,25624989.88,25000000,27499959.5,4,4
2017-11-26,10000032,22108,20202037.7,20202037.7,20202037.7,1,1
2017-11-26,10000032,22114,11500000,11500000,11500000,2,2
2017-11-26,10000032,22119,34898846.99,34898841.98,34898851.99,2,2
2017-11-26,10000032,22120,57499996.03,57000016.06,57999976,2,2
2017-11-26,10000032,22121,98898663.67,98898658.66,98898668.68,2,2
2017-11-26,10000032,22122,128000047.65,110000096.8,145999998.5,2,2
2017-11-26,10000032,22123,53499989.99,53000000,53999979.98,2,2
2017-11-26,10000032,22125,13500051.49,10113113.99,16886988.99,4,3
2017-11-26,10000032,22126,39999999.5,39999999,39999999.99,2,2
2017-11-26,10000032,22127,85150097.02,52190291.02,101630000.02,3,3
2017-11-26,10000032,22128,170005500.51,170000000,170011001.01,2,2
2017-11-26,10000032,22129,51003998.43,39515502.07,62994494,5,5
2017-11-26,10000032,22130,369683000.88,369683000.88,369683000.88,1,1
2017-11-26,10000032,22134,3470108,3470108,3470108,1,1
2017-11-26,10000032,22175,49999,49555.55,49999.55,192,142
2017-11-26,10000032,22176,332640,332640,332640,3,3
2017-11-26,10000032,22177,62498.96,62498.96,62498.96,194,143
2017-11-26,10000032,22178,332640,332640,332640,2,2
2017-11-26,10000032,22229,4268837.51,3475002.04,4319999.98,25,14
2017-11-26,10000032,22242,75000000,75000000,75000000,3,3
2017-11-26,10000032,22291,1088897.54,1088896.98,1088897.61,228,107
2017-11-26,10000032,22442,361833330,304250000,476999989.99,3,3
2017-11-26,10000032,22456,75358204.73,70080022.74,76677747.73,5,5
2017-11-26,10000032,22460,65960001.68,65960001.68,65960001.68,1,1
2017-11-26,10000032,22464,77185185.82,60000002.08,85777777.7,3,3
2017-11-26,10000032,22466,260771763,260771763,260771763,1,1
2017-11-26,10000032,22534,21219359.8,19819369.94,22819354.6,5,5
2017-11-26,10000032,22535,123999989.99,122999989.99,124999989.99,2,2
2017-11-26,10000032,22536,326669.99,200000,426679.98,9,9
2017-11-26,10000032,22541,9123476.55,9000000,10000000,17,16
2017-11-26,10000032,22542,43499.98,40000,43500,174,98
2017-11-26,10000032,22543,250000,250000,250000,2,2
2017-11-26,10000032,22544,406265326.02,340127056.05,417893001.51,6,5
2017-11-26,10000032,22546,327441403.96,315000000,339882807.91,2,2
2017-11-26,10000032,22548,317471905.21,316719998.17,329999998.99,11,10
2017-11-26,10000032,22551,29199960.74,28000000,30999900.19,15,14
2017-11-26,10000032,22552,1497304.99,1497304.98,1497304.99,6,6
2017-11-26,10000032,22559,53898623.6,53897956.93,53898956.93,3,3
2017-11-26,10000032,22570,21991725.45,21991725.45,21991725.45,1,1
2017-11-26,10000032,22571,137999927.17,137999927.1,137999927.23,2,2
2017-11-26,10000032,22576,40391.18,39500,40997.03,8,4
2017-11-26,10000032,22578,94414.18,80000,223998.71,70,69
2017-11-26,10000032,22611,24999633.42,24999625.93,24999635.94,8,4
2017-11-26,10000032,22761,33499999.5,32000000,34999999,2,2
2017-11-26,10000032,22765,37620,160,150000,4,4
2017-11-26,10000032,22778,227999.91,100001.87,229883.74,233,7
2017-11-26,10000032,22779,2344200,2344200,2344200,1,1
2017-11-26,10000032,22782,1655953.2,804001.04,1939937.89,4,4
2017-11-26,10000032,22806,161071.32,120000,349999.27,28,24
2017-11-26,10000032,22807,149999.88,120000,249999.5,26,21
2017-11-26,10000032,22808,122155.96,120000,140362.67,29,25
2017-11-26,10000032,22809,155714.28,120000,319999.96,28,24
2017-11-26,10000032,22889,59999897.98,59999877.96,59999918,2,2
2017-11-26,10000032,22961,594.92,594.92,594.92,727601,54
2017-11-26,10000032,22963,492.22,492.22,492.22,11080,3
2017-11-26,10000032,22965,555,555,555,50080,4
2017-11-26,10000032,22967,685,685,685,3160,2
2017-11-26,10000032,22971,652.99,652.99,652.99,6960,6
2017-11-26,10000032,22973,651.99,651.99,651.99,2820,3
2017-11-26,10000032,22975,596.69,596.69,596.69,5326,2
2017-11-26,10000032,22977,619.49,619.49,619.49,95756,27
2017-11-26,10000032,22979,720.96,720.96,720.96,4000,1
2017-11-26,10000032,22981,759.68,759.68,759.68,7800,2
2017-11-26,10000032,22983,634,634,634,39502,6
2017-11-26,10000032,22987,788,788,788,4950,4
2017-11-26,10000032,22989,824,824,824,6900,3
2017-11-26,10000032,22991,899.99,899.99,899.99,3200,2
2017-11-26,10000032,22993,820.37,820.37,820.37,115900,12
2017-11-26,10000032,22995,765.58,765.58,765.58,1000,1
2017-11-26,10000032,23009,789.86,789.85,789.87,223458,78
2017-11-26,10000032,23011,325.68,325.68,325.68,1,1
2017-11-26,10000032,23015,884.62,884.62,884.62,978,2
2017-11-26,10000032,23019,795.82,795.82,795.82,7275,4
2017-11-26,10000032,23021,849.95,849.95,849.95,7160,3
2017-11-26,10000032,23023,318.58,318.58,318.58,21795,9
2017-11-26,10000032,23025,789.6,789.6,789.6,122626,40
2017-11-26,10000032,23027,1198.84,1198.84,1198.84,1608,5
2017-11-26,10000032,23031,994.81,994.81,994.81,16930,6
2017-11-26,10000032,23033,632,632,632,1000,1
2017-11-26,10000032,23035,749.99,749.99,749.99,934,1
2017-11-26,10000032,23037,996.71,996.71,996.71,11500,3
2017-11-26,10000032,23039,949.99,949.99,949.99,8500,4
2017-11-26,10000032,23049,1350.45,1350.45,1350.45,3500,3
2017-11-26,10000032,23051,1448.55,1448.55,1448.55,2080,2
2017-11-26,10000032,23053,1398.84,1398.84,1398.84,7000,2
2017-11-26,10000032,23057,2499959.96,2499959.96,2499959.96,5,1
2017-11-26,10000032,23059,3979884.15,3979849.71,3979899.81,16,2
2017-11-26,10000032,23061,3797999.99,3797999.99,3797999.99,5,1
2017-11-26,10000032,23069,50000000,50000000,50000000,2,2
2017-11-26,10000032,23071,374989.52,220005.68,379989,96,20
2017-11-26,10000032,23073,844900,844900,844900,6,2
2017-11-26,10000032,23075,489575.95,489575.94,489575.96,4,2
2017-11-26,10000032,23077,633879.55,633879.55,633879.56,16,3
2017-11-26,10000032,23079,458332,458332,458332,33,5
2017-11-26,10000032,23083,787895.14,787895.13,787895.14,28,3
2017-11-26,10000032,23087,7772,7772,7772,1,1
2017-11-26,10000032,23089,659994.99,659994.99,659995,119,17
2017-11-26,10000032,23093,213000.01,213000.01,213000.01,4,1
2017-11-26,10000032,23095,452498.22,213000.01,1649989.29,6,2
2017-11-26,10000032,23097,605757.82,599999.07,659889.16,52,5
2017-11-26,10000032,23099,582293.93,142000.01,719888.9,21,5
2017-11-26,10000032,23101,649959.16,649959.16,649959.16,27,8
2017-11-26,10000032,23103,700000,700000,700000,11,2
2017-11-26,10000032,23105,1093551.71,992955.97,1379898,84,9
2017-11-26,10000032,23107,1142995.6,1142995.6,1142995.6,16,2
2017-11-26,10000032,23109,142350.59,142350.59,142350.6,16,2
2017-11-26,10000032,23111,177900.01,177900.01,177900.01,16,1
2017-11-26,10000032,23119,1130402.61,1099796,1143793,46,5
2017-11-26,10000032,23121,7038.31,2000,11999,13,6
2017-11-26,10000032,23123,1899999.95,1899999.95,1899999.95,1,1
2017-11-26,10000032,23124,100005.01,10.02,200000,4,2
2017-11-26,10000032,23128,4000400.02,4000400.02,4000400.02,2,2
2017-11-26,10000032,23129,75000.03,75000.03,75000.03,1,1
2017-11-26,10000032,23130,194570.18,170005.19,219135.17,6,4
2017-11-26,10000032,23131,200,200,200,6,6
2017-11-26,10000032,23132,28999999.99,28999999.99,28999999.99,1,1
2017-11-26,10000032,23133,348884.35,348884.35,348884.35,1,1
2017-11-26,10000032,23134,3961506.85,3961506.85,3961506.85,1,1
2017-11-26,10000032,23135,2000.02,2000.02,2000.02,3,3
2017-11-26,10000032,23136,30118.08,30118.08,30118.08,1,1
2017-11-26,10000032,23137,1000002.34,1000002.34,1000002.34,1,1
2017-11-26,10000032,23139,100000,100000,100000,2,2
2017-11-26,10000032,23140,3000,3000,3000,10,4
2017-11-26,10000032,23141,6686.55,2000,40000,17,11
2017-11-26,10000032,23142,7515.97,7515.97,7515.97,9,7
2017-11-26,10000032,23143,100,100,100,8,3
2017-11-26,10000032,23144,2001.51,2001.51,2001.51,4,3
2017-11-26,10000032,23145,15003.75,15003.75,15003.75,1,1
2017-11-26,10000032,23146,7002.62,7002.61,7002.62,3,3
2017-11-26,10000032,23147,7607.42,7607.42,7607.42,1,1
2017-11-26,10000032,23148,80000.09,80000.09,80000.09,2,2
2017-11-26,10000032,23151,32013.62,32013.62,32013.62,2,2
2017-11-26,10000032,23152,9014353.08,8028707.15,9999999,2,2
2017-11-26,10000032,23153,57500.13,20000.43,70000,20,7
2017-11-26,10000032,23154,3833333.43,500000.29,5500000,3,2
2017-11-26,10000032,23158,15,15,15,2381,31
2017-11-26,10000032,23159,37,37,37,2932,34
2017-11-26,10000032,23160,105,105,105,1669,24
2017-11-26,10000032,23161,105,105,105,843,19
2017-11-26,10000032,23162,230.1,230.1,230.1,478,9
2017-11-26,10000032,23163,100.09,100.09,100.09,10837,63
2017-11-26,10000032,23164,98,98,98,6203,48
2017-11-26,10000032,23165,106.04,106.04,106.04,1952,27
2017-11-26,10000032,23166,351.96,351.96,351.96,835,16
2017-11-26,10000032,23167,125.04,125.04,125.04,389,10
2017-11-26,10000032,23168,113000,113000,113000,1,1
2017-11-26,10000032,23169,60272.72,2000,100999.99,11,8
2017-11-26,10000032,23170,19743.65,9000.97,25000,26,10
2017-11-26,10000032,23171,16102.01,16102,16102.01,2,2
2017-11-26,10000032,23175,20000.86,20000.86,20000.86,1,1
2017-11-26,10000032,23176,1001.79,1001.79,1001.79,1,1
2017-11-26,10000032,23473,30201.49,10604.5,39999.98,15,3
2017-11-26,10000032,23525,70845.91,70000,74998,65,6
2017-11-26,10000032,23527,259275.55,259275.54,259275.55,116,93
2017-11-26,10000032,23533,56924.8,5001.56,79177.62,10,8
2017-11-26,10000032,23536,53550,53550,53550,1,1
2017-11-26,10000032,23559,119996.73,119996.69,119996.81,46,5
2017-11-26,10000032,23561,108687.11,90000,109936.87,78,13
2017-11-26,10000032,23563,46028.83,38801.03,83999.98,25,4
2017-11-26,10000032,23566,484722.21,400000,574999.97,18,18
2017-11-26,10000032,23594,529680.91,450000,1087449.25,40,16
2017-11-26,10000032,23606,188840.57,150000,449999.88,56,43
2017-11-26,10000032,23618,54866.33,50000,91499.84,60,47
2017-11-26,10000032,23659,924,100,1748,10,2
2017-11-26,10000032,23705,31949.99,31949.99,31950,55,10
2017-11-26,10000032,23707,5730.81,4000,5730.82,395,61
2017-11-26,10000032,23709,50586.58,50586.58,50586.58,1,1
2017-11-26,10000032,23711,9690,9690,9690,12,5
2017-11-26,10000032,23715,2350,2350,2350,15,3
2017-11-26,10000032,23717,24998.81,24998.81,24998.81,15,2
2017-11-26,10000032,23719,5070.33,4900,5410.98,15,3
2017-11-26,10000032,23723,7450,7450,7450,6,1
2017-11-26,10000032,23729,34994.94,34994.94,34994.94,17,4
2017-11-26,10000032,23731,2065.63,10,3000,32,6
2017-11-26,10000032,23791,7000.01,7000.01,7000.01,12,2
2017-11-26,10000032,23793,59999997,59999997,59999997,2,1
2017-11-26,10000032,23821,47000000,47000000,47000000,1,1
2017-11-26,10000032,23840,14990959.96,14990959.96,14990959.96,3,1
2017-11-26,10000032,23911,1299999985.59,1299999985.59,1299999985.59,1,1
2017-11-26,10000032,23912,1250000000,1250000000,1250000000,1,1
2017-11-26,10000032,23950,66999948.49,64000000,69999896.98,2,2
2017-11-26,10000032,24241,53167.58,50000,73899.96,97,84
2017-11-26,10000032,24242,1124620.69,1000000,1400000,29,29
2017-11-26,10000032,24268,8995972.65,7500000,11987917.94,3,3
2017-11-26,10000032,24270,8624446.03,7499000,8999594.71,4,4
2017-11-26,10000032,24283,35001024.27,35001024.27,35001024.27,2,1
2017-11-26,10000032,24305,3899999,3899999,3899999,6,2
2017-11-26,10000032,24311,500000000,500000000,500000000,2,2
2017-11-26,10000032,24313,500000000,500000000,500000000,4,4
2017-11-26,10000032,24314,500000000,500000000,500000000,2,2
2017-11-26,10000032,24348,1324988.62,1319999.93,1324999.89,129,55
2017-11-26,10000032,24349,90000,90000,90000,2,2
2017-11-26,10000032,24395,473235.14,184999,498175.52,27,24
2017-11-26,10000032,24396,4999999,4999999,4999999,1,1
2017-11-26,10000032,24417,1615928.2,1424001.13,1649275.55,27,23
2017-11-26,10000032,24427,1687213.18,1312050,1719999.97,61,48
2017-11-26,10000032,24438,1325136.87,1114000.03,1349498.79,29,20
2017-11-26,10000032,24443,1869615.83,1217719,1999999.99,12,11
2017-11-26,10000032,24445,281170.99,281170.99,281170.99,11,4
2017-11-26,10000032,24471,160.99,160.99,161.6,41506,13
2017-11-26,10000032,24473,61.9,61.9,61.9,64247,11
2017-11-26,10000032,24475,74.32,74.32,74.32,20548,9
2017-11-26,10000032,24477,244.87,244.87,244.87,7300,6
2017-11-26,10000032,24478,131,131,131,3500,3
2017-11-26,10000032,24479,168.95,168.95,168.95,7000,5
2017-11-26,10000032,24486,147.96,147.96,147.96,64600,6
2017-11-26,10000032,24490,199.85,199.85,199.85,59333,7
2017-11-26,10000032,24492,124.98,124.98,124.98,56800,9
2017-11-26,10000032,24493,489.78,489.78,489.78,53333,6
2017-11-26,10000032,24494,105.9,105.9,105.9,15000,2
2017-11-26,10000032,24495,213.89,213.89,213.89,86824,21
2017-11-26,10000032,24497,175.99,175.99,175.99,28305,8
2017-11-26,10000032,24499,174.94,174.94,174.94,48921,15
2017-11-26,10000032,24501,699.9,699.9,699.9,2996,4
2017-11-26,10000032,24507,949,949,949,2000,2
2017-11-26,10000032,24509,873.9,873.9,873.9,3000,2
2017-11-26,10000032,24511,998.95,998.95,998.95,7043,5
2017-11-26,10000032,24513,649.99,649.99,649.99,28025,7
2017-11-26,10000032,24515,1109.95,1109.95,1109.95,6633,4
2017-11-26,10000032,24521,1688.99,1688.99,1688.99,20980,9
2017-11-26,10000032,24525,1191.95,1191.95,1191.95,29413,8
2017-11-26,10000032,24529,2400.01,2400.01,2400.01,8013,2
2017-11-26,10000032,24531,586,586,586,19176,4
2017-11-26,10000032,24533,721.86,721.86,721.86,78094,15
2017-11-26,10000032,24535,1297.97,1297.97,1297.97,13500,3
2017-11-26,10000032,24537,818.89,818.89,818.89,7560,2
2017-11-26,10000032,24539,899.95,899.95,899.95,4927,1
2017-11-26,10000032,24541,850,850,850,19864,4
2017-11-26,10000032,24559,1697361200,1697361200,1697361200,1,1
2017-11-26,10000032,24560,8000000,8000000,8000000,1,1
2017-11-26,10000032,24561,1670784800,1670784800,1670784800,1,1
2017-11-26,10000032,24562,50000000,50000000,50000000,3,3
2017-11-26,10000032,24563,250000000,250000000,250000000,1,1
2017-11-26,10000032,24571,10000000,10000000,10000000,1,1
2017-11-26,10000032,24572,10000000,10000000,10000000,1,1
2017-11-26,10000032,24594,349.99,349.99,349.99,1218,3
2017-11-26,10000032,24613,15000000,15000000,15000000,2,2
2017-11-26,10000032,24624,21249871.01,20000000,24999484.06,8,8
2017-11-26,10000032,24625,20666666.67,20000000,22000000,6,6
2017-11-26,10000032,24632,28755337.5,28699000,28766605,6,6
2017-11-26,10000032,24641,3109774,3109774,3109774,1,1
2017-11-26,10000032,24663,41569421.38,39104132.07,46500000,3,3
2017-11-26,10000032,24690,184999999.97,184999999.97,184999999.97,2,2
2017-11-26,10000032,24694,185399979.97,185399979.97,185399979.97,1,1
2017-11-26,10000032,24696,52999999.99,52999999.98,52999999.99,5,2
2017-11-26,10000032,24698,42418333.42,37005000.29,46499999.99,6,6
2017-11-26,10000032,24700,50130304.2,49627889.15,53850000,20,19
2017-11-26,10000032,24702,43966222.67,41427001.03,45997999.95,9,9
2017-11-26,10000032,24764,21977972.46,20000000,23955944.92,4,4
2017-11-26,10000032,25233,169333.3,150000,207999.91,3,3
2017-11-26,10000032,25235,206666.67,150000,424999.99,24,17
2017-11-26,10000032,25266,2030153.97,2000000,2125999.99,52,27
2017-11-26,10000032,25267,44499998,44499998,44499998,1,1
2017-11-26,10000032,25349,28699999,28699999,28699999,2,2
2017-11-26,10000032,25530,75999964.97,75999959.96,75999969.97,2,2
2017-11-26,10000032,25538,159397619.34,138193002.09,169999927.97,3,3
2017-11-26,10000032,25544,27166666.65,26999999.99,28000000,12,11
2017-11-26,10000032,25545,998000,998000,998000,2,1
2017-11-26,10000032,25547,434711,425000,444422,2,2
2017-11-26,10000032,25563,2089405.01,905389.1,2398999.99,27,10
2017-11-26,10000032,25565,24235.93,6010.21,79998.99,24,19
2017-11-26,10000032,25567,1155.04,101.14,5370.64,10,9
2017-11-26,10000032,25569,4002.93,1502.93,16502.93,6,6
2017-11-26,10000032,25571,3569.47,3015.01,10000,28,17
2017-11-26,10000032,25588,12500.06,12500.02,12500.11,5209,213
2017-11-26,10000032,25589,5989,5501.19,5999.66,23587,313
2017-11-26,10000032,25590,112000.02,111000.33,112000.04,10106,430
2017-11-26,10000032,25591,245089.09,245089,245089.12,16163,529
2017-11-26,10000032,25592,12820,12811,12821.29,4373,189
2017-11-26,10000032,25593,9100,8200.05,11000,6505,197
2017-11-26,10000032,25594,64001,64001,64001,16202,212
2017-11-26,10000032,25595,19601.19,19601,19601.19,3634,183
2017-11-26,10000032,25596,37071.14,37003.44,41999.97,19927,463
2017-11-26,10000032,25597,2000.12,2000.12,3600,22378,469
2017-11-26,10000032,25598,12400.43,12400.4,12498.98,60792,557
2017-11-26,10000032,25599,901,830.09,1199.98,56502,540
2017-11-26,10000032,25600,30600.01,28000.01,31201.35,53237,583
2017-11-26,10000032,25601,4400.06,4400.06,4400.06,128214,569
2017-11-26,10000032,25602,11400,11200.01,15000,4500,68
2017-11-26,10000032,25603,43408.53,43404,58993.93,2078,132
2017-11-26,10000032,25604,10101,10001.05,10101.02,9713,376
2017-11-26,10000032,25605,49700.31,49700.11,54999.98,8068,257
2017-11-26,10000032,25606,92056.73,92000.09,92106.73,33556,137
2017-11-26,10000032,25607,66624.94,66624.94,66624.94,607,25
2017-11-26,10000032,25608,590000.06,590000.06,590000.06,302,23
2017-11-26,10000032,25609,300057.4,300039.79,300063.02,246,32
2017-11-26,10000032,25610,405005.02,405005.02,405005.02,285,37
2017-11-26,10000032,25611,42730.25,42730.25,42730.25,227,30
2017-11-26,10000032,25612,1020408.01,1020404.07,1020408.54,160,21
2017-11-26,10000032,25613,801081.31,801081.31,801081.31,470,24
2017-11-26,10000032,25614,789999.97,648096.92,799989.99,225,24
2017-11-26,10000032,25615,2700000.26,2700000.19,2700000.59,232,39
2017-11-26,10000032,25616,10000.07,10000.07,10000.07,1014,69
2017-11-26,10000032,25617,499999.99,434058.7,509999.96,2308,105
2017-11-26,10000032,25618,17750.01,17750.01,17750.01,1419,91
2017-11-26,10000032,25619,714335.13,714300.27,750000.03,1115,103
2017-11-26,10000032,25620,44912.83,44912.78,44912.98,1042,98
2017-11-26,10000032,25621,973000.24,973000.05,973001.15,141,23
2017-11-26,10000032,25622,550000.43,550000.25,550000.43,103,20
2017-11-26,10000032,25623,47000.1,47000.09,47207.29,433,37
2017-11-26,10000032,25624,4502109.05,4502109,4740998.95,375,33
2017-11-26,10000032,25625,2908009.95,2908009.95,2908009.95,370,26
2017-11-26,10000032,25707,60237.12,15005.02,164086.05,29,22
2017-11-26,10000032,25709,4620.42,4620.42,4620.43,49,22
2017-11-26,10000032,25711,6444.38,50.01,7000.41,25,16
2017-11-26,10000032,25713,7902.78,7902.78,7902.78,13,9
2017-11-26,10000032,25715,1549998.99,1110002.29,1739998,53,22
2017-11-26,10000032,25718,3110571.43,2829000,4800000,7,7
2017-11-26,10000032,25719,2719911.24,1499998.99,3000000,4,4
2017-11-26,10000032,25736,11990982,11990982,11990982,1,1
2017-11-26,10000032,25739,631610.8,450000,994832.39,6,6
2017-11-26,10000032,25810,481928.63,450000,520242.99,11,11
2017-11-26,10000032,25811,679998.54,450000,794997.81,6,6
2017-11-26,10000032,25812,4926665.93,4899999,4999999.99,15,10
2017-11-26,10000032,25861,55540,49950,55547.95,397,209
2017-11-26,10000032,25862,332640,332640,332640,2,2
2017-11-26,10000032,25863,2499991,2499988,2499998,4,4
2017-11-26,10000032,25887,46050.61,46050.02,98999.96,335,16
2017-11-26,10000032,25888,9498999.99,9498999.99,9498999.99,3,3
2017-11-26,10000032,25889,2999999.99,2999999.99,2999999.99,1,1
2017-11-26,10000032,25890,14547979.05,13950948,14945999.76,5,3
2017-11-26,10000032,25891,2999999.99,2999999.99,2999999.99,1,1
2017-11-26,10000032,25892,14850943,14850937.99,14850948,2,2
2017-11-26,10000032,25894,13114308.15,12590051.07,13979494,18,9
2017-11-26,10000032,25895,2991999.99,2991999.99,2991999.99,1,1
2017-11-26,10000032,25896,16289543.81,15724999.5,16989868.84,25,14
2017-11-26,10000032,25897,2999999.99,2999999.99,2999999.99,1,1
2017-11-26,10000032,25898,12785550.19,8234401.57,13509999.99,8,8
2017-11-26,10000032,25899,2999999.98,2999999.98,2999999.98,2,2
2017-11-26,10000032,25900,15990125.09,15990125.09,15990125.09,1,1
2017-11-26,10000032,25907,1250000,1250000,1250000,1,1
2017-11-26,10000032,25908,5850000,5850000,5850000,1,1
2017-11-26,10000032,25912,4890472,4890472,4890472,1,1
2017-11-26,10000032,25914,8990691,8990691,8990691,1,1
2017-11-26,10000032,25916,6663603.98,4999974.98,9990862,3,3
2017-11-26,10000032,25918,9265615.38,9174000,9372500,13,5
2017-11-26,10000032,25919,3250000,3250000,3250000,1,1
2017-11-26,10000032,25920,10237944,9590860,10688999.99,5,5
2017-11-26,10000032,25948,4934019.3,4888999.98,4947999.99,24,17
2017-11-26,10000032,25950,5617682.53,5590428,5690357.93,11,5
2017-11-26,10000032,25954,8970000.14,8970000.14,8970000.14,5,5
2017-11-26,10000032,25956,14993999.64,14993999.64,14993999.64,3,3
2017-11-26,10000032,25972,1990173,1990173,1990173,2,2
2017-11-26,10000032,25974,1930000,1930000,1930000,2,1
2017-11-26,10000032,26002,19950059.79,19950059.79,19950059.79,1,1
2017-11-26,10000032,26006,24799968.97,24799968.97,24799968.97,1,1
2017-11-26,10000032,26017,1250000,1250000,1250000,1,1
2017-11-26,10000032,26021,1250000,1250000,1250000,1,1
2017-11-26,10000032,26022,8790623,8790623,8790623,1,1
2017-11-26,10000032,26023,1250000,1250000,1250000,1,1
2017-11-26,10000032,26026,8990660,8990660,8990660,1,1
2017-11-26,10000032,26027,1250000,1250000,1250000,1,1
2017-11-26,10000032,26029,1250000,1250000,1250000,1,1
2017-11-26,10000032,26030,9990696,9990696,9990696,6,3
2017-11-26,10000032,26031,1250000,1250000,1250000,1,1
2017-11-26,10000032,26042,1539999,1539999,1539999,5,1
2017-11-26,10000032,26070,5190451,5190451,5190451,5,3
2017-11-26,10000032,26072,5657102.67,4990436,5990436,9,4
2017-11-26,10000032,26076,1323061.46,1290123,1481999.84,4,3
2017-11-26,10000032,26077,1250000,1250000,1250000,1,1
2017-11-26,10000032,26079,1250000,1250000,1250000,1,1
2017-11-26,10000032,26081,1250000,1250000,1250000,1,1
2017-11-26,10000032,26082,1590123,1590123,1590123,2,2
2017-11-26,10000032,26083,1250000,1250000,1250000,1,1
2017-11-26,10000032,26084,8651000,8651000,8651000,5,3
2017-11-26,10000032,26085,1250000,1250000,1250000,2,2
2017-11-26,10000032,26086,8890709,8890709,8890709,1,1
2017-11-26,10000032,26087,1250000,1250000,1250000,1,1
2017-11-26,10000032,26088,8009526.31,7995000,8018999.99,19,7
2017-11-26,10000032,26089,1250000,1250000,1250000,2,2
2017-11-26,10000032,26091,1250000,1250000,1250000,1,1
2017-11-26,10000032,26100,4109999.99,4109999.99,4109999.99,1,1
2017-11-26,10000032,26102,7990426,7990420.99,7990431,2,2
2017-11-26,10000032,26252,45612.58,20049.95,60000,45,43
2017-11-26,10000032,26253,82042,6210.19,100000,25,25
2017-11-26,10000032,26254,35493.21,20000,204876.45,20,20
2017-11-26,10000032,26255,61787.38,2003.34,100000,28,24
2017-11-26,10000032,26256,98117.19,10003.01,100000,17,17
2017-11-26,10000032,26257,100000,100000,100000,7,7
2017-11-26,10000032,26258,83499.98,33999.93,100000,8,8
2017-11-26,10000032,26259,62801.61,24999.99,100000,25,22
2017-11-26,10000032,26260,133345.89,100000,300000,9,9
2017-11-26,10000032,26261,115779.96,100000,199939.77,19,19
2017-11-26,10000032,26288,149997235.39,149997234.97,149997235.8,2,2
2017-11-26,10000032,26302,122794974.44,122500000,123089948.88,6,4
2017-11-26,10000032,26304,39999840.57,39999840.57,39999840.57,3,2
2017-11-26,10000032,26322,59997670.94,59997665.93,59997675.94,2,2
2017-11-26,10000032,26328,173499876.71,138999989.99,184999845.94,8,4
2017-11-26,10000032,26338,190000000,190000000,190000000,1,1
2017-11-26,10000032,26374,40998887.99,40998881.99,40998893,6,5
2017-11-26,10000032,26376,87998989.99,87998989.99,87998989.99,1,1
2017-11-26,10000032,26378,7000000,7000000,7000000,1,1
2017-11-26,10000032,26390,13998998.9,13998998.9,13998998.9,1,1
2017-11-26,10000032,26394,31999999.97,31999999.97,31999999.97,1,1
2017-11-26,10000032,26398,48499990,48499990,48499990,1,1
2017-11-26,10000032,26404,20999990,20999990,20999990,1,1
2017-11-26,10000032,26412,46995560.8,46995543.99,46995565,5,4
2017-11-26,10000032,26414,50999000,50999000,50999000,5,3
2017-11-26,10000032,26416,50798697.91,50798697.91,50798697.91,1,1
2017-11-26,10000032,26436,16172756.16,16172751.01,16172766.46,3,3
2017-11-26,10000032,26442,16691984.99,16691979.98,16691989.99,2,2
2017-11-26,10000032,26444,13999989.99,13999979.98,14000000,2,2
2017-11-26,10000032,26450,109012994.99,109012989.98,109013000,6,3
2017-11-26,10000032,26759,300000,300000,300000,1,1
2017-11-26,10000032,26761,2980798.28,2980798.28,2980798.28,1,1
2017-11-26,10000032,26892,1300011.04,1300011.04,1300011.04,1,1
2017-11-26,10000032,26902,4,4,4,1,1
2017-11-26,10000032,26912,1839999,1839999,1839999,9,5
2017-11-26,10000032,26913,2347271.91,1810000.07,2499999,11,6
2017-11-26,10000032,26914,2788561.47,1415048.54,2999999.98,12,5
2017-11-26,10000032,26929,120399.5,119499.94,122299.98,106,78
2017-11-26,10000032,26931,2286999.97,2286999.96,2286999.98,12,11
2017-11-26,10000032,27015,20000,20000,20000,116,116
2017-11-26,10000032,27069,999999.97,999999.97,999999.97,1,1
2017-11-26,10000032,27074,1199994.86,1199994.86,1199994.86,1,1
2017-11-26,10000032,27075,1449446.93,1449446.93,1449446.93,1,1
2017-11-26,10000032,27081,2343999.99,2343999.99,2343999.99,1,1
2017-11-26,10000032,27087,1799739.21,1799739.2,1799739.21,2,2
2017-11-26,10000032,27094,200000,200000,200000,19,1
2017-11-26,10000032,27108,27500000,27500000,27500000,6,2
2017-11-26,10000032,27114,187899999,187899999,187899999,1,1
2017-11-26,10000032,27115,500000,500000,500000,10,1
2017-11-26,10000032,27116,169999918.79,169999918.79,169999918.79,1,1
2017-11-26,10000032,27118,145999999,145999999,145999999,2,2
2017-11-26,10000032,27123,600000,600000,600000,1,1
2017-11-26,10000032,27126,169999968.98,169999968.98,169999968.98,1,1
2017-11-26,10000032,27127,1018749.99,40000.33,1344999.87,4,4
2017-11-26,10000032,27131,690000,690000,690000,1,1
2017-11-26,10000032,27143,948000,947999.99,948000,6,6
2017-11-26,10000032,27149,15000000,15000000,15000000,1,1
2017-11-26,10000032,27167,24000000,24000000,24000000,1,1
2017-11-26,10000032,27169,26999453.67,26999426.84,26999480.5,2,2
2017-11-26,10000032,27174,199999904.84,199999904.84,199999904.84,1,1
2017-11-26,10000032,27176,24986790.67,24986790.67,24986790.67,1,1
2017-11-26,10000032,27187,38588081.09,38588081.09,38588081.09,1,1
2017-11-26,10000032,27188,33998534.4,33998500,33998568.8,2,2
2017-11-26,10000032,27190,165000000,165000000,165000000,1,1
2017-11-26,10000032,27191,1333325.02,500000,1749987.53,3,3
2017-11-26,10000032,27192,285000000,285000000,285000000,1,1
2017-11-26,10000032,27193,1612790.89,25000,2141387.86,4,4
2017-11-26,10000032,27194,219999797.86,219999797.86,219999797.86,1,1
2017-11-26,10000032,27195,1393142.15,172569.3,1799999.76,4,4
2017-11-26,10000032,27196,38999752.08,38999725.26,38999778.9,2,2
2017-11-26,10000032,27198,29917996.9,29917996.9,29917996.9,3,2
2017-11-26,10000032,27227,179999889.97,179999889.97,179999889.97,1,1
2017-11-26,10000032,27239,147000000,147000000,147000000,1,1
2017-11-26,10000032,27253,1000000,1000000,1000000,1,1
2017-11-26,10000032,27256,200000000,200000000,200000000,1,1
2017-11-26,10000032,27259,2199999.99,2199999.99,2199999.99,1,1
2017-11-26,10000032,27260,31888766.12,31888762.78,31888772.79,3,3
2017-11-26,10000032,27309,10000000,10000000,10000000,6,5
2017-11-26,10000032,27315,899.99,899.99,899.99,10079,14
2017-11-26,10000032,27319,387.57,387.57,387.57,800,1
2017-11-26,10000032,27321,892.61,892.61,892.61,6009,11
2017-11-26,10000032,27327,1799.99,1799.99,1799.99,6026,11
2017-11-26,10000032,27333,999.99,999.99,999.99,18693,21
2017-11-26,10000032,27337,1699.99,1699.99,1699.99,400,1
2017-11-26,10000032,27339,3499.93,3499.93,3499.93,16620,6
2017-11-26,10000032,27345,2982.62,2982.62,2982.62,26648,22
2017-11-26,10000032,27349,695.86,195.86,1195.85,2000,2
2017-11-26,10000032,27351,3999.99,3999.99,3999.99,16502,14
2017-11-26,10000032,27359,3448.38,3448.38,3448.38,15116,5
2017-11-26,10000032,27361,1159.73,1159.73,1159.73,52265,29
2017-11-26,10000032,27367,10.43,10.43,10.43,2849,3
2017-11-26,10000032,27371,1464.82,1399,1464.83,44751,21
2017-11-26,10000032,27373,1647,1647,1647,1593,2
2017-11-26,10000032,27377,2399,2399,2399,30692,4
2017-11-26,10000032,27379,20.05,20.05,20.05,1000,1
2017-11-26,10000032,27381,1384.94,1355.52,1384.94,13880,18
2017-11-26,10000032,27387,1499.8,1499.8,1499.8,28932,34
2017-11-26,10000032,27389,5.02,5.02,5.02,1000,1
2017-11-26,10000032,27391,914.5,129.01,1799.99,4000,4
2017-11-26,10000032,27393,1099.99,1099.99,1099.99,2000,1
2017-11-26,10000032,27395,3999.99,3999.99,3999.99,13645,6
2017-11-26,10000032,27401,1859.94,1859.94,1859.94,9700,7
2017-11-26,10000032,27403,889.98,889.98,889.98,500,1
2017-11-26,10000032,27405,2999.99,2999.99,2999.99,4000,3
2017-11-26,10000032,27411,1099.99,1099.99,1099.99,1000,1
2017-11-26,10000032,27413,1274.94,1274.94,1274.94,27271,16
2017-11-26,10000032,27419,1999.98,1530.05,1999.98,12000,7
2017-11-26,10000032,27423,2491.81,2491.81,2491.81,76382,11
2017-11-26,10000032,27429,2397.35,2397.35,2397.35,37088,4
2017-11-26,10000032,27435,1495.16,1495.16,1495.16,8500,5
2017-11-26,10000032,27441,1399.99,1399.99,1399.99,16770,11
2017-11-26,10000032,27445,1,1,1,3060,1
2017-11-26,10000032,27447,1599.89,1599.89,1599.89,18355,10
2017-11-26,10000032,27453,1899.98,1899.98,1899.98,15500,4
2017-11-26,10000032,27550,22000000,22000000,22000000,1,1
2017-11-26,10000032,27553,12500000,12500000,12500000,2,1
2017-11-26,10000032,27773,9999999,9999999,9999999,1,1
2017-11-26,10000032,27902,129144.41,100000,209289.54,15,15
2017-11-26,10000032,27905,3000000,3000000,3000000,1,1
2017-11-26,10000032,27906,25000000,25000000,25000000,2,2
2017-11-26,10000032,27911,12000000,12000000,12000000,2,2
2017-11-26,10000032,27912,1508296.74,1500000,2999999,91,28
2017-11-26,10000032,27914,2305808.92,1210003.03,2499969.99,24,20
2017-11-26,10000032,27915,19000000,19000000,19000000,1,1
2017-11-26,10000032,27916,1487999.95,1477000,1500000,273,8
2017-11-26,10000032,27918,1649818.17,1649000,1649999.99,44,8
2017-11-26,10000032,27920,1130389.08,600251.47,1243990,17,7
2017-11-26,10000032,27922,1157999,1157999,1157999,2,1
2017-11-26,10000032,27924,3000000,3000000,3000000,2,1
2017-11-26,10000032,27930,35550.66,1109.37,69991.95,2,2
2017-11-26,10000032,27931,2000000,2000000,2000000,1,1
2017-11-26,10000032,27932,99999.98,99999.98,99999.98,2,2
2017-11-26,10000032,28073,16192279.14,15384629.65,16999928.63,2,2
2017-11-26,10000032,28164,4807606.78,4500000,5115213.55,4,4
2017-11-26,10000032,28207,2093922.99,2093922.99,2093922.99,10,2
2017-11-26,10000032,28209,1417355.5,1110001.68,1438340.94,31,9
2017-11-26,10000032,28211,771640.23,625001.29,799999.5,64,16
2017-11-26,10000032,28213,1087812.77,807708.4,1333332.99,55,10
2017-11-26,10000032,28215,1018249.82,1018000.1,1018998.99,32,6
2017-11-26,10000032,28262,498989.99,498989.99,498989.99,145,13
2017-11-26,10000032,28266,1626484.67,1600000,1638523.15,16,4
2017-11-26,10000032,28270,922879.93,922879.93,922879.93,136,18
2017-11-26,10000032,28272,44789137.81,39500000,46904792.94,7,3
2017-11-26,10000032,28274,609977,609977,609977,125,18
2017-11-26,10000032,28276,18366232.45,18299348.67,18500000,6,3
2017-11-26,10000032,28278,4032590.46,293314.15,4500000,9,2
2017-11-26,10000032,28280,4504000,4504000,4504000,10,1
2017-11-26,10000032,28282,1187500.06,250000.23,1500000,4,2
2017-11-26,10000032,28286,1865799.92,1865799.92,1865799.92,14,3
2017-11-26,10000032,28290,2999999.96,2999999.96,2999999.96,1,1
2017-11-26,10000032,28294,269426.63,188589.48,350000,17,3
2017-11-26,10000032,28298,2299702.79,2299692.2,2299782.21,17,4
2017-11-26,10000032,28300,20015001.3,20015001.3,20015001.3,5,1
2017-11-26,10000032,28302,439841.6,270099.57,447853,48,14
2017-11-26,10000032,28304,17995969.96,17995969.96,17995969.96,2,1
2017-11-26,10000032,28326,789,789,789,1400,2
2017-11-26,10000032,28332,1100,1100,1100,2451,3
2017-11-26,10000032,28334,894.79,894.79,894.79,8400,5
2017-11-26,10000032,28336,493.93,493.93,493.93,14841,7
2017-11-26,10000032,28351,59999999.99,59999999.99,59999999.99,1,1
2017-11-26,10000032,28361,6221.88,6221.11,7621.08,3920,32
2017-11-26,10000032,28362,175011.42,175008.44,195007,3307,43
2017-11-26,10000032,28363,140160.49,140160.37,140162.53,386,15
2017-11-26,10000032,28364,24077.3,24077.3,24077.3,214,11
2017-11-26,10000032,28366,2999997.51,2999997.51,2999997.51,335,6
2017-11-26,10000032,28367,539000,539000,539000,220,2
2017-11-26,10000032,28374,529944275.99,500000000,559888551.98,2,2
2017-11-26,10000032,28388,400101.65,400101.65,400101.65,172,2
2017-11-26,10000032,28394,59000,59000,59000,38,1
2017-11-26,10000032,28401,44444.48,44444.48,44444.48,121,1
2017-11-26,10000032,28403,44444.47,44444.47,44444.47,41,1
2017-11-26,10000032,28404,51010.01,51010.01,51010.01,25,1
2017-11-26,10000032,28405,26000,26000,26000,33,1
2017-11-26,10000032,28407,24000.18,24000.18,24000.18,18,1
2017-11-26,10000032,28408,24000,24000,24000,72,1
2017-11-26,10000032,28409,17819.01,17819.01,17819.01,5291,5
2017-11-26,10000032,28410,16269.05,16269.05,16269.05,918,2
2017-11-26,10000032,28411,16513.06,16513.06,16513.06,1697,3
2017-11-26,10000032,28415,4856,4856,4856,594,4
2017-11-26,10000032,28416,6770,6770,6770,3927,5
2017-11-26,10000032,28417,4642,4642,4642,2060,2
2017-11-26,10000032,28421,5862,5861.01,6149,68953,17
2017-11-26,10000032,28422,5998.99,5998.99,5998.99,190922,21
2017-11-26,10000032,28423,6109.05,6109.04,6111,38057,15
2017-11-26,10000032,28424,4065.08,4065.08,4065.08,13628,4
2017-11-26,10000032,28425,4027.1,4027.07,5200,11928,8
2017-11-26,10000032,28426,5500,5500,5500,7278,5
2017-11-26,10000032,28427,1400.03,1400.03,1400.03,68779,11
2017-11-26,10000032,28428,1618.03,1618.03,1618.03,140809,25
2017-11-26,10000032,28429,1986,1986,1986,61339,14
2017-11-26,10000032,28430,1549.97,1548.99,1550,130259,20
2017-11-26,10000032,28431,1370.01,1370.01,1370.01,46989,9
2017-11-26,10000032,28432,1494.99,1494.99,1494.99,140573,11
2017-11-26,10000032,28433,249999.99,249999.99,249999.99,1532,5
2017-11-26,10000032,28439,500000,500000,500000,62,1
2017-11-26,10000032,28576,879998.98,879998.95,879998.99,184,62
2017-11-26,10000032,28578,849286.44,467011.89,975999,43,17
2017-11-26,10000032,28583,74000000,74000000,74000000,1,1
2017-11-26,10000032,28585,25000000,25000000,25000000,2,2
2017-11-26,10000032,28606,776997113.09,760000000,789995875.98,10,10
2017-11-26,10000032,28607,1049299999,1049299999,1049299999,1,1
2017-11-26,10000032,28609,33000000,32000000,35000000,6,5
2017-11-26,10000032,28615,4911247.38,4000000,9467484.29,6,6
2017-11-26,10000032,28646,5524714.87,4900000,7398959.47,4,4
2017-11-26,10000032,28652,19000000,19000000,19000000,1,1
2017-11-26,10000032,28654,3919999.97,3599999.95,3999999.97,5,3
2017-11-26,10000032,28656,66999999,64000000,69999998,2,2
2017-11-26,10000032,28667,64000000,64000000,64000000,4,4
2017-11-26,10000032,28668,27400,26400,27481.21,40718,243
2017-11-26,10000032,28670,159938.3,135000,384383,10,2
2017-11-26,10000032,28676,160000,160000,160000,27,1
2017-11-26,10000032,28710,1899699248.66,1899699211,1899699267.49,3,3
2017-11-26,10000032,28744,99999967.84,99999967.84,99999967.84,1,1
2017-11-26,10000032,28756,32670518.09,28019200.46,34459481.81,18,18
2017-11-26,10000032,28758,32264631.54,31700012.6,32900025.23,45,45
2017-11-26,10000032,28808,120000000,120000000,120000000,1,1
2017-11-26,10000032,28809,139999000,139999000,139999000,1,1
2017-11-26,10000032,28810,285000000,285000000,285000000,1,1
2017-11-26,10000032,28811,499000000,499000000,499000000,1,1
2017-11-26,10000032,28812,200000000,200000000,200000000,1,1
2017-11-26,10000032,28879,1049335.89,1000000,1222011.5,9,9
2017-11-26,10000032,28880,5000000,5000000,5000000,7,7
2017-11-26,10000032,28974,81000,81000,81000,351,3
2017-11-26,10000032,28999,9999.3,9999.3,9999.3,383,59
2017-11-26,10000032,29001,9999.74,9999.74,9999.75,216,69
2017-11-26,10000032,29003,74805,74805,74805,11,2
2017-11-26,10000032,29005,7687.66,5449,8999.97,46,12
2017-11-26,10000032,29007,9765.72,7000,10358.37,34,17
2017-11-26,10000032,29009,14898,14898,14898,271,68
2017-11-26,10000032,29011,6889.98,6889.98,6889.98,171,60
2017-11-26,10000032,29013,8650.78,8650.78,8650.78,141,23
2017-11-26,10000032,29015,17997.99,17997.98,17997.99,141,33
2017-11-26,10000032,29248,329275.14,300000,400000,25,17
2017-11-26,10000032,29340,80000000.01,80000000.01,80000000.01,1,1
2017-11-26,10000032,29344,53639983.76,50110000.82,60699949.64,3,3
2017-11-26,10000032,29637,52710256.96,50000000,68971798.71,7,7
2017-11-26,10000032,29984,151507987.63,143016000.03,159999975.22,4,4
2017-11-26,10000032,29986,166091940.99,140014000.06,167998989.96,4,4
2017-11-26,10000032,29988,149069638.41,134818055.58,151899939.99,6,6
2017-11-26,10000032,29990,180069027.88,180069000.06,180069055.7,2,2
2017-11-26,10000032,30013,5699.78,5699.78,5699.78,3927,246
2017-11-26,10000032,30018,4387.03,4387.03,4387.03,371,15
2017-11-26,10000032,30019,2000,2000,2000,1056,23
2017-11-26,10000032,30021,18003.06,18003.06,18003.07,2377,28
2017-11-26,10000032,30022,22177.23,22175.27,22179.15,72,12
2017-11-26,10000032,30024,4787.5,4787.48,4787.59,72,9
2017-11-26,10000032,30028,58899.74,58899.74,58899.74,276,20
2017-11-26,10000032,30248,44649.75,44633,44659.39,66,11
2017-11-26,10000032,30251,3307.45,3307.37,3307.45,573,21
2017-11-26,10000032,30252,30200.63,30200.63,30200.63,6,3
2017-11-26,10000032,30254,1133.01,1133,1133.01,2601,29
2017-11-26,10000032,30258,13577.86,13577.86,13577.86,556,13
2017-11-26,10000032,30259,705404.01,705127.03,705431.01,229,17
2017-11-26,10000032,30268,2500.05,2500.04,2500.05,17,5
2017-11-26,10000032,30269,88259.66,45128.9,249999.99,19,8
2017-11-26,10000032,30270,19766.22,19766.22,19766.22,15,4
2017-11-26,10000032,30271,7000.08,7000.08,7000.09,16,5
2017-11-26,10000032,30310,58000,58000,58000,100,1
2017-11-26,10000032,30311,113999.99,113999.99,113999.99,50,1
2017-11-26,10000032,30324,10000000,10000000,10000000,1,1
2017-11-26,10000032,30325,10000000,10000000,10000000,1,1
2017-11-26,10000032,30327,10000000,10000000,10000000,1,1
2017-11-26,10000032,30328,6086.25,5000,6629.38,3,3
2017-11-26,10000032,30342,11.01,11.01,11.01,2,2
2017-11-26,10000032,30370,1820,1815.57,1820,14968,8
2017-11-26,10000032,30371,1019.22,1019.22,1019.22,7170,6
2017-11-26,10000032,30372,1719,1719,1719,10894,3
2017-11-26,10000032,30373,6530.01,6530,14497.99,28159,9
2017-11-26,10000032,30374,3620,3620,3620,20610,7
2017-11-26,10000032,30375,7027.29,7027.29,7027.29,10810,1
2017-11-26,10000032,30376,15046.5,15046.5,15046.5,5789,5
2017-11-26,10000032,30420,0.01,0.01,0.01,1,1
2017-11-26,10000032,30422,12000,12000,12000,1,1
2017-11-26,10000032,30424,949.49,949.49,949.49,1,1
2017-11-26,10000032,30486,547794.95,547794.95,547794.95,317,36
2017-11-26,10000032,30488,423996.46,423996.45,423996.46,1786,155
2017-11-26,10000032,30497,5013.13,5013.13,5013.13,750,24
2017-11-26,10000032,30532,5012394.89,5000000,9999579.56,4,4
2017-11-26,10000032,30537,5440180.16,5000000,9999899.89,5,5
2017-11-26,10000032,30538,4699773.75,500000.02,5000000,5,5
2017-11-26,10000032,30539,5312400.24,5000000,9999569.55,4,4
2017-11-26,10000032,30540,5131578.95,5000000,7500000,19,10
2017-11-26,10000032,30544,5499959.74,5000000,6999859.96,4,4
2017-11-26,10000032,30545,5000000,5000000,5000000,1,1
2017-11-26,10000032,30546,5555548.88,5000000,7499969.97,9,9
2017-11-26,10000032,30547,5000000,5000000,5000000,1,1
2017-11-26,10000032,30548,6496699.48,5000000,7993398.97,4,4
2017-11-26,10000032,30549,5000000,5000000,5000000,4,4
2017-11-26,10000032,30550,5454535.44,5000000,7499944.94,11,11
2017-11-26,10000032,30551,5000000,5000000,5000000,3,3
2017-11-26,10000032,30552,5000000,5000000,5000000,4,4
2017-11-26,10000032,30553,5454536.35,5000000,7499949.94,11,11
2017-11-26,10000032,30554,5000000,5000000,5000000,2,2
2017-11-26,10000032,30558,20000.13,20000.13,20000.13,2,1
2017-11-26,10000032,30588,1000.01,1000.01,1000.01,2,1
2017-11-26,10000032,30615,254000,254000,254000,1,1
2017-11-26,10000032,30618,10000,10000,10000,5,1
2017-11-26,10000032,30633,10000,10000,10000,2,1
2017-11-26,10000032,30650,1659973.43,1500000,1899933.57,5,5
2017-11-26,10000032,30651,2999983.32,2000000,4999949.95,3,3
2017-11-26,10000032,30652,1900000,1500000,2300000,4,4
2017-11-26,10000032,30653,1500000,1500000,1500000,4,4
2017-11-26,10000032,30744,192760.04,192760.03,192777,1945,52
2017-11-26,10000032,30745,465080.04,465080.03,465102.04,2336,64
2017-11-26,10000032,30746,1400040.03,1400040.03,1400040.03,635,15
2017-11-26,10000032,30747,4650070.03,4650070.03,4650070.03,235,6
2017-11-26,10000032,30788,10000000,10000000,10000000,1,1
2017-11-26,10000032,30832,1659544.07,1490000.83,1699998,44,37
2017-11-26,10000032,30834,1813640.77,1200002.77,1854549.97,32,24
2017-11-26,10000032,30836,1609282.44,620106.18,1689485.92,40,25
2017-11-26,10000032,30839,22858.57,10005.04,27999.99,7,7
2017-11-26,10000032,30987,690569.98,610570,789558.61,103,41
2017-11-26,10000032,30998,999999.98,999999.98,999999.98,1,1
2017-11-26,10000032,30999,2990200.4,2990200,2990201,5,3
2017-11-26,10000032,31005,17043464.83,15100000,18986929.65,2,2
2017-11-26,10000032,31009,510062.8,219824.88,516000,45,35
2017-11-26,10000032,31011,2437633.01,2325214.98,2589998.7,53,36
2017-11-26,10000032,31015,8898999.04,8898998.95,8898999.09,15,13
2017-11-26,10000032,31017,22986869.22,22986854.97,22986918.27,14,13
2017-11-26,10000032,31021,913510.71,890550,990549.98,14,10
2017-11-26,10000032,31023,2909925.27,2790200.99,2989689.99,10,10
2017-11-26,10000032,31027,9099393.98,8998788.96,9199999,2,2
2017-11-26,10000032,31029,28540177.7,28540159.59,28540209.81,5,5
2017-11-26,10000032,31033,546249.19,504999.13,999999.9,12,8
2017-11-26,10000032,31034,799999.99,799999.99,799999.99,1,1
2017-11-26,10000032,31035,2356322.94,449989.95,4074948.9,19,11
2017-11-26,10000032,31039,10966969.61,10966969.6,10966969.61,3,3
2017-11-26,10000032,31041,24999651.15,24999646.1,24999666.21,6,6
2017-11-26,10000032,31045,701474.11,700000,709759.5,82,51
2017-11-26,10000032,31047,3558051.39,3490284,3590280.21,71,46
2017-11-26,10000032,31048,7500000,7500000,7500000,2,2
2017-11-26,10000032,31051,7331469.52,7301001.11,7495998.94,32,19
2017-11-26,10000032,31053,33793696.32,33793629.41,33793730.91,16,13
2017-11-26,10000032,31055,2558218.31,2550243.76,2580243.3,79,38
2017-11-26,10000032,31057,8093031.33,8089989.93,8093449.63,17,8
2017-11-26,10000032,31059,19535804.37,17200020.6,19899817.87,36,27
2017-11-26,10000032,31063,718738.45,450000,724988.18,44,22
2017-11-26,10000032,31065,3010224.23,2990284,3190283.89,19,17
2017-11-26,10000032,31066,1989999.99,1989999.99,1989999.99,2,2
2017-11-26,10000032,31069,8792989.84,8792989.84,8792989.84,2,2
2017-11-26,10000032,31071,40644897.23,39994889.03,40970314,6,5
2017-11-26,10000032,31073,4787668.36,4489989.44,4885989.45,10,3
2017-11-26,10000032,31079,34680171.8,34680171.8,34680171.8,1,1
2017-11-26,10000032,31083,934263.04,890769,990769.55,27,13
2017-11-26,10000032,31085,2831704.91,2799999.99,2848776.79,20,8
2017-11-26,10000032,31089,11980938.61,11980938.61,11980938.61,3,2
2017-11-26,10000032,31091,35599852.78,35599759.13,35599949.77,6,4
2017-11-26,10000032,31105,158646.74,100000,169997.72,37,25
2017-11-26,10000032,31106,125000,125000,125000,1,1
2017-11-26,10000032,31107,1499999.99,1499999.99,1499999.99,7,5
2017-11-26,10000032,31111,6471919.94,6471882.85,6471967.32,14,12
2017-11-26,10000032,31113,12496372.89,12496369.49,12496379.7,3,2
2017-11-26,10000032,31117,208333.34,105000.05,259999.98,9,4
2017-11-26,10000032,31118,125000,125000,125000,1,1
2017-11-26,10000032,31119,1090102.99,1080102.99,1120098,101,42
2017-11-26,10000032,31120,750000,750000,750000,2,2
2017-11-26,10000032,31123,3598883.77,3598880.77,3598886.76,4,2
2017-11-26,10000032,31125,10370301.14,9799988.99,10699880.76,27,19
2017-11-26,10000032,31129,84999,84999,84999,1,1
2017-11-26,10000032,31130,125000,125000,125000,1,1
2017-11-26,10000032,31135,4999868.8,4999868.8,4999868.8,1,1
2017-11-26,10000032,31141,120000.03,120000.03,120000.03,1,1
2017-11-26,10000032,31142,125000,125000,125000,1,1
2017-11-26,10000032,31153,709591.63,690238.99,790229.93,47,32
2017-11-26,10000032,31154,125000,125000,125000,1,1
2017-11-26,10000032,31155,1047814.54,980000,1090969,54,22
2017-11-26,10000032,31159,793787.8,675144.5,976996.8,43,22
2017-11-26,10000032,31160,125000,125000,125000,1,1
2017-11-26,10000032,31161,1877386.59,1000024,1990122.85,22,14
2017-11-26,10000032,31162,750000,750000,750000,1,1
2017-11-26,10000032,31163,47999999.99,47999999.99,47999999.99,6,3
2017-11-26,10000032,31165,4399168.43,4399127.65,4399187.84,46,30
2017-11-26,10000032,31167,10999929.86,10999929.86,10999929.87,3,3
2017-11-26,10000032,31171,4449090.22,4449061.27,4449101.35,36,28
2017-11-26,10000032,31173,10622836.21,9499989.99,10959687.98,13,8
2017-11-26,10000032,31177,408158.37,390240,490239.89,97,41
2017-11-26,10000032,31178,125000,125000,125000,1,1
2017-11-26,10000032,31179,1351365.02,1290102.98,1381999.37,9,8
2017-11-26,10000032,31183,4487485.17,4487482.99,4487489.66,18,14
2017-11-26,10000032,31185,10966310.79,10966310.79,10966310.8,4,4
2017-11-26,10000032,31189,219999.99,219999.99,219999.99,1,1
2017-11-26,10000032,31190,125000,125000,125000,1,1
2017-11-26,10000032,31191,1090000,1090000,1090000,1,1
2017-11-26,10000032,31201,224646.41,220189.98,260178.7,49,35
2017-11-26,10000032,31202,125000,125000,125000,3,3
2017-11-26,10000032,31203,400000,400000,400000,1,1
2017-11-26,10000032,31204,750000,750000,750000,2,2
2017-11-26,10000032,31207,2275594.81,1113000,2856891.97,6,5
2017-11-26,10000032,31213,70997.93,70997.92,70997.94,263,118
2017-11-26,10000032,31214,125000,125000,125000,2,2
2017-11-26,10000032,31215,350000,350000,350000,1,1
2017-11-26,10000032,31216,750000,750000,750000,3,3
2017-11-26,10000032,31220,3423507.17,420000.97,3798944.95,18,17
2017-11-26,10000032,31222,8498795.53,8498795.53,8498795.53,1,1
2017-11-26,10000032,31226,240999.59,189999.98,274999,5,5
2017-11-26,10000032,31228,228142.85,223999.99,232285.71,2,2
2017-11-26,10000032,31238,107110.91,5100,109000,55,39
2017-11-26,10000032,31239,125000,125000,125000,3,3
2017-11-26,10000032,31240,690000,690000,690000,1,1
2017-11-26,10000032,31241,750000,750000,750000,2,2
2017-11-26,10000032,31244,1824995.94,1824995.94,1824995.94,2,2
2017-11-26,10000032,31274,165288.84,159999.93,290250,18,11
2017-11-26,10000032,31275,125000,125000,125000,2,2
2017-11-26,10000032,31276,989872,989872,989872,2,2
2017-11-26,10000032,31280,3259987.99,3259987.97,3259987.99,4,3
2017-11-26,10000032,31282,24994226.79,24994221.81,24994231.76,2,2
2017-11-26,10000032,31286,290160,290160,290160,3,3
2017-11-26,10000032,31288,890500,890500,890500,5,3
2017-11-26,10000032,31292,2539994.99,2539994.99,2539994.99,12,2
2017-11-26,10000032,31294,9999986.63,9999959.91,9999999.99,3,3
2017-11-26,10000032,31298,312595,290130,379990,16,7
2017-11-26,10000032,31299,125000,125000,125000,1,1
2017-11-26,10000032,31300,361848.68,361848.68,361848.68,7,4
2017-11-26,10000032,31306,9660939.99,9660939.99,9660939.99,4,2
2017-11-26,10000032,31310,169999.99,169999.99,169999.99,1,1
2017-11-26,10000032,31316,5189979.96,5189979.96,5189979.96,2,2
2017-11-26,10000032,31322,375303.17,340250,388995.9,18,10
2017-11-26,10000032,31324,1674060.6,1200000,1990101,5,2
2017-11-26,10000032,31328,4596935.02,4596935.02,4596935.02,1,1
2017-11-26,10000032,31330,21350000,21200000,21499999.99,2,2
2017-11-26,10000032,31334,207999.99,207999.99,207999.99,3,1
2017-11-26,10000032,31336,1390909.99,1390909.99,1390909.99,1,1
2017-11-26,10000032,31346,190140,190140,190140,1,1
2017-11-26,10000032,31358,620865.56,619982.91,780526.04,99,62
2017-11-26,10000032,31359,125000,125000,125000,3,3
2017-11-26,10000032,31360,3528951.16,3440298,3631999.99,73,53
2017-11-26,10000032,31361,750000,750000,750000,3,2
2017-11-26,10000032,31364,4439556.87,2750004,4482878.6,40,19
2017-11-26,10000032,31366,22752404.4,21699968.62,24299956.56,23,18
2017-11-26,10000032,31370,280000,279988.99,302989.97,127,78
2017-11-26,10000032,31371,125000,125000,125000,1,1
2017-11-26,10000032,31372,1090100.18,1020000,1100101.4,122,82
2017-11-26,10000032,31373,750000,750000,750000,1,1
2017-11-26,10000032,31376,3983794.28,3982992.99,3983993.98,25,17
2017-11-26,10000032,31378,9819087.01,9749870.76,9999720.77,39,32
2017-11-26,10000032,31382,215000,190000,240000,2,2
2017-11-26,10000032,31383,125000,125000,125000,1,1
2017-11-26,10000032,31385,750000,750000,750000,1,1
2017-11-26,10000032,31394,169889.99,169889.99,169889.99,7,7
2017-11-26,10000032,31406,494603.62,489987.74,610000,26,18
2017-11-26,10000032,31408,2518777.37,2490206,2590205.83,7,6
2017-11-26,10000032,31412,5086954.11,5086954.11,5086954.11,1,1
2017-11-26,10000032,31414,18992786.38,18992774.69,18992809.76,3,3
2017-11-26,10000032,31442,290199,290199,290199,8,6
2017-11-26,10000032,31444,530000,530000,530000,4,2
2017-11-26,10000032,31450,6462596,6462596,6462596,1,1
2017-11-26,10000032,31454,199375,180000,200000,32,10
2017-11-26,10000032,31456,1600000,1600000,1600000,3,3
2017-11-26,10000032,31460,2724746.96,2724746.96,2724746.96,7,3
2017-11-26,10000032,31462,5497677.5,5497677.5,5497677.5,1,1
2017-11-26,10000032,31478,139999,139999,139999,10,5
2017-11-26,10000032,31484,4597005.5,4596986,4597025,8,6
2017-11-26,10000032,31486,7021643.99,7021643.99,7021643.99,1,1
2017-11-26,10000032,31490,390110,390110,390110,3,2
2017-11-26,10000032,31492,970540,970540,970540,1,1
2017-11-26,10000032,31502,1450000,1450000,1450000,1,1
2017-11-26,10000032,31514,850639.98,790640,890639.97,5,5
2017-11-26,10000032,31516,2500000,2500000,2500000,1,1
2017-11-26,10000032,31526,1322882.37,1279999.96,1390126.48,34,30
2017-11-26,10000032,31527,125000,125000,125000,1,1
2017-11-26,10000032,31528,6963379.49,6899989.99,6990555,10,7
2017-11-26,10000032,31532,2995898.04,2995889.83,2995899.83,11,7
2017-11-26,10000032,31538,1264182.23,1180000,1290117.63,61,29
2017-11-26,10000032,31540,5870049.12,5350000,5990585.96,7,7
2017-11-26,10000032,31541,750000,750000,750000,1,1
2017-11-26,10000032,31544,3499994.7,3499987.88,3499998.11,6,6
2017-11-26,10000032,31546,9134998,9134998,9134998,3,1
2017-11-26,10000032,31550,794999.52,794998.99,795000.05,2,2
2017-11-26,10000032,31556,2099999.98,2099999.98,2099999.98,2,2
2017-11-26,10000032,31562,563394.54,1000,890640,22,9
2017-11-26,10000032,31563,125000,125000,125000,1,1
2017-11-26,10000032,31564,4838169.5,4790339,4885999.99,2,2
2017-11-26,10000032,31568,7777739.26,7777739.26,7777739.26,1,1
2017-11-26,10000032,31574,619999.86,619999.86,619999.86,5,5
2017-11-26,10000032,31575,125000,125000,125000,1,1
2017-11-26,10000032,31576,4990338,4990338,4990338,4,3
2017-11-26,10000032,31580,2291997,2291997,2291997,1,1
2017-11-26,10000032,31582,14987768.47,14987768.47,14987768.47,2,2
2017-11-26,10000032,31586,890847.61,850390,950389.99,21,15
2017-11-26,10000032,31587,125000,125000,125000,2,2
2017-11-26,10000032,31588,755000,150000,1359999.99,2,2
2017-11-26,10000032,31589,750000,750000,750000,1,1
2017-11-26,10000032,31592,3824127.05,1499999,4288955,6,6
2017-11-26,10000032,31598,279999.99,279999.99,280000,12,6
2017-11-26,10000032,31599,125000,125000,125000,1,1
2017-11-26,10000032,31600,2323454.3,1990121,2990120.89,9,4
2017-11-26,10000032,31601,750000,750000,750000,1,1
2017-11-26,10000032,31604,7582471.96,7581682.33,7582669.47,5,5
2017-11-26,10000032,31606,12999999.99,12999999.99,12999999.99,1,1
2017-11-26,10000032,31609,125000,125000,125000,1,1
2017-11-26,10000032,31610,1683462.33,1550129,1950129,3,3
2017-11-26,10000032,31611,750000,750000,750000,1,1
2017-11-26,10000032,31614,4999888.98,4999876.97,4999907,5,5
2017-11-26,10000032,31620,752910,690410,890409.99,16,14
2017-11-26,10000032,31621,125000,125000,125000,1,1
2017-11-26,10000032,31622,1547917.37,10000.35,1740157,9,8
2017-11-26,10000032,31623,750000,750000,750000,1,1
2017-11-26,10000032,31626,3307397.18,3306999,3308989.92,10,9
2017-11-26,10000032,31628,14899870.02,14899863.35,14899873.36,3,3
2017-11-26,10000032,31632,950290,950290,950290,4,4
2017-11-26,10000032,31633,125000,125000,125000,1,1
2017-11-26,10000032,31635,750000,750000,750000,1,1
2017-11-26,10000032,31640,13987454.01,13987454.01,13987454.01,1,1
2017-11-26,10000032,31645,125000,125000,125000,1,1
2017-11-26,10000032,31647,750000,750000,750000,1,1
2017-11-26,10000032,31650,4989991.28,4989989.93,4989999.99,15,10
2017-11-26,10000032,31656,89999.94,89999.94,89999.94,2,2
2017-11-26,10000032,31658,890459.99,890459.99,890459.99,5,1
2017-11-26,10000032,31668,288864.71,250189.99,350189.82,35,14
2017-11-26,10000032,31670,349799.98,349799.97,349799.98,3,3
2017-11-26,10000032,31674,4499991.32,4499987.98,4499997.99,3,3
2017-11-26,10000032,31680,109999.81,109999.8,109999.82,23,11
2017-11-26,10000032,31682,693662.35,649999,699899.97,8,4
2017-11-26,10000032,31688,13998030.98,13998030.98,13998030.98,1,1
2017-11-26,10000032,31692,290150,290150,290150,2,1
2017-11-26,10000032,31698,3119989.97,3119989.97,3119989.97,5,1
2017-11-26,10000032,31704,77777,77777,77777,1,1
2017-11-26,10000032,31706,480000,480000,480000,6,2
2017-11-26,10000032,31716,71887.66,71887.66,74500,112,74
2017-11-26,10000032,31717,125000,125000,125000,1,1
2017-11-26,10000032,31718,590316.9,490339.99,590316.92,107,58
2017-11-26,10000032,31719,750000,750000,750000,1,1
2017-11-26,10000032,31722,2865996.85,2865987.99,2865998.83,21,19
2017-11-26,10000032,31724,4199638.11,4199581.67,4199705.96,41,32
2017-11-26,10000032,31728,97635.27,59998.5,198000,11,9
2017-11-26,10000032,31729,125000,125000,125000,2,2
2017-11-26,10000032,31730,349999.39,349999.39,349999.39,3,3
2017-11-26,10000032,31731,750000,750000,750000,1,1
2017-11-26,10000032,31736,3933365.64,3800096.93,4000000,3,3
2017-11-26,10000032,31740,99999,99999,99999,14,12
2017-11-26,10000032,31741,125000,125000,125000,1,1
2017-11-26,10000032,31742,640359.99,640359.98,640360,4,4
2017-11-26,10000032,31743,750000,750000,750000,2,2
2017-11-26,10000032,31746,1694990,1694990,1694990,2,2
2017-11-26,10000032,31748,4037500.17,3225001.14,4199999.98,6,6
2017-11-26,10000032,31752,142254.38,129000,144998.99,54,33
2017-11-26,10000032,31753,125000,125000,125000,1,1
2017-11-26,10000032,31754,501919.09,390340,590307.98,50,35
2017-11-26,10000032,31755,750000,750000,750000,1,1
2017-11-26,10000032,31758,3519640.83,3518989.44,3524852,9,9
2017-11-26,10000032,31760,4273297.51,3125001.01,4399606.82,10,9
2017-11-26,10000032,31762,105799998.99,105799998.99,105799998.99,2,1
2017-11-26,10000032,31764,75000,75000,75000,3,2
2017-11-26,10000032,31765,125000,125000,125000,1,1
2017-11-26,10000032,31767,750000,750000,750000,1,1
2017-11-26,10000032,31776,47900,47900,47900,3,2
2017-11-26,10000032,31777,125000,125000,125000,1,1
2017-11-26,10000032,31778,199999.49,199999.49,199999.49,2,1
2017-11-26,10000032,31779,750000,750000,750000,1,1
2017-11-26,10000032,31788,429999.95,429886.95,429999.95,268,86
2017-11-26,10000032,31789,125000,125000,125000,2,2
2017-11-26,10000032,31790,2090174.99,2080175,2289998.87,199,91
2017-11-26,10000032,31791,750000,750000,750000,3,3
2017-11-26,10000032,31792,35221373.22,20858332.36,36990349,6,5
2017-11-26,10000032,31794,7346312.31,7346268.53,7346328.92,29,18
2017-11-26,10000032,31796,20917561.91,19364000.03,20980972.85,51,32
2017-11-26,10000032,31800,556055.84,250000,580489.99,32,19
2017-11-26,10000032,31801,125000,125000,125000,1,1
2017-11-26,10000032,31802,2021286.1,1990175,2090174.96,45,19
2017-11-26,10000032,31803,750000,750000,750000,2,2
2017-11-26,10000032,31812,20001023.42,18082091,20299968.95,27,13
2017-11-26,10000032,31816,740429,690429,790429,2,2
2017-11-26,10000032,31817,125000,125000,125000,1,1
2017-11-26,10000032,31818,2990193,2990193,2990193,6,3
2017-11-26,10000032,31819,750000,750000,750000,1,1
2017-11-26,10000032,31824,12000000,12000000,12000000,1,1
2017-11-26,10000032,31864,2846849.32,1997240.6,2997121,22,4
2017-11-26,10000032,31866,2029300.89,2029300.89,2029300.89,2,1
2017-11-26,10000032,31868,4590415.14,2335110.19,5999979.98,13,5
2017-11-26,10000032,31870,5332873.24,3004101.38,5997993.32,21,9
2017-11-26,10000032,31872,2829582.95,1500000,3894999.07,12,5
2017-11-26,10000032,31874,3433922.64,2849990.04,3874994.99,28,12
2017-11-26,10000032,31876,4392295.99,2600014.1,4850411.64,25,8
2017-11-26,10000032,31878,4026464.33,4026464.28,4026464.33,31,9
2017-11-26,10000032,31880,1244986,1205802.36,1244986.95,475,41
2017-11-26,10000032,31882,1688999.91,1688720.95,1688999.92,138,34
2017-11-26,10000032,31884,2250000,2244998.95,2280000,115,29
2017-11-26,10000032,31886,2814141.38,2749994.57,3689999.99,44,11
2017-11-26,10000032,31888,1799380.82,1798999.98,1799997.51,55,11
2017-11-26,10000032,31890,1941484.86,949091.34,2000000,22,8
2017-11-26,10000032,31892,3160999.99,3160999.99,3160999.99,5,2
2017-11-26,10000032,31894,3564987.18,3564987.18,3564987.19,7,2
2017-11-26,10000032,31900,36048979.25,31053944.52,41044013.99,4,4
2017-11-26,10000032,31902,44998186.15,44998186.15,44998186.15,1,1
2017-11-26,10000032,31906,5000001.01,5000001.01,5000001.01,24,3
2017-11-26,10000032,31918,26999998.49,26999998.49,26999998.49,1,1
2017-11-26,10000032,31922,700001.91,700001.91,700001.91,1,1
2017-11-26,10000032,31924,3848967.36,3799999,3897935.71,2,2
2017-11-26,10000032,31926,2020002.4,2020002.4,2020002.4,1,1
2017-11-26,10000032,31928,11499803.16,11499752.96,11499814.99,16,11
2017-11-26,10000032,31930,47455635.34,24212471.32,54096540.77,9,5
2017-11-26,10000032,31932,36006405.69,29231001.89,37799969.42,19,16
2017-11-26,10000032,31936,8999798.97,8999798.93,8999798.99,3,3
2017-11-26,10000032,31942,33999847.66,33999695.32,33999999.99,2,2
2017-11-26,10000032,31944,29999942.39,29999929.86,29999979.97,4,4
2017-11-26,10000032,31982,25000,24999,26898,227,6
2017-11-26,10000032,31990,49986.87,49986.87,49986.87,393,13
2017-11-26,10000032,31998,61999.86,61999.84,61999.88,375,17
2017-11-26,10000032,32006,111000.12,111000.11,111000.13,7021,114
2017-11-26,10000032,32014,249991.95,191004.12,249992.5,1832,73
2017-11-26,10000032,32025,228485.74,200000,249850.05,7,5
2017-11-26,10000032,32026,125000,125000,125000,1,1
2017-11-26,10000032,32027,1591519.53,1590106.99,1599994.79,7,4
2017-11-26,10000032,32028,750000,750000,750000,1,1
2017-11-26,10000032,32033,321033.31,314997.5,390000,29,7
2017-11-26,10000032,32034,125000,125000,125000,1,1
2017-11-26,10000032,32035,1766724.67,20000,2640087,3,3
2017-11-26,10000032,32036,750000,750000,750000,2,2
2017-11-26,10000032,32039,30000000,30000000,30000000,1,1
2017-11-26,10000032,32042,125000,125000,125000,1,1
2017-11-26,10000032,32043,2115187.08,2090189.99,2117998.98,19,11
2017-11-26,10000032,32044,750000,750000,750000,2,2
2017-11-26,10000032,32045,12499999.99,12499999.99,12499999.99,2,1
2017-11-26,10000032,32047,39777741.4,39777715.99,39777767.68,9,7
2017-11-26,10000032,32050,125000,125000,125000,1,1
2017-11-26,10000032,32057,279999.89,279999.89,279999.92,14,3
2017-11-26,10000032,32058,125000,125000,125000,1,1
2017-11-26,10000032,32059,2765145.22,2390146,2890144.95,4,4
2017-11-26,10000032,32060,750000,750000,750000,1,1
2017-11-26,10000032,32061,7998713.97,7998713.97,7998713.97,1,1
2017-11-26,10000032,32063,31899999.86,31899999.86,31899999.86,2,2
2017-11-26,10000032,32069,275000,275000,275000,1,1
2017-11-26,10000032,32070,125000,125000,125000,1,1
2017-11-26,10000032,32071,1130101,1130101,1130101,3,3
2017-11-26,10000032,32075,22791759.55,22791759.55,22791759.55,1,1
2017-11-26,10000032,32081,469999.95,469999.95,469999.95,1,1
2017-11-26,10000032,32082,125000,125000,125000,1,1
2017-11-26,10000032,32083,2990206,2990206,2990206,2,2
2017-11-26,10000032,32087,13000000.03,13000000.03,13000000.03,1,1
2017-11-26,10000032,32090,125000,125000,125000,1,1
2017-11-26,10000032,32248,3450000,3450000,3450000,1,1
2017-11-26,10000032,32307,474722097.79,393611000,499999744.98,5,5
2017-11-26,10000032,32339,100000000,100000000,100000000,1,1
2017-11-26,10000032,32435,27130485.19,27130485.19,27130485.19,1,1
2017-11-26,10000032,32459,130,130,130,3,3
2017-11-26,10000032,32772,730228.63,336000.04,798997.77,26,15
2017-11-26,10000032,32774,84666.4,16000.01,299998.88,33,7
2017-11-26,10000032,32780,944999.98,939999.96,950000,8,7
2017-11-26,10000032,32782,1,1,1,4200,3
2017-11-26,10000032,32787,29999.69,29999.69,29999.69,434,106
2017-11-26,10000032,32797,697743.66,500000,1488718.3,10,9
2017-11-26,10000032,32819,920794.25,890830,990827.95,23,15
2017-11-26,10000032,32820,750000,750000,750000,1,1
2017-11-26,10000032,32858,608000,180000,1250000,5,5
2017-11-26,10000032,32859,50000,50000,50000,3,2
2017-11-26,10000032,32860,120000,120000,120000,2,1
2017-11-26,10000032,32861,250000,250000,250000,2,1
2017-11-26,10000032,32862,2000000,2000000,2000000,2,1
2017-11-26,10000032,32871,1800000,1800000,1800000,4,3
2017-11-26,10000032,32872,1239328.83,1100519.41,1339519.4,99,75
2017-11-26,10000032,32873,8242751,8242751,8242751,4,4
2017-11-26,10000032,32874,1305505.83,1246607,1999999.99,12,4
2017-11-26,10000032,32875,15444639.35,15444639.35,15444639.35,1,1
2017-11-26,10000032,32876,1035072.35,760001.06,1172608,6,6
2017-11-26,10000032,32878,879999.23,879998.89,879999.9,6,4
2017-11-26,10000032,32879,9996998,9996998,9996998,1,1
2017-11-26,10000032,32880,240000,200101.22,247555.54,159,129
2017-11-26,10000032,32881,4799851.85,4500000,4949777.77,3,3
2017-11-26,10000032,32918,36036.49,2365.66,40000,10,10
2017-11-26,10000032,32982,29986000,29986000,29986000,1,1
2017-11-26,10000032,32993,3.17,3.17,3.17,300,1
2017-11-26,10000032,32999,246076.06,200000,614684.54,9,9
2017-11-26,10000032,33000,333666.64,200000,600999.93,6,6
2017-11-26,10000032,33001,200000,200000,200000,5,5
2017-11-26,10000032,33002,322499.99,200000,689999.98,8,8
2017-11-26,10000032,33003,303653.91,289154,304459.46,19,7
2017-11-26,10000032,33004,4000000,4000000,4000000,2,1
2017-11-26,10000032,33005,161118.5,185,179000,10,3
2017-11-26,10000032,33006,1000000,1000000,1000000,2,1
2017-11-26,10000032,33007,108570.91,100000.69,111999,7,5
2017-11-26,10000032,33008,500000,500000,500000,1,1
2017-11-26,10000032,33009,36333.33,25000,42000,3,3
2017-11-26,10000032,33010,250000,250000,250000,2,1
2017-11-26,10000032,33011,10000,10000,10000,1,1
2017-11-26,10000032,33012,125000,125000,125000,4,3
2017-11-26,10000032,33076,225268.36,225268.36,259000,372,111
2017-11-26,10000032,33078,1123476.95,1000000,2028974.6,25,20
2017-11-26,10000032,33091,103396.26,100000,294995.28,28,11
2017-11-26,10000032,33092,170547.06,100000,299876.49,17,17
2017-11-26,10000032,33093,97945.99,81500,100000,57,44
2017-11-26,10000032,33094,148348.18,100000,294456.91,10,10
2017-11-26,10000032,33095,1416726.3,1000000,2999900,12,12
2017-11-26,10000032,33096,1290130.01,1000000,2999989.83,38,18
2017-11-26,10000032,33097,1294114.62,1000000,1999989.69,17,17
2017-11-26,10000032,33098,1000000,1000000,1000000,7,7
2017-11-26,10000032,33101,295890.18,295890.18,295890.48,113,35
2017-11-26,10000032,33103,123005.28,121008.99,130999,7,7
2017-11-26,10000032,33138,1659286.1,1090000.68,1900000,14,9
2017-11-26,10000032,33139,2550609.9,1600000.03,3271097.8,18,6
2017-11-26,10000032,33140,18605355.98,14111002.15,31899994.54,17,10
2017-11-26,10000032,33141,20782625.05,14600000.01,30301689.96,14,6
2017-11-26,10000032,33149,22000000,22000000,22000000,1,1
2017-11-26,10000032,33151,148499994.99,145000000,158999979.95,4,4
2017-11-26,10000032,33153,250000000,250000000,250000000,1,1
2017-11-26,10000032,33157,160999999,160999999,160999999,2,2
2017-11-26,10000032,33176,102782.93,50010.15,112996.95,37,30
2017-11-26,10000032,33177,600000,600000,600000,1,1
2017-11-26,10000032,33178,120805.46,53400.06,125399.91,32,23
2017-11-26,10000032,33179,600000,600000,600000,1,1
2017-11-26,10000032,33180,139553.97,139553.97,139553.97,122,81
2017-11-26,10000032,33181,600000,600000,600000,1,1
2017-11-26,10000032,33195,12604,12604,12604,1355,63
2017-11-26,10000032,33197,1479997.92,1479997.92,1479997.92,1,1
2017-11-26,10000032,33199,1302495.89,710001.55,1499994,4,4
2017-11-26,10000032,33201,1545296.25,620013.47,1728499.98,17,13
2017-11-26,10000032,33270,144365.74,50001.01,150000,7,7
2017-11-26,10000032,33272,1677493.99,1674999,1679988.97,2,2
2017-11-26,10000032,33330,8461.7,8400,8498,54,3
2017-11-26,10000032,33332,20397.5,19999.97,20397.54,856,17
2017-11-26,10000032,33334,20969.9,10000.39,24999.52,67,3
2017-11-26,10000032,33359,22205.11,22205.11,22205.11,60331,8
2017-11-26,10000032,33360,27985.99,27985.99,27985.99,500,1
2017-11-26,10000032,33361,29663.27,29663.27,29663.27,6848,3
2017-11-26,10000032,33362,33895.52,33895.52,33895.52,3910,3
2017-11-26,10000032,33393,80686657.28,66260003.89,87899983.97,3,3
2017-11-26,10000032,33394,89610988.25,89222027.58,89999948.92,2,2
2017-11-26,10000032,33399,5494994.94,5000000,5989989.88,12,12
2017-11-26,10000032,33400,6432476.42,2031021.17,7899625.16,4,4
2017-11-26,10000032,33407,39500000,39500000,39500000,2,2
2017-11-26,10000032,33440,38761.68,6101.47,59999.99,18,9
2017-11-26,10000032,33441,2001.25,2001.25,2001.25,10,8
2017-11-26,10000032,33442,4000,4000,4000,6,6
2017-11-26,10000032,33450,3056550.48,30000,3699998,32,8
2017-11-26,10000032,33466,3055.11,3055.11,3055.11,9,7
2017-11-26,10000032,33467,3049993.42,3000000,3999868.36,20,7
2017-11-26,10000032,33468,59423023.4,59000000,60495979.94,31,30
2017-11-26,10000032,33470,206988994.5,206988993,206988996,8,8
2017-11-26,10000032,33472,410266539.8,400000000,415399809.7,3,3
2017-11-26,10000032,33474,2256033.21,1888888.88,2488399,59,47
2017-11-26,10000032,33475,8999999.94,8996000,9000000,134,87
2017-11-26,10000032,33476,26000000,26000000,26000000,1,1
2017-11-26,10000032,33513,185000003.01,185000003,185000003.01,2,2
2017-11-26,10000032,33516,339999997.82,339999997.82,339999997.82,1,1
2017-11-26,10000032,33517,1000000,1000000,1000000,2,2
2017-11-26,10000032,33519,30000000,30000000,30000000,1,1
2017-11-26,10000032,33520,44999999.98,44999999.98,44999999.98,1,1
2017-11-26,10000032,33525,328999999,328999999,328999999,1,1
2017-11-26,10000032,33526,505988991.97,505988991.97,505988991.97,1,1
2017-11-26,10000032,33527,1239999999,1239999999,1239999999,1,1
2017-11-26,10000032,33528,449999999,449999999,449999999,1,1
2017-11-26,10000032,33539,1300010.66,1300010.61,1300010.68,386,24
2017-11-26,10000032,33569,199.99,199.99,199.99,700,1
2017-11-26,10000032,33571,479.96,479.96,479.96,1700,6
2017-11-26,10000032,33572,333.2,333.2,333.2,1502,6
2017-11-26,10000032,33573,424.99,424.99,424.99,1500,6
2017-11-26,10000032,33577,400000.63,400000.63,400000.63,718,19
2017-11-26,10000032,33585,39750000,39500000,39999999.99,2,2
2017-11-26,10000032,33595,40999999.98,40999999.96,40999999.99,2,2
2017-11-26,10000032,33618,50646200,47615500.01,52000000,5,4
2017-11-26,10000032,33619,121709473.91,121709473.91,121709473.91,1,1
2017-11-26,10000032,33681,99794340.79,89999999.88,105399999.7,33,12
2017-11-26,10000032,33697,38766657.46,37550000.02,39999978.98,6,5
2017-11-26,10000032,33699,99836.07,90000,100000,61,48
2017-11-26,10000032,33700,21333236.55,17000000.01,23499854.82,3,3
2017-11-26,10000032,33704,40500,40500,40500,1,1
2017-11-26,10000032,33706,2767.01,2350,5269.07,7,4
2017-11-26,10000032,33712,1395000,1395000,1395000,5,1
2017-11-26,10000032,33739,1000,1000,1000,1,1
2017-11-26,10000032,33754,100000.03,100000.03,100000.03,1,1
2017-11-26,10000032,33792,1,1,1,1,1
2017-11-26,10000032,33816,58999968.12,58999934.44,58999984.96,3,3
2017-11-26,10000032,33818,225402986.02,207015000.23,229999979.97,5,5
2017-11-26,10000032,33820,766676798.6,600050396.13,849989999.84,3,3
2017-11-26,10000032,33822,41396.89,20087.57,48499.99,12,11
2017-11-26,10000032,33824,1597529.01,1088020.69,1799999,21,15
2017-11-26,10000032,33826,31575001.51,31070003.01,32080000,2,2
2017-11-26,10000032,33842,111999999,111999999,111999999,2,1
2017-11-26,10000032,33844,97547371.38,85094793.86,109999948.9,4,2
2017-11-26,10000032,33848,115805374.32,113589962.02,116999969.92,9,9
2017-11-26,10000032,33852,100000001,100000001,100000001,1,1
2017-11-26,10000032,33856,5224579.94,4000000,8898319.77,8,8
2017-11-26,10000032,33890,840788.97,820000,840788.99,191,43
2017-11-26,10000032,33891,999999.99,999999.99,999999.99,1,1
2017-11-26,10000032,33892,3749907.23,3100000,3898844.48,59,25
2017-11-26,10000032,33894,4006956.72,3969388.6,4030383.23,21,9
2017-11-26,10000032,33896,8340353.55,8340307.94,8340389.71,19,10
2017-11-26,10000032,33898,20923288.42,20790189.3,20989837.99,6,3
2017-11-26,10000032,33899,3000000,3000000,3000000,1,1
2017-11-26,10000032,33900,36894197.45,36894197.45,36894197.45,3,2
2017-11-26,10000032,33902,119999999.98,119999999.98,119999999.98,3,1
2017-11-26,10000032,33915,295267.84,205989.03,403498.49,40,18
2017-11-26,10000032,33981,25989988.99,25989988.99,25989988.99,5,3
2017-11-26,10000032,33985,149999903.07,149999899.73,149999909.74,3,3
2017-11-26,10000032,34035,57499.99,57499.99,57499.99,1,1
2017-11-26,10000032,34133,1294017102.95,1291999990.01,1330000000,14,14
2017-11-26,10000032,34162,20001.16,20001.16,20001.16,1,1
2017-11-26,10000032,34167,485990,485990,485990,1,1
2017-11-26,10000032,34175,31003.02,31003.02,31003.02,1,1
2017-11-26,10000032,34201,320006.51,320006.22,320006.82,190,71
2017-11-26,10000032,34202,2526422.17,2500000,2649999.9,77,43
2017-11-26,10000032,34203,783011.14,783002,783011.9,332,94
2017-11-26,10000032,34204,1020411.17,1020408.67,1299898.94,298,75
2017-11-26,10000032,34205,449999.98,449999.98,449999.98,810,106
2017-11-26,10000032,34206,210001,150005.38,302001.55,490,98
2017-11-26,10000032,34207,3216666.65,3150000.02,4149999,15,13
2017-11-26,10000032,34208,3739233.74,3610003.52,4449999.97,13,12
2017-11-26,10000032,34264,3435981.98,3399969.97,3489999.99,5,2
2017-11-26,10000032,34266,990260,990260,990260,10,1
2017-11-26,10000032,34267,125000,125000,125000,1,1
2017-11-26,10000032,34268,1509181.69,1450890,1549985.87,17,10
2017-11-26,10000032,34276,13004750.33,12999999.99,13009500.68,8,3
2017-11-26,10000032,34278,11899389.99,11899389.99,11899389.99,7,3
2017-11-26,10000032,34284,3558958,3558958,3558958,2,1
2017-11-26,10000032,34292,389969.96,389969.96,389969.96,2,1
2017-11-26,10000032,34294,28499928,28499928,28499928,3,1
2017-11-26,10000032,34306,5787650.27,5748898.65,5848898.65,13,9
2017-11-26,10000032,34317,48966997.97,48966997.97,48966997.97,4,4
2017-11-26,10000032,34327,35000000,35000000,35000000,3,3
2017-11-26,10000032,34328,1386554800.2,1083948001.01,1482941999.99,5,5
2017-11-26,10000032,34354,15,15,15,1,1
2017-11-26,10000032,34357,15000000,15000000,15000000,1,1
2017-11-26,10000032,34360,100,100,100,1,1
2017-11-26,10000032,34363,81200,81200,81200,3,1
2017-11-26,10000032,34390,1222749.91,1000000,3672998.91,12,10
2017-11-26,10000032,34394,3232.33,3232.33,3232.33,1,1
2017-11-26,10000032,34416,5000000,5000000,5000000,4,1
2017-11-26,10000032,34417,107.01,107.01,107.01,1,1
2017-11-26,10000032,34418,251500.5,1,503000,2,2
2017-11-26,10000032,34419,1,1,1,1,1
2017-11-26,10000032,34420,1,1,1,1,1
2017-11-26,10000032,34421,1,1,1,1,1
2017-11-26,10000032,34422,20000.04,20000.04,20000.04,1,1
2017-11-26,10000032,34423,1,1,1,1,1
2017-11-26,10000032,34424,13000,13000,13000,1,1
2017-11-26,10000032,34425,1,1,1,1,1
2017-11-26,10000032,34426,245.4,245.4,245.4,1,1
2017-11-26,10000032,34428,1,1,1,1,1
2017-11-26,10000032,34429,1.02,1.02,1.02,1,1
2017-11-26,10000032,34430,109.01,109.01,109.01,1,1
2017-11-26,10000032,34431,1,1,1,1,1
2017-11-26,10000032,34432,1,1,1,1,1
2017-11-26,10000032,34433,1,1,1,1,1
2017-11-26,10000032,34434,1.02,1.02,1.02,1,1
2017-11-26,10000032,34435,1,1,1,1,1
2017-11-26,10000032,34436,100000,100000,100000,1,1
2017-11-26,10000032,34483,120019204.97,90038411.05,149999998.89,2,2
2017-11-26,10000032,34496,1794999.5,1789999,1800000,2,2
2017-11-26,10000032,34533,1000000,1000000,1000000,6,5
2017-11-26,10000032,34562,50399999.96,50399999.96,50399999.96,3,3
2017-11-26,10000032,34575,473833.33,468000,475000,6,4
2017-11-26,10000032,34590,136140503.75,108000100.02,137750000,18,14
2017-11-26,10000032,34595,130000000,130000000,130000000,1,1
2017-11-26,10000032,34625,2750000,2750000,2750000,1,1
2017-11-26,10000032,34746,4499784.5,4499778.99,4499790,2,2
2017-11-26,10000032,34828,50810754.16,40027020.71,57999949.89,5,5
2017-11-26,10000032,35006,267499.11,34999.22,499999,2,2
2017-11-26,10000032,35074,9000,9000,9000,2,1
2017-11-26,10000032,35434,925000,925000,925000,1,1
2017-11-26,10000032,35586,415800,20000,1999000,5,2
2017-11-26,10000032,35656,18000.33,18000.01,60499.57,203,123
2017-11-26,10000032,35657,51639.23,51639.12,51639.34,117,61
2017-11-26,10000032,35658,38499.96,9502.9,38500,302,152
2017-11-26,10000032,35659,6003.99,6003.99,49000,187,126
2017-11-26,10000032,35660,67500.01,50000,67500.01,218,64
2017-11-26,10000032,35661,363011,363011,363011,144,68
2017-11-26,10000032,35662,340005.17,340005.17,340005.17,120,50
2017-11-26,10000032,35680,1444444.44,1000000,3000000,9,7
2017-11-26,10000032,35683,51898921.95,51898904.91,51898963.99,5,5
2017-11-26,10000032,35685,1494941.09,1000000,2979764.37,8,7
2017-11-26,10000032,35695,147999990,147999990,147999990,1,1
2017-11-26,10000032,35770,173899.99,173899.99,173899.99,1,1
2017-11-26,10000032,35771,1485668.35,800018.8,1599998,21,14
2017-11-26,10000032,35774,82174.45,55.29,175000,7,7
2017-11-26,10000032,35789,1160004.68,600009.18,1999997.9,5,5
2017-11-26,10000032,35790,1804913,1269087.35,2199998.95,17,14
2017-11-26,10000032,35794,8630.4,4525,9998.8,8,5
2017-11-26,10000032,35795,25464.11,5525,30155.66,21,9
2017-11-26,10000032,35796,1500000,1500000,1500000,1,1
2017-11-26,10000032,35797,1500000,1500000,1500000,1,1
2017-11-26,10000032,35825,592249404.4,564500006.01,619998802.79,4,4
2017-11-26,10000032,35832,1038999565.97,1038999565.97,1038999565.97,1,1
2017-11-26,10000032,35835,1049999998.99,1049999998.99,1049999998.99,2,2
2017-11-26,10000032,35878,206666602.63,180000000.08,219999903.91,3,3
2017-11-26,10000032,35886,206999979.98,206999969.97,206999989.99,2,2
2017-11-26,10000032,35891,207499965.45,165000032.02,249999898.87,2,2
2017-11-26,10000032,35892,1389999999.85,1389999999.85,1389999999.85,1,1
2017-11-26,10000032,35899,30248479.1,19005438.3,35869999.5,3,3
2017-11-26,10000032,35922,45859989.96,45859989.96,45859989.96,1,1
2017-11-26,10000032,35924,109999999.92,109999999.91,109999999.92,2,2
2017-11-26,10000032,35925,81299998.99,77699999,84899998.98,2,2
2017-11-26,10000032,35940,27580000,27580000,27580000,1,1
2017-11-26,10000032,35943,31079999.98,31079999.98,31079999.98,2,1
2017-11-26,10000032,35945,38999988.9,38999988.9,38999988.9,1,1
2017-11-26,10000032,35949,31629998.98,31629998.98,31629998.98,2,1
2017-11-26,10000032,35959,10897999.99,10897999.99,10897999.99,3,2
2017-11-26,10000032,35965,7000000,7000000,7000000,1,1
2017-11-26,10000032,36393,188888888.88,188888888.88,188888888.88,1,1
2017-11-26,10000032,36435,194969.98,194969.98,194969.98,1,1
2017-11-26,10000032,36438,3499904.5,3499899,3499910,2,2
2017-11-26,10000032,36908,14999840.71,14999840.71,14999840.71,3,1
2017-11-26,10000032,36909,7998895.33,7998884.2,7998934.29,9,5
2017-11-26,10000032,36910,13205391.9,13205390.3,13205422.08,6,6
2017-11-26,10000032,36913,4500123,4500123,4500123,1,1
2017-11-26,10000032,36953,200000000,200000000,200000000,1,1
2017-11-26,10000032,37135,36413600.01,31500000.22,38398799.94,7,7
2017-11-26,10000032,37288,69000000,69000000,69000000,1,1
2017-11-26,10000032,37450,418029.36,344086.99,787741.22,12,5
2017-11-26,10000032,37451,1533635.6,850000.28,1699999,11,8
2017-11-26,10000032,37454,16999999.9,16999999.9,16999999.9,1,1
2017-11-26,10000032,37455,27000000,27000000,27000000,2,2
2017-11-26,10000032,37456,14937525.25,11000101.05,16249999.99,4,4
2017-11-26,10000032,37459,24095000,23990000,24200000,2,2
2017-11-26,10000032,37479,368190.37,339191.96,476918.7,6,5
2017-11-26,10000032,37480,87499998.29,87499997.44,87500000,3,3
2017-11-26,10000032,37481,97399939.8,97399939.8,97399939.8,1,1
2017-11-26,10000032,37482,81666666.64,75000000,84999999.97,3,3
2017-11-26,10000032,37483,101333332.9,99999999.37,103999999.95,3,3
2017-11-26,10000032,37544,4546.64,4500.6,8000,76,53
2017-11-26,10000032,37545,5125.77,0.01,5507.01,88,50
2017-11-26,10000032,37588,1000000,1000000,1000000,1,1
2017-11-26,10000032,37600,1700000.01,400000.01,3000000,2,2
2017-11-26,10000032,37608,1566200.1,1566200.1,1566200.1,151,96
2017-11-26,10000032,37610,1600000.14,1600000.14,1600000.14,172,107
2017-11-26,10000032,37611,1300002,1300001.03,1300002.02,116,82
2017-11-26,10000032,37615,20000000,20000000,20000000,5,4
2017-11-26,10000032,37624,44998479.31,44996958.62,45000000,2,2
2017-11-26,10000032,37796,5829916.13,5000000,7489748.38,6,4
2017-11-26,10000032,37797,4258433.47,550600.81,5000000,6,4
2017-11-26,10000032,37798,5874988.73,5000000,11999909.87,16,5
2017-11-26,10000032,37799,5374984.35,5000000,7999874.79,16,5
2017-11-26,10000032,37805,37989989,37989989,37989989,1,1
2017-11-26,10000032,37810,10899469.99,10899000,10899939.97,2,2
2017-11-26,10000032,37816,41799.99,41799.99,41799.99,1,1
2017-11-26,10000032,37817,10000,10000,10000,1,1
2017-11-26,10000032,37820,27984679.51,27984679.51,27984679.51,2,1
2017-11-26,10000032,37846,12994.99,12994.99,12994.99,12000,3
2017-11-26,10000032,37847,12499.98,12499.98,12499.98,12000,2
2017-11-26,10000032,37848,13820,13820,13820,2000,1
2017-11-26,10000032,37851,2489709.96,2489709.96,2489709.96,20,3
2017-11-26,10000032,37874,2000.07,2000.07,2000.07,1,1
2017-11-26,10000032,37875,1,1,1,1,1
2017-11-26,10000032,37877,1,1,1,1,1
2017-11-26,10000032,37878,37000,37000,37000,1,1
2017-11-26,10000032,37879,1,1,1,1,1
2017-11-26,10000032,37880,1,1,1,1,1
2017-11-26,10000032,37881,10008,10008,10008,2,2
2017-11-26,10000032,37883,150000.01,150000.01,150000.01,1,1
2017-11-26,10000032,37884,1,1,1,1,1
2017-11-26,10000032,37885,1,1,1,1,1
2017-11-26,10000032,37887,1,1,1,1,1
2017-11-26,10000032,37888,300000,300000,300000,1,1
2017-11-26,10000032,40328,6527253.02,4000000,9054506.04,4,4
2017-11-26,10000032,40357,166142849.99,165000000,166999989.99,7,6
2017-11-26,10000032,40519,355499948.98,353999999.99,369999866.03,198,102
2017-11-26,10000032,40520,795300000,786000500.02,809299999,268,176
2017-11-26,10000032,40556,20407173.26,16500000,22490999,23,3
2017-11-26,10000032,40558,11582603.33,11499889.25,11650000,49,6
2017-11-26,10000032,40559,10600000,10600000,10600000,12,1
2017-11-26,10000032,40572,100000000,100000000,100000000,1,1
2017-11-26,10000032,40598,7423970,7423970,7423970,1,1
2017-11-26,10000032,40690,69999799.84,69999799.84,69999799.84,1,1
2017-11-26,10000032,40716,120000000,120000000,120000000,1,1
2017-11-26,10000032,41030,1000000000.11,1000000000.1,1000000000.13,3,2
2017-11-26,10000032,41031,9900,1153.12,9900,278,83
2017-11-26,10000032,41032,5.1,5.1,5.1,144,77
2017-11-26,10000032,41033,9252.94,9003.21,14000,72,47
2017-11-26,10000032,41034,98000,51000.31,98499.99,117,80
2017-11-26,10000032,41054,505203.02,505203.02,505203.02,112,57
2017-11-26,10000032,41055,466395.9,460000.13,491007.3,76,48
2017-11-26,10000032,41056,487944.04,477000.32,498106.05,81,43
2017-11-26,10000032,41057,3404290.55,3006095.12,3444443.41,11,11
2017-11-26,10000032,41155,10340.04,3004.86,12995.88,79,28
2017-11-26,10000032,41191,34900708.01,34900708.01,34900708.01,1,1
2017-11-26,10000032,41196,12999988.98,12999988.97,12999988.98,2,2
2017-11-26,10000032,41200,249999999.44,249999999.44,249999999.44,1,1
2017-11-26,10000032,41201,312200328.59,312200328.59,312200328.59,1,1
2017-11-26,10000032,41202,300000000,300000000,300000000,1,1
2017-11-26,10000032,41212,22999984.99,22999979.98,22999989.99,2,2
2017-11-26,10000032,41215,22080036.07,17719055.35,24987353.21,5,4
2017-11-26,10000032,41218,30714650.35,23607005.45,32006953.96,13,13
2017-11-26,10000032,41220,55371013.58,55000000,59499999.5,11,10
2017-11-26,10000032,41230,1500000,1500000,1500000,1,1
2017-11-26,10000032,41324,2999.99,2999.99,2999.99,3900,1
2017-11-26,10000032,41403,41746395,41746389.99,41746400,2,2
2017-11-26,10000032,41404,43733859.98,43733859.98,43733859.98,1,1
2017-11-26,10000032,41405,27000000,27000000,27000000,1,1
2017-11-26,10000032,41406,27000000,27000000,27000000,1,1
2017-11-26,10000032,41408,45000000,45000000,45000000,1,1
2017-11-26,10000032,41411,41999949.96,41999949.96,41999949.96,1,1
2017-11-26,10000032,41415,150049999.74,49999999,183399999.99,4,2
2017-11-26,10000032,41440,226050000,226050000,226050000,1,1
2017-11-26,10000032,41478,1194000,1194000,1194000,2,1
2017-11-26,10000032,41484,350001.45,350001.45,350001.45,1,1
2017-11-26,10000032,41486,1500004.44,1500004.44,1500004.44,1,1
2017-11-26,10000032,41489,8335.6,8335.6,8335.6,937,15
2017-11-26,10000032,41490,971999.98,971999.98,971999.98,103,17
2017-11-26,10000032,41518,93999.99,93999.99,93999.99,1,1
2017-11-26,10000032,41533,49998498.14,30003500.04,59995997.19,3,3
2017-11-26,10000032,41534,109500497.7,80001001.36,138999994.04,2,2
2017-11-26,10000032,41537,250000000,250000000,250000000,1,1
2017-11-26,10000032,41579,2599999.5,950000,4249999,2,2
2017-11-26,10000032,42204,33129003.27,33000000,33500000,4,4
2017-11-26,10000032,42205,43108833.7,43108833.7,43108833.7,1,1
2017-11-26,10000032,42206,58999979.95,58999979.95,58999979.95,1,1
2017-11-26,10000032,42207,88005507.61,60011025.25,115999989.97,2,2
2017-11-26,10000032,42208,131010783,80456000.01,181565565.99,2,2
2017-11-26,10000032,42226,1949999.99,1949999.99,1949999.99,161,5
2017-11-26,10000032,42244,52416666.97,48500000.42,60250000.22,6,6
2017-11-26,10000032,42526,645161.58,150100.02,715884.92,8,8
2017-11-26,10000032,42527,1186999.96,1186999.96,1186999.96,1,1
2017-11-26,10000032,42528,406002.39,406002.39,568983,801,20
2017-11-26,10000032,42529,998967.19,998958.86,998968.86,6,5
2017-11-26,10000032,42530,623586.53,623586.53,623586.53,2,2
2017-11-26,10000032,42544,4000000,4000000,4000000,1,1
2017-11-26,10000032,42547,19999990,19999990,19999990,1,1
2017-11-26,10000032,42580,72600102.91,72600102.91,72600102.91,1,1
2017-11-26,10000032,42595,5000000,5000000,5000000,1,1
2017-11-26,10000032,42685,27995432.89,27995357.09,27995508.69,2,2
2017-11-26,10000032,42694,1578.97,1578.97,1578.97,2105,5
2017-11-26,10000032,42695,2049.93,2049.93,2049.93,24465,10
2017-11-26,10000032,42696,999.72,999.72,999.72,44104,11
2017-11-26,10000032,42700,25.01,25.01,25.01,1,1
2017-11-26,10000032,42703,37502.5,5,75000,2,2
2017-11-26,10000032,42705,666666,666666,666666,1,1
2017-11-26,10000032,42706,120050,100,240000,2,2
2017-11-26,10000032,42707,999999,999999,999999,1,1
2017-11-26,10000032,42708,1999500.5,1,3999000,2,2
2017-11-26,10000032,42709,962500,25000,1900000,2,2
2017-11-26,10000032,42718,23953.06,6.12,47900,2,2
2017-11-26,10000032,42726,450002.57,5.14,900000,2,2
2017-11-26,10000032,42733,1,1,1,1,1
2017-11-26,10000032,42739,6012500,25000,12000000,2,2
2017-11-26,10000032,42747,8999991,8999991,8999991,1,1
2017-11-26,10000032,42761,2999998.22,2999998.22,2999998.22,1,1
2017-11-26,10000032,42776,100001,100001,100001,1,1
2017-11-26,10000032,42793,14000000,14000000,14000000,1,1
2017-11-26,10000032,42796,100000.7,100000.7,100000.7,1,1
2017-11-26,10000032,42799,47500000,47500000,47500000,1,1
2017-11-26,10000032,42829,858.89,858.89,858.89,37201,20
2017-11-26,10000032,42830,999.8,999.8,999.8,59215,26
2017-11-26,10000032,42831,628.29,628.29,628.29,7701,5
2017-11-26,10000032,42832,1747.99,1747.99,1749.97,21283,10
2017-11-26,10000032,42833,609.99,609.99,609.99,12966,10
2017-11-26,10000032,42834,1788.98,1788.98,1788.98,15683,9
2017-11-26,10000032,42835,29999.99,29999.99,29999.99,252,3
2017-11-26,10000032,42836,824.66,824.66,824.66,2,1
2017-11-26,10000032,42837,1019.89,1019.89,1019.89,1002,2
2017-11-26,10000032,42838,3929.85,3929.85,3929.85,10600,4
2017-11-26,10000032,42839,4856.86,4856.86,4856.86,3200,5
2017-11-26,10000032,42840,1273.96,1273.96,1273.96,23200,6
2017-11-26,10000032,42880,16954994.96,16500000,17409989.91,2,2
2017-11-26,10000032,42881,18866235.97,16700000,19949353.95,3,3
2017-11-26,10000032,42882,19115319.69,17500000,19922979.54,3,3
2017-11-26,10000032,42883,13500000,13500000,13500000,1,1
2017-11-26,10000032,42884,13500000,13500000,13500000,2,2
2017-11-26,10000032,42885,13500000,13500000,13500000,3,3
2017-11-26,10000032,42905,46710,46710,46710,1,1
2017-11-26,10000032,42909,4499979.97,4499979.97,4499979.97,1,1
2017-11-26,10000032,43530,2499998,2499998,2499998,1,1
2017-11-26,10000032,43544,3750000.77,3750000.77,3750000.77,1,1
2017-11-26,10000032,43551,5952615.91,5947489.97,5957743.86,20,9
2017-11-26,10000032,43552,5801679.5,2810100,6399995.32,12,5
2017-11-26,10000032,43554,4255893.48,4255893.48,4255893.48,3,2
2017-11-26,10000032,43555,5935727.69,5935718.99,5935729.15,11,6
2017-11-26,10000032,43556,4491666.39,4449998.34,4500000,6,4
2017-11-26,10000032,43668,25500999.99,25500999.99,25500999.99,1,1
2017-11-26,10000032,43694,55666454.98,49090000.14,55999989.98,34,17
2017-11-26,10000032,43699,39010.63,39010.63,39010.63,5,1
2017-11-26,10000032,43700,3680893.15,1860325.78,4136035,5,4
2017-11-26,10000032,43702,125740.55,80000,240091.91,7,7
2017-11-26,10000032,43703,18000000,18000000,18000000,2,2
2017-11-26,10000032,43728,210142330.31,200000000,240569321.22,4,4
2017-11-26,10000032,43751,7777777.77,7777777.77,7777777.77,2,1
2017-11-26,10000032,43752,14985979.56,14985979.56,14985979.56,2,1
2017-11-26,10000032,43761,23000000,23000000,23000000,1,1
2017-11-26,10000032,43783,14447777,14447777,14447777,1,1
2017-11-26,10000032,43894,280000,280000,280000,5,2
2017-11-26,10000032,43896,1066666.68,460000.03,1370000,3,3
2017-11-26,10000032,43904,750000,750000,750000,1,1
2017-11-26,10000032,44109,0.01,0.01,0.01,1,1
2017-11-26,10000032,44110,10189.93,6145.47,13179.83,1100,5
2017-11-26,10000032,44114,4389999.67,2000000,5584999.5,3,3
2017-11-26,10000032,44121,1.01,1.01,1.01,1,1
2017-11-26,10000032,44124,12006.03,12006.03,12006.03,1,1
2017-11-26,10000032,44152,10000000,10000000,10000000,1,1
2017-11-26,10000032,44176,2233444.55,2233444.55,2233444.55,1,1
2017-11-26,10000032,44184,36299990.08,12600000.17,59999979.99,2,2
2017-11-26,10000032,44211,100000.5,1,200000,2,2
2017-11-26,10000032,44262,13300.04,13300.04,13300.04,100,1
2017-11-26,10000032,44267,9500.07,9500.07,9500.07,100,1
2017-11-26,10000032,44896,19999998.83,19999998.83,19999998.83,1,1
2017-11-26,10000032,44901,19990000,19990000,19990000,1,1
2017-11-26,10000032,44924,45000000,45000000,45000000,1,1
2017-11-26,10000032,44931,46500000,46500000,46500000,1,1
2017-11-26,10000032,44992,3131010.12,3125008.06,3199858,97897,275
2017-11-26,10000032,45009,222988989.97,222988989.96,222988989.97,2,2
2017-11-26,10000032,45010,154996.66,154996.66,154996.67,11,3
2017-11-26,10000032,45482,3799999.99,3799999.99,3799999.99,2,2
2017-11-26,10000032,45586,44314745.57,40130163.13,58960829.34,9,6
2017-11-26,10000032,45587,14000211.41,5500271.57,22500151.25,2,2
2017-11-26,10000032,45589,40000186.81,35000449.46,41000138.31,6,6
2017-11-26,10000032,45590,8024677.74,15000,12029516.61,3,3
2017-11-26,10000032,45591,46707221,27500060.75,53109607.76,4,4
2017-11-26,10000032,45592,59999984.97,59999979.95,59999989.99,4,4
2017-11-26,10000032,45593,12000341.01,10001033.08,12999994.98,3,3
2017-11-26,10000032,45594,37314464.54,31150651.43,39999979.96,7,7
2017-11-26,10000032,45595,33299858.66,15000225.32,51599492,2,2
2017-11-26,10000032,45596,43999749.19,43999749.19,43999749.19,1,1
2017-11-26,10000032,45597,48993291.98,48993291.98,48993291.98,1,1
2017-11-26,10000032,45599,33594157.36,23188429.13,43999885.59,2,2
2017-11-26,10000032,45601,23444495.49,16900001,29988989.97,2,2
2017-11-26,10000032,45604,25999940.91,20000126.52,28999829.68,9,9
2017-11-26,10000032,45605,39442347.6,24000187.51,54884507.69,4,4
2017-11-26,10000032,45606,51560681.7,51560681.7,51560681.7,1,1
2017-11-26,10000032,45607,39999773.72,39999757.49,39999789.95,2,2
2017-11-26,10000032,45608,46327754.4,12000192.08,54909644.2,5,5
2017-11-26,10000032,45610,12000119.61,12000119.61,12000119.61,1,1
2017-11-26,10000032,45612,30666631.8,12000033.08,39999931.16,3,3
2017-11-26,10000032,45614,33525417.64,29102051.48,34999879.72,4,4
2017-11-26,10000032,45615,15389164.41,15389164.41,15389164.41,1,1
2017-11-26,10000032,45616,40000000,40000000,40000000,2,2
2017-11-26,10000032,45617,38907165.98,25307393.41,42307106.62,5,5
2017-11-26,10000032,45618,15329799.06,11081615,17800000,8,8
2017-11-26,10000032,45619,24000475.02,24000475.02,24000475.02,1,1
2017-11-26,10000032,45621,42157983.81,42157973.78,42157993.84,2,2
2017-11-26,10000032,45622,11480417.87,11480417.87,11480417.87,1,1
2017-11-26,10000032,45623,21000000.02,21000000.02,21000000.02,1,1
2017-11-26,10000032,45624,31888581.14,31888581.14,31888581.14,1,1
2017-11-26,10000032,45625,4111841.39,4100364,4117580.09,3,3
2017-11-26,10000032,45626,35332643.63,12000001,46998964.94,3,3
2017-11-26,10000032,45628,13179315.09,11269042.91,16999859.47,3,3
2017-11-26,10000032,45629,41779863.25,23000130.54,44909808.59,7,7
2017-11-26,10000032,45630,26799989.99,26799989.99,26799989.99,1,1
2017-11-26,10000032,45632,34700046.03,29500234.21,35999998.98,5,5
2017-11-26,10000032,45633,15000112.5,15000112.5,15000112.5,1,1
2017-11-26,10000032,45635,162807868.02,161500000,163699999.99,61,53
2017-11-26,10000032,45660,20000,20000,20000,396,15
2017-11-26,10000032,45661,1377.02,1377.02,1377.02,215,13
2017-11-26,10000032,45662,1299.03,1299.02,1299.4,160,12
2017-11-26,10000032,45663,30154.01,30154,30154.57,283,16
2017-11-26,10000032,45734,1.02,1.02,1.02,1,1
2017-11-26,10000032,45737,3000000,3000000,3000000,1,1
2017-11-26,10000032,45738,1050364.17,1050364.17,1050364.17,1,1
2017-11-26,10000032,45739,200,200,200,3,3
2017-11-26,10000032,45740,100000,100000,100000,2,2
2017-11-26,10000032,45746,1444444.22,1000000,2999998.99,18,18
2017-11-26,10000032,45748,6250000,5000000,10000000,4,4
2017-11-26,10000032,45749,25000000,25000000,25000000,2,2
2017-11-26,10000032,45750,15000000,15000000,15000000,3,3
2017-11-26,10000032,45751,745248.57,2199,1488298.14,2,2
2017-11-26,10000032,45753,2199.99,2199.99,2199.99,3,2
2017-11-26,10000032,45754,21999.99,21999.99,21999.99,2,2
2017-11-26,10000032,45755,11999.99,11999.99,11999.99,3,2
2017-11-26,10000032,45756,2199.99,2199.99,2199.99,3,1
2017-11-26,10000032,45757,20000.02,20000.02,20000.02,1,1
2017-11-26,10000032,45758,2199.99,2199.99,2199.99,1,1
2017-11-26,10000032,45760,22000,22000,22000,1,1
2017-11-26,10000032,45761,400000,400000,400000,1,1
2017-11-26,10000032,45765,3149000,3149000,3149000,1,1
2017-11-26,10000032,45768,248000,248000,248000,1,1
2017-11-26,10000032,45769,25199.99,25199.99,25199.99,2,1
2017-11-26,10000032,45770,21999.99,21999.99,21999.99,1,1
2017-11-26,10000032,45774,21999.99,21999.99,21999.99,4,2
2017-11-26,10000032,45775,21999.99,21999.99,21999.99,3,3
2017-11-26,10000032,45776,21999.99,21999.99,21999.99,5,3
2017-11-26,10000032,45777,1000000.99,1000000.99,1000000.99,1,1
2017-11-26,10000032,45780,600000,600000,600000,1,1
2017-11-26,10000032,45787,21999.99,21999.99,21999.99,1,1
2017-11-26,10000032,45788,141500,21999.99,500000,4,3
2017-11-26,10000032,45789,780000,780000,780000,1,1
2017-11-26,10000032,45790,21999.99,21999.99,21999.99,1,1
2017-11-26,10000032,45791,20000,20000,20000,1,1
2017-11-26,10000032,45795,34999.99,34999.99,34999.99,1,1
2017-11-26,10000032,45797,4799999,4799999,4799999,1,1
2017-11-26,10000032,45804,21999.99,21999.99,21999.99,1,1
2017-11-26,10000032,45805,500000,500000,500000,1,1
2017-11-26,10000032,45808,20000000,20000000,20000000,1,1
2017-11-26,10000032,45810,2199.99,2199.99,2199.99,2,2
2017-11-26,10000032,45811,240000,240000,240000,1,1
2017-11-26,10000032,45812,5000.02,2000.02,19999.99,6,3
2017-11-26,10000032,45814,20000.02,20000.02,20000.02,4,2
2017-11-26,10000032,45815,1649333.33,252000,4444000,3,3
2017-11-26,10000032,45816,2199.99,2199.99,2199.99,2,2
2017-11-26,10000032,45817,20000.02,20000.02,20000.02,3,1
2017-11-26,10000032,45820,22000.14,22000.14,22000.14,1,1
2017-11-26,10000032,45821,21999.99,21999.99,21999.99,4,2
2017-11-26,10000032,45827,5000.07,5000.07,5000.07,1,1
2017-11-26,10000032,45828,25999.99,25999.99,25999.99,1,1
2017-11-26,10000032,45831,25999.99,25999.99,25999.99,2,1
2017-11-26,10000032,45833,21999.99,21999.99,21999.99,3,2
2017-11-26,10000032,45834,1255000,59999.99,2450000,4,4
2017-11-26,10000032,45835,789999,789999,789999,1,1
2017-11-26,10000032,45836,20000.02,20000.02,20000.02,1,1
2017-11-26,10000032,45837,59999.99,59999.99,59999.99,1,1
2017-11-26,10000032,45840,29999.99,29999.99,29999.99,1,1
2017-11-26,10000032,45841,21999.99,21999.99,21999.99,1,1
2017-11-26,10000032,45843,7300999.99,7300999.99,7300999.99,1,1
2017-11-26,10000032,45845,23999.99,23999.99,23999.99,1,1
2017-11-26,10000032,45846,71999.99,71999.99,71999.99,4,3
2017-11-26,10000032,45847,581332.99,21999.99,1699999,3,3
2017-11-26,10000032,45848,21999.99,21999.99,21999.99,3,3
2017-11-26,10000032,45852,2300000,2300000,2300000,2,2
2017-11-26,10000032,45854,21999.99,21999.99,21999.99,1,1
2017-11-26,10000032,45856,35800000,35800000,35800000,1,1
2017-11-26,10000032,45857,5000000,5000000,5000000,1,1
2017-11-26,10000032,45858,2009999.99,2009999.99,2009999.99,1,1
2017-11-26,10000032,45860,159623.54,159623.54,159623.54,1,1
2017-11-26,10000032,45863,73666.33,21999.99,99499.5,3,3
2017-11-26,10000032,45864,25999.99,25999.99,25999.99,1,1
2017-11-26,10000032,45869,1244987.27,5999.99,2856468.18,5,5
2017-11-26,10000032,45870,220999.99,220999.99,220999.99,1,1
2017-11-26,10000032,45871,1119.79,1119.79,1119.79,4,3
2017-11-26,10000032,45872,637499.5,50000,1224999,4,3
2017-11-26,10000032,45873,21999.99,21999.99,21999.99,1,1
2017-11-26,10000032,45874,2199.99,2199.99,2199.99,2,2
2017-11-26,10000032,45875,300000,300000,300000,1,1
2017-11-26,10000032,45876,617221.22,26333.33,1798997,3,3
2017-11-26,10000032,45877,21999.99,21999.99,21999.99,2,1
2017-11-26,10000032,45879,3432666.67,500000,4899000,3,3
2017-11-26,10000032,45880,6000000,6000000,6000000,1,1
2017-11-26,10000032,45881,21999.99,21999.99,21999.99,1,1
2017-11-26,10000032,45883,2010994.98,21999.99,3999989.97,2,2
2017-11-26,10000032,45884,21999.99,21999.99,21999.99,1,1
2017-11-26,10000032,45885,4900000,4900000,4900000,1,1
2017-11-26,10000032,45886,449998,449998,449998,1,1
2017-11-26,10000032,45887,3363000,3300000,3394500,3,3
2017-11-26,10000032,45889,22999.99,22999.99,22999.99,1,1
2017-11-26,10000032,45890,21999.99,21999.99,21999.99,2,1
2017-11-26,10000032,45893,21999.99,21999.99,21999.99,2,1
2017-11-26,10000032,45894,61000,21999.99,100000,2,2
2017-11-26,10000032,45902,100525000,2050000,198999999.99,2,2
2017-11-26,10000032,45903,5900000,5900000,5900000,1,1
2017-11-26,10000032,45904,48999999.98,48999999.98,48999999.98,1,1
2017-11-26,10000032,45905,1899998.99,1899998.99,1899998.99,1,1
2017-11-26,10000032,45906,2259999.97,120000.02,4399999.91,2,2
2017-11-26,10000032,45907,5349999.98,5349999.98,5349999.98,1,1
2017-11-26,10000032,45911,9777777,9777777,9777777,1,1
2017-11-26,10000032,45912,3263000,25999.99,6500000,2,2
2017-11-26,10000032,45913,11399998.99,11399998.99,11399998.99,1,1
2017-11-26,10000032,45918,32999.99,32999.99,32999.99,1,1
2017-11-26,10000032,45922,750000,750000,750000,1,1
2017-11-26,10000032,45924,2199.99,2199.99,2199.99,2,1
2017-11-26,10000032,45925,4000,4000,4000,1,1
2017-11-26,10000032,45927,60001,60001,60001,2,2
2017-11-26,10000032,45928,20000.44,20000.44,20000.44,1,1
2017-11-26,10000032,45931,2199.99,2199.99,2199.99,4,2
2017-11-26,10000032,45932,2199.99,2199.99,2199.99,1,1
2017-11-26,10000032,45933,251100,2199.99,500000,2,2
2017-11-26,10000032,45934,25199.99,25199.99,25199.99,5,5
2017-11-26,10000032,45935,2199.99,2199.99,2199.99,2,1
2017-11-26,10000032,45936,25999.99,25999.99,25999.99,1,1
2017-11-26,10000032,45937,2199.99,2199.99,2199.99,1,1
2017-11-26,10000032,45938,2199.99,2199.99,2199.99,3,3
2017-11-26,10000032,45941,25999.99,25999.99,25999.99,2,1
2017-11-26,10000032,45945,21999.99,21999.99,21999.99,1,1
2017-11-26,10000032,45947,311000,21999.99,600000,2,2
2017-11-26,10000032,45948,5999998.99,5999998.99,5999998.99,1,1
2017-11-26,10000032,45949,21799.99,14199.99,37000,3,2
2017-11-26,10000032,45950,26000,26000,26000,1,1
2017-11-26,10000032,45952,29999.99,29999.99,29999.99,2,1
2017-11-26,10000032,45954,21999.99,21999.99,21999.99,3,2
2017-11-26,10000032,45956,21999.99,21999.99,21999.99,2,1
2017-11-26,10000032,45957,500000,180000,1140000,3,3
2017-11-26,10000032,45959,21999.99,21999.99,21999.99,1,1
2017-11-26,10000032,45960,31999.99,31999.99,31999.99,1,1
2017-11-26,10000032,45961,22999.99,22999.99,22999.99,1,1
2017-11-26,10000032,45965,2300000,2300000,2300000,1,1
2017-11-26,10000032,45967,41999.99,41999.99,41999.99,1,1
2017-11-26,10000032,45969,461000,21999.99,900000,2,2
2017-11-26,10000032,45972,15800000,15800000,15800000,1,1
2017-11-26,10000032,45973,21999.99,21999.99,21999.99,1,1
2017-11-26,10000032,45975,25999.99,25999.99,25999.99,1,1
2017-11-26,10000032,45982,61700300,61700300,61700300,1,1
2017-11-26,10000032,45983,29999.99,29999.99,29999.99,1,1
2017-11-26,10000032,45986,25199.99,25199.99,25199.99,1,1
2017-11-26,10000032,45987,4800000,4800000,4800000,1,1
2017-11-26,10000032,45996,283334.04,250002,399999,48,23
2017-11-26,10000032,45997,78939999.99,78939999.99,78939999.99,1,1
2017-11-26,10000032,45998,2054732.37,1503103,2498999,16,9
2017-11-26,10000032,45999,8654375,8000000,8872500,8,4
2017-11-26,10000032,46000,35559598,34999999.99,40994995,5,5
2017-11-26,10000032,46001,539999.8,539999.8,539999.8,171,11
2017-11-26,10000032,46002,3315002.76,1360013.03,3999999,8,7
2017-11-26,10000032,46003,15406503.95,12313013.42,18499994.48,4,4
2017-11-26,10000032,46004,513974.69,333941.04,648999.93,7,6
2017-11-26,10000032,46005,4499999,4499998.99,4499999,3,2
2017-11-26,10000032,46006,9400001.02,9400001.02,9400001.02,2,1
2017-11-26,10000032,46008,6149000,4999999.99,6293900,270,168
2017-11-26,10000032,46050,1100000,1100000,1100000,119,7
2017-11-26,10000032,46152,10000000,10000000,10000000,3,3
2017-11-26,10000032,46153,15000000,15000000,15000000,2,2
2017-11-26,10000032,46154,20000000,20000000,20000000,2,2
2017-11-26,10000032,46155,28333333.33,25000000,35000000,3,3
2017-11-26,10000032,46156,30000000,30000000,30000000,3,3
2017-11-26,10000032,46163,23145239,23145239,23145239,1,1
2017-11-26,10000032,46166,9900000,9900000,9900000,1,1
2017-11-26,10000032,46170,9900000,9900000,9900000,1,1
2017-11-26,10000032,46208,20000000,20000000,20000000,1,1
2017-11-26,10000032,46213,18900000,18900000,18900000,1,1
2017-11-26,10000032,46214,20000000,20000000,20000000,1,1
2017-11-26,10000032,46215,20000000,20000000,20000000,1,1
2017-11-26,10000032,46217,20000000,20000000,20000000,11,2
2017-11-26,10000032,46270,600000,600000,600000,1,1
2017-11-26,10000032,46350,10000000,10000000,10000000,1,1
2017-11-26,10000032,46352,10000000,10000000,10000000,1,1
2017-11-26,10000032,46355,600000,600000,600000,12,1
2017-11-26,10000032,46356,2700000,2700000,2700000,2,1
2017-11-26,10000032,46357,10000000,10000000,10000000,1,1
2017-11-26,10000032,46359,10000000,10000000,10000000,1,1
2017-11-26,10000032,46361,10000000,10000000,10000000,1,1
2017-11-26,10000032,46367,625000,625000,625000,10,1
2017-11-26,10000032,46369,447192.31,320000,650000,26,3
2017-11-26,10000032,46371,675000,675000,675000,10,1
2017-11-26,10000032,46634,3150000000,3150000000,3150000000,1,1
2017-11-26,10000032,46707,2990000,2990000,2990000,1,1
2017-11-26,10000032,46708,4200000.01,4200000.01,4200000.01,1,1
2017-11-26,10000032,46717,23599999.93,22420000,23994999.89,4,4
2017-11-26,10000032,46718,29090334.68,23011004.05,35000000,6,6
2017-11-26,10000032,46722,2268147.33,1852221,3100000,3,2
2017-11-26,10000032,46723,5566666.99,4569999.99,7560001,3,3
2017-11-26,10000032,47029,101285900.05,85030001,121798897.67,11,9
2017-11-26,10000032,47030,600000000,600000000,600000000,2,2
2017-11-26,10000033,18,58.06,58.06,58.06,4121815,69
2017-11-26,10000033,19,501.07,501.07,501.07,84,2
2017-11-26,10000033,20,181,181,343,355111,26
2017-11-26,10000033,21,360.01,360.01,360.01,44,1
2017-11-26,10000033,22,0.99,0.99,0.99,46,1
2017-11-26,10000033,34,3.9,3.5,4.42,56926902,162
2017-11-26,10000033,35,5.13,5.13,5.13,32547509,113
2017-11-26,10000033,36,57.6,54.01,60.25,4070542,98
2017-11-26,10000033,37,46.69,46.69,46.69,3607001,78
2017-11-26,10000033,38,300,300,300,175776,70
2017-11-26,10000033,39,1199.98,1199.98,1199.98,13390,39
2017-11-26,10000033,40,1002,1002,1002,29161,36
2017-11-26,10000033,41,14.03,14.03,14.03,47144,2
2017-11-26,10000033,42,400.01,400.01,400.01,47,1
2017-11-26,10000033,43,313.89,313.88,358.98,497684,18
2017-11-26,10000033,44,9500.11,9500.11,9500.11,10896,1
2017-11-26,10000033,45,47.72,25.01,93.15,60,4
2017-11-26,10000033,178,1.01,1.01,1.01,900,9
2017-11-26,10000033,179,0.01,0.01,0.01,2199,6
2017-11-26,10000033,180,7.03,7.03,7.03,100,1
2017-11-26,10000033,181,1.16,1.16,1.16,4507,6
2017-11-26,10000033,182,18,18,18,10600,7
2017-11-26,10000033,183,12.93,12.93,12.93,51100,10
2017-11-26,10000033,184,16.99,16.99,16.99,5700,8
2017-11-26,10000033,185,14.2,14.2,14.2,1100,7
2017-11-26,10000033,186,3.35,3.35,3.35,4816,6
2017-11-26,10000033,187,1,1,1,800,2
2017-11-26,10000033,188,0.01,0.01,0.01,900,4
2017-11-26,10000033,189,17.77,17.77,17.77,1100,4
2017-11-26,10000033,190,49.35,49.35,49.35,3700,3
2017-11-26,10000033,191,74,74,74,5800,5
2017-11-26,10000033,192,78.53,78.53,78.53,26560,8
2017-11-26,10000033,193,67.48,67.48,67.48,5900,5
2017-11-26,10000033,194,3,3,3,2400,2
2017-11-26,10000033,195,99,99,99,21100,2
2017-11-26,10000033,196,5,5,5,1300,1
2017-11-26,10000033,197,5,5,5,1500,1
2017-11-26,10000033,198,170,170,170,8406,2
2017-11-26,10000033,199,13.03,13.03,13.03,300,2
2017-11-26,10000033,200,208.1,208.1,208.1,6200,2
2017-11-26,10000033,201,246.38,246.38,246.38,2600,2
2017-11-26,10000033,202,285,285,285,181700,5
2017-11-26,10000033,203,203.57,203.57,206.79,23300,6
2017-11-26,10000033,204,666,666,666,1201000,12
2017-11-26,10000033,205,199.9,199.9,199.9,247067,2
2017-11-26,10000033,206,47.31,47.31,47.31,6500,5
2017-11-26,10000033,207,26.18,26.18,26.18,4469,6
2017-11-26,10000033,208,60,56,62.5,9798,13
2017-11-26,10000033,209,50,47,50,109494,17
2017-11-26,10000033,210,12,12,12,59290,25
2017-11-26,10000033,211,9.2,8,9.93,127018,28
2017-11-26,10000033,212,15,2.08,17.98,6448,19
2017-11-26,10000033,213,10.56,10.56,10.56,24444,10
2017-11-26,10000033,215,3.11,3.11,3.11,49163,24
2017-11-26,10000033,216,9.6,9.6,9.6,28323,20
2017-11-26,10000033,217,6.31,6.31,6.31,155804,24
2017-11-26,10000033,218,6.5,6.5,6.5,72365,22
2017-11-26,10000033,219,12.46,12.46,12.46,7623,13
2017-11-26,10000033,220,1.11,1.11,1.11,2583,22
2017-11-26,10000033,221,8.48,8.48,8.48,21973,11
2017-11-26,10000033,222,16.95,16.95,16.95,152012,50
2017-11-26,10000033,223,5.99,5.99,5.99,701,7
2017-11-26,10000033,224,29.95,29.95,29.95,3500,5
2017-11-26,10000033,225,50,50,50,819,5
2017-11-26,10000033,226,44.44,44.44,44.44,10500,6
2017-11-26,10000033,227,6.52,6.52,6.52,248,3
2017-11-26,10000033,228,5.01,5.01,5.01,421,5
2017-11-26,10000033,229,6.58,6.58,6.58,600,6
2017-11-26,10000033,230,56,53,59.99,53567,14
2017-11-26,10000033,231,63,63,63,4100,2
2017-11-26,10000033,232,5.01,5.01,5.01,100,1
2017-11-26,10000033,233,8.01,8.01,8.01,300,3
2017-11-26,10000033,234,117.91,117.91,117.91,4100,2
2017-11-26,10000033,235,10.25,10.25,10.25,100,1
2017-11-26,10000033,236,130,130,130,17500,2
2017-11-26,10000033,238,175,175,175,61600,5
2017-11-26,10000033,239,1,1,1,6,5
2017-11-26,10000033,241,23,23,23,1,1
2017-11-26,10000033,242,1,1,1,7,3
2017-11-26,10000033,243,1.25,1.25,1.25,5,3
2017-11-26,10000033,244,1313.25,26.5,2600,6,4
2017-11-26,10000033,245,1.21,1.21,1.21,8,7
2017-11-26,10000033,254,103.89,103.89,103.89,1,1
2017-11-26,10000033,262,0.01,0.01,0.01,1,1
2017-11-26,10000033,264,500.8,500.8,500.8,136,2
2017-11-26,10000033,266,1.66,1.66,1.66,14200,12
2017-11-26,10000033,267,11.01,11.01,11.01,100,1
2017-11-26,10000033,269,1,1,1,678,6
2017-11-26,10000033,377,10000,10000,10000,2,1
2017-11-26,10000033,380,270595.41,0.99,676487.04,5,4
2017-11-26,10000033,393,17277.08,11000,19000,4,4
2017-11-26,10000033,394,358199.41,0.99,425000,5,5
2017-11-26,10000033,399,61150.32,48300.63,74000,2,2
2017-11-26,10000033,400,435999.6,0.99,469999.01,5,5
2017-11-26,10000033,434,96357.17,34000.09,136000,7,7
2017-11-26,10000033,438,3433332.65,3399998.98,3500000,3,2
2017-11-26,10000033,439,30950.53,9500,65000,12,8
2017-11-26,10000033,442,259598.33,259598.33,259598.33,1,1
2017-11-26,10000033,444,17037,5092.5,25000,5,5
2017-11-26,10000033,447,77776.99,77776.99,77776.99,1,1
2017-11-26,10000033,448,2120596.75,2091194,2399999.99,4,4
2017-11-26,10000033,482,1238147.45,1180000,1999987.32,27,14
2017-11-26,10000033,483,16405.41,14999.99,65000,37,17
2017-11-26,10000033,485,31999.95,31999.95,31999.95,4,1
2017-11-26,10000033,491,190000,190000,190000,4,1
2017-11-26,10000033,499,10862.87,10250,14545.54,20,7
2017-11-26,10000033,501,19222.29,1000.12,42000,9,3
2017-11-26,10000033,519,1109431,382686.01,1500000,11,10
2017-11-26,10000033,523,30000,30000,30000,2,2
2017-11-26,10000033,524,34833.33,34833.33,34833.33,1,1
2017-11-26,10000033,526,43333.33,40000,50000,3,2
2017-11-26,10000033,527,989750.64,309002.57,1275000,4,4
2017-11-26,10000033,561,14997.72,14997.54,14998,10,4
2017-11-26,10000033,564,56000,28500,75000,16,3
2017-11-26,10000033,565,89000,89000,89000,9,2
2017-11-26,10000033,569,249999,249999,249999,4,2
2017-11-26,10000033,570,295000,295000,295000,5,1
2017-11-26,10000033,574,2800000.1,2800000.1,2800000.1,4,1
2017-11-26,10000033,578,54397.43,15409.02,90157.5,12,10
2017-11-26,10000033,580,30000,30000,30000,3,3
2017-11-26,10000033,582,195166.67,76000,220000,6,6
2017-11-26,10000033,583,446166.67,270000,480000,18,7
2017-11-26,10000033,584,324900,324900,324900,1,1
2017-11-26,10000033,586,499999,499999,499999,1,1
2017-11-26,10000033,587,270000.01,160000,325000.01,3,3
2017-11-26,10000033,588,142.14,142.14,142.14,1,1
2017-11-26,10000033,589,167833.32,119000,200000,6,4
2017-11-26,10000033,590,350000,350000,350000,1,1
2017-11-26,10000033,591,400000,400000,400000,1,1
2017-11-26,10000033,592,178980,35000,200000,5,5
2017-11-26,10000033,593,290541.18,140000,305000,34,8
2017-11-26,10000033,594,357500,350000,360000,4,4
2017-11-26,10000033,598,218000,76000,360000,2,2
2017-11-26,10000033,601,728.48,101.33,7000,11,11
2017-11-26,10000033,602,273100,193000,290000,5,4
2017-11-26,10000033,603,449999.66,399998.98,475000,3,3
2017-11-26,10000033,605,453249.99,406500,499999.98,4,4
2017-11-26,10000033,606,173.13,173.13,173.13,5,5
2017-11-26,10000033,607,405816.67,90000,557500,6,6
2017-11-26,10000033,608,220000.01,115000.01,430000,3,3
2017-11-26,10000033,609,90000,90000,90000,1,1
2017-11-26,10000033,620,8499999.99,8499999.99,8499999.99,1,1
2017-11-26,10000033,621,9674750,9350000,9999500,4,4
2017-11-26,10000033,622,9750000,9750000,9750000,1,1
2017-11-26,10000033,623,9539999.79,4000000,10974999.99,5,5
2017-11-26,10000033,626,9762500,9500000,9775000,4,4
2017-11-26,10000033,627,10400006,10400006,10400006,1,1
2017-11-26,10000033,632,12098247,12098247,12098247,1,1
2017-11-26,10000033,638,162333334.07,145000002.22,171000000,3,3
2017-11-26,10000033,640,70000000.6,70000000.6,70000000.6,1,1
2017-11-26,10000033,641,175000000,175000000,175000000,1,1
2017-11-26,10000033,642,199999999.97,199999999.97,199999999.97,1,1
2017-11-26,10000033,648,766000.2,700000,965000,5,5
2017-11-26,10000033,649,1290111,1193499.5,1499999.96,9,8
2017-11-26,10000033,650,577500.27,495000,660000.53,2,2
2017-11-26,10000033,651,910000.05,900000,920000.1,2,2
2017-11-26,10000033,652,2199999.95,2199999.95,2199999.95,1,1
2017-11-26,10000033,653,1420000,1420000,1420000,1,1
2017-11-26,10000033,654,1699999.95,1699999.95,1699999.95,1,1
2017-11-26,10000033,655,1180004.01,1110003.01,1320006.02,3,3
2017-11-26,10000033,656,1401666.67,1325000,1555000,3,3
2017-11-26,10000033,657,1815265,1772897.5,1899999.99,3,3
2017-11-26,10000033,672,26100,26100,26100,245,42
2017-11-26,10000033,683,2550000,2550000,2550000,2,2
2017-11-26,10000033,684,2150000,2150000,2150000,2,2
2017-11-26,10000033,685,2350000,2350000,2350000,2,2
2017-11-26,10000033,686,80500000,80500000,80500000,1,1
2017-11-26,10000033,687,82500000,82500000,82500000,3,3
2017-11-26,10000033,785,92720,92720,92720,1,1
2017-11-26,10000033,786,60000,60000,60000,2,2
2017-11-26,10000033,803,5000000,5000000,5000000,2,2
2017-11-26,10000033,804,3000000,3000000,3000000,2,2
2017-11-26,10000033,805,4000000,4000000,4000000,2,2
2017-11-26,10000033,806,2500000,2500000,2500000,1,1
2017-11-26,10000033,807,700000,700000,700000,4,4
2017-11-26,10000033,808,900000,900000,900000,6,6
2017-11-26,10000033,809,800000,800000,800000,5,5
2017-11-26,10000033,810,750000,750000,750000,3,3
2017-11-26,10000033,811,150000,150000,150000,6,6
2017-11-26,10000033,812,160000,160000,160000,6,5
2017-11-26,10000033,813,180000,180000,180000,5,4
2017-11-26,10000033,814,140000,140000,140000,2,2
2017-11-26,10000033,949,2850000,2850000,2850000,1,1
2017-11-26,10000033,950,2850000,2850000,2850000,1,1
2017-11-26,10000033,952,2750000,2750000,2750000,2,2
2017-11-26,10000033,967,50000,50000,50000,2,2
2017-11-26,10000033,968,83500000,83500000,83500000,1,1
2017-11-26,10000033,977,81500000,81500000,81500000,1,1
2017-11-26,10000033,983,3487500,3487500,3487500,2,1
2017-11-26,10000033,992,17000000,17000000,17000000,1,1
2017-11-26,10000033,1010,49920,49920,49920,1,1
2017-11-26,10000033,1026,87360,87360,87360,2,2
2017-11-26,10000033,1067,316360,316360,316360,1,1
2017-11-26,10000033,1072,64500,64500,64500,1,1
2017-11-26,10000033,1129,750000,750000,750000,1,1
2017-11-26,10000033,1137,100000,100000,100000,1,1
2017-11-26,10000033,1140,150000,150000,150000,1,1
2017-11-26,10000033,1145,400000,400000,400000,1,1
2017-11-26,10000033,1178,100000,100000,100000,1,1
2017-11-26,10000033,1179,250000,250000,250000,1,1
2017-11-26,10000033,1182,26200,26000,50000,5,5
2017-11-26,10000033,1183,380999.5,182000.02,579998.98,2,2
2017-11-26,10000033,1185,17000,17000,17000,3,2
2017-11-26,10000033,1195,89000,89000,89000,1,1
2017-11-26,10000033,1201,60000,60000,60000,5,1
2017-11-26,10000033,1214,5000000,5000000,5000000,1,1
2017-11-26,10000033,1216,180000,180000,180000,1,1
2017-11-26,10000033,1220,45000,45000,45000,2,2
2017-11-26,10000033,1221,9000000,9000000,9000000,1,1
2017-11-26,10000033,1224,46.86,46.86,46.86,14440959,60
2017-11-26,10000033,1225,102.41,102.41,102.41,93,2
2017-11-26,10000033,1226,220,220,220,29751,8
2017-11-26,10000033,1227,57.01,57.01,57.01,280399,19
2017-11-26,10000033,1228,17.9,17.9,17.9,5118636,33
2017-11-26,10000033,1229,977.33,951.08,988.1,55,2
2017-11-26,10000033,1230,12.11,12.11,12.11,11227519,46
2017-11-26,10000033,1231,531.15,531.15,531.15,1971,3
2017-11-26,10000033,1236,899998.96,899998.96,899998.96,1,1
2017-11-26,10000033,1244,12000,12000,12000,1,1
2017-11-26,10000033,1248,1744999.5,1039999,2450000,2,2
2017-11-26,10000033,1276,199998.88,199998.88,199998.88,2,1
2017-11-26,10000033,1306,439000,349000,484000,3,2
2017-11-26,10000033,1317,2928.85,1111.36,3000,71,34
2017-11-26,10000033,1319,812389.5,750000,1174897,40,17
2017-11-26,10000033,1335,467377.19,395000,598998.98,5,3
2017-11-26,10000033,1353,40000,40000,40000,1,1
2017-11-26,10000033,1355,842999.33,839999,849000,3,2
2017-11-26,10000033,1403,25000,25000,25000,7,3
2017-11-26,10000033,1405,918929.77,795000,999986.99,42,17
2017-11-26,10000033,1422,2119000,795000,2450000,5,3
2017-11-26,10000033,1447,787499.17,775000,789999,12,2
2017-11-26,10000033,1539,10775.25,101,15000,4,4
2017-11-26,10000033,1541,1808333.27,1274999.87,2499999.99,9,4
2017-11-26,10000033,1810,24.97,24.97,24.97,3400,5
2017-11-26,10000033,1814,6,6,6,23242,4
2017-11-26,10000033,1815,140000,140000,140000,1,1
2017-11-26,10000033,1816,9.91,9.91,9.91,100,1
2017-11-26,10000033,1817,160000,160000,160000,1,1
2017-11-26,10000033,1818,65.21,65.21,65.21,8000,2
2017-11-26,10000033,1820,4,4,4,600,3
2017-11-26,10000033,1822,2,2,2,700,5
2017-11-26,10000033,1824,9,9,9,500,3
2017-11-26,10000033,1826,350,350,350,1100,2
2017-11-26,10000033,1828,10,10,10,500,1
2017-11-26,10000033,1832,82.5,82.5,82.5,300,2
2017-11-26,10000033,1855,1999999.01,1999999.01,1999999.01,1,1
2017-11-26,10000033,1876,90000,90000,90000,1,1
2017-11-26,10000033,1944,1650000.06,400000.11,2900000,2,2
2017-11-26,10000033,1952,796000.2,296000.27,1796000.07,3,2
2017-11-26,10000033,1973,45000,40000,55000,6,4
2017-11-26,10000033,1978,1495000,1495000,1495000,1,1
2017-11-26,10000033,1998,49999.98,49999.98,49999.98,1,1
2017-11-26,10000033,1999,1199999.99,1199999.99,1199999.99,1,1
2017-11-26,10000033,2032,670261.64,594998.98,699998,19,6
2017-11-26,10000033,2038,4999999.98,4999999.98,4999999.98,1,1
2017-11-26,10000033,2046,14166.67,10000,35000,12,11
2017-11-26,10000033,2048,661961.15,649000,799975.57,30,27
2017-11-26,10000033,2173,28695.36,25000,44000,14,4
2017-11-26,10000033,2183,25710.29,11676.4,55000,41,14
2017-11-26,10000033,2185,1000166.96,999999.99,1299999.98,24,5
2017-11-26,10000033,2193,74999,74999,74999,1010,1
2017-11-26,10000033,2194,6000000,6000000,6000000,2,2
2017-11-26,10000033,2203,1892.51,1048.63,2200,67,18
2017-11-26,10000033,2204,200000,200000,200000,1,1
2017-11-26,10000033,2205,424997,424899,424997.99,106,16
2017-11-26,10000033,2254,81000,81000,81000,38,4
2017-11-26,10000033,2267,1.44,1.44,1.44,2223,1
2017-11-26,10000033,2281,3297595.75,1515574.69,3499999.99,24,18
2017-11-26,10000033,2290,750000,750000,750000,1,1
2017-11-26,10000033,2292,750000,750000,750000,2,2
2017-11-26,10000033,2293,10500.01,10500.01,10500.01,1,1
2017-11-26,10000033,2294,750000,750000,750000,1,1
2017-11-26,10000033,2296,750000,750000,750000,1,1
2017-11-26,10000033,2297,3499999.98,3499999.98,3499999.98,3,3
2017-11-26,10000033,2299,2345783.76,1962349.98,3999999.98,6,6
2017-11-26,10000033,2301,1818635.39,250005,2149999,5,3
2017-11-26,10000033,2303,2175001.86,350003.73,3999999.98,2,2
2017-11-26,10000033,2310,0.38,0.38,0.38,50000,1
2017-11-26,10000033,2317,7000.01,7000.01,7000.01,110,1
2017-11-26,10000033,2331,153333.33,153333.33,153333.33,1,1
2017-11-26,10000033,2333,1241870.25,947493.84,2124999.49,8,8
2017-11-26,10000033,2341,750000,750000,750000,1,1
2017-11-26,10000033,2363,50000,50000,50000,1,1
2017-11-26,10000033,2364,1290000,1290000,1290000,3,1
2017-11-26,10000033,2366,130000,130000,130000,100,1
2017-11-26,10000033,2367,130000,130000,130000,492,1
2017-11-26,10000033,2389,425.14,425.14,425.14,31140,2
2017-11-26,10000033,2396,350,350,350,920,1
2017-11-26,10000033,2399,650,650,650,30820,2
2017-11-26,10000033,2400,424.99,424.99,424.99,13734,2
2017-11-26,10000033,2401,650.1,650.1,650.1,7180,1
2017-11-26,10000033,2403,7500000,7500000,7500000,3,3
2017-11-26,10000033,2404,1347058.4,1240000,1499998.98,17,2
2017-11-26,10000033,2406,1000000,1000000,1000000,2,2
2017-11-26,10000033,2410,1600000,1600000,1600000,13,2
2017-11-26,10000033,2420,4500000,4500000,4500000,3,1
2017-11-26,10000033,2436,2481667.24,2044998.98,2700001.37,6,2
2017-11-26,10000033,2444,70000,70000,70000,8,1
2017-11-26,10000033,2446,2320000,2140000,2500000,4,2
2017-11-26,10000033,2454,3500,3490,5000,339,67
2017-11-26,10000033,2456,419999.99,400000,480000,165,31
2017-11-26,10000033,2464,3199.98,3199.98,3199.98,178,32
2017-11-26,10000033,2466,523300.21,494000,650000,83,15
2017-11-26,10000033,2477,4000000,4000000,4000000,1,1
2017-11-26,10000033,2478,2199999,2199999,2199999,2,1
2017-11-26,10000033,2486,11850.73,3419.75,60000,77,19
2017-11-26,10000033,2488,488999,460000,494000,109,20
2017-11-26,10000033,2495,500000,500000,500000,5,5
2017-11-26,10000033,2505,500000,500000,500000,2,2
2017-11-26,10000033,2507,7000000,7000000,7000000,1,1
2017-11-26,10000033,2510,375,375,375,2184,1
2017-11-26,10000033,2511,8000000,8000000,8000000,1,1
2017-11-26,10000033,2512,0.16,0.16,0.16,1200,10
2017-11-26,10000033,2513,35000,35000,35000,1,1
2017-11-26,10000033,2514,4.9,4.9,4.9,11900,9
2017-11-26,10000033,2515,40000,40000,40000,2,2
2017-11-26,10000033,2516,1,1,1,800,8
2017-11-26,10000033,2524,81000.01,81000,81000.01,39,5
2017-11-26,10000033,2525,81000,81000,81000,36,3
2017-11-26,10000033,2533,81000,81000,81000,35,2
2017-11-26,10000033,2534,77143.33,10,81000,42,7
2017-11-26,10000033,2537,55000,55000,55000,1,1
2017-11-26,10000033,2539,1656749.13,979499,1999999.01,8,7
2017-11-26,10000033,2545,75000,75000,75000,1,1
2017-11-26,10000033,2547,1212499.49,1174998.98,1249999.99,2,2
2017-11-26,10000033,2549,81000,81000,81000,36,3
2017-11-26,10000033,2550,81000,81000,81000,36,4
2017-11-26,10000033,2551,81000,81000,81000,36,3
2017-11-26,10000033,2553,1750555.43,1327499.44,1850000,9,7
2017-11-26,10000033,2563,2024990.98,2024990.98,2024990.98,1,1
2017-11-26,10000033,2603,9500,9500,9500,1,1
2017-11-26,10000033,2605,466166.46,394000,499999,18,11
2017-11-26,10000033,2621,750,750,750,12869,4
2017-11-26,10000033,2629,549.99,549.99,549.99,89176,11
2017-11-26,10000033,2655,398,398,398,200,1
2017-11-26,10000033,2679,220,220,220,10000,1
2017-11-26,10000033,2817,199.99,199.99,199.99,3200,2
2017-11-26,10000033,2873,749999.99,749999.99,749999.99,5,1
2017-11-26,10000033,2876,2044526.42,2044526.42,2044526.42,9,1
2017-11-26,10000033,2881,659999,659999,659999,5,1
2017-11-26,10000033,2905,695000,695000,695000,1,1
2017-11-26,10000033,2961,7734806.35,7292818.59,7999999,8,3
2017-11-26,10000033,2969,2494999,2494999,2494999,7,3
2017-11-26,10000033,2998,68000002.34,68000002.34,68000002.34,1,1
2017-11-26,10000033,3057,4999994.99,4999994.99,4999994.99,44,3
2017-11-26,10000033,3074,961250,950000,995000,4,2
2017-11-26,10000033,3162,799998.85,799998.85,799998.85,5,1
2017-11-26,10000033,3178,1000000,1000000,1000000,2,1
2017-11-26,10000033,3184,1600000,1600000,1600000,6,6
2017-11-26,10000033,3242,39999.99,39999.99,39999.99,1,1
2017-11-26,10000033,3244,1305042.51,500204.29,1695000,7,4
2017-11-26,10000033,3256,10899998.12,10899998.12,10899998.12,1,1
2017-11-26,10000033,3265,7221149.75,7221149.75,7221149.75,1,1
2017-11-26,10000033,3297,10000,10000,10000,1,1
2017-11-26,10000033,3301,20000,20000,20000,2,2
2017-11-26,10000033,3302,20000,20000,20000,3,3
2017-11-26,10000033,3303,20000,20000,20000,19,5
2017-11-26,10000033,3304,100000,100000,100000,8,8
2017-11-26,10000033,3305,100000,100000,100000,2,2
2017-11-26,10000033,3306,100000,100000,100000,16,2
2017-11-26,10000033,3307,2000000,2000000,2000000,2,2
2017-11-26,10000033,3308,2000000,2000000,2000000,2,2
2017-11-26,10000033,3309,2000000,2000000,2000000,16,2
2017-11-26,10000033,3310,40000,40000,40000,2,2
2017-11-26,10000033,3311,80000,80000,80000,3,3
2017-11-26,10000033,3312,60000,60000,60000,1,1
2017-11-26,10000033,3315,1000000,1000000,1000000,3,3
2017-11-26,10000033,3316,70000,70000,70000,5,5
2017-11-26,10000033,3317,100000,100000,100000,3,3
2017-11-26,10000033,3318,80000,80000,80000,3,3
2017-11-26,10000033,3319,20000,20000,20000,2,2
2017-11-26,10000033,3320,10000,10000,10000,9,9
2017-11-26,10000033,3321,20000,20000,20000,10,10
2017-11-26,10000033,3322,25000,25000,25000,4,4
2017-11-26,10000033,3323,30000,30000,30000,6,6
2017-11-26,10000033,3324,100000,100000,100000,11,11
2017-11-26,10000033,3325,400000,400000,400000,2,2
2017-11-26,10000033,3326,350000,350000,350000,4,4
2017-11-26,10000033,3327,20000,20000,20000,1,1
2017-11-26,10000033,3328,40000,40000,40000,6,6
2017-11-26,10000033,3329,40000,40000,40000,8,8
2017-11-26,10000033,3330,40000,40000,40000,4,4
2017-11-26,10000033,3331,40000,40000,40000,23,9
2017-11-26,10000033,3332,500000,500000,500000,10,10
2017-11-26,10000033,3333,500000,500000,500000,7,7
2017-11-26,10000033,3334,500000,500000,500000,9,9
2017-11-26,10000033,3335,500000,500000,500000,21,7
2017-11-26,10000033,3336,4000000,4000000,4000000,6,6
2017-11-26,10000033,3337,4000000,4000000,4000000,6,6
2017-11-26,10000033,3338,3334005.5,4032.99,4000000,6,6
2017-11-26,10000033,3339,4000000,4000000,4000000,3,3
2017-11-26,10000033,3340,300000,300000,300000,4,4
2017-11-26,10000033,3341,300000,300000,300000,4,4
2017-11-26,10000033,3342,300000,300000,300000,5,5
2017-11-26,10000033,3343,300000,300000,300000,3,3
2017-11-26,10000033,3348,20000,20000,20000,6,6
2017-11-26,10000033,3349,75000,75000,75000,2,2
2017-11-26,10000033,3350,100000,100000,100000,5,5
2017-11-26,10000033,3351,400000,400000,400000,2,2
2017-11-26,10000033,3354,2500000,2500000,2500000,2,2
2017-11-26,10000033,3355,20078.13,20000,20312.5,8,8
2017-11-26,10000033,3356,60000,60000,60000,6,6
2017-11-26,10000033,3357,180000,180000,180000,6,6
2017-11-26,10000033,3358,100000,100000,100000,1,1
2017-11-26,10000033,3359,205555.56,200000,250000,9,9
2017-11-26,10000033,3361,200000,200000,200000,6,6
2017-11-26,10000033,3363,20000,20000,20000,7,7
2017-11-26,10000033,3380,20000,20000,20000,2,2
2017-11-26,10000033,3385,50009.26,50000,50092.59,10,10
2017-11-26,10000033,3387,150000,150000,150000,10,10
2017-11-26,10000033,3388,250000,250000,250000,4,4
2017-11-26,10000033,3389,280000,280000,280000,4,4
2017-11-26,10000033,3393,30000,30000,30000,3,3
2017-11-26,10000033,3394,60000,60000,60000,2,2
2017-11-26,10000033,3400,100000000,100000000,100000000,1,1
2017-11-26,10000033,3403,300000,300000,300000,5,5
2017-11-26,10000033,3405,25000,25000,25000,6,6
2017-11-26,10000033,3406,300000,300000,300000,4,4
2017-11-26,10000033,3409,350000,350000,350000,9,9
2017-11-26,10000033,3410,450000,450000,450000,4,4
2017-11-26,10000033,3412,450000,450000,450000,1,1
2017-11-26,10000033,3416,35000,35000,35000,4,4
2017-11-26,10000033,3417,40000,40000,40000,2,2
2017-11-26,10000033,3418,170000,170000,170000,5,5
2017-11-26,10000033,3419,170000,170000,170000,4,4
2017-11-26,10000033,3420,210000,210000,210000,5,5
2017-11-26,10000033,3421,130000,130000,130000,8,8
2017-11-26,10000033,3422,80000,80000,80000,4,4
2017-11-26,10000033,3423,75000,75000,75000,10,10
2017-11-26,10000033,3424,79000,79000,79000,3,3
2017-11-26,10000033,3425,84000,84000,84000,5,5
2017-11-26,10000033,3427,120000,120000,120000,4,4
2017-11-26,10000033,3428,88000,88000,88000,7,7
2017-11-26,10000033,3429,100000,100000,100000,4,4
2017-11-26,10000033,3430,500000,500000,500000,4,4
2017-11-26,10000033,3431,75000,75000,75000,6,6
2017-11-26,10000033,3432,100000,100000,100000,4,4
2017-11-26,10000033,3433,100000,100000,100000,1,1
2017-11-26,10000033,3434,80000,80000,80000,5,5
2017-11-26,10000033,3435,150000,150000,150000,4,4
2017-11-26,10000033,3436,20000,20000,20000,3,3
2017-11-26,10000033,3437,40000,40000,40000,2,2
2017-11-26,10000033,3438,40000,40000,40000,5,5
2017-11-26,10000033,3439,200000,200000,200000,2,2
2017-11-26,10000033,3440,220000,220000,220000,7,7
2017-11-26,10000033,3441,380000,380000,380000,7,7
2017-11-26,10000033,3442,500000,500000,500000,4,4
2017-11-26,10000033,3443,20000,20000,20000,1,1
2017-11-26,10000033,3444,100000,100000,100000,1,1
2017-11-26,10000033,3446,100000,100000,100000,4,4
2017-11-26,10000033,3450,22500,22500,22500,2,2
2017-11-26,10000033,3451,30000,30000,30000,9,9
2017-11-26,10000033,3452,40000,40000,40000,10,10
2017-11-26,10000033,3453,25000,25000,25000,5,5
2017-11-26,10000033,3454,340000,340000,340000,2,2
2017-11-26,10000033,3455,30000,30000,30000,3,3
2017-11-26,10000033,3456,10000000,10000000,10000000,1,1
2017-11-26,10000033,3488,966665.68,899999,999999.02,3,3
2017-11-26,10000033,3529,400000,400000,400000,1,1
2017-11-26,10000033,3530,1472499.5,1449998.99,1495000,2,2
2017-11-26,10000033,3538,119900,119900,119900,2,2
2017-11-26,10000033,3539,800000,800000,800000,1,1
2017-11-26,10000033,3551,36000,36000,36000,5,5
2017-11-26,10000033,3568,933750,915000,990000,4,2
2017-11-26,10000033,3578,3999999.98,3999999.98,3999999.98,1,1
2017-11-26,10000033,3643,93.62,68,119.23,5446,4
2017-11-26,10000033,3645,440.18,440.18,440.18,15498,9
2017-11-26,10000033,3647,235,235,235,391526,53
2017-11-26,10000033,3651,3.64,3.64,3.64,7,5
2017-11-26,10000033,3673,6.51,6.51,6.51,20,2
2017-11-26,10000033,3683,367.55,367.55,367.55,5360,2
2017-11-26,10000033,3685,541.99,541.99,541.99,428273,13
2017-11-26,10000033,3687,780,780,780,137792,22
2017-11-26,10000033,3689,8021.01,8021.01,8021.01,9,3
2017-11-26,10000033,3699,56.1,56.1,56.1,5115,1
2017-11-26,10000033,3705,100.01,100.01,100.01,10,1
2017-11-26,10000033,3707,100.01,100.01,100.01,10,1
2017-11-26,10000033,3711,100.01,100.01,100.01,30,2
2017-11-26,10000033,3715,113.27,113.27,113.27,10,1
2017-11-26,10000033,3717,53.79,2,174.62,50,4
2017-11-26,10000033,3719,127.51,103.01,250,60,3
2017-11-26,10000033,3731,400000,400000,400000,1,1
2017-11-26,10000033,3732,8000000,8000000,8000000,1,1
2017-11-26,10000033,3756,54600016.2,49600032.4,59600000,2,2
2017-11-26,10000033,3773,665.28,662.88,671.28,628876,10
2017-11-26,10000033,3775,12000,12000,12000,1000,1
2017-11-26,10000033,3777,2538,2538,2538,2568622,37
2017-11-26,10000033,3812,50,50,50,160,1
2017-11-26,10000033,3814,34.18,34.18,34.19,1572853,10
2017-11-26,10000033,3820,100.01,100.01,100.01,10,1
2017-11-26,10000033,3822,100.01,100.01,100.01,10,1
2017-11-26,10000033,3826,100.01,100.01,100.01,20,2
2017-11-26,10000033,3828,8500.05,8500.05,8500.05,130,1
2017-11-26,10000033,3829,68474.97,59000,97000,4,4
2017-11-26,10000033,3831,848488.01,300000.04,999969.99,10,8
2017-11-26,10000033,3839,40500.5,6001,75000,4,3
2017-11-26,10000033,3841,1691195.25,1385950,1799998.73,20,11
2017-11-26,10000033,3887,27000.06,24000.11,30000,2,2
2017-11-26,10000033,3888,1346999.89,1094999.77,1599000,2,2
2017-11-26,10000033,3893,35999000,35999000,35999000,4,3
2017-11-26,10000033,3898,7124043.65,7124043.65,7124043.65,1,1
2017-11-26,10000033,4025,31100.16,12000.02,75000,12,12
2017-11-26,10000033,4027,82881.56,18100,89000,81,7
2017-11-26,10000033,4250,2481428.47,2395000,2999999.27,7,2
2017-11-26,10000033,4254,1149998.98,1149998.98,1149998.98,1,1
2017-11-26,10000033,4260,2088777,2088777,2088777,1,1
2017-11-26,10000033,4306,61500002.39,45000004.78,78000000,2,2
2017-11-26,10000033,4349,330000000,330000000,330000000,1,1
2017-11-26,10000033,4383,3100000,3100000,3100000,1,1
2017-11-26,10000033,4385,4500000,4500000,4500000,5,5
2017-11-26,10000033,4391,362499.76,350000,399999.02,4,3
2017-11-26,10000033,4393,63679.61,3401.05,78999,5,4
2017-11-26,10000033,4395,710937.5,695000,950000,16,5
2017-11-26,10000033,4399,12900000,12900000,12900000,1,1
2017-11-26,10000033,4403,698980,698980,698980,1,1
2017-11-26,10000033,4405,1554285.57,1400000,1595000,7,5
2017-11-26,10000033,4411,600000,600000,600000,3,3
2017-11-26,10000033,4435,100000,35000,230000,3,2
2017-11-26,10000033,4471,234003.08,1505.13,698999,3,3
2017-11-26,10000033,4477,62083.33,6500,340000,6,6
2017-11-26,10000033,4529,121.53,121,122.05,2,2
2017-11-26,10000033,4531,102,102,102,1,1
2017-11-26,10000033,4535,102.02,102.02,102.02,2,2
2017-11-26,10000033,4569,121,121,121,1,1
2017-11-26,10000033,4571,102,102,102,1,1
2017-11-26,10000033,4787,115886.29,301,360000,7,6
2017-11-26,10000033,4831,109,109,109,1,1
2017-11-26,10000033,4833,350000,350000,350000,1,1
2017-11-26,10000033,4835,205,205,205,1,1
2017-11-26,10000033,4871,45000,45000,45000,2,2
2017-11-26,10000033,5009,313.07,312.94,313.08,7,7
2017-11-26,10000033,5011,40000,40000,40000,2,2
2017-11-26,10000033,5013,302.44,302.21,303,7,7
2017-11-26,10000033,5049,30000.11,30000.11,30000.11,2,2
2017-11-26,10000033,5051,22003.01,22003.01,22003.01,2,1
2017-11-26,10000033,5053,30000.07,30000.07,30000.07,1,1
2017-11-26,10000033,5089,120.08,120.08,120.08,2,2
2017-11-26,10000033,5091,121.5,121,122,2,2
2017-11-26,10000033,5093,2222.23,2222.23,2222.23,12,9
2017-11-26,10000033,5137,4179.99,216.02,19980,5,5
2017-11-26,10000033,5141,750.84,750.01,751,6,5
2017-11-26,10000033,5179,210000,210000,210000,6,1
2017-11-26,10000033,5217,102.17,102.17,102.17,1,1
2017-11-26,10000033,5219,0.01,0.01,0.01,1,1
2017-11-26,10000033,5239,19313.64,1595.5,54749.92,6,5
2017-11-26,10000033,5245,43800,0.01,85000,15,9
2017-11-26,10000033,5279,228.55,228.04,229.05,8,6
2017-11-26,10000033,5281,120.04,120.04,120.04,1,1
2017-11-26,10000033,5282,106.1,106.1,106.1,2,1
2017-11-26,10000033,5299,401.67,401,402,3,3
2017-11-26,10000033,5301,1501.04,1501.04,1501.04,4,4
2017-11-26,10000033,5302,881,881,881,3,3
2017-11-26,10000033,5319,975.01,150.05,1250,4,4
2017-11-26,10000033,5320,150775.56,1552.13,299998.99,2,2
2017-11-26,10000033,5321,1250,1250,1250,2,1
2017-11-26,10000033,5339,355.33,354.17,360,5,5
2017-11-26,10000033,5340,146,146,146,1,1
2017-11-26,10000033,5342,201.56,201.11,202,2,2
2017-11-26,10000033,5361,1660,1660,1660,1,1
2017-11-26,10000033,5363,151.01,151.01,151.01,2,2
2017-11-26,10000033,5399,233825.93,668,1166126.66,5,5
2017-11-26,10000033,5405,3101.02,3101.02,3101.02,6,5
2017-11-26,10000033,5439,42690.51,381.01,85000,4,4
2017-11-26,10000033,5443,163910.22,13012.42,179000,11,2
2017-11-26,10000033,5445,6505.22,6505.22,6505.22,3,3
2017-11-26,10000033,5533,75271.25,1100.01,99995,4,2
2017-11-26,10000033,5599,55000.03,50000.05,60000,2,2
2017-11-26,10000033,5631,8464.8,1100.01,60018.33,8,4
2017-11-26,10000033,5697,80000,80000,80000,3,3
2017-11-26,10000033,5721,70000,70000,70000,1,1
2017-11-26,10000033,5743,99999.88,99999.88,99999.88,1,1
2017-11-26,10000033,5747,202.2,202.19,202.2,3,3
2017-11-26,10000033,5755,500,500,500,1,1
2017-11-26,10000033,5839,1344535.32,935128.72,1499999,10,10
2017-11-26,10000033,5871,0.98,0.93,1.02,4,2
2017-11-26,10000033,5933,42497.51,5000.01,79995,6,3
2017-11-26,10000033,5945,341142.43,319001,349999,14,2
2017-11-26,10000033,5955,53167.83,51001,64002,6,5
2017-11-26,10000033,5971,14680.03,5100.02,39999.99,15,13
2017-11-26,10000033,5973,232857.18,150000.05,475000,28,27
2017-11-26,10000033,5975,26313.31,3510.01,49996.51,10,9
2017-11-26,10000033,6001,19194.09,7500,34900,22,19
2017-11-26,10000033,6003,13420.51,790.01,44996,14,14
2017-11-26,10000033,6005,6716.69,6716.69,6716.69,1645,10
2017-11-26,10000033,6073,115.02,115.02,115.02,2,1
2017-11-26,10000033,6131,146.32,101,151.99,9,8
2017-11-26,10000033,6135,200000,200000,200000,1,1
2017-11-26,10000033,6159,358.94,358.91,359.01,4,2
2017-11-26,10000033,6160,9995.73,1394.02,31500,14,10
2017-11-26,10000033,6173,183.3,183.3,183.3,1,1
2017-11-26,10000033,6176,1488.94,261.53,2000,14,8
2017-11-26,10000033,6296,2103.25,129.06,10000,5,4
2017-11-26,10000033,6325,50000,50000,50000,2,1
2017-11-26,10000033,6437,151606.3,101.1,284977.81,6,6
2017-11-26,10000033,6439,121.23,121.09,122.11,7,7
2017-11-26,10000033,6441,14000,14000,14000,2,2
2017-11-26,10000033,6443,310.51,310.01,311,2,2
2017-11-26,10000033,6485,7863.9,1050.04,59000,18,12
2017-11-26,10000033,6527,69,69,69,3,2
2017-11-26,10000033,6569,60167.22,22709.03,210000,5,5
2017-11-26,10000033,6631,12245.43,12245.43,12245.43,1,1
2017-11-26,10000033,6633,102.06,102.06,102.06,1,1
2017-11-26,10000033,6637,0.01,0.01,0.01,3,3
2017-11-26,10000033,6675,150000,150000,150000,3,3
2017-11-26,10000033,6809,8086440.6,8086440.6,8086440.6,1,1
2017-11-26,10000033,6861,0.01,0.01,0.01,1,1
2017-11-26,10000033,6865,400000,400000,400000,2,2
2017-11-26,10000033,6923,50000,50000,50000,2,1
2017-11-26,10000033,7043,20214.66,20214.66,20214.66,1,1
2017-11-26,10000033,7049,91002.16,91002.16,91002.16,1,1
2017-11-26,10000033,7085,135005.41,135005.41,135005.41,1,1
2017-11-26,10000033,7089,94000.03,94000.03,94000.03,1,1
2017-11-26,10000033,7131,153000.75,153000.75,153000.75,1,1
2017-11-26,10000033,7167,308000,308000,308000,1,1
2017-11-26,10000033,7247,1998980,1998980,1998980,2,1
2017-11-26,10000033,7249,120.01,120.01,120.01,1,1
2017-11-26,10000033,7251,120.06,120.06,120.06,2,2
2017-11-26,10000033,7287,974985.52,541956.54,1545000,12,6
2017-11-26,10000033,7289,12440.02,120.05,18600,6,3
2017-11-26,10000033,7291,27587.31,11642.88,33000,9,4
2017-11-26,10000033,7293,142549.19,111.14,150000,5,3
2017-11-26,10000033,7327,630000,630000,630000,5,1
2017-11-26,10000033,7367,800000.16,800000.13,800000.18,4,4
2017-11-26,10000033,7373,50000,25000,75000,4,3
2017-11-26,10000033,7407,405929.43,264823.58,500000,15,4
2017-11-26,10000033,7411,520,520,520,2,1
2017-11-26,10000033,7447,566010.78,566010.78,566010.78,20,1
2017-11-26,10000033,7451,203003.94,203003.94,203003.94,2,2
2017-11-26,10000033,7487,2502,2502,2502,1,1
2017-11-26,10000033,7535,350000,350000,350000,4,2
2017-11-26,10000033,7537,159997.88,159997.88,159997.88,8,1
2017-11-26,10000033,7539,1023.33,1023.33,1023.33,1,1
2017-11-26,10000033,7541,252875.07,0.01,289000.08,8,2
2017-11-26,10000033,7579,3757499.99,30000.01,4999999.98,4,2
2017-11-26,10000033,7619,0.01,0.01,0.01,1,1
2017-11-26,10000033,7625,550000,550000,550000,5,1
2017-11-26,10000033,7707,148999.96,148999.96,148999.96,4,1
2017-11-26,10000033,7743,520,520,520,13,2
2017-11-26,10000033,7745,120.07,120.07,120.07,1,1
2017-11-26,10000033,7749,125003.2,125003.2,125003.2,1,1
2017-11-26,10000033,7783,89123.01,301.01,400000,18,2
2017-11-26,10000033,7785,252000.72,252000.72,252000.72,1,1
2017-11-26,10000033,7787,253000.85,253000.85,253000.85,1,1
2017-11-26,10000033,7827,86000,86000,86000,2,1
2017-11-26,10000033,7997,309076.97,18000.19,560000,13,8
2017-11-26,10000033,8007,10113.33,10113.33,10113.33,2,2
2017-11-26,10000033,8027,1072224.45,1072224.45,1072224.45,7,3
2017-11-26,10000033,8089,330343.16,179110.97,624999.5,11,8
2017-11-26,10000033,8091,147930.65,100000,185000,26,10
2017-11-26,10000033,8101,5,5,5,9,4
2017-11-26,10000033,8103,202.25,202,203,4,2
2017-11-26,10000033,8105,1891531.13,1760195.8,2479999.81,21,6
2017-11-26,10000033,8117,249999,249999,249999,3,1
2017-11-26,10000033,8175,44502.44,5,88999.87,2,2
2017-11-26,10000033,8177,61750,20000,187000,4,2
2017-11-26,10000033,8225,63341.63,12.44,190000,3,2
2017-11-26,10000033,8263,135026.78,135026.78,135026.78,1,1
2017-11-26,10000033,8295,509.09,509.09,509.09,1,1
2017-11-26,10000033,8297,115.4,115.4,115.4,1,1
2017-11-26,10000033,8335,1509.99,1509.99,1509.99,2,2
2017-11-26,10000033,8337,123.94,123.94,123.94,1,1
2017-11-26,10000033,8427,93750,0.01,125000,4,2
2017-11-26,10000033,8433,439999.83,260000.01,709999.55,5,5
2017-11-26,10000033,8517,2737109.91,2600000,3295000,12,8
2017-11-26,10000033,8521,126872.53,45000.09,195000,8,7
2017-11-26,10000033,8529,214999.8,150000,250000,10,6
2017-11-26,10000033,8531,137.03,137.03,137.03,8,7
2017-11-26,10000033,8535,3000,3000,3000,6,6
2017-11-26,10000033,8537,224.21,224.14,224.25,3,3
2017-11-26,10000033,8579,121.01,121.01,121.01,3,2
2017-11-26,10000033,8583,102.01,102.01,102.01,1,1
2017-11-26,10000033,8585,105000,15000,150000,3,2
2017-11-26,10000033,8635,50000,50000,50000,1,1
2017-11-26,10000033,8639,51005.19,51005.19,51005.19,3,2
2017-11-26,10000033,8641,501,501,501,2,1
2017-11-26,10000033,8748,164999.5,69999,260000,2,2
2017-11-26,10000033,8815,5000,5000,5000,1,1
2017-11-26,10000033,8819,200.05,200.05,200.05,3,1
2017-11-26,10000033,8863,1150500.5,1150500.5,1150500.5,1,1
2017-11-26,10000033,8865,1000.17,1000.17,1000.17,1,1
2017-11-26,10000033,8867,149000,149000,149000,1,1
2017-11-26,10000033,8903,699000.02,699000.02,699000.02,3,1
2017-11-26,10000033,8909,10,10,10,1,1
2017-11-26,10000033,9071,228000.1,228000.1,228000.1,1,1
2017-11-26,10000033,9291,50000,50000,50000,1,1
2017-11-26,10000033,9331,234002.81,234002.81,234002.81,2,1
2017-11-26,10000033,9371,87000,87000,87000,1,1
2017-11-26,10000033,9411,437500,250000,1000000,4,3
2017-11-26,10000033,9493,114044.42,114044.42,114044.42,1,1
2017-11-26,10000033,9495,150000,150000,150000,2,2
2017-11-26,10000033,9497,450000,450000,450000,3,1
2017-11-26,10000033,9521,34178.67,1268.01,100000,3,3
2017-11-26,10000033,9556,33390.71,12552.5,75067.13,3,3
2017-11-26,10000033,9568,21925,1100,85000,4,4
2017-11-26,10000033,9580,112500.01,15000.01,210000,6,5
2017-11-26,10000033,9582,74882.49,74882.49,74882.49,1,1
2017-11-26,10000033,9608,10657.76,2614.99,75000,9,8
2017-11-26,10000033,9622,1320.01,110,2530.01,6,6
2017-11-26,10000033,9632,193809.76,75000,250000,21,15
2017-11-26,10000033,9646,5573.79,3336.13,19000,7,7
2017-11-26,10000033,9660,16190.83,2000.01,21315.01,6,6
2017-11-26,10000033,9668,131002.21,131002.21,131002.21,1,1
2017-11-26,10000033,9670,1371.89,1201.07,1500,7,7
2017-11-26,10000033,9680,6000.01,1500.01,10500.01,2,2
2017-11-26,10000033,9728,112001.4,112001,112002,5,4
2017-11-26,10000033,9744,251.08,251.08,251.08,1,1
2017-11-26,10000033,9762,178006,178006,178006,1,1
2017-11-26,10000033,9772,132000.24,132000.24,132000.24,4,1
2017-11-26,10000033,9784,1300.02,1300.01,1300.02,5,4
2017-11-26,10000033,9800,93002.4,93002.4,93002.4,1,1
2017-11-26,10000033,9808,170010.86,170010.79,170011,3,2
2017-11-26,10000033,9826,342.93,300,385.87,82,20
2017-11-26,10000033,9830,9100.09,9100.09,9100.09,3835,1
2017-11-26,10000033,9832,8206.15,8206.15,8206.15,7470,2
2017-11-26,10000033,9834,16671.63,16671.63,16671.63,6,1
2017-11-26,10000033,9838,9600,9600,9600,8,1
2017-11-26,10000033,9840,11011.11,11011.11,11011.11,7,1
2017-11-26,10000033,9842,10000.13,10000.13,10000.13,5,2
2017-11-26,10000033,9848,81224.49,70000,92000,49,2
2017-11-26,10000033,9850,453.74,440.29,454.72,663791,23
2017-11-26,10000033,9852,44.77,44.77,44.77,126018,4
2017-11-26,10000033,9899,12000000,12000000,12000000,1,1
2017-11-26,10000033,9941,10513777,10513777,10513777,1,1
2017-11-26,10000033,9942,12999989.5,12999979,12999999.99,2,2
2017-11-26,10000033,9943,17000000,17000000,17000000,2,2
2017-11-26,10000033,9944,61268.2,55649.31,80000,13,8
2017-11-26,10000033,9950,3750000,2850000,4200000,3,2
2017-11-26,10000033,9956,9399980,9399980,9399980,1,1
2017-11-26,10000033,10039,6000,5999.99,6000,2,2
2017-11-26,10000033,10190,1465714.1,1350000,1500000,21,9
2017-11-26,10000033,10204,500000,500000,500000,1,1
2017-11-26,10000033,10208,24000000,24000000,24000000,1,1
2017-11-26,10000033,10212,16111002.01,16111002.01,16111002.01,1,1
2017-11-26,10000033,10246,12000,12000,12000,135,14
2017-11-26,10000033,10247,19986000,19986000,19986000,1,1
2017-11-26,10000033,10250,1049999.67,1000000,1099999,9,3
2017-11-26,10000033,10629,6251,6251,6251,7,1
2017-11-26,10000033,10678,79940.33,37522.67,86000,16,5
2017-11-26,10000033,10679,90000,90000,90000,1,1
2017-11-26,10000033,10688,250,250,250,4,3
2017-11-26,10000033,10690,6473.39,210.08,19000,3,3
2017-11-26,10000033,10692,48044.8,112,80000,5,3
2017-11-26,10000033,10694,142773.4,27905.15,175592.9,9,4
2017-11-26,10000033,10836,87999.97,69999.92,97000,3,3
2017-11-26,10000033,10842,6499999.98,6499999.98,6499999.98,1,1
2017-11-26,10000033,10850,1081486.04,694458.51,1274999.8,3,3
2017-11-26,10000033,10858,1507499.74,1229999,2999999,4,4
2017-11-26,10000033,10872,1500.01,1500.01,1500.01,1,1
2017-11-26,10000033,10998,110401.79,74948,125000,26,10
2017-11-26,10000033,11082,1000000,1000000,1000000,3,3
2017-11-26,10000033,11084,8099989,8099989,8099989,3,3
2017-11-26,10000033,11105,304440.71,1100,354997.5,7,3
2017-11-26,10000033,11129,19003.79,16999,27500,15,10
2017-11-26,10000033,11130,50000,50000,50000,1,1
2017-11-26,10000033,11132,26563.57,25000,27500,10,10
2017-11-26,10000033,11133,50000,50000,50000,1,1
2017-11-26,10000033,11134,23751.26,19001,27500,14,14
2017-11-26,10000033,11135,50000,50000,50000,1,1
2017-11-26,10000033,11172,36881817.81,35100000,39999998.98,11,6
2017-11-26,10000033,11176,35995000,35995000,35995000,1,1
2017-11-26,10000033,11178,51000000,51000000,51000000,1,1
2017-11-26,10000033,11188,34995000,34995000,34995000,1,1
2017-11-26,10000033,11192,34499999,34499999,34499999,1,1
2017-11-26,10000033,11196,34995000,34995000,34995000,1,1
2017-11-26,10000033,11202,35100000,35100000,35100000,1,1
2017-11-26,10000033,11207,500000,500000,500000,7,7
2017-11-26,10000033,11269,926428.43,895000,1049999.5,7,4
2017-11-26,10000033,11277,888888,888888,888888,1,1
2017-11-26,10000033,11279,1425000,1425000,1425000,1,1
2017-11-26,10000033,11285,4999.99,4999.99,4999.99,300,1
2017-11-26,10000033,11289,4980,4980,4980,289,9
2017-11-26,10000033,11301,888888,888888,888888,1,1
2017-11-26,10000033,11303,888888,888888,888888,1,1
2017-11-26,10000033,11305,888888,888888,888888,1,1
2017-11-26,10000033,11309,70001,70001,70001,1,1
2017-11-26,10000033,11311,61008.17,61008.17,61008.17,4,3
2017-11-26,10000033,11317,187004,187004,187004,2,2
2017-11-26,10000033,11319,155003,155003,155003,1,1
2017-11-26,10000033,11325,389999.51,380000,399999.01,2,2
2017-11-26,10000033,11327,456454.55,371000,465000,11,2
2017-11-26,10000033,11341,0.01,0.01,0.01,4,2
2017-11-26,10000033,11349,22000,22000,22000,2,2
2017-11-26,10000033,11370,2009888.88,1854000,2198999.99,18,7
2017-11-26,10000033,11393,29000000,29000000,29000000,1,1
2017-11-26,10000033,11395,500000,500000,500000,5,5
2017-11-26,10000033,11399,9250,9250,9250,9877,9
2017-11-26,10000033,11433,10000000,10000000,10000000,3,3
2017-11-26,10000033,11441,10000000,10000000,10000000,4,4
2017-11-26,10000033,11442,10000000,10000000,10000000,4,4
2017-11-26,10000033,11443,10000000,10000000,10000000,3,3
2017-11-26,10000033,11446,10000000,10000000,10000000,7,7
2017-11-26,10000033,11447,10000000,10000000,10000000,3,3
2017-11-26,10000033,11448,10000000,10000000,10000000,4,4
2017-11-26,10000033,11449,10000000,10000000,10000000,4,4
2017-11-26,10000033,11451,10000000,10000000,10000000,3,3
2017-11-26,10000033,11452,10000000,10000000,10000000,4,4
2017-11-26,10000033,11453,10000000,10000000,10000000,4,4
2017-11-26,10000033,11455,10000000,10000000,10000000,3,3
2017-11-26,10000033,11481,100,100,100,110,3
2017-11-26,10000033,11488,67500,67500,67500,1,1
2017-11-26,10000033,11489,500000,500000,500000,6,1
2017-11-26,10000033,11529,10000000,10000000,10000000,3,3
2017-11-26,10000033,11530,8100,8100,8100,2,1
2017-11-26,10000033,11534,1320.16,1320.16,1320.16,3,1
2017-11-26,10000033,11538,26013.19,26013.19,26013.19,4,1
2017-11-26,10000033,11540,16000.62,16000.62,16000.62,8,2
2017-11-26,10000033,11541,81000,81000,81000,202,2
2017-11-26,10000033,11555,1017.9,1017.9,1017.9,12,1
2017-11-26,10000033,11556,22501.01,22501.01,22501.01,2,1
2017-11-26,10000033,11557,715.21,715.21,715.21,12,1
2017-11-26,10000033,11558,12132,12132,12132,6,1
2017-11-26,10000033,11563,257589.14,164997.5,345499.99,5,5
2017-11-26,10000033,11566,120000,120000,120000,7,7
2017-11-26,10000033,11569,400000,400000,400000,1,1
2017-11-26,10000033,11572,400000,400000,400000,1,1
2017-11-26,10000033,11574,2000000,2000000,2000000,2,2
2017-11-26,10000033,11577,4746918.31,2044803.92,6097975.5,3,3
2017-11-26,10000033,11578,6826811.58,4720002.06,6999998.88,16,11
2017-11-26,10000033,11579,3500000,3500000,3500000,5,5
2017-11-26,10000033,11584,75000,75000,75000,8,8
2017-11-26,10000033,11620,98700,98700,98700,1,1
2017-11-26,10000033,11640,875039.15,849997.99,916787.46,9,4
2017-11-26,10000033,11689,49999.99,49999.99,49999.99,30,2
2017-11-26,10000033,11691,41999.99,41999.99,41999.99,378,1
2017-11-26,10000033,11732,10,10,10,1,1
2017-11-26,10000033,11737,1,1,1,5,1
2017-11-26,10000033,11738,1,1,1,1,1
2017-11-26,10000033,11739,12.04,12.04,12.04,11,1
2017-11-26,10000033,11740,1,1,1,4,1
2017-11-26,10000033,11741,1.02,1.02,1.02,5,1
2017-11-26,10000033,11855,200,200,200,1599984,48
2017-11-26,10000033,11859,282640,282640,282640,2,2
2017-11-26,10000033,11870,282640,282640,282640,1,1
2017-11-26,10000033,11872,364560,364560,364560,2,2
2017-11-26,10000033,11873,364560,364560,364560,1,1
2017-11-26,10000033,11878,5862400,5862400,5862400,1,1
2017-11-26,10000033,11885,5862400,5862400,5862400,1,1
2017-11-26,10000033,11887,282640,282640,282640,2,2
2017-11-26,10000033,11889,282640,282640,282640,3,3
2017-11-26,10000033,11890,282640,282640,282640,1,1
2017-11-26,10000033,11891,282640,282640,282640,1,1
2017-11-26,10000033,11944,100,100,100,20,1
2017-11-26,10000033,12038,39995000,39995000,39995000,2,2
2017-11-26,10000033,12052,329677.19,259454.38,399900,2,2
2017-11-26,10000033,12054,300005.26,300005.26,300005.26,1,1
2017-11-26,10000033,12056,86333.38,4000.13,127500,3,3
2017-11-26,10000033,12066,254333.33,249000,265000,3,3
2017-11-26,10000033,12076,6995000,6995000,6995000,2,1
2017-11-26,10000033,12092,1000000,1000000,1000000,4,4
2017-11-26,10000033,12093,4000000,4000000,4000000,2,2
2017-11-26,10000033,12095,4000000,4000000,4000000,4,4
2017-11-26,10000033,12098,20000000,20000000,20000000,3,3
2017-11-26,10000033,12179,40000000,40000000,40000000,1,1
2017-11-26,10000033,12180,375000,375000,375000,5,5
2017-11-26,10000033,12181,350000,350000,350000,4,4
2017-11-26,10000033,12182,325000,325000,325000,4,4
2017-11-26,10000033,12183,275000,275000,275000,3,3
2017-11-26,10000033,12184,250000,250000,250000,4,4
2017-11-26,10000033,12185,225000,225000,225000,5,5
2017-11-26,10000033,12186,200000,200000,200000,5,5
2017-11-26,10000033,12187,175000,175000,175000,6,6
2017-11-26,10000033,12188,150000,150000,150000,5,5
2017-11-26,10000033,12189,400000,400000,400000,3,3
2017-11-26,10000033,12190,125000,125000,125000,5,5
2017-11-26,10000033,12191,75000,75000,75000,6,6
2017-11-26,10000033,12192,100000,100000,100000,8,8
2017-11-26,10000033,12193,50000,50000,50000,7,7
2017-11-26,10000033,12194,300000,300000,300000,2,2
2017-11-26,10000033,12195,25000,25000,25000,6,6
2017-11-26,10000033,12196,300000,300000,300000,2,2
2017-11-26,10000033,12198,1249990,1249990,1249990,4,1
2017-11-26,10000033,12201,8099989,8099989,8099989,3,3
2017-11-26,10000033,12203,18499990,18499990,18499990,1,1
2017-11-26,10000033,12204,5099990,5099990,5099990,1,1
2017-11-26,10000033,12206,3000000,3000000,3000000,3,3
2017-11-26,10000033,12207,9000000,9000000,9000000,3,3
2017-11-26,10000033,12209,17499989.01,17499989.01,17499989.01,1,1
2017-11-26,10000033,12212,6900000,6900000,6900000,5,5
2017-11-26,10000033,12261,989589.33,989589.33,989589.33,1,1
2017-11-26,10000033,12274,60200,10000,98000,5,4
2017-11-26,10000033,12305,100000,100000,100000,8,8
2017-11-26,10000033,12344,220000,220000,220000,1,1
2017-11-26,10000033,12365,120000,120000,120000,10,10
2017-11-26,10000033,12366,120000,120000,120000,7,7
2017-11-26,10000033,12367,120000,120000,120000,8,8
2017-11-26,10000033,12441,80000,80000,80000,12,12
2017-11-26,10000033,12442,100000,100000,100000,11,11
2017-11-26,10000033,12485,7800000,7800000,7800000,1,1
2017-11-26,10000033,12486,6700000,6700000,6700000,1,1
2017-11-26,10000033,12487,8200000,8200000,8200000,2,2
2017-11-26,10000033,12532,106999.99,106999.99,106999.99,1,1
2017-11-26,10000033,12542,1500000.02,1500000.02,1500000.02,1,1
2017-11-26,10000033,12543,221429.41,100001.18,525000,7,5
2017-11-26,10000033,12544,699999.99,699999.99,699999.99,2,1
2017-11-26,10000033,12546,1000,1000,1000,1,1
2017-11-26,10000033,12557,129995,129995,129995,4,1
2017-11-26,10000033,12608,131.19,99.95,179.02,11000,3
2017-11-26,10000033,12612,92.5,92.5,92.5,8269,3
2017-11-26,10000033,12614,99.99,99.99,99.99,5000,1
2017-11-26,10000033,12618,49.95,49.95,49.95,7500,2
2017-11-26,10000033,12625,69.95,69.95,69.95,40266,5
2017-11-26,10000033,12631,79.95,79.95,79.95,5000,1
2017-11-26,10000033,12633,95,95,95,5000,1
2017-11-26,10000033,12767,365.5,365.5,365.5,3855,1
2017-11-26,10000033,12777,699.68,699.68,699.68,2000,1
2017-11-26,10000033,12789,300,300,300,2000,1
2017-11-26,10000033,12818,217999.99,217999.99,217999.99,100,1
2017-11-26,10000033,13001,2566666.34,2566666.34,2566666.34,1,1
2017-11-26,10000033,13216,29999999.99,29999999.99,29999999.99,1,1
2017-11-26,10000033,13256,8000005.69,8000005.69,8000005.69,1,1
2017-11-26,10000033,13267,225,225,225,30,3
2017-11-26,10000033,13278,100000,100000,100000,4,4
2017-11-26,10000033,13279,250000,250000,250000,2,2
2017-11-26,10000033,13285,65000,65000,65000,1,1
2017-11-26,10000033,13321,749970,749970,749970,1,1
2017-11-26,10000033,14280,312020,312020,312020,2,2
2017-11-26,10000033,15331,960.55,960.55,960.55,2175,205
2017-11-26,10000033,15479,4302999.78,3855999.55,4750000,6,3
2017-11-26,10000033,15480,14000000,14000000,14000000,1,1
2017-11-26,10000033,15508,34110.71,7611,39979.99,42,8
2017-11-26,10000033,15510,32000,32000,32000,321,5
2017-11-26,10000033,15587,4500,4500,4500,132,8
2017-11-26,10000033,15588,4475.56,1900,8000,45,10
2017-11-26,10000033,15589,6225.08,1500.12,15000,80,10
2017-11-26,10000033,15590,11375.01,8000.01,20000,32,6
2017-11-26,10000033,15591,21652.17,14000,30000,23,8
2017-11-26,10000033,15592,510044.92,510044.88,510045.07,53,4
2017-11-26,10000033,15593,73218.68,72001.35,100000,46,2
2017-11-26,10000033,15594,654500,650000.02,655000,10,2
2017-11-26,10000033,15596,102,102,102,12,9
2017-11-26,10000033,15597,102,102,102,18,7
2017-11-26,10000033,15598,1000,1000,1000,2,1
2017-11-26,10000033,15599,169.01,169.01,169.01,2,2
2017-11-26,10000033,15602,63699.99,63699.99,63699.99,25,4
2017-11-26,10000033,15607,102,102,102,8,1
2017-11-26,10000033,15608,102,102,102,3,2
2017-11-26,10000033,15615,780100,780100,780100,2,1
2017-11-26,10000033,15625,2318.18,1500,4500,44,7
2017-11-26,10000033,15626,8000,8000,8000,4,2
2017-11-26,10000033,15627,9431.25,150,15000,8,3
2017-11-26,10000033,15628,9500,7000,20000,26,5
2017-11-26,10000033,15629,10411.76,9500,25000,17,5
2017-11-26,10000033,15630,161000,161000,161000,12,3
2017-11-26,10000033,15631,100100,100100,100100,26,2
2017-11-26,10000033,15632,550000,550000,550000,5,1
2017-11-26,10000033,15646,25714.41,20000.15,50000,63,12
2017-11-26,10000033,15656,15202.44,15202.43,15202.47,24,4
2017-11-26,10000033,15660,13708.33,13000,30000,24,4
2017-11-26,10000033,15661,891999.99,891999.99,891999.99,22,1
2017-11-26,10000033,15673,725000,725000,725000,44,1
2017-11-26,10000033,15766,36194999.98,32289999.95,40100000,2,2
2017-11-26,10000033,15994,12420.3,11000.01,25000,69,3
2017-11-26,10000033,15996,1002,1002,1002,1,1
2017-11-26,10000033,15997,13000,4500,30000,3,3
2017-11-26,10000033,16002,31609.11,31609,31609.99,26,6
2017-11-26,10000033,16069,85000,85000,85000,4,4
2017-11-26,10000033,16118,140.02,140.02,140.02,3,1
2017-11-26,10000033,16119,140.01,140.01,140.01,4,2
2017-11-26,10000033,16228,540000000,540000000,540000000,1,1
2017-11-26,10000033,16229,59999999.79,59999999.79,59999999.79,1,1
2017-11-26,10000033,16236,1149833.17,1098999,1200000,6,6
2017-11-26,10000033,16238,860428,226000,949999.5,7,7
2017-11-26,10000033,16239,8416400,8416400,8416400,3,3
2017-11-26,10000033,16240,959916.5,899899.99,1260000,6,6
2017-11-26,10000033,16242,999000,999000,999000,1,1
2017-11-26,10000033,16265,185003.6,185003.6,185003.6,1441,6
2017-11-26,10000033,16272,2000,2000,2000,1000,1
2017-11-26,10000033,16273,274.99,274.99,274.99,28965,37
2017-11-26,10000033,16274,999.99,999.99,999.99,104000,6
2017-11-26,10000033,16275,3500.06,3500.06,3500.06,49,1
2017-11-26,10000033,16278,2099999.43,2000000,2424999,7,4
2017-11-26,10000033,16281,375000,375000,375000,5,5
2017-11-26,10000033,16301,359999.37,220000.1,429999,3,2
2017-11-26,10000033,16303,441916.68,395000,785000.05,12,5
2017-11-26,10000033,16345,500,500,500,1,1
2017-11-26,10000033,16353,51000,51000,51000,1,1
2017-11-26,10000033,16355,55000,55000,55000,2,2
2017-11-26,10000033,16359,200000,51000,349000,2,2
2017-11-26,10000033,16361,85000,85000,85000,1,1
2017-11-26,10000033,16363,81000,81000,81000,1,1
2017-11-26,10000033,16367,85000,85000,85000,30,1
2017-11-26,10000033,16371,80000,80000,80000,2,2
2017-11-26,10000033,16373,80000,80000,80000,2,2
2017-11-26,10000033,16377,75000,75000,75000,5,3
2017-11-26,10000033,16379,79000,79000,79000,1,1
2017-11-26,10000033,16381,84000,84000,84000,1,1
2017-11-26,10000033,16383,80000,80000,80000,19,2
2017-11-26,10000033,16391,1070000,1070000,1070000,1,1
2017-11-26,10000033,16443,100000,100000,100000,1,1
2017-11-26,10000033,16457,2375002.25,1700009.01,2600000,4,4
2017-11-26,10000033,16475,10000.14,10000.14,10000.14,2,2
2017-11-26,10000033,16497,47021.09,47021.09,47021.09,1,1
2017-11-26,10000033,16499,55050,55050,55050,1,1
2017-11-26,10000033,16521,310.3,310.27,310.35,6,6
2017-11-26,10000033,16523,106.51,106.01,107,2,2
2017-11-26,10000033,16525,156.72,156.13,157.02,3,2
2017-11-26,10000033,16527,156001.05,156001.05,156001.05,2,2
2017-11-26,10000033,16529,101.1,101.1,101.1,1,1
2017-11-26,10000033,16535,10299850,10299850,10299850,1,1
2017-11-26,10000033,16591,32000000,32000000,32000000,4,4
2017-11-26,10000033,16595,12500000,12500000,12500000,1,1
2017-11-26,10000033,16596,35000000,35000000,35000000,1,1
2017-11-26,10000033,16598,3500000,3500000,3500000,6,6
2017-11-26,10000033,16622,5000000,5000000,5000000,1,1
2017-11-26,10000033,16670,270,270,270,5000,1
2017-11-26,10000033,16682,2900.07,2900.07,2900.07,2,1
2017-11-26,10000033,17136,6451.05,6451.05,6451.05,175,1
2017-11-26,10000033,17181,8600000,8600000,8600000,2,1
2017-11-26,10000033,17192,149999.99,149999.97,150000,2,2
2017-11-26,10000033,17199,1000,1000,1000,17,2
2017-11-26,10000033,17205,127000,127000,127000,4,3
2017-11-26,10000033,17206,210016.06,32.11,420000,2,2
2017-11-26,10000033,17208,170240,300,850000,5,2
2017-11-26,10000033,17243,103.32,103.29,103.33,4,4
2017-11-26,10000033,17251,113.33,113.33,113.33,2,2
2017-11-26,10000033,17352,5000000,5000000,5000000,1,1
2017-11-26,10000033,17366,117112.85,99000,175000,55,16
2017-11-26,10000033,17425,0.01,0.01,0.01,76,1
2017-11-26,10000033,17440,362.01,362.01,362.01,2098,3
2017-11-26,10000033,17441,360.99,360.99,360.99,11616,3
2017-11-26,10000033,17444,465.25,465.25,465.25,15966,6
2017-11-26,10000033,17445,475,475,475,6713,7
2017-11-26,10000033,17448,356,356,356,12125,7
2017-11-26,10000033,17449,356,356,356,29777,8
2017-11-26,10000033,17452,138.04,138.04,138.04,450,4
2017-11-26,10000033,17453,150,150,150,81214,3
2017-11-26,10000033,17455,57.2,57.2,57.21,4960882,105
2017-11-26,10000033,17456,66.76,66.76,66.76,4829568,115
2017-11-26,10000033,17459,46.18,46.18,46.18,6834604,76
2017-11-26,10000033,17460,45.56,45.56,45.56,3314534,64
2017-11-26,10000033,17463,18.7,18.7,18.7,3180917,46
2017-11-26,10000033,17464,18.68,18.68,18.68,2604247,35
2017-11-26,10000033,17466,0.01,0.01,0.01,95,1
2017-11-26,10000033,17470,13.12,13.12,13.12,8482537,43
2017-11-26,10000033,17471,14.01,14.01,14.01,12977869,33
2017-11-26,10000033,17476,25400003.34,19100005.01,38000000,3,3
2017-11-26,10000033,17478,22443124.96,17510000.05,25500000,8,8
2017-11-26,10000033,17479,2099899999.95,2099899999.95,2099899999.95,1,1
2017-11-26,10000033,17480,17346688.25,15020032.38,22000000,3,3
2017-11-26,10000033,17482,1724008.28,1119004.57,2100315.69,20,15
2017-11-26,10000033,17483,16130080,16130080,16130080,1,1
2017-11-26,10000033,17619,19990000,19990000,19990000,1,1
2017-11-26,10000033,17624,3.33,3.33,3.33,3,1
2017-11-26,10000033,17709,105000000,105000000,105000000,1,1
2017-11-26,10000033,17715,229999988.88,229999988.88,229999988.88,1,1
2017-11-26,10000033,17722,219999999,219999999,219999999,1,1
2017-11-26,10000033,17791,100,100,100,32,3
2017-11-26,10000033,17865,258.31,258.31,258.31,79,1
2017-11-26,10000033,17866,301.01,301.01,301.01,122,2
2017-11-26,10000033,17867,43.14,43.14,43.14,120628,7
2017-11-26,10000033,17868,66.06,66.06,66.06,5246,5
2017-11-26,10000033,17869,0.01,0.01,0.01,68,1
2017-11-26,10000033,17888,844.28,844.28,844.28,60000,1
2017-11-26,10000033,17889,839.99,839.99,839.99,85000,2
2017-11-26,10000033,17893,115500.5,81001.01,150000,4,4
2017-11-26,10000033,17894,91500.99,86500.99,96500.99,2,2
2017-11-26,10000033,17895,267999.93,171999.91,300000,4,4
2017-11-26,10000033,17912,3432002.42,2000007.55,4199997.99,10,5
2017-11-26,10000033,17938,26725.28,22500,69000.01,60,21
2017-11-26,10000033,17939,60000,60000,60000,2,2
2017-11-26,10000033,17940,500000,500000,500000,4,4
2017-11-26,10000033,18025,400000,400000,400000,1,1
2017-11-26,10000033,18029,100,100,100,10,1
2017-11-26,10000033,18058,80000,80000,80000,5,1
2017-11-26,10000033,18060,45000,45000,45000,6,1
2017-11-26,10000033,18062,12000,12000,12000,10,1
2017-11-26,10000033,18066,8428.57,8000,9500,14,2
2017-11-26,10000033,18612,299999.26,269998.82,349999.98,16,2
2017-11-26,10000033,18614,238957.14,238900,239000,7,2
2017-11-26,10000033,18616,150000,150000,150000,20,1
2017-11-26,10000033,18618,119243.34,15100.01,171315,9,2
2017-11-26,10000033,18635,119999.89,119999.89,119999.89,1,1
2017-11-26,10000033,18639,115000,95000,135000,2,2
2017-11-26,10000033,18640,60000,60000,60000,1,1
2017-11-26,10000033,19187,40333333.33,30000000,45500000,3,3
2017-11-26,10000033,19283,13499990.55,13499990.55,13499990.55,1,1
2017-11-26,10000033,19287,45800008,45800008,45800008,1,1
2017-11-26,10000033,19400,10999.99,10999.99,11000,56,4
2017-11-26,10000033,19402,40000,40000,40000,1,1
2017-11-26,10000033,19404,178065.22,91000.14,180000,46,13
2017-11-26,10000033,19405,360000,360000,360000,16,10
2017-11-26,10000033,19406,594000,420000,600000,90,22
2017-11-26,10000033,19407,1195652.32,800013,1200000,92,20
2017-11-26,10000033,19408,2100000,2100000,2100000,42,11
2017-11-26,10000033,19409,6300000,6300000,6300000,4,3
2017-11-26,10000033,19410,9900000,9900000,9900000,2,2
2017-11-26,10000033,19411,13200000,13200000,13200000,1,1
2017-11-26,10000033,19412,17160000,17160000,17160000,2,2
2017-11-26,10000033,19413,21840000,21840000,21840000,2,2
2017-11-26,10000033,19416,43200000,43200000,43200000,27,11
2017-11-26,10000033,19417,51680000,51680000,51680000,46,7
2017-11-26,10000033,19418,61200000,61200000,61200000,2,1
2017-11-26,10000033,19419,80000000,80000000,80000000,14,4
2017-11-26,10000033,19421,133837000,133837000,133837000,42,11
2017-11-26,10000033,19422,3360000,3360000,3360000,2,2
2017-11-26,10000033,19500,1105.13,1105.13,1105.13,2,1
2017-11-26,10000033,19660,50.01,50.01,50.01,2,1
2017-11-26,10000033,19719,30000000,30000000,30000000,3,3
2017-11-26,10000033,19739,3800000,3800000,3800000,2,1
2017-11-26,10000033,19759,200000,200000,200000,2,2
2017-11-26,10000033,19760,160000,160000,160000,1,1
2017-11-26,10000033,19761,1000000,1000000,1000000,1,1
2017-11-26,10000033,19766,800000,800000,800000,1,1
2017-11-26,10000033,19767,400000,400000,400000,1,1
2017-11-26,10000033,19806,1272666.34,1139999,1299000.01,6,3
2017-11-26,10000033,19810,314954,117,440000,7,3
2017-11-26,10000033,19812,51168.67,2338.33,99999,8,3
2017-11-26,10000033,19814,113510.99,5400.98,199999,9,3
2017-11-26,10000033,19921,90000,90000,90000,2,2
2017-11-26,10000033,19922,600000,600000,600000,1,1
2017-11-26,10000033,19923,102.12,102.12,102.12,3,3
2017-11-26,10000033,19927,3600,400,10000,3,3
2017-11-26,10000033,19929,1806.35,101.03,2659.01,3,3
2017-11-26,10000033,19931,2115.06,2114.8,2115.13,9,7
2017-11-26,10000033,19935,369.55,369.11,369.99,2,2
2017-11-26,10000033,19937,160020.21,160020.21,160020.21,1,1
2017-11-26,10000033,19946,52000.07,3000.1,150000,3,2
2017-11-26,10000033,19950,0.01,0.01,0.01,1,1
2017-11-26,10000033,19952,11315.67,631.33,22000,2,2
2017-11-26,10000033,20138,113333.33,110000,120000,3,2
2017-11-26,10000033,20171,59293.74,57580.73,70000.05,29,4
2017-11-26,10000033,20172,44847.87,44847.87,44847.87,8,1
2017-11-26,10000033,20209,1000000,1000000,1000000,3,3
2017-11-26,10000033,20210,1000000,1000000,1000000,5,5
2017-11-26,10000033,20211,3000000,3000000,3000000,6,6
2017-11-26,10000033,20212,9000000,9000000,9000000,6,6
2017-11-26,10000033,20213,9000000,9000000,9000000,2,2
2017-11-26,10000033,20307,63.19,61,64.5,29433,10
2017-11-26,10000033,20308,188.1,188.1,188.1,2000,1
2017-11-26,10000033,20312,500000,500000,500000,8,8
2017-11-26,10000033,20314,60000,60000,60000,13,13
2017-11-26,10000033,20315,1000000,1000000,1000000,15,15
2017-11-26,10000033,20342,49285714.29,45000000,50000000,7,7
2017-11-26,10000033,20349,999999,999999,999999,1,1
2017-11-26,10000033,20353,4999999,4999999,4999999,1,1
2017-11-26,10000033,20411,67502.53,67502.53,67502.53,17,2
2017-11-26,10000033,20413,75762.4,75762.4,75762.4,17,2
2017-11-26,10000033,20414,80000.05,80000.05,80000.05,1,1
2017-11-26,10000033,20416,63325.46,63325.46,63325.46,5,1
2017-11-26,10000033,20417,94000,94000,94000,581,2
2017-11-26,10000033,20418,147173.91,80000,155000,23,3
2017-11-26,10000033,20419,170000,170000,170000,20,1
2017-11-26,10000033,20420,74520.6,68071.71,80000.06,21,6
2017-11-26,10000033,20424,40000.02,40000.02,40000.03,14,3
2017-11-26,10000033,20433,1000000,1000000,1000000,2,2
2017-11-26,10000033,20449,46052412,46052412,46052412,3,1
2017-11-26,10000033,20494,100000,100000,100000,1,1
2017-11-26,10000033,20495,100000,100000,100000,2,2
2017-11-26,10000033,20526,75000000,75000000,75000000,7,4
2017-11-26,10000033,20527,94499999,94499999,94499999,2,1
2017-11-26,10000033,20530,100000000,100000000,100000000,2,2
2017-11-26,10000033,20533,400000000,400000000,400000000,3,3
2017-11-26,10000033,21014,1202763200,1202763200,1202763200,1,1
2017-11-26,10000033,21024,1306728000,1306728000,1306728000,2,2
2017-11-26,10000033,21036,1228398800,1228398800,1228398800,3,3
2017-11-26,10000033,21059,120000,120000,120000,11,11
2017-11-26,10000033,21071,40000,40000,40000,12,12
2017-11-26,10000033,21078,10105.01,10105.01,10105.01,1,1
2017-11-26,10000033,21080,1,1,1,1,1
2017-11-26,10000033,21084,3700,3700,3700,2,2
2017-11-26,10000033,21086,25700,25700,25700,2,2
2017-11-26,10000033,21096,3013357,2344500,3500000.02,7,7
2017-11-26,10000033,21384,10,10,10,1000,1
2017-11-26,10000033,21386,10,10,10,2000,2
2017-11-26,10000033,21587,1,1,1,222,6
2017-11-26,10000033,21588,25,25,25,238,6
2017-11-26,10000033,21589,3.5,3.5,3.5,24,1
2017-11-26,10000033,21593,4.5,4.5,4.5,61,1
2017-11-26,10000033,21603,10000000,10000000,10000000,4,4
2017-11-26,10000033,21610,20000000,20000000,20000000,4,4
2017-11-26,10000033,21611,30000000,30000000,30000000,1,1
2017-11-26,10000033,21638,949998.91,650000.43,1099998.15,15,3
2017-11-26,10000033,21640,1254166.08,989999.99,1499999,12,3
2017-11-26,10000033,21666,15000000,15000000,15000000,1,1
2017-11-26,10000033,21668,15000000,15000000,15000000,1,1
2017-11-26,10000033,21718,100000,100000,100000,4,4
2017-11-26,10000033,21726,1080.27,1080.27,1080.27,1,1
2017-11-26,10000033,21789,3300000,3300000,3300000,1,1
2017-11-26,10000033,21802,25000000,25000000,25000000,3,3
2017-11-26,10000033,21815,6000200.07,6000200.07,6000200.07,3,2
2017-11-26,10000033,21841,16020.25,2550.63,25000,5,2
2017-11-26,10000033,21857,765.42,710.94,819.9,2,2
2017-11-26,10000033,21868,600000,600000,600000,2,2
2017-11-26,10000033,21898,285.98,285.98,285.98,250,2
2017-11-26,10000033,22043,25000000,25000000,25000000,2,2
2017-11-26,10000033,22175,96345.04,50000,99000,18,18
2017-11-26,10000033,22177,135166.78,89850,400000,15,15
2017-11-26,10000033,22242,75000000,75000000,75000000,1,1
2017-11-26,10000033,22291,1230579.08,1194485.5,1899000,12,6
2017-11-26,10000033,22428,1200000000,1200000000,1200000000,1,1
2017-11-26,10000033,22536,400000,400000,400000,1,1
2017-11-26,10000033,22541,9000000,9000000,9000000,7,7
2017-11-26,10000033,22542,32560.93,8314.94,44999.98,32,20
2017-11-26,10000033,22543,250000,250000,250000,1,1
2017-11-26,10000033,22544,229108008.78,229108008.78,229108008.78,1,1
2017-11-26,10000033,22548,210055212.15,210055212.15,210055212.15,1,1
2017-11-26,10000033,22551,28000000,28000000,28000000,2,2
2017-11-26,10000033,22552,900000,900000,900000,42,1
2017-11-26,10000033,22576,3100.28,3100.28,3100.28,5,3
2017-11-26,10000033,22578,80000,80000,80000,9,9
2017-11-26,10000033,22761,32000000,32000000,32000000,3,3
2017-11-26,10000033,22806,120000,120000,120000,3,3
2017-11-26,10000033,22807,120000,120000,120000,4,4
2017-11-26,10000033,22808,120000,120000,120000,4,4
2017-11-26,10000033,22809,120000,120000,120000,3,3
2017-11-26,10000033,22961,630,630,630,5000,1
2017-11-26,10000033,22965,600,600,600,600,1
2017-11-26,10000033,22973,320,320,320,183,1
2017-11-26,10000033,22977,895.99,895.99,895.99,3900,2
2017-11-26,10000033,23009,750,750,890,12020,7
2017-11-26,10000033,23015,749.99,749.99,749.99,3000,1
2017-11-26,10000033,23025,1500,1500,1500,4969,1
2017-11-26,10000033,23057,3836331.98,3836331.98,3836331.98,4,1
2017-11-26,10000033,23059,3344992.02,3344992.02,3344992.02,4,1
2017-11-26,10000033,23061,3549999.83,3549999.83,3549999.83,4,1
2017-11-26,10000033,23069,50000000,50000000,50000000,2,2
2017-11-26,10000033,23075,350000,350000,350000,4,1
2017-11-26,10000033,23123,990000,990000,990000,1,1
2017-11-26,10000033,23124,500000,500000,500000,1,1
2017-11-26,10000033,23527,295000,295000,295000,2,2
2017-11-26,10000033,23533,999.95,999.95,999.95,1,1
2017-11-26,10000033,23559,299999.99,299999.99,299999.99,8,1
2017-11-26,10000033,23566,400000,400000,400000,5,4
2017-11-26,10000033,23594,450000,450000,450000,3,3
2017-11-26,10000033,23606,150000,150000,150000,2,2
2017-11-26,10000033,23618,50000,50000,50000,8,8
2017-11-26,10000033,23707,46385.17,20000,99999.99,13,3
2017-11-26,10000033,24241,50000,50000,50000,12,12
2017-11-26,10000033,24242,968750,750000,1000000,8,8
2017-11-26,10000033,24268,7500000,7500000,7500000,5,5
2017-11-26,10000033,24270,7500000,7500000,7500000,1,1
2017-11-26,10000033,24305,3900000,3900000,3900000,2,2
2017-11-26,10000033,24312,500000000,500000000,500000000,1,1
2017-11-26,10000033,24313,500000000,500000000,500000000,3,3
2017-11-26,10000033,24348,1299999,1299999,1299999,1,1
2017-11-26,10000033,24349,90000,90000,90000,1,1
2017-11-26,10000033,24427,1812500,1475000,3500000,6,2
2017-11-26,10000033,24438,697448.59,120009.17,1274888,2,2
2017-11-26,10000033,24443,1999999.98,1999999.98,1999999.98,1,1
2017-11-26,10000033,24445,291737.4,291737.4,291737.4,1,1
2017-11-26,10000033,24473,200,200,200,1500,1
2017-11-26,10000033,24486,2.86,2.86,2.86,3500,1
2017-11-26,10000033,24495,139.99,139.99,139.99,27000,1
2017-11-26,10000033,24509,530,530,530,200,1
2017-11-26,10000033,24513,649.98,649.98,649.98,5000,1
2017-11-26,10000033,24531,800,800,800,10000,1
2017-11-26,10000033,24533,629,629,629,11682,3
2017-11-26,10000033,24535,1300,1300,1300,600,2
2017-11-26,10000033,24559,1697361200,1697361200,1697361200,1,1
2017-11-26,10000033,24561,1670784800,1670784800,1670784800,1,1
2017-11-26,10000033,24562,50000000,50000000,50000000,1,1
2017-11-26,10000033,24563,250000000,250000000,250000000,1,1
2017-11-26,10000033,24568,10000000,10000000,10000000,1,1
2017-11-26,10000033,24571,10000000,10000000,10000000,2,2
2017-11-26,10000033,24572,10000000,10000000,10000000,1,1
2017-11-26,10000033,24613,15000000,15000000,15000000,2,2
2017-11-26,10000033,24625,20000000,20000000,20000000,2,2
2017-11-26,10000033,24698,49601000.73,45995999.97,59999999.66,5,5
2017-11-26,10000033,24702,34120021.42,34120021.42,34120021.42,1,1
2017-11-26,10000033,24764,20000000,20000000,20000000,1,1
2017-11-26,10000033,25266,2110000,2000000,2330000,6,4
2017-11-26,10000033,25544,27933332.69,27899999.56,27999998.96,3,3
2017-11-26,10000033,25565,120,120,120,1,1
2017-11-26,10000033,25567,101.14,101.14,101.14,1,1
2017-11-26,10000033,25569,1439.01,101,2108.02,3,2
2017-11-26,10000033,25571,116.09,116.09,116.09,1,1
2017-11-26,10000033,25588,8202,8202,8202,570,108
2017-11-26,10000033,25589,3131.31,3131.31,3131.31,389,84
2017-11-26,10000033,25590,85087.58,85087.58,85087.58,168,41
2017-11-26,10000033,25591,150150.55,150150.55,150150.55,185,30
2017-11-26,10000033,25592,8598.43,8071.26,9000,69,21
2017-11-26,10000033,25593,4648.38,4648.38,4648.38,198,25
2017-11-26,10000033,25594,27411.64,26500.08,27420.05,78,19
2017-11-26,10000033,25595,20000,20000,20000,111,22
2017-11-26,10000033,25596,16166.13,16166.12,19100,294,46
2017-11-26,10000033,25597,4101,4101,4101,258,65
2017-11-26,10000033,25598,10020,10020,10499.96,1051,85
2017-11-26,10000033,25599,1209.99,1209.99,1209.99,82095,94
2017-11-26,10000033,25600,24500.01,22000,25002.79,1082,104
2017-11-26,10000033,25601,4806.61,4806.61,4806.61,1939,99
2017-11-26,10000033,25602,3500,3160.72,13000.01,134,4
2017-11-26,10000033,25603,22411.22,18632.21,30509.09,44,11
2017-11-26,10000033,25604,5574.32,5574.32,5574.32,209,58
2017-11-26,10000033,25605,31501,31501,31501,115,18
2017-11-26,10000033,25606,42000.2,42000.02,55000,293,32
2017-11-26,10000033,25607,41043.17,41043.17,41043.17,2,1
2017-11-26,10000033,25608,428000,428000,428000,5,1
2017-11-26,10000033,25610,100000,100000,100000,1,1
2017-11-26,10000033,25612,622001.73,622001.54,622001.79,26,2
2017-11-26,10000033,25614,366197.53,366197.53,366197.53,1,1
2017-11-26,10000033,25615,1555099.99,1555099.99,1555099.99,1,1
2017-11-26,10000033,25616,7401,7401,7401,3,1
2017-11-26,10000033,25617,353099.99,353099.99,353099.99,8,2
2017-11-26,10000033,25618,17755.37,9687.5,19100.01,14,4
2017-11-26,10000033,25619,869131.25,845000,887900,32,2
2017-11-26,10000033,25620,42030.22,42030.22,42030.22,5,4
2017-11-26,10000033,25622,600040.81,600040.81,600040.81,2,2
2017-11-26,10000033,25624,4106301.8,4106301.8,4106301.8,8,2
2017-11-26,10000033,25625,3584375.52,2550004.16,3724999.99,8,4
2017-11-26,10000033,25707,525000.52,25001.22,899999.99,14,4
2017-11-26,10000033,25715,2353834.54,1899975,2700000,13,3
2017-11-26,10000033,25718,3000000,3000000,3000000,4,4
2017-11-26,10000033,25719,100000,100000,100000,9,9
2017-11-26,10000033,25739,450000,450000,450000,3,3
2017-11-26,10000033,25810,450000,450000,450000,3,3
2017-11-26,10000033,25811,450000,450000,450000,2,2
2017-11-26,10000033,25861,47499,47499,47499,656,24
2017-11-26,10000033,25863,1000000,1000000,1000000,7,7
2017-11-26,10000033,25887,59609.06,55561.19,61633,6,2
2017-11-26,10000033,25896,12877991.91,12877991.91,12877991.91,1,1
2017-11-26,10000033,25948,14999999.98,14999999.98,14999999.98,2,1
2017-11-26,10000033,26008,39999999.99,39999999.99,39999999.99,2,2
2017-11-26,10000033,26076,2350499.85,2350499.85,2350499.85,1,1
2017-11-26,10000033,26077,1250000,1250000,1250000,1,1
2017-11-26,10000033,26079,1250000,1250000,1250000,1,1
2017-11-26,10000033,26081,1250000,1250000,1250000,1,1
2017-11-26,10000033,26083,1250000,1250000,1250000,1,1
2017-11-26,10000033,26088,13999993.02,13999993.02,13999993.02,3,1
2017-11-26,10000033,26252,59819.67,59188.52,60000,9,9
2017-11-26,10000033,26253,100000,100000,100000,2,2
2017-11-26,10000033,26254,20000,20000,20000,2,2
2017-11-26,10000033,26255,100000,100000,100000,8,8
2017-11-26,10000033,26256,100000,100000,100000,3,3
2017-11-26,10000033,26257,100000,100000,100000,2,2
2017-11-26,10000033,26258,100000,100000,100000,3,3
2017-11-26,10000033,26259,100000,100000,100000,4,4
2017-11-26,10000033,26260,100000,100000,100000,4,4
2017-11-26,10000033,26261,100000,100000,100000,2,2
2017-11-26,10000033,26760,600000,600000,600000,3,3
2017-11-26,10000033,26761,600000,600000,600000,3,3
2017-11-26,10000033,26762,600000,600000,600000,2,2
2017-11-26,10000033,26929,348332.78,100000,499999,9,6
2017-11-26,10000033,27238,19000000,19000000,19000000,1,1
2017-11-26,10000033,27315,1197.99,1197.99,1197.99,1200,1
2017-11-26,10000033,27319,5,5,5,1000,1
2017-11-26,10000033,27327,999.99,999.99,999.99,1200,1
2017-11-26,10000033,27331,3.22,3.22,3.22,2000,2
2017-11-26,10000033,27339,3400,3400,3400,3520,5
2017-11-26,10000033,27345,3399,3399,3399,800,2
2017-11-26,10000033,27361,973.25,973.25,973.25,3200,1
2017-11-26,10000033,27381,1298.47,1298.47,1298.47,1022,3
2017-11-26,10000033,27387,1799.99,1799.99,1799.99,500,1
2017-11-26,10000033,27395,2338.7,2338.7,2338.7,1092,2
2017-11-26,10000033,27401,1449.49,1399.99,1498.99,1000,2
2017-11-26,10000033,27413,1999.97,1999.97,1999.97,18697,8
2017-11-26,10000033,27419,1783.24,1783.24,1783.24,2378,2
2017-11-26,10000033,27423,2247.7,2247.7,2247.7,351,2
2017-11-26,10000033,27435,1599,1599,1599,5000,1
2017-11-26,10000033,27441,1950,1400,2499.99,1000,2
2017-11-26,10000033,27453,1496.52,1496.52,1496.52,6000,2
2017-11-26,10000033,27902,100000,100000,100000,4,4
2017-11-26,10000033,27906,25000000,25000000,25000000,2,2
2017-11-26,10000033,27912,1500000,1500000,1500000,5,1
2017-11-26,10000033,27920,2099989.83,2099989.83,2099989.83,5,1
2017-11-26,10000033,27936,10000000,10000000,10000000,1,1
2017-11-26,10000033,28073,8000000,8000000,8000000,1,1
2017-11-26,10000033,28164,4500000,4500000,4500000,3,3
2017-11-26,10000033,28209,1600000,1600000,1600000,2,1
2017-11-26,10000033,28270,1257750.02,415500.03,2100000,4,4
2017-11-26,10000033,28274,649990,649990,649990,1,1
2017-11-26,10000033,28278,730000,730000,730000,5,1
2017-11-26,10000033,28298,2000000,2000000,2000000,11,2
2017-11-26,10000033,28326,998.61,998.61,998.61,1000,1
2017-11-26,10000033,28361,3000,3000,3000,21,1
2017-11-26,10000033,28362,142001,142001,142001,80,2
2017-11-26,10000033,28363,170000,170000,170000,16,1
2017-11-26,10000033,28365,2514.59,2514.59,2514.59,22,1
2017-11-26,10000033,28366,1501001.4,1501001.4,1501001.4,10,1
2017-11-26,10000033,28374,500000000,500000000,500000000,2,2
2017-11-26,10000033,28421,5000,5000,5000,283,1
2017-11-26,10000033,28425,4500,4500,4500,333,1
2017-11-26,10000033,28426,5101,5101,5101,6838,1
2017-11-26,10000033,28576,1066201.8,980000,1900000,21,13
2017-11-26,10000033,28578,1002769.91,1002769.91,1002769.91,2,1
2017-11-26,10000033,28585,25000000,25000000,25000000,2,2
2017-11-26,10000033,28606,663000057.08,663000057.08,663000057.08,2,2
2017-11-26,10000033,28607,900000000,900000000,900000000,6,3
2017-11-26,10000033,28609,32000000,32000000,32000000,2,2
2017-11-26,10000033,28615,4000000,4000000,4000000,1,1
2017-11-26,10000033,28656,64000000,64000000,64000000,1,1
2017-11-26,10000033,28668,37999.94,26988,39996.7,5527,25
2017-11-26,10000033,28758,32500000,32500000,32500000,1,1
2017-11-26,10000033,28840,1,1,1,1,1
2017-11-26,10000033,28879,1000000,1000000,1000000,3,3
2017-11-26,10000033,28880,5000000,5000000,5000000,2,2
2017-11-26,10000033,28999,12,12,12,2,1
2017-11-26,10000033,29001,11.33,11.33,11.33,1,1
2017-11-26,10000033,29005,30000,30000,30000,2,1
2017-11-26,10000033,29007,10000,10000,10000,3,2
2017-11-26,10000033,29009,108423.14,25000,129278.93,5,2
2017-11-26,10000033,29011,39330.25,34995,88000,59,4
2017-11-26,10000033,29013,12000,12000,12000,1,1
2017-11-26,10000033,29029,100000000,100000000,100000000,1,1
2017-11-26,10000033,29040,15000000,15000000,15000000,1,1
2017-11-26,10000033,29048,15000000,15000000,15000000,1,1
2017-11-26,10000033,29054,15000000,15000000,15000000,1,1
2017-11-26,10000033,29064,15000000,15000000,15000000,1,1
2017-11-26,10000033,29068,15000000,15000000,15000000,1,1
2017-11-26,10000033,29074,15000000,15000000,15000000,1,1
2017-11-26,10000033,29096,15000000,15000000,15000000,1,1
2017-11-26,10000033,29104,15000000,15000000,15000000,1,1
2017-11-26,10000033,29110,15000000,15000000,15000000,1,1
2017-11-26,10000033,29248,616666.33,499999.5,849999.99,3,3
2017-11-26,10000033,29988,148900000,148900000,148900000,1,1
2017-11-26,10000033,30013,5899,5899,5899,362,19
2017-11-26,10000033,30014,5000000,5000000,5000000,4,1
2017-11-26,10000033,30028,91041.91,69000,99997.99,46,3
2017-11-26,10000033,30029,5000000,5000000,5000000,3,1
2017-11-26,10000033,30324,10000000,10000000,10000000,1,1
2017-11-26,10000033,30325,10000000,10000000,10000000,1,1
2017-11-26,10000033,30486,860000,860000,860000,8,1
2017-11-26,10000033,30488,749850.88,749850.88,749850.88,122,12
2017-11-26,10000033,30497,25.06,25.06,25.06,81,1
2017-11-26,10000033,30545,5000000,5000000,5000000,3,3
2017-11-26,10000033,30546,5000000,5000000,5000000,1,1
2017-11-26,10000033,30547,5000000,5000000,5000000,3,3
2017-11-26,10000033,30551,5000000,5000000,5000000,3,3
2017-11-26,10000033,30554,5000000,5000000,5000000,3,3
2017-11-26,10000033,30650,1500000,1500000,1500000,1,1
2017-11-26,10000033,30651,1500000,1500000,1500000,1,1
2017-11-26,10000033,30652,1500000,1500000,1500000,1,1
2017-11-26,10000033,30653,1500000,1500000,1500000,4,4
2017-11-26,10000033,30744,200000,200000,200000,15962,34
2017-11-26,10000033,30745,500000,500000,500000,16994,34
2017-11-26,10000033,30746,1500000,1500000,1500000,8014,26
2017-11-26,10000033,30747,5000000,5000000,5000000,5337,23
2017-11-26,10000033,30832,1456249.09,1339999,1494998.75,4,3
2017-11-26,10000033,30834,1732762.1,1463814.52,1799999,5,2
2017-11-26,10000033,30836,1609202.57,1589405.14,1629000,2,2
2017-11-26,10000033,30987,536596.59,499999,685000,8,4
2017-11-26,10000033,30997,448999.7,448999.7,448999.7,1,1
2017-11-26,10000033,31009,650000,650000,650000,1,1
2017-11-26,10000033,31021,347096.77,340000,559999.84,31,2
2017-11-26,10000033,31033,608996.77,608996.77,608996.77,1,1
2017-11-26,10000033,31035,2295000,2295000,2295000,13,1
2017-11-26,10000033,31045,895000,895000,895000,1,1
2017-11-26,10000033,31055,2536666.67,2020000,2795000,3,2
2017-11-26,10000033,31063,532222.42,532222.42,532222.42,1,1
2017-11-26,10000033,31065,2249999.01,2249999.01,2249999.01,8,1
2017-11-26,10000033,31069,11204778.61,11204778.61,11204778.61,1,1
2017-11-26,10000033,31083,999999,999999,999999,2,1
2017-11-26,10000033,31085,2894999.99,2894999.99,2894999.99,3,1
2017-11-26,10000033,31105,289998,250000,349994.99,5,2
2017-11-26,10000033,31117,333333.33,330000,340000,6,4
2017-11-26,10000033,31118,125000,125000,125000,3,1
2017-11-26,10000033,31119,1578485.5,1295000,1861971,6,2
2017-11-26,10000033,31155,1195000,1195000,1195000,3,1
2017-11-26,10000033,31165,4495000,4495000,4495000,6,3
2017-11-26,10000033,31171,3997500,3995000,4000000,2,2
2017-11-26,10000033,31173,10900000,10900000,10900000,2,1
2017-11-26,10000033,31201,249995,249995,249995,2,2
2017-11-26,10000033,31213,155555.56,150000,175000,9,6
2017-11-26,10000033,31274,249995.99,249995.99,249995.99,1,1
2017-11-26,10000033,31280,2695000,2695000,2695000,1,1
2017-11-26,10000033,31322,499999.02,499999.02,499999.02,2,1
2017-11-26,10000033,31358,1308996.97,713995.96,2498999,3,3
2017-11-26,10000033,31359,125000,125000,125000,1,1
2017-11-26,10000033,31360,4136249.37,3000000,5272498.75,4,4
2017-11-26,10000033,31364,4249990,4249990,4249990,1,1
2017-11-26,10000033,31370,412971.31,395565.57,500000,12,5
2017-11-26,10000033,31372,2038000,1395000,2700000,5,5
2017-11-26,10000033,31378,9994990,9994990,9994990,2,1
2017-11-26,10000033,31394,500000,500000,500000,1,1
2017-11-26,10000033,31406,2999999.99,2999999.99,2999999.99,1,1
2017-11-26,10000033,31408,4798988.95,4798988.95,4798988.95,1,1
2017-11-26,10000033,31442,299999.99,299999.99,299999.99,1,1
2017-11-26,10000033,31454,195000,195000,195000,1,1
2017-11-26,10000033,31490,295000,295000,295000,1,1
2017-11-26,10000033,31528,3500000,3500000,3500000,1,1
2017-11-26,10000033,31538,1500000,1500000,1500000,1,1
2017-11-26,10000033,31540,5000000,5000000,5000000,1,1
2017-11-26,10000033,31562,599999.89,599999.89,599999.89,2,2
2017-11-26,10000033,31586,494999.99,494999.99,494999.99,2,1
2017-11-26,10000033,31588,2644000,2644000,2644000,1,1
2017-11-26,10000033,31608,400000,400000,400000,2,1
2017-11-26,10000033,31622,1895000,1895000,1895000,1,1
2017-11-26,10000033,31634,3400000,3400000,3400000,1,1
2017-11-26,10000033,31646,1595000,1595000,1595000,2,1
2017-11-26,10000033,31658,1999999,1999999,1999999,1,1
2017-11-26,10000033,31716,77680.79,73400,88999.95,9,7
2017-11-26,10000033,31717,125000,125000,125000,2,2
2017-11-26,10000033,31718,370624.64,295000,499999.03,8,6
2017-11-26,10000033,31719,750000,750000,750000,1,1
2017-11-26,10000033,31724,5990000,5990000,5990000,1,1
2017-11-26,10000033,31728,75000,75000,75000,1,1
2017-11-26,10000033,31729,125000,125000,125000,2,2
2017-11-26,10000033,31731,750000,750000,750000,1,1
2017-11-26,10000033,31741,125000,125000,125000,2,2
2017-11-26,10000033,31743,750000,750000,750000,1,1
2017-11-26,10000033,31752,229705.04,111099,348311.08,2,2
2017-11-26,10000033,31753,125000,125000,125000,2,2
2017-11-26,10000033,31754,303126,295000,315315,5,4
2017-11-26,10000033,31755,750000,750000,750000,1,1
2017-11-26,10000033,31776,349999,349999,349999,1,1
2017-11-26,10000033,31788,630653.85,550000,699000.02,13,6
2017-11-26,10000033,31789,125000,125000,125000,1,1
2017-11-26,10000033,31790,2211102.78,2000000,2399999,29,11
2017-11-26,10000033,31796,29000000,25000000,35000000,5,3
2017-11-26,10000033,31800,899999.5,800000,999999,2,2
2017-11-26,10000033,31802,2165666.5,2049499.49,2200000,6,4
2017-11-26,10000033,31803,750000,750000,750000,1,1
2017-11-26,10000033,31812,35000000,35000000,35000000,1,1
2017-11-26,10000033,31868,140000,140000,140000,3,1
2017-11-26,10000033,31878,3499999.99,3499999.99,3499999.99,1,1
2017-11-26,10000033,31892,2399999.99,2399999.99,2399999.99,4,1
2017-11-26,10000033,31900,59999000.19,59999000.19,59999000.19,1,1
2017-11-26,10000033,31936,8099987.59,8099987.59,8099987.59,1,1
2017-11-26,10000033,31998,99999,99999,99999,118,4
2017-11-26,10000033,32006,175000,144000,192000,103,5
2017-11-26,10000033,32014,298382.38,247500,399999.99,31,6
2017-11-26,10000033,32043,3382364.79,2576490,5799989.16,4,3
2017-11-26,10000033,32047,39999996.66,39999989.99,39999999.99,3,2
2017-11-26,10000033,32311,305000003.97,305000003.97,305000003.97,1,1
2017-11-26,10000033,32339,100000000,100000000,100000000,3,3
2017-11-26,10000033,32435,15000000,15000000,15000000,2,2
2017-11-26,10000033,32772,750000,750000,750000,1,1
2017-11-26,10000033,32780,300000,300000,300000,1,1
2017-11-26,10000033,32787,40908.43,28000,42000,64,15
2017-11-26,10000033,32797,500000,500000,500000,3,3
2017-11-26,10000033,32867,5000000,5000000,5000000,1,1
2017-11-26,10000033,32872,1136945,1000000,1200000,10,10
2017-11-26,10000033,32876,1041428.57,1000000,1293000.02,7,6
2017-11-26,10000033,32877,8795138,8795138,8795138,2,2
2017-11-26,10000033,32880,291344.46,255000,398987.91,26,25
2017-11-26,10000033,32881,5277777.77,5277777.77,5277777.77,1,1
2017-11-26,10000033,32918,40000,40000,40000,6,6
2017-11-26,10000033,32982,29986000,29986000,29986000,1,1
2017-11-26,10000033,32999,200000,200000,200000,10,10
2017-11-26,10000033,33000,200000,200000,200000,5,5
2017-11-26,10000033,33001,200000,200000,200000,5,5
2017-11-26,10000033,33002,200000,200000,200000,5,5
2017-11-26,10000033,33005,310000,310000,310000,1,1
2017-11-26,10000033,33007,150000,150000,150000,1,1
2017-11-26,10000033,33018,1,1,1,1,1
2017-11-26,10000033,33060,1,1,1,1,1
2017-11-26,10000033,33063,4000,4000,4000,1,1
2017-11-26,10000033,33076,1240000,480000,2000000,2,2
2017-11-26,10000033,33078,1000000,1000000,1000000,4,4
2017-11-26,10000033,33091,100000,100000,100000,22,8
2017-11-26,10000033,33092,100000,100000,100000,5,5
2017-11-26,10000033,33093,100000,100000,100000,7,7
2017-11-26,10000033,33094,99928.57,99500,100000,7,7
2017-11-26,10000033,33095,1000000,1000000,1000000,20,6
2017-11-26,10000033,33096,1000000,1000000,1000000,9,9
2017-11-26,10000033,33097,1000000,1000000,1000000,6,6
2017-11-26,10000033,33098,1000000,1000000,1000000,6,6
2017-11-26,10000033,33138,1500000,1500000,1500000,2,2
2017-11-26,10000033,33139,2000000,2000000,2000000,1,1
2017-11-26,10000033,33178,282500,270000,295000,2,2
2017-11-26,10000033,33180,450000,300000,600000,2,2
2017-11-26,10000033,33270,225233.02,225233.02,225233.02,1,1
2017-11-26,10000033,33271,60000,60000,60000,2,2
2017-11-26,10000033,33332,750000,750000,750000,5,1
2017-11-26,10000033,33399,5000000,5000000,5000000,1,1
2017-11-26,10000033,33407,36000000,36000000,36000000,2,2
2017-11-26,10000033,33440,49995,49995,49995,4,1
2017-11-26,10000033,33449,749970,749970,749970,1,1
2017-11-26,10000033,33468,63438002.37,63438002.37,63438002.37,3,3
2017-11-26,10000033,33474,2007133.92,1999999.81,2399974.99,14,7
2017-11-26,10000033,33475,9077591.77,8800000,9749999,19,18
2017-11-26,10000033,33513,165000002.01,165000002.01,165000002.01,2,2
2017-11-26,10000033,33519,30000000,30000000,30000000,1,1
2017-11-26,10000033,33539,1125802,1125802,1125802,6,1
2017-11-26,10000033,33571,2.12,2.12,2.12,500,3
2017-11-26,10000033,33572,1.25,1.25,1.25,700,4
2017-11-26,10000033,33573,2.16,2.16,2.16,700,4
2017-11-26,10000033,33577,163899.99,163899.99,163899.99,4,1
2017-11-26,10000033,33699,100000,100000,100000,9,9
2017-11-26,10000033,33700,26400000,26400000,26400000,1,1
2017-11-26,10000033,33856,4000000,4000000,4000000,4,4
2017-11-26,10000033,33890,1132000,1132000,1132000,3,1
2017-11-26,10000033,33915,633332.67,499999.01,900000,6,3
2017-11-26,10000033,34132,260000000,260000000,260000000,1,1
2017-11-26,10000033,34133,1202000000.04,1202000000.01,1202000000.08,4,4
2017-11-26,10000033,34178,3.2,3.2,3.2,1,1
2017-11-26,10000033,34201,326400,324000,327000,5,4
2017-11-26,10000033,34203,414312,414312,414312,3,3
2017-11-26,10000033,34204,767580,752400,786000,5,4
2017-11-26,10000033,34205,276499.37,276279.99,277600,6,6
2017-11-26,10000033,34206,232250.22,222299.99,250000,25,19
2017-11-26,10000033,34284,2299998.98,2299998.98,2299998.98,6,1
2017-11-26,10000033,34327,35000000,35000000,35000000,2,2
2017-11-26,10000033,34390,1000000,1000000,1000000,3,3
2017-11-26,10000033,34533,1000000,1000000,1000000,3,3
2017-11-26,10000033,34686,1000,1000,1000,1,1
2017-11-26,10000033,34735,500000,500000,500000,1,1
2017-11-26,10000033,34753,149000,149000,149000,1,1
2017-11-26,10000033,35656,60227,49995,290000,10,10
2017-11-26,10000033,35658,28104.69,5100.01,79995,8,6
2017-11-26,10000033,35659,111002.51,19000,390000,4,3
2017-11-26,10000033,35660,18247.86,3500.1,36788.97,5,4
2017-11-26,10000033,35661,246600,244000,250500,5,4
2017-11-26,10000033,35662,238000,230000,270000,10,5
2017-11-26,10000033,35680,1000000,1000000,1000000,3,3
2017-11-26,10000033,35685,1000000,1000000,1000000,5,5
2017-11-26,10000033,35771,2397500.01,1295000,3500000.01,2,2
2017-11-26,10000033,35790,2018570.5,1939999,2097142,2,2
2017-11-26,10000033,35794,59800,49750,99999.99,5,2
2017-11-26,10000033,35795,99999.99,99999.99,99999.99,1,1
2017-11-26,10000033,35832,1399999999.99,1399999999.99,1399999999.99,1,1
2017-11-26,10000033,35835,989999999.97,989999999.97,989999999.97,1,1
2017-11-26,10000033,35899,42999999.95,42999999.95,42999999.95,1,1
2017-11-26,10000033,36411,500000,500000,500000,2,1
2017-11-26,10000033,36425,198000,198000,198000,1,1
2017-11-26,10000033,36438,1199990,1199990,1199990,1,1
2017-11-26,10000033,36909,6680474.9,6680474.9,6680474.9,1,1
2017-11-26,10000033,36910,9112498.47,9112498.47,9112498.47,2,2
2017-11-26,10000033,37020,60000000,60000000,60000000,1,1
2017-11-26,10000033,37450,400000,400000,400000,1,1
2017-11-26,10000033,37483,95000000,95000000,95000000,1,1
2017-11-26,10000033,37544,120.99,120.99,120.99,1,1
2017-11-26,10000033,37545,102.1,102.1,102.1,2,2
2017-11-26,10000033,37552,1000,1000,1000,1,1
2017-11-26,10000033,37606,1199999000,1199999000,1199999000,1,1
2017-11-26,10000033,37608,1468750.63,1450001,1500000,8,7
2017-11-26,10000033,37610,1363857.58,1001001.53,1490000,7,5
2017-11-26,10000033,37611,1025876.03,1001001.03,1200001,8,7
2017-11-26,10000033,37615,20000000,20000000,20000000,3,3
2017-11-26,10000033,37796,5000000,5000000,5000000,1,1
2017-11-26,10000033,37798,5000000,5000000,5000000,1,1
2017-11-26,10000033,37799,5000000,5000000,5000000,1,1
2017-11-26,10000033,37833,1300000,1300000,1300000,1,1
2017-11-26,10000033,37834,1300000,1300000,1300000,1,1
2017-11-26,10000033,37835,1300000,1300000,1300000,1,1
2017-11-26,10000033,37836,1300000,1300000,1300000,1,1
2017-11-26,10000033,37852,10000000,10000000,10000000,1,1
2017-11-26,10000033,37853,10000000,10000000,10000000,1,1
2017-11-26,10000033,37855,8000000,8000000,8000000,1,1
2017-11-26,10000033,37857,8000000,8000000,8000000,1,1
2017-11-26,10000033,37858,20000000,20000000,20000000,1,1
2017-11-26,10000033,37859,20000000,20000000,20000000,1,1
2017-11-26,10000033,37860,20000000,20000000,20000000,1,1
2017-11-26,10000033,40328,4000000,4000000,4000000,3,3
2017-11-26,10000033,40358,3499999.74,3499999.74,3499999.74,4,1
2017-11-26,10000033,40520,805992307.69,798700000,807800000,13,9
2017-11-26,10000033,40572,100000000,100000000,100000000,3,3
2017-11-26,10000033,40573,100000000,100000000,100000000,4,4
2017-11-26,10000033,40674,36000000,36000000,36000000,1,1
2017-11-26,10000033,41031,30192.14,151.05,34995,53,14
2017-11-26,10000033,41032,151.05,151.01,151.06,4,4
2017-11-26,10000033,41033,73.2,0.01,122,5,4
2017-11-26,10000033,41034,34679.16,127.06,60000,7,5
2017-11-26,10000033,41054,202003,202003,202003,2,2
2017-11-26,10000033,41055,190002,190002,190002,3,2
2017-11-26,10000033,41056,202002,202002,202002,4,2
2017-11-26,10000033,41155,73666.66,21000,99999.99,3,2
2017-11-26,10000033,41230,1500000,1500000,1500000,1,1
2017-11-26,10000033,41534,109999999.96,109999999.96,109999999.96,1,1
2017-11-26,10000033,41600,18400000,18400000,18400000,1,1
2017-11-26,10000033,42244,52530010.54,52530010.54,52530010.54,1,1
2017-11-26,10000033,42528,1150000,1150000,1150000,4,2
2017-11-26,10000033,42529,1700000,1700000,1700000,1,1
2017-11-26,10000033,42695,1999.99,1999.99,1999.99,300,2
2017-11-26,10000033,42736,1000000,1000000,1000000,1,1
2017-11-26,10000033,42829,1250.48,1250.48,1250.48,8500,4
2017-11-26,10000033,42830,899.55,899.55,899.55,3700,3
2017-11-26,10000033,42831,900,900,900,4400,1
2017-11-26,10000033,42832,700,700,700,600,1
2017-11-26,10000033,42834,899.81,899.81,899.81,585500,1
2017-11-26,10000033,42880,17149499.98,17099999.96,17199000,2,2
2017-11-26,10000033,42881,19599999.99,19599999.99,19599999.99,1,1
2017-11-26,10000033,42883,10000000,10000000,10000000,5,1
2017-11-26,10000033,42884,10000000,10000000,10000000,5,1
2017-11-26,10000033,42885,10000000,10000000,10000000,5,1
2017-11-26,10000033,43551,4424994.13,4424994.13,4424994.13,3,1
2017-11-26,10000033,43552,3099999,3099999,3099999,1,1
2017-11-26,10000033,43699,189999,189999,189999,3,1
2017-11-26,10000033,43702,80000,80000,80000,2,2
2017-11-26,10000033,43911,30000000,30000000,30000000,1,1
2017-11-26,10000033,44067,250000000,250000000,250000000,1,1
2017-11-26,10000033,44110,10.05,10.05,10.05,300,3
2017-11-26,10000033,44166,2000000,2000000,2000000,1,1
2017-11-26,10000033,44212,1,1,1,1,1
2017-11-26,10000033,44992,3079420,3079103.04,3079420.33,5463,29
2017-11-26,10000033,45009,179999999.84,179999999.84,179999999.84,1,1
2017-11-26,10000033,45537,229999999.96,229999999.96,229999999.96,1,1
2017-11-26,10000033,45538,239999999.87,239999999.87,239999999.87,1,1
2017-11-26,10000033,45635,174083333.33,173700000,175800000,12,8
2017-11-26,10000033,45746,1000000,1000000,1000000,11,11
2017-11-26,10000033,45748,5000000,5000000,5000000,3,3
2017-11-26,10000033,45749,25000000,25000000,25000000,1,1
2017-11-26,10000033,45750,15000000,15000000,15000000,1,1
2017-11-26,10000033,45760,89000,89000,89000,1,1
2017-11-26,10000033,45775,11.11,11.11,11.11,1,1
2017-11-26,10000033,45776,149000,149000,149000,3,1
2017-11-26,10000033,45784,45000000,45000000,45000000,1,1
2017-11-26,10000033,45804,119000,119000,119000,2,1
2017-11-26,10000033,45817,269000,269000,269000,2,2
2017-11-26,10000033,45818,169000,169000,169000,1,1
2017-11-26,10000033,45833,219000,219000,219000,1,1
2017-11-26,10000033,45847,2998000,2998000,2998000,1,1
2017-11-26,10000033,45852,3760000,3760000,3760000,1,1
2017-11-26,10000033,45895,998000,998000,998000,3,2
2017-11-26,10000033,45911,1600000,1600000,1600000,1,1
2017-11-26,10000033,45926,198000,198000,198000,2,1
2017-11-26,10000033,45945,269000,269000,269000,2,1
2017-11-26,10000033,45984,425000,350000,500000,2,2
2017-11-26,10000033,45987,798000,798000,798000,1,1
2017-11-26,10000033,45996,100000,100000,100000,3,2
2017-11-26,10000033,45999,14999999,14999999,14999999,1,1
2017-11-26,10000033,46000,49999999.99,49999999.99,49999999.99,1,1
2017-11-26,10000033,46008,6633333.11,6000000,6666666.66,15,11
2017-11-26,10000033,46152,10000000,10000000,10000000,2,2
2017-11-26,10000033,46153,15000000,15000000,15000000,2,2
2017-11-26,10000033,46154,20000000,20000000,20000000,2,2
2017-11-26,10000033,46155,25000000,25000000,25000000,2,2
2017-11-26,10000033,46156,30000000,30000000,30000000,2,2
2017-11-26,10000033,46173,10000000,10000000,10000000,1,1
2017-11-26,10000033,46182,10000000,10000000,10000000,1,1
2017-11-26,10000033,46185,10000000,10000000,10000000,1,1
2017-11-26,10000033,46350,10000000,10000000,10000000,1,1
2017-11-26,10000033,46352,10000000,10000000,10000000,1,1
2017-11-26,10000033,46357,10000000,10000000,10000000,1,1
2017-11-26,10000033,46359,10000000,10000000,10000000,1,1
2017-11-26,10000033,46361,10000000,10000000,10000000,1,1
2017-11-26,10000033,47029,12099999.99,12099999.99,12099999.99,2,2
2017-11-26,10000034,34,4.82,4.82,4.82,20000000,1
2017-11-26,10000034,35,4.87,4.87,4.87,2000000,2
2017-11-26,10000034,36,79,79,79,3402161,6
2017-11-26,10000034,37,51,51,51,3100000,3
2017-11-26,10000034,38,438,438,438,331508,15
2017-11-26,10000034,39,950,950,950,109504,4
2017-11-26,10000034,40,1100,1100,1100,154351,3
2017-11-26,10000034,202,150,150,150,10000,1
2017-11-26,10000034,204,398,398,398,28000,2
2017-11-26,10000034,206,49,49,49,5000,1
2017-11-26,10000034,217,10,10,10,800,2
2017-11-26,10000034,222,17.5,17.5,17.5,400,1
2017-11-26,10000034,434,523076.82,200000,684615.23,3,3
2017-11-26,10000034,439,70000,70000,70000,1,1
2017-11-26,10000034,440,4800000,4800000,4800000,2,2
2017-11-26,10000034,444,50000,50000,50000,1,1
2017-11-26,10000034,448,2500000,2500000,2500000,1,1
2017-11-26,10000034,482,1100000,1100000,1100000,2,1
2017-11-26,10000034,527,1450000,1400000,1500000,2,2
2017-11-26,10000034,578,228500,228500,228500,2,2
2017-11-26,10000034,583,500000,500000,500000,1,1
2017-11-26,10000034,589,350000,250000,450000,2,2
2017-11-26,10000034,602,590000,590000,590000,1,1
2017-11-26,10000034,645,185000000,185000000,185000000,1,1
2017-11-26,10000034,650,1000000,1000000,1000000,1,1
2017-11-26,10000034,656,1600000,1600000,1600000,1,1
2017-11-26,10000034,657,1900000,1800000,2000000,2,2
2017-11-26,10000034,672,1000000,1000000,1000000,1,1
2017-11-26,10000034,1183,729000,729000,729000,1,1
2017-11-26,10000034,1244,38700,38700,38700,3,2
2017-11-26,10000034,1248,1850000,1850000,1850000,1,1
2017-11-26,10000034,1319,868750,550000,3100000,8,3
2017-11-26,10000034,1403,47999.99,47999.99,47999.99,5,2
2017-11-26,10000034,1405,1350000,1350000,1350000,4,1
2017-11-26,10000034,1541,1103571.43,925000,1125000,7,5
2017-11-26,10000034,1875,50000,50000,50000,5,1
2017-11-26,10000034,1877,1557142.86,1500000,1600000,7,2
2017-11-26,10000034,1952,1500000,1500000,1500000,1,1
2017-11-26,10000034,1956,50000,50000,50000,1,1
2017-11-26,10000034,1957,50000,50000,50000,1,1
2017-11-26,10000034,1958,100000,100000,100000,1,1
2017-11-26,10000034,1973,100000,100000,100000,1,1
2017-11-26,10000034,2020,340000,340000,340000,1,1
2017-11-26,10000034,2024,1600000,1600000,1600000,5,1
2017-11-26,10000034,2032,739234.13,739000,739351.19,6,2
2017-11-26,10000034,2048,660098.41,620000,850393.62,4,4
2017-11-26,10000034,2175,1545828.6,1500000,1558862.68,56,10
2017-11-26,10000034,2193,150000,150000,150000,3,1
2017-11-26,10000034,2195,2410714.28,2200000,2789999.99,28,3
2017-11-26,10000034,2203,10029.52,4996,15063.03,10,2
2017-11-26,10000034,2205,462661.71,449000,496816,14,2
2017-11-26,10000034,2254,1633333.31,900000,1999999.97,3,2
2017-11-26,10000034,2281,2676032.76,2306196.58,2750000,12,7
2017-11-26,10000034,2301,2200000,2200000,2200000,1,1
2017-11-26,10000034,2333,2300000,2300000,2300000,1,1
2017-11-26,10000034,2410,2000000,2000000,2000000,2,2
2017-11-26,10000034,2446,2400000,2400000,2400000,8,2
2017-11-26,10000034,2524,1000000,1000000,1000000,13,3
2017-11-26,10000034,2525,1659999.98,1000000,1989999.97,3,3
2017-11-26,10000034,2533,1000000,1000000,1000000,2,2
2017-11-26,10000034,2534,1000000,1000000,1000000,1,1
2017-11-26,10000034,2539,1250000,1100000,2000000,6,2
2017-11-26,10000034,2549,1333333.33,1000000,2000000,15,5
2017-11-26,10000034,2550,1000000,1000000,1000000,4,4
2017-11-26,10000034,2551,1000000,1000000,1000000,1,1
2017-11-26,10000034,2553,1340000,1250000,1700000,10,3
2017-11-26,10000034,2605,550000,350000,650000,3,2
2017-11-26,10000034,2613,220,220,220,8467,2
2017-11-26,10000034,2637,800,800,800,3814,1
2017-11-26,10000034,2929,4200000,4200000,4200000,8,1
2017-11-26,10000034,2998,75000000,75000000,75000000,2,2
2017-11-26,10000034,3244,1700000,1700000,1700000,1,1
2017-11-26,10000034,3338,5900000,5900000,5900000,1,1
2017-11-26,10000034,3405,150000,150000,150000,1,1
2017-11-26,10000034,3438,260000,260000,260000,1,1
2017-11-26,10000034,3440,390000,390000,390000,1,1
2017-11-26,10000034,3466,164999.95,164999.95,164999.95,3,1
2017-11-26,10000034,3488,1100000,1100000,1100000,1,1
2017-11-26,10000034,3496,2500000,2500000,2500000,2,2
2017-11-26,10000034,3504,2500000,2500000,2500000,1,1
2017-11-26,10000034,3528,200000,200000,200000,1,1
2017-11-26,10000034,3530,1250000,1250000,1250000,1,1
2017-11-26,10000034,3578,2500000,2500000,2500000,1,1
2017-11-26,10000034,3645,600,600,600,2000,1
2017-11-26,10000034,3828,12500,12500,12500,424,1
2017-11-26,10000034,3829,212500,125000,300000,2,2
2017-11-26,10000034,3831,1250000,1250000,1250000,1,1
2017-11-26,10000034,3841,1300000,1300000,1300000,7,3
2017-11-26,10000034,4250,2350000,2350000,2350000,1,1
2017-11-26,10000034,4292,90000000,90000000,90000000,1,1
2017-11-26,10000034,4312,20999.99,20999.99,20999.99,4200,1
2017-11-26,10000034,4393,210000,210000,210000,4,1
2017-11-26,10000034,4395,1899999.99,1700000,2099999.98,2,2
2017-11-26,10000034,4405,1202000,1010000,1250000,15,6
2017-11-26,10000034,5439,100000,100000,100000,10,1
2017-11-26,10000034,5975,700000,700000,700000,1,1
2017-11-26,10000034,6005,594994.98,190000,999989.96,2,2
2017-11-26,10000034,10246,21899,21899,21899,10,2
2017-11-26,10000034,10250,900000,900000,900000,5,1
2017-11-26,10000034,10850,1063899.63,927799.25,1200000,2,2
2017-11-26,10000034,10998,183333.33,50000,350000,9,3
2017-11-26,10000034,11132,100000,100000,100000,2,2
2017-11-26,10000034,11134,1000000,1000000,1000000,1,1
2017-11-26,10000034,11188,30000000,30000000,30000000,1,1
2017-11-26,10000034,11198,36000000,36000000,36000000,1,1
2017-11-26,10000034,11200,32000000,32000000,32000000,1,1
2017-11-26,10000034,11202,30000000,30000000,30000000,2,2
2017-11-26,10000034,11267,230000,230000,230000,1,1
2017-11-26,10000034,11269,1066666.67,1000000,1200000,3,3
2017-11-26,10000034,11578,6799999.99,6500000,7099999.98,2,2
2017-11-26,10000034,11963,248000000,248000000,248000000,1,1
2017-11-26,10000034,12056,80000,80000,80000,5,1
2017-11-26,10000034,12058,3250000,3250000,3250000,4,2
2017-11-26,10000034,12068,5500000,5500000,5500000,3,3
2017-11-26,10000034,13261,44000000,44000000,44000000,1,1
2017-11-26,10000034,16238,1400000,1400000,1400000,1,1
2017-11-26,10000034,16272,460.1,460.1,460.1,103767,1
2017-11-26,10000034,16273,99.94,95,99.94,10048,14
2017-11-26,10000034,16275,2499.99,2499.99,2499.99,58,1
2017-11-26,10000034,16281,610000,610000,610000,1,1
2017-11-26,10000034,17476,30000000,30000000,30000000,2,2
2017-11-26,10000034,17480,24000000,24000000,24000000,2,2
2017-11-26,10000034,17482,1975000,1900000,2000000,8,4
2017-11-26,10000034,17559,60000000,60000000,60000000,1,1
2017-11-26,10000034,17715,239000000,239000000,239000000,1,1
2017-11-26,10000034,17843,95000000,95000000,95000000,2,2
2017-11-26,10000034,17888,1350,1350,1350,235000,7
2017-11-26,10000034,17889,1350,1350,1350,34700,3
2017-11-26,10000034,17918,565000000,565000000,565000000,1,1
2017-11-26,10000034,17938,174987.83,174987.83,174987.83,1,1
2017-11-26,10000034,18025,760000,760000,760000,1,1
2017-11-26,10000034,18036,200000,200000,200000,6,1
2017-11-26,10000034,18038,200000,200000,200000,6,1
2017-11-26,10000034,18040,175000,150000,200000,12,2
2017-11-26,10000034,18044,125000,125000,125000,6,1
2017-11-26,10000034,18054,200000,200000,200000,6,1
2017-11-26,10000034,18064,200000,200000,200000,6,1
2017-11-26,10000034,18590,600000,600000,600000,4,1
2017-11-26,10000034,18592,475000,475000,475000,4,1
2017-11-26,10000034,18594,699999,699999,699999,2,1
2017-11-26,10000034,18608,850000,850000,850000,8,1
2017-11-26,10000034,18624,749000,749000,749000,14,2
2017-11-26,10000034,18639,288617.57,288617.57,288617.57,1,1
2017-11-26,10000034,19739,4546875,4546875,4546875,5,1
2017-11-26,10000034,20312,700000,700000,700000,1,1
2017-11-26,10000034,20703,62000000,62000000,62000000,1,1
2017-11-26,10000034,21096,2300000,1700000,3500000,3,3
2017-11-26,10000034,21640,1300000,1300000,1300000,10,1
2017-11-26,10000034,21894,1500,1500,1500,16488,2
2017-11-26,10000034,22175,185000,185000,185000,1,1
2017-11-26,10000034,22177,145000,145000,145000,1,1
2017-11-26,10000034,22291,1150000,1150000,1150000,2,1
2017-11-26,10000034,22778,149000,149000,149000,30,1
2017-11-26,10000034,23025,850,850,850,4000,1
2017-11-26,10000034,23055,3900000,3900000,3900000,1,1
2017-11-26,10000034,23527,1599975,900000,2299950,4,4
2017-11-26,10000034,23533,120000,120000,120000,3,2
2017-11-26,10000034,23561,100000,100000,100000,2,1
2017-11-26,10000034,23705,60000,60000,60000,2,2
2017-11-26,10000034,23707,79696.96,71666.66,91666.65,22,5
2017-11-26,10000034,23729,40000,40000,40000,3,1
2017-11-26,10000034,24283,40333333.33,40000000,41000000,3,2
2017-11-26,10000034,24305,4900000,4900000,4900000,2,1
2017-11-26,10000034,24395,650000,650000,650000,2,2
2017-11-26,10000034,24417,1750000,1750000,1750000,1,1
2017-11-26,10000034,24427,1650000,1500000,1800000,8,7
2017-11-26,10000034,24438,1250000,1250000,1250000,4,2
2017-11-26,10000034,24497,130,130,130,1,1
2017-11-26,10000034,24509,750,750,750,50000,1
2017-11-26,10000034,24511,450,450,450,6000,1
2017-11-26,10000034,25918,1200000,1200000,1200000,3,2
2017-11-26,10000034,27361,1250,1250,1250,20500,3
2017-11-26,10000034,27381,550,550,550,500,1
2017-11-26,10000034,27387,1100,1100,1100,600,1
2017-11-26,10000034,27453,1900,1900,1900,680,1
2017-11-26,10000034,28213,1233168.92,1215375,1268756.76,6,2
2017-11-26,10000034,28290,3000000,3000000,3000000,5,1
2017-11-26,10000034,28366,4200000,4200000,4200000,2,1
2017-11-26,10000034,28367,410000,410000,410000,57,3
2017-11-26,10000034,28391,400000,400000,400000,153,3
2017-11-26,10000034,28576,1500000,1500000,1500000,10,4
2017-11-26,10000034,28668,29999.89,29999.89,29999.89,500,1
2017-11-26,10000034,28670,1800191.97,1800191.97,1800191.97,1,1
2017-11-26,10000034,28999,68986.37,50000,87972.73,6,3
2017-11-26,10000034,29001,37900.44,34800.87,41000,4,3
2017-11-26,10000034,29009,34333.32,32999.96,35000,3,3
2017-11-26,10000034,29011,34520.61,31027.48,45000,4,2
2017-11-26,10000034,29248,400000,400000,400000,1,1
2017-11-26,10000034,30013,47073.46,47073.46,47073.46,24,2
2017-11-26,10000034,30028,166417.55,166417.55,166417.55,20,1
2017-11-26,10000034,30832,2200000,2200000,2200000,1,1
2017-11-26,10000034,30836,2750000,2750000,2750000,8,1
2017-11-26,10000034,31011,1500000,1500000,1500000,2,1
2017-11-26,10000034,31035,1600000,1600000,1600000,2,2
2017-11-26,10000034,31125,9250000,9000000,10000000,4,2
2017-11-26,10000034,31153,900000,900000,900000,5,2
2017-11-26,10000034,31177,1000000,1000000,1000000,2,2
2017-11-26,10000034,31220,3950000,3950000,3950000,2,1
2017-11-26,10000034,31276,2999999.96,2999999.96,2999999.96,1,1
2017-11-26,10000034,31372,2637499.75,1850000,4999998.99,8,4
2017-11-26,10000034,31718,600000,600000,600000,1,1
2017-11-26,10000034,31724,4500000,4500000,4500000,1,1
2017-11-26,10000034,31730,300000,300000,300000,6,1
2017-11-26,10000034,31754,750000,750000,750000,1,1
2017-11-26,10000034,31760,4500000,4500000,4500000,8,1
2017-11-26,10000034,31790,2611904.76,2400000,3500000,15,4
2017-11-26,10000034,31796,23657999.99,22000000,24486999.99,3,2
2017-11-26,10000034,31802,1999999.14,1999999,2000000,7,3
2017-11-26,10000034,31818,4999999.99,4999999.99,4999999.99,1,1
2017-11-26,10000034,31870,10000000,10000000,10000000,2,1
2017-11-26,10000034,31880,1750000,1750000,1750000,2,1
2017-11-26,10000034,31930,33000000,33000000,33000000,2,1
2017-11-26,10000034,32787,27000,27000,27000,25,1
2017-11-26,10000034,32880,390000,390000,390000,1,1
2017-11-26,10000034,33003,357523,357523,357523,5,1
2017-11-26,10000034,33474,3319999.99,2959999.98,3500000,3,3
2017-11-26,10000034,33475,11000000,10000000,12000000,6,3
2017-11-26,10000034,33681,151200000.01,151200000.01,151200000.01,2,2
2017-11-26,10000034,33824,1466666.67,1466666.67,1466666.67,2,1
2017-11-26,10000034,33828,17000000,17000000,17000000,1,1
2017-11-26,10000034,33848,112000000,112000000,112000000,3,1
2017-11-26,10000034,35656,125000,125000,125000,2,2
2017-11-26,10000034,35657,100000,100000,100000,1,1
2017-11-26,10000034,35660,419510.71,137748,983036.13,3,3
2017-11-26,10000034,35795,140000,140000,140000,2,1
2017-11-26,10000034,36908,8190001.99,8190001.99,8190001.99,1,1
2017-11-26,10000034,36912,7100000,7100000,7100000,1,1
2017-11-26,10000034,40556,13333333.33,13200000,13500000,9,2
2017-11-26,10000034,40560,35382663.32,35000000,35765326.63,2,2
2017-11-26,10000034,40570,24000000,24000000,24000000,6,2
2017-11-26,10000034,41411,40000000,40000000,40000000,1,1
2017-11-26,10000034,41493,168000000,168000000,168000000,1,1
2017-11-26,10000034,42829,999,999,999,5000,1
2017-11-26,10000034,42830,624,599,649,10000,2
2017-11-26,10000034,43699,1000000,1000000,1000000,5,1
2017-11-26,10000034,44992,3700000,3700000,3700000,15,2
2017-11-26,10000034,45591,40000000,40000000,40000000,1,1
2017-11-26,10000034,45601,35000000,35000000,35000000,1,1
2017-11-26,10000034,45615,35000000,35000000,35000000,1,1
2017-11-26,10000034,45626,35000000,35000000,35000000,1,1
2017-11-26,10000034,46008,10000000,10000000,10000000,1,1
2017-11-26,10000035,34,4.5,4.45,5.99,27165243,20
2017-11-26,10000035,35,5.19,5.19,5.19,1992670,15
2017-11-26,10000035,36,85,85,85,3173036,17
2017-11-26,10000035,37,43,43,43,4949845,10
2017-11-26,10000035,38,427,427,427,106479,14
2017-11-26,10000035,39,1149,1149,1149,240778,17
2017-11-26,10000035,40,1200,1200,1200,20896,11
2017-11-26,10000035,44,11999,11999,11999,446,1
2017-11-26,10000035,203,224.99,224.99,224.99,145000,3
2017-11-26,10000035,212,59.98,59.98,59.98,1077,2
2017-11-26,10000035,215,54.75,54.75,54.75,1000,1
2017-11-26,10000035,217,4,4,4,400,1
2017-11-26,10000035,222,121.77,121.77,121.77,4580,4
2017-11-26,10000035,267,175,175,175,24000,5
2017-11-26,10000035,380,507341.34,449000,750000,17,12
2017-11-26,10000035,394,367498.93,365000,369997.86,4,2
2017-11-26,10000035,400,364285.28,249999,400000,14,4
2017-11-26,10000035,434,134287.77,109999.5,158576.03,4,4
2017-11-26,10000035,438,3000216.89,2939993,3200000,15,15
2017-11-26,10000035,439,93333.32,93333.32,93333.32,1,1
2017-11-26,10000035,440,4562905.11,4400000.01,5520000,30,27
2017-11-26,10000035,444,77000,65000,85000,5,2
2017-11-26,10000035,448,2005754.9,1981900,2137704.66,63,63
2017-11-26,10000035,453,55000,55000,55000,6,2
2017-11-26,10000035,482,1200000,1200000,1200000,3,2
2017-11-26,10000035,484,97619.04,50000,99999.99,21,5
2017-11-26,10000035,486,78000,78000,78000,4,1
2017-11-26,10000035,499,28000,28000,28000,2,1
2017-11-26,10000035,501,50000,50000,50000,6,2
2017-11-26,10000035,519,1267370.27,1225000.01,1398899.93,37,24
2017-11-26,10000035,520,79999.99,79999.99,79999.99,5,5
2017-11-26,10000035,526,84998.98,84998.98,84998.98,2,2
2017-11-26,10000035,527,1180942.3,1050000,1452868,33,31
2017-11-26,10000035,568,899999.99,899999.99,899999.99,2,1
2017-11-26,10000035,570,275000,275000,275000,24,6
2017-11-26,10000035,578,188011.49,175034.46,194500,3,3
2017-11-26,10000035,583,473333.33,450000,485000,3,3
2017-11-26,10000035,585,639228.9,600000.66,678457.13,2,2
2017-11-26,10000035,586,566747.27,520000,590120.9,3,3
2017-11-26,10000035,587,898296.62,898296.62,898296.62,2,2
2017-11-26,10000035,589,421250,395000,500000,4,4
2017-11-26,10000035,593,650000,650000,650000,1,1
2017-11-26,10000035,597,1250000,1250000,1250000,1,1
2017-11-26,10000035,599,499555.55,499555.55,499555.55,1,1
2017-11-26,10000035,602,424613.87,424613.87,424613.87,1,1
2017-11-26,10000035,603,430000,430000,430000,1,1
2017-11-26,10000035,605,500000,500000,500000,12,11
2017-11-26,10000035,607,744588.92,500000,826118.56,4,4
2017-11-26,10000035,608,324927.54,275000,424782.61,3,3
2017-11-26,10000035,620,8000000.66,8000000.66,8000000.66,1,1
2017-11-26,10000035,621,8920000.4,8000000,9000000.66,10,6
2017-11-26,10000035,622,10300000,10300000,10300000,1,1
2017-11-26,10000035,623,10000000,10000000,10000000,5,1
2017-11-26,10000035,626,11262500,9000000,13525000,2,2
2017-11-26,10000035,627,9000000,9000000,9000000,1,1
2017-11-26,10000035,629,10199999.33,10000000,10299998.99,3,3
2017-11-26,10000035,631,9207972.64,8500000.66,9915944.62,2,2
2017-11-26,10000035,632,9500000,9500000,9500000,1,1
2017-11-26,10000035,633,5100000.66,5100000.66,5100000.66,1,1
2017-11-26,10000035,634,9642857.13,9642857.13,9642857.13,1,1
2017-11-26,10000035,641,181450000,170000000,192900000,2,2
2017-11-26,10000035,644,170000000,170000000,170000000,1,1
2017-11-26,10000035,645,184999999.99,184999999.99,184999999.99,1,1
2017-11-26,10000035,648,1975000,1900000,2000000,4,4
2017-11-26,10000035,649,2175000,2100000,2250000,2,2
2017-11-26,10000035,650,1500000,1500000,1500000,2,2
2017-11-26,10000035,651,1748611.11,1729166.67,1758333.33,3,2
2017-11-26,10000035,654,1473896.82,1199999.99,1800000,6,6
2017-11-26,10000035,655,1830250.83,1500000,1956986,6,6
2017-11-26,10000035,656,1620028.38,1299999,1837422.42,17,15
2017-11-26,10000035,657,2019630.23,1365000,2200000,10,10
2017-11-26,10000035,672,75000,75000,75000,1,1
2017-11-26,10000035,1182,792500,320000,950000,4,3
2017-11-26,10000035,1183,1128349.86,569798.9,1848999.99,8,8
2017-11-26,10000035,1201,272940.67,237067.4,409067.45,38,7
2017-11-26,10000035,1225,3000,3000,3000,9000,2
2017-11-26,10000035,1236,966310.01,898981.98,999998.83,19,13
2017-11-26,10000035,1244,247500,200000,295000,4,2
2017-11-26,10000035,1246,100000,100000,100000,1,1
2017-11-26,10000035,1248,1100715.41,975000,1327003.14,14,5
2017-11-26,10000035,1266,440000,440000,440000,1,1
2017-11-26,10000035,1306,480229.15,287000.01,750000,13,11
2017-11-26,10000035,1317,75064.27,40869.56,95000,23,7
2017-11-26,10000035,1319,889999.95,849998.94,889999.96,116,43
2017-11-26,10000035,1333,40000,40000,40000,1,1
2017-11-26,10000035,1335,511285.65,329999.71,609999.99,42,14
2017-11-26,10000035,1355,1018598.99,774399.98,1099997.99,4,4
2017-11-26,10000035,1403,58625,37249.99,80000,2,2
2017-11-26,10000035,1405,909999.99,892999.43,910000,211,91
2017-11-26,10000035,1422,969944.44,944999.99,1050000,18,9
2017-11-26,10000035,1436,1495000.01,1495000.01,1495000.01,2,2
2017-11-26,10000035,1445,100000,100000,100000,2,1
2017-11-26,10000035,1447,888462.87,858499.96,889998.99,41,24
2017-11-26,10000035,1541,1324867,1269999,1399999.97,38,19
2017-11-26,10000035,1549,1000000,1000000,1000000,1,1
2017-11-26,10000035,1855,2450000,2450000,2450000,1,1
2017-11-26,10000035,1877,1455789.52,1249999.99,1545784.19,60,14
2017-11-26,10000035,1944,1480000.13,1200000,1900000.33,5,5
2017-11-26,10000035,1952,1438283.99,1352898.92,1500000.66,38,25
2017-11-26,10000035,1969,2257997.85,2257997.85,2257997.85,4,2
2017-11-26,10000035,1978,1371206.89,1198998.95,1384998.65,14,7
2017-11-26,10000035,1987,1116500,1100000,1138500,7,4
2017-11-26,10000035,1999,922118.5,918322.88,933897.99,39,13
2017-11-26,10000035,2006,7450000,7450000,7450000,1,1
2017-11-26,10000035,2024,1149999.99,1149999.99,1149999.99,5,4
2017-11-26,10000035,2032,594833.34,535000.01,793000,18,15
2017-11-26,10000035,2038,2473684.21,2473684.21,2473684.21,1,1
2017-11-26,10000035,2046,20000,20000,20000,6,6
2017-11-26,10000035,2048,618999.99,618999.99,618999.99,197,126
2017-11-26,10000035,2161,500000,500000,500000,2,2
2017-11-26,10000035,2175,1323427.39,1309885.5,1329996.99,29,4
2017-11-26,10000035,2183,41782.49,32782.49,50782.49,20,3
2017-11-26,10000035,2185,1151847.9,1080500,1199999.99,71,14
2017-11-26,10000035,2195,3291515.15,2950000,3440000,33,5
2017-11-26,10000035,2203,14999.86,14999.86,14999.86,25,2
2017-11-26,10000035,2205,499999.98,495096.31,510000,143,25
2017-11-26,10000035,2254,687541.22,500000,875082.43,4,4
2017-11-26,10000035,2281,3390988.9,2736948.97,3600000,1049,82
2017-11-26,10000035,2291,71000,67000,75000,2,2
2017-11-26,10000035,2299,2323052.2,2300355.96,2337499.9,31,17
2017-11-26,10000035,2301,2327842.34,2234626,2495000,16,15
2017-11-26,10000035,2303,2096597.59,2026499.5,2499990.99,5,5
2017-11-26,10000035,2333,1318075.49,1235600,1334570.59,6,6
2017-11-26,10000035,2346,15550,15550,15550,3,1
2017-11-26,10000035,2364,1089893.96,1079999.98,1096250,31,15
2017-11-26,10000035,2389,265.56,265.56,265.56,3040,1
2017-11-26,10000035,2390,226.96,226.96,226.96,15100,1
2017-11-26,10000035,2396,260,260,260,21,1
2017-11-26,10000035,2404,1368632.56,1199999.99,1390608.9,63,21
2017-11-26,10000035,2410,1698974.8,1600000,2240998.99,59,18
2017-11-26,10000035,2420,4000000,4000000,4000000,3,1
2017-11-26,10000035,2436,2300960.66,2200000,2420000,267,38
2017-11-26,10000035,2444,52999,52999,52999,5,1
2017-11-26,10000035,2446,1905276.79,1899999.97,1923996.66,36,6
2017-11-26,10000035,2454,4106.22,3800,4556.82,34,8
2017-11-26,10000035,2456,450000,433479.34,600000,215,31
2017-11-26,10000035,2464,55973.16,7500,99999,95,8
2017-11-26,10000035,2466,543210,500000,759885.98,171,20
2017-11-26,10000035,2478,2587036.96,2050000,3000000,27,7
2017-11-26,10000035,2486,42818.46,26588.59,50000,69,11
2017-11-26,10000035,2488,444499.99,444499.99,444899.99,473,62
2017-11-26,10000035,2495,1124499.98,969999.99,1278999.96,2,2
2017-11-26,10000035,2505,748999.99,748999.99,748999.99,1,1
2017-11-26,10000035,2506,499,499,499,2200,2
2017-11-26,10000035,2508,499,499,499,1080,1
2017-11-26,10000035,2510,321.99,321.99,321.99,160,1
2017-11-26,10000035,2524,1051676.5,1000000,1200000,10,5
2017-11-26,10000035,2525,826761.36,658522.73,995000,4,3
2017-11-26,10000035,2531,519291,519291,519291,3,1
2017-11-26,10000035,2533,887039.76,887039.76,887039.76,3,3
2017-11-26,10000035,2534,1255999.99,1195000,2000000,10,4
2017-11-26,10000035,2539,1523333.33,1325000,1920000,3,2
2017-11-26,10000035,2547,983750,925000,1160000,4,3
2017-11-26,10000035,2549,1099999.66,999998.98,1200000,12,8
2017-11-26,10000035,2551,858000,300000,997500,5,3
2017-11-26,10000035,2553,1051182.43,1029999.99,1114761.29,11,11
2017-11-26,10000035,2559,1600000,1600000,1600000,1,1
2017-11-26,10000035,2567,2150000,2150000,2150000,5,3
2017-11-26,10000035,2571,1499989,1499989,1499989,1,1
2017-11-26,10000035,2575,2071999.92,2071999.92,2071999.92,2,1
2017-11-26,10000035,2589,292300000.02,292300000.02,292300000.02,1,1
2017-11-26,10000035,2603,83414.28,80000,95999.96,14,5
2017-11-26,10000035,2605,406838.02,399999.95,498999.99,93,59
2017-11-26,10000035,2613,175,175,179.99,11003,10
2017-11-26,10000035,2621,788,788,788,6165,3
2017-11-26,10000035,2629,633.43,600,633.43,123882,22
2017-11-26,10000035,2637,167.47,167.47,167.47,5400,4
2017-11-26,10000035,2679,180,180,180,42275,4
2017-11-26,10000035,2801,1250,1250,1250,500,1
2017-11-26,10000035,2811,1491.29,1491.29,1491.29,3160,3
2017-11-26,10000035,2869,1000009,1000009,1000009,75,1
2017-11-26,10000035,2870,1300000,1300000,1300000,8,2
2017-11-26,10000035,2873,719999.99,719999.99,719999.99,11,5
2017-11-26,10000035,2876,2699999,2699999,2699999,1,1
2017-11-26,10000035,2881,670922.74,620016.68,900000,22,6
2017-11-26,10000035,2889,921454.62,900000.09,1124000,22,6
2017-11-26,10000035,2897,1939693.78,1939693.78,1939693.79,10,4
2017-11-26,10000035,2905,943212.58,943212.58,943212.58,6,2
2017-11-26,10000035,2913,2112835.66,2112835.66,2112835.66,17,6
2017-11-26,10000035,2921,1999998,1999998,1999998,1,1
2017-11-26,10000035,2937,2000000,2000000,2000000,4,1
2017-11-26,10000035,2961,5996867.02,5995000.66,5999000,15,2
2017-11-26,10000035,2969,1849998.99,1849998.99,1849998.99,6,1
2017-11-26,10000035,2977,1142591.71,999998.99,1549999.5,54,14
2017-11-26,10000035,2993,690872.81,689998.99,696987.54,32,9
2017-11-26,10000035,2998,68333333.33,65000000,70000000,3,3
2017-11-26,10000035,3025,1850000,1850000,1850000,11,2
2017-11-26,10000035,3033,1999998.97,1999998.97,1999998.98,20,4
2017-11-26,10000035,3041,575000,575000,575000,14,2
2017-11-26,10000035,3065,5599999.98,5599999.98,5599999.98,8,1
2017-11-26,10000035,3074,1149770.14,1121810.89,1187049.15,14,3
2017-11-26,10000035,3082,2074833.04,1999999.57,2224499.99,15,3
2017-11-26,10000035,3090,7500002.92,7500002.92,7500002.92,8,1
2017-11-26,10000035,3098,600000,600000,600000,15,4
2017-11-26,10000035,3130,2109999.99,2109999.99,2109999.99,5,1
2017-11-26,10000035,3138,2257328.32,2257328.32,2257328.32,4,1
2017-11-26,10000035,3146,2690158.7,2689999.99,2690290.96,11,2
2017-11-26,10000035,3170,1941638.89,800000,2757095.24,12,2
2017-11-26,10000035,3178,987209.99,987209.99,987209.99,21,7
2017-11-26,10000035,3184,4237499,3999998,5000000,4,4
2017-11-26,10000035,3186,5700000.65,5700000.65,5700000.65,8,1
2017-11-26,10000035,3244,1708468.18,1699863.77,1727999.66,71,68
2017-11-26,10000035,3256,7549998.87,7549998.85,7549998.87,6,6
2017-11-26,10000035,3265,7399999.81,7399999.81,7399999.82,7,7
2017-11-26,10000035,3296,600000,600000,600000,4,3
2017-11-26,10000035,3297,4000,4000,4000,9,5
2017-11-26,10000035,3301,29999.99,29999.99,29999.99,2,2
2017-11-26,10000035,3304,120000,120000,120000,2,2
2017-11-26,10000035,3306,1560000,120000,3000000,2,2
2017-11-26,10000035,3307,3999785.35,3999785.35,3999785.35,2,1
2017-11-26,10000035,3318,1000000,1000000,1000000,1,1
2017-11-26,10000035,3319,30000,30000,30000,2,1
2017-11-26,10000035,3320,20000,20000,20000,1,1
2017-11-26,10000035,3321,30000,30000,30000,2,1
2017-11-26,10000035,3323,100000,100000,100000,13,13
2017-11-26,10000035,3324,120000,120000,120000,2,1
2017-11-26,10000035,3326,1048854.88,994948.99,1156666.66,3,2
2017-11-26,10000035,3329,54999.99,54999.99,54999.99,1,1
2017-11-26,10000035,3331,50000,50000,50000,1,1
2017-11-26,10000035,3333,600000,599999.99,600000,2,2
2017-11-26,10000035,3335,1000000,1000000,1000000,1,1
2017-11-26,10000035,3336,7395707.77,7395707.77,7395707.77,2,1
2017-11-26,10000035,3337,6938526.49,6938526.49,6938526.49,1,1
2017-11-26,10000035,3338,7972142.57,7926427.71,7995000,3,2
2017-11-26,10000035,3340,2749999.99,2749999.99,2749999.99,3,3
2017-11-26,10000035,3341,994999.99,994999.99,994999.99,1,1
2017-11-26,10000035,3342,600000,360000,960000,5,4
2017-11-26,10000035,3343,356666.66,350000,359999.99,3,3
2017-11-26,10000035,3348,950000,950000,950000,1,1
2017-11-26,10000035,3350,5000000,5000000,5000000,1,1
2017-11-26,10000035,3354,4000000,4000000,4000000,1,1
2017-11-26,10000035,3356,1000000,1000000,1000000,1,1
2017-11-26,10000035,3357,1000000,1000000,1000000,1,1
2017-11-26,10000035,3361,1000000,1000000,1000000,1,1
2017-11-26,10000035,3385,1000000,1000000,1000000,1,1
2017-11-26,10000035,3389,2862222.22,2327777.78,5000000,5,4
2017-11-26,10000035,3405,888813.39,888813.38,888813.39,2,2
2017-11-26,10000035,3409,2000000,1000000,5000000,4,3
2017-11-26,10000035,3410,1113571.43,1113571.43,1113571.43,1,1
2017-11-26,10000035,3416,999999,999999,999999,1,1
2017-11-26,10000035,3420,1000000,1000000,1000000,1,1
2017-11-26,10000035,3422,1324999.25,99999,5000000,4,3
2017-11-26,10000035,3423,1660999.8,991499.7,3000000,3,3
2017-11-26,10000035,3433,120000,120000,120000,1,1
2017-11-26,10000035,3434,250000,250000,250000,1,1
2017-11-26,10000035,3437,60000,60000,60000,2,1
2017-11-26,10000035,3438,1163027.01,899999.99,1338378.36,5,4
2017-11-26,10000035,3440,949898.99,949898.99,949898.99,1,1
2017-11-26,10000035,3441,1399999.98,999999.98,3000000,5,4
2017-11-26,10000035,3442,600000,600000,600000,4,3
2017-11-26,10000035,3446,1000000,1000000,1000000,1,1
2017-11-26,10000035,3451,875934.94,875934.94,875934.94,2,2
2017-11-26,10000035,3456,15000000,15000000,15000000,1,1
2017-11-26,10000035,3488,1424500,1350000,1499000,4,3
2017-11-26,10000035,3496,2049999.89,2049999,2049999.99,10,7
2017-11-26,10000035,3504,2835000,2750000,3090000,4,4
2017-11-26,10000035,3512,1871999.47,1868998.94,1875000,12,3
2017-11-26,10000035,3520,2100000,2100000,2100000,8,1
2017-11-26,10000035,3530,1669954.54,1599999.97,1699999.99,22,19
2017-11-26,10000035,3540,1917999.99,1917999.99,1917999.99,2,2
2017-11-26,10000035,3542,497100000,497100000,497100000,1,1
2017-11-26,10000035,3568,1604000.06,939999.99,1769999.99,10,10
2017-11-26,10000035,3578,2842857.09,2474999.83,2989999.99,7,7
2017-11-26,10000035,3586,30000,30000,30000,3,1
2017-11-26,10000035,3588,974999.98,974999.98,974999.98,3,1
2017-11-26,10000035,3598,1064307.69,1060000,1200000,65,7
2017-11-26,10000035,3616,35000000,35000000,35000000,1,1
2017-11-26,10000035,3683,490,490,490,32500,3
2017-11-26,10000035,3689,9000,9000,9000,19988,2
2017-11-26,10000035,3766,1000000,1000000,1000000,1,1
2017-11-26,10000035,3828,6520.98,6520.98,6520.98,1,1
2017-11-26,10000035,3829,67000,65000,75000,5,3
2017-11-26,10000035,3831,1243073,1000000,1255699.66,76,33
2017-11-26,10000035,3841,1662912.59,1590000,1987309.18,67,40
2017-11-26,10000035,3888,1125082.13,1000000,1375000,23,19
2017-11-26,10000035,3898,17949996.54,17949990.66,17949998.96,24,12
2017-11-26,10000035,3995,3588888.89,3588888.89,3588888.89,2,1
2017-11-26,10000035,4025,149421.72,68672.39,161998.96,15,13
2017-11-26,10000035,4027,232863.97,49999.99,236193.94,18,17
2017-11-26,10000035,4247,22000,22000,22000,5000,1
2017-11-26,10000035,4250,2950000,2800000,3100000,2,2
2017-11-26,10000035,4254,1037899.99,989500,1049999.99,10,10
2017-11-26,10000035,4256,3000000,3000000,3000000,1,1
2017-11-26,10000035,4258,1989000,1989000,1989000,1,1
2017-11-26,10000035,4260,1900000,1900000,1900000,2,2
2017-11-26,10000035,4292,109950000,109950000,109950000,1,1
2017-11-26,10000035,4310,68000000,68000000,68000000,1,1
2017-11-26,10000035,4383,3641666.5,1999999,3970000,6,6
2017-11-26,10000035,4385,6979999.6,6979999.6,6979999.6,2,2
2017-11-26,10000035,4391,449910.13,179999,584865.69,3,2
2017-11-26,10000035,4393,74999.99,74999.99,74999.99,13,4
2017-11-26,10000035,4395,783235.99,671901.94,989998.98,20,8
2017-11-26,10000035,4397,3449999.99,3449999.98,3450000,2,2
2017-11-26,10000035,4399,9662691.84,8994999.31,9996538.1,3,3
2017-11-26,10000035,4403,484285.71,150000,489999.99,14,13
2017-11-26,10000035,4405,1749999.99,1749987.9,1749999.99,190,62
2017-11-26,10000035,4471,117449.96,117449.96,117449.96,1,1
2017-11-26,10000035,4477,70999,70999,70999,7,5
2017-11-26,10000035,4573,999999,999999,999999,1,1
2017-11-26,10000035,4831,330000,330000,330000,1,1
2017-11-26,10000035,4833,314769.67,313897.95,320000,7,6
2017-11-26,10000035,4871,410874.73,384999.98,798995.94,16,12
2017-11-26,10000035,5011,999921.03,999921.03,999921.03,1,1
2017-11-26,10000035,5137,24732.42,24732.42,24732.42,1,1
2017-11-26,10000035,5141,238097.24,236396.99,250000,8,8
2017-11-26,10000035,5219,1999998.99,1999998.99,1999998.99,9,3
2017-11-26,10000035,5239,45000,45000,45000,60,2
2017-11-26,10000035,5279,111000,111000,111000,2,2
2017-11-26,10000035,5302,39999.14,39998.95,39999.99,6,5
2017-11-26,10000035,5320,227500.1,15000,449999.95,6,5
2017-11-26,10000035,5322,214827.99,214827.99,214827.99,2,1
2017-11-26,10000035,5399,68399.63,30000,69999.99,25,7
2017-11-26,10000035,5403,190614.18,25999.17,299228.98,8,8
2017-11-26,10000035,5405,192786,192786,192786,7,7
2017-11-26,10000035,5439,79998.73,79998.7,79998.8,4,4
2017-11-26,10000035,5443,188334.65,188334.65,188334.65,11,11
2017-11-26,10000035,5445,63455.43,60000,63571,10,7
2017-11-26,10000035,5533,299999.99,299999.99,299999.99,8,4
2017-11-26,10000035,5631,20000,20000,20000,6,3
2017-11-26,10000035,5839,1870992.93,1679998,2764299.27,18,18
2017-11-26,10000035,5955,140608.27,135921.56,145727.38,22,12
2017-11-26,10000035,5971,194191.21,130302.53,199999,12,12
2017-11-26,10000035,5973,756728.57,706720.44,773995,73,69
2017-11-26,10000035,5975,40316.08,33398.99,80000,12,12
2017-11-26,10000035,6001,192946.49,150625.69,199999.96,21,21
2017-11-26,10000035,6003,48827.64,45000,49908,9,5
2017-11-26,10000035,6005,137615.94,25466.28,189998.98,8,8
2017-11-26,10000035,6135,149999.98,149999.98,149999.98,1,1
2017-11-26,10000035,6160,57213.88,32999.96,250000,28,21
2017-11-26,10000035,6173,12000,12000,12000,2,1
2017-11-26,10000035,6176,289963.98,289963.98,289963.98,2,1
2017-11-26,10000035,6296,17849.98,10499.97,35000,4,4
2017-11-26,10000035,6325,299000,299000,299000,3,2
2017-11-26,10000035,6441,1,1,1,1,1
2017-11-26,10000035,6527,449000,449000,449000,1,1
2017-11-26,10000035,6569,49999.99,49999.99,49999.99,5,1
2017-11-26,10000035,7287,1219758.44,1000000,2004967.94,21,4
2017-11-26,10000035,7293,300000,300000,300000,22,2
2017-11-26,10000035,7367,1712500,1400000,1895000,26,4
2017-11-26,10000035,7371,74980,74980,74980,1,1
2017-11-26,10000035,7373,74980,74980,74980,2,1
2017-11-26,10000035,7619,3500000,3500000,3500000,1,1
2017-11-26,10000035,7663,1979999,1979999,1979999,3,1
2017-11-26,10000035,8027,1429546.18,1426068.17,1431285.19,15,3
2017-11-26,10000035,8089,829250.02,260000.99,947999.94,16,7
2017-11-26,10000035,8105,1349997.99,1349997.99,1349997.99,6,1
2017-11-26,10000035,8117,145882.16,140719.38,287345.08,43,16
2017-11-26,10000035,8175,95000,95000,95000,4,1
2017-11-26,10000035,8263,94999.49,94998.98,95000,2,2
2017-11-26,10000035,8419,53000,53000,53000,2,1
2017-11-26,10000035,8427,422857.56,175000,980001.46,7,5
2017-11-26,10000035,8433,460164.62,450000,470329.23,2,2
2017-11-26,10000035,8517,3187500,3000000,3500000,8,7
2017-11-26,10000035,8521,940000,940000,940000,1,1
2017-11-26,10000035,8529,84451.69,81999.33,84995.66,11,8
2017-11-26,10000035,8537,215000,215000,215000,3,1
2017-11-26,10000035,8579,165000,165000,165000,6,2
2017-11-26,10000035,8585,84112,84112,84112,1,1
2017-11-26,10000035,8748,313000.52,34500,870001.56,3,3
2017-11-26,10000035,8903,849999.94,849999.94,849999.94,6,1
2017-11-26,10000035,9411,2271428.56,1950000,2699999.98,7,2
2017-11-26,10000035,9568,96999.66,96999.66,96999.66,2,1
2017-11-26,10000035,9580,263999.83,262999.66,265000,2,2
2017-11-26,10000035,9582,196999.66,196999.66,196999.66,1,1
2017-11-26,10000035,9608,150000,150000,150000,3,2
2017-11-26,10000035,9632,790000,700000,850000,5,3
2017-11-26,10000035,9660,122222,66666,150000,3,2
2017-11-26,10000035,9668,641181.82,600000,675500,11,5
2017-11-26,10000035,9678,712192.5,709318.24,720815.26,4,3
2017-11-26,10000035,9680,999999,999999,999999,1,1
2017-11-26,10000035,9772,1000000,1000000,1000000,1,1
2017-11-26,10000035,9808,1000000,1000000,1000000,4,2
2017-11-26,10000035,9830,13000,13000,13000,2255,1
2017-11-26,10000035,9832,10000,10000,10000,1100,1
2017-11-26,10000035,9834,96000,96000,96000,432,2
2017-11-26,10000035,9838,7150.34,7150.34,7150.34,7,1
2017-11-26,10000035,9840,9000,9000,9000,12,1
2017-11-26,10000035,9848,90999,90999,90999,200,1
2017-11-26,10000035,9899,11796000,11495000,13000000,5,5
2017-11-26,10000035,9941,11686799.93,11495000,12448999.64,5,5
2017-11-26,10000035,9942,11843999.95,11495000,13000000,5,5
2017-11-26,10000035,9943,11411142.85,11000000,11495000,5,5
2017-11-26,10000035,9950,2700000,2700000,2700000,3,2
2017-11-26,10000035,9956,12440000,12400000,12480000,2,2
2017-11-26,10000035,10190,1290526.31,1280000,1562500,38,25
2017-11-26,10000035,10208,25018705.86,24799976.66,25980000,15,15
2017-11-26,10000035,10212,25741366.74,25500000,25966099.66,15,15
2017-11-26,10000035,10216,25221588.03,24500000,26160000,14,14
2017-11-26,10000035,10221,28171823.03,26500000,50000000,16,16
2017-11-26,10000035,10225,26609145.35,26609145.35,26609145.35,5,5
2017-11-26,10000035,10228,200000,200000,200000,1,1
2017-11-26,10000035,10246,4999.91,4999.91,4999.91,194,14
2017-11-26,10000035,10250,1250000,1250000,1250000,101,12
2017-11-26,10000035,10631,505404.26,499000,800000,47,11
2017-11-26,10000035,10678,25000,25000,25000,10,2
2017-11-26,10000035,10680,979966.53,780999.99,1500003.74,29,11
2017-11-26,10000035,10694,990000.12,990000.12,990000.13,17,4
2017-11-26,10000035,10842,4220001.3,4220001.3,4220001.3,2,2
2017-11-26,10000035,10850,1225000.72,1000000,1300000.96,4,3
2017-11-26,10000035,10858,1615442.39,1523999.5,2200000,7,7
2017-11-26,10000035,10866,94000,94000,94000,1,1
2017-11-26,10000035,10876,63500,63500,63500,1,1
2017-11-26,10000035,10880,14000,14000,14000,1,1
2017-11-26,10000035,10998,152276.87,34999.86,250000,65,18
2017-11-26,10000035,11082,2025000,2000000,2100000,4,4
2017-11-26,10000035,11084,1399985,1399985,1399985,1,1
2017-11-26,10000035,11105,249941.17,249941.17,249941.17,9,8
2017-11-26,10000035,11129,100000,90000,150000,6,6
2017-11-26,10000035,11132,100000,100000,100000,3,2
2017-11-26,10000035,11134,100000,100000,100000,1,1
2017-11-26,10000035,11172,37433333.33,34150000,44000000,3,3
2017-11-26,10000035,11176,36625000,36500000,37500000,8,8
2017-11-26,10000035,11178,44937602.08,44575214.53,44998000,7,7
2017-11-26,10000035,11184,37500000,37500000,37500000,1,1
2017-11-26,10000035,11186,38909090.91,38000000,39000000,11,9
2017-11-26,10000035,11190,35000000,35000000,35000000,1,1
2017-11-26,10000035,11192,39000000,39000000,39000000,2,2
2017-11-26,10000035,11194,24000000,24000000,24000000,1,1
2017-11-26,10000035,11196,45321591.36,44400000.16,49000000,10,10
2017-11-26,10000035,11198,39999999.48,39999998.97,39999999.99,4,4
2017-11-26,10000035,11200,38998000.66,38998000.66,38998000.66,2,2
2017-11-26,10000035,11202,42924886.61,41000000.07,43003504.62,13,13
2017-11-26,10000035,11229,1184615.38,1000000,1199999.99,13,2
2017-11-26,10000035,11239,499994.99,499994.99,499994.99,2,1
2017-11-26,10000035,11249,959999.99,959999.99,959999.99,13,2
2017-11-26,10000035,11259,725000,725000,725000,13,2
2017-11-26,10000035,11269,808251.57,739998.98,995000,73,43
2017-11-26,10000035,11289,4850.67,4850.67,4850.67,170,2
2017-11-26,10000035,11309,771428.42,250000,849999.83,7,7
2017-11-26,10000035,11317,704915.65,514755,799995.97,3,2
2017-11-26,10000035,11325,856997.65,650000,994996.08,5,3
2017-11-26,10000035,11349,285556,285556,285556,1,1
2017-11-26,10000035,11365,33300000.01,33300000.01,33300000.01,1,1
2017-11-26,10000035,11370,2305486.34,2200000,2500000,16,16
2017-11-26,10000035,11377,36158064.79,32442423.9,36999994.99,4,4
2017-11-26,10000035,11381,20000000,20000000,20000000,1,1
2017-11-26,10000035,11399,11400,11400,11400,1313,5
2017-11-26,10000035,11446,16572500,16572499.99,16572500,2,2
2017-11-26,10000035,11483,450,450,450,2352,1
2017-11-26,10000035,11489,994999.99,994999.99,994999.99,2,2
2017-11-26,10000035,11541,4000.42,4000.42,4000.42,8,1
2017-11-26,10000035,11555,3500.57,3500.57,3500.57,4,1
2017-11-26,10000035,11556,3501.42,3501.42,3501.42,4,1
2017-11-26,10000035,11558,3501.48,3501.48,3501.48,4,1
2017-11-26,10000035,11561,400000,400000,400000,1,1
2017-11-26,10000035,11563,238821.98,229999.97,239899.98,9,8
2017-11-26,10000035,11577,4587386.92,4300000,4998999.98,20,19
2017-11-26,10000035,11578,6658948.4,6000000,6785000,37,37
2017-11-26,10000035,11640,1490481.91,1294999.87,1999994.56,31,14
2017-11-26,10000035,11644,2726667.11,2495000.66,3190000,3,3
2017-11-26,10000035,11646,1550367.66,1550367.66,1550367.66,1,1
2017-11-26,10000035,11987,227400000,226000000,229000000,5,4
2017-11-26,10000035,11993,283666665.49,282999998.74,284999999,3,3
2017-11-26,10000035,12005,330500000.11,325000000,332000000,10,9
2017-11-26,10000035,12032,35008167.2,31499999.5,37200000.01,10,10
2017-11-26,10000035,12034,35502524.41,35405058.83,35599989.98,2,2
2017-11-26,10000035,12038,31466666.67,30000000,32200000,6,5
2017-11-26,10000035,12042,27965998.02,27965998.02,27965998.02,1,1
2017-11-26,10000035,12056,89999.5,80000,99999,2,2
2017-11-26,10000035,12058,3199284.24,3050000,3443000,11,10
2017-11-26,10000035,12068,5175357.19,4037755.75,5383998,7,7
2017-11-26,10000035,12076,7467426.84,6197499.5,7974998.66,7,6
2017-11-26,10000035,12084,10249997.66,10249997.66,10249997.66,2,2
2017-11-26,10000035,12092,1716632.66,1599949,1950000,3,3
2017-11-26,10000035,12093,4797499.48,4794999.95,4799999,4,3
2017-11-26,10000035,12095,7495000,7495000,7495000,1,1
2017-11-26,10000035,12096,34949949.99,34949949.99,34949949.99,1,1
2017-11-26,10000035,12098,30000000,30000000,30000000,2,2
2017-11-26,10000035,12180,1949999.99,1949999.99,1949999.99,2,1
2017-11-26,10000035,12181,999998.99,999998.99,999998.99,2,1
2017-11-26,10000035,12182,999999.99,999999.99,999999.99,2,1
2017-11-26,10000035,12184,2000000,2000000,2000000,1,1
2017-11-26,10000035,12189,1999999.99,999999.99,5000000,4,4
2017-11-26,10000035,12196,950000,950000,950000,1,1
2017-11-26,10000035,12198,4024099.98,2072300,4999999.97,6,4
2017-11-26,10000035,12199,4952510.02,4936680.02,5000000,4,2
2017-11-26,10000035,12200,15298999.88,15298999.66,15298999.99,3,2
2017-11-26,10000035,12204,10000000,10000000,10000000,1,1
2017-11-26,10000035,12208,6983333.33,6983333.33,6983333.33,1,1
2017-11-26,10000035,12210,1986927.47,1986927.47,1986927.47,3,3
2017-11-26,10000035,12221,2600000.01,2600000.01,2600000.01,6,2
2017-11-26,10000035,12259,5125000,5100000,5150000,4,3
2017-11-26,10000035,12263,8400000,8400000,8400000,1,1
2017-11-26,10000035,12267,3894996.73,3894996.55,3894996.79,5,4
2017-11-26,10000035,12271,8096999.93,8094999.99,8100000,5,3
2017-11-26,10000035,12305,193055.55,120000,412222.21,4,3
2017-11-26,10000035,12365,3999999,3999999,3999999,1,1
2017-11-26,10000035,12441,99999.99,99999.99,99999.99,1,1
2017-11-26,10000035,12485,7950000,7950000,7950000,1,1
2017-11-26,10000035,12486,4134482.14,3818964.28,4450000,2,2
2017-11-26,10000035,12557,354545.45,200000,400000,22,5
2017-11-26,10000035,12559,384848.48,200000,400000,66,12
2017-11-26,10000035,12563,179998.99,179998.99,179998.99,3,1
2017-11-26,10000035,12608,90,90,90,30980,7
2017-11-26,10000035,12612,48,48,48,16210,10
2017-11-26,10000035,12614,49,49,49,12101,6
2017-11-26,10000035,12618,48,48,48,76219,45
2017-11-26,10000035,12620,92.99,92.99,92.99,40578,20
2017-11-26,10000035,12625,76.95,76.95,76.95,13260,11
2017-11-26,10000035,12631,100,100,100,23757,6
2017-11-26,10000035,12633,149.99,149.99,149.99,30800,11
2017-11-26,10000035,12745,390000000,390000000,390000000,1,1
2017-11-26,10000035,12767,383,383,383,1000,1
2017-11-26,10000035,12773,172,172,172,11497,6
2017-11-26,10000035,12777,230.22,133.61,239,3426,5
2017-11-26,10000035,12785,117.99,117.99,117.99,8000,3
2017-11-26,10000035,12787,230.3,230.3,230.3,3000,1
2017-11-26,10000035,12789,98.99,98.99,98.99,5000,3
2017-11-26,10000035,12791,171,171,171,4500,2
2017-11-26,10000035,12801,207.98,207.98,207.98,2000,2
2017-11-26,10000035,12805,170.76,149,179.86,18428,10
2017-11-26,10000035,12807,338.99,338.99,338.99,1000,1
2017-11-26,10000035,12814,445846.15,322000,480000,26,4
2017-11-26,10000035,12818,324856.29,324000,324999,42,7
2017-11-26,10000035,12822,324999.94,324999.94,324999.94,11,2
2017-11-26,10000035,12824,1000000,1000000,1000000,8,1
2017-11-26,10000035,12826,284857,249000,499999,14,2
2017-11-26,10000035,13001,2584934.51,2430858.88,2716998.84,13,12
2017-11-26,10000035,13003,2531461.67,2000000,2598274.68,9,9
2017-11-26,10000035,13216,23571980.98,22950000,23779307.98,8,8
2017-11-26,10000035,13240,27963989.98,27963989.98,27963989.98,1,1
2017-11-26,10000035,13260,25999999.99,25999999.99,25999999.99,1,1
2017-11-26,10000035,13261,30145458.95,25359098.47,49700000,5,5
2017-11-26,10000035,13263,20000000,20000000,20000000,1,1
2017-11-26,10000035,13278,1000000,1000000,1000000,1,1
2017-11-26,10000035,13279,1000000,1000000,1000000,1,1
2017-11-26,10000035,13947,23000000,21000000,25000000,2,2
2017-11-26,10000035,13959,150000000,150000000,150000000,2,1
2017-11-26,10000035,13960,120000000,120000000,120000000,1,1
2017-11-26,10000035,13965,15000000,15000000,15000000,1,1
2017-11-26,10000035,13966,27999999.99,27999999.99,27999999.99,1,1
2017-11-26,10000035,13969,248000000,200000000,272000000,3,3
2017-11-26,10000035,13978,9999999.99,9999999.99,9999999.99,1,1
2017-11-26,10000035,14033,20000000,20000000,20000000,1,1
2017-11-26,10000035,14037,20000000,20000000,20000000,1,1
2017-11-26,10000035,14039,14648999.99,14648999.99,14648999.99,1,1
2017-11-26,10000035,14061,3645000,3645000,3645000,1,1
2017-11-26,10000035,14074,18000000,18000000,18000000,4,1
2017-11-26,10000035,14244,149000000,149000000,149000000,1,1
2017-11-26,10000035,14246,48333333.33,30000000,57500000,3,3
2017-11-26,10000035,14250,119000000,119000000,119000000,1,1
2017-11-26,10000035,14266,57999999.99,57999999.99,57999999.99,1,1
2017-11-26,10000035,14278,1899999.98,1899999.98,1899999.98,4,3
2017-11-26,10000035,14298,2000000,2000000,2000000,1,1
2017-11-26,10000035,14299,9000000,9000000,9000000,1,1
2017-11-26,10000035,15331,125.2,125.2,125.2,3444,4
2017-11-26,10000035,15464,8479999.98,8000000,8799999.97,5,3
2017-11-26,10000035,15466,3499999.99,3499999.99,3499999.99,2,2
2017-11-26,10000035,15479,3749999.5,3749999,3750000,4,3
2017-11-26,10000035,15480,12416666.67,12000000,12500000,6,2
2017-11-26,10000035,15508,41793.01,41793.01,41793.01,40,1
2017-11-26,10000035,15510,105000,105000,105000,5,1
2017-11-26,10000035,15681,139699266.83,134949999.99,144999999.99,7,4
2017-11-26,10000035,15729,45859963.99,34299991,48749957.24,5,3
2017-11-26,10000035,15739,25963989.98,25963989.98,25963989.98,2,2
2017-11-26,10000035,15753,49749999.5,49500000,49999999,2,2
2017-11-26,10000035,15766,58359999.53,41999999,74720000.05,2,2
2017-11-26,10000035,15889,63115000,63115000,63115000,2,2
2017-11-26,10000035,15895,156000000,156000000,156000000,3,1
2017-11-26,10000035,15963,196700000,196700000,196700000,1,1
2017-11-26,10000035,16229,34833333.38,18000000.06,51666666.69,2,2
2017-11-26,10000035,16233,55000000,55000000,55000000,1,1
2017-11-26,10000035,16236,1249000,1249000,1249000,5,1
2017-11-26,10000035,16238,1297807.88,1097492.99,1900000,13,6
2017-11-26,10000035,16240,1000000,1000000,1000000,1,1
2017-11-26,10000035,16242,1081250.08,950000,1250000,8,6
2017-11-26,10000035,16272,600,600,600,3175000,7
2017-11-26,10000035,16273,189.95,120,190,247406,119
2017-11-26,10000035,16274,850.04,849,887.85,379572,13
2017-11-26,10000035,16275,4439.98,4439.98,4439.98,20353,7
2017-11-26,10000035,16278,2150000,2150000,2150000,2,1
2017-11-26,10000035,16281,2950000,2950000,2950000,1,1
2017-11-26,10000035,16299,50000,50000,50000,2,2
2017-11-26,10000035,16303,742854.73,700000,749997.21,14,6
2017-11-26,10000035,16375,199999,199999,199999,1,1
2017-11-26,10000035,16467,945000.56,874999.99,959000.67,6,4
2017-11-26,10000035,16475,979003.16,979003.16,979003.16,7,4
2017-11-26,10000035,16477,1094000,1094000,1094000,1,1
2017-11-26,10000035,16487,70000,70000,70000,2,1
2017-11-26,10000035,16495,80000,80000,80000,2,1
2017-11-26,10000035,16499,265000,265000,265000,3,2
2017-11-26,10000035,16505,225000,225000,225000,2,1
2017-11-26,10000035,16507,154999.99,154999.99,154999.99,1,1
2017-11-26,10000035,16519,122619.31,99000,136858.54,15,4
2017-11-26,10000035,16521,99000,99000,99000,2,1
2017-11-26,10000035,16527,750461.24,749388.86,751104.67,8,4
2017-11-26,10000035,16591,47950000,47950000,47950000,1,1
2017-11-26,10000035,16633,2499.99,2499.99,2499.99,11000,2
2017-11-26,10000035,16634,2998.93,2998.93,2998.93,6236,3
2017-11-26,10000035,16635,9999,9999,9999,5000,1
2017-11-26,10000035,16636,4000,4000,4000,20000,2
2017-11-26,10000035,16637,4700,4700,4700,7710,2
2017-11-26,10000035,16638,4400,4400,4400,10000,1
2017-11-26,10000035,16639,4000,4000,4000,10000,1
2017-11-26,10000035,16640,5400,5400,5400,11500,3
2017-11-26,10000035,16641,5999.99,5999.99,5999.99,10000,1
2017-11-26,10000035,16642,6000,6000,6000,20000,3
2017-11-26,10000035,16643,9000,8900.05,9000,21500,4
2017-11-26,10000035,16644,5200.54,5200.54,5200.54,65000,3
2017-11-26,10000035,16646,12000,12000,12000,10000,1
2017-11-26,10000035,16647,10999.99,10999.99,10999.99,20000,2
2017-11-26,10000035,16648,11000,11000,11000,15000,2
2017-11-26,10000035,16649,9300.99,9300.99,9300.99,60000,2
2017-11-26,10000035,16650,85000,85000,85000,3000,2
2017-11-26,10000035,16651,50000,50000,50000,3000,2
2017-11-26,10000035,16652,69000,69000,69000,2811,2
2017-11-26,10000035,16653,53999,49999,54000,4500,3
2017-11-26,10000035,16654,9000,9000,9000,10000,1
2017-11-26,10000035,16658,3364,3364,3364,10000,1
2017-11-26,10000035,16670,190,190,190,100000,1
2017-11-26,10000035,16678,390,390,390,30000,1
2017-11-26,10000035,16679,990,990,990,54000,1
2017-11-26,10000035,16681,4990,4990,4990,27033,3
2017-11-26,10000035,16682,11350,11350,11350,6767,2
2017-11-26,10000035,16683,42200,42200,42200,3000,2
2017-11-26,10000035,17366,140697.51,99999.99,250000,86,22
2017-11-26,10000035,17368,1853846.14,1853846.14,1853846.14,20,1
2017-11-26,10000035,17392,89000,89000,89000,500,1
2017-11-26,10000035,17476,29691666.67,25000000,30000000,9,5
2017-11-26,10000035,17478,25125000,23500000,29999999.99,8,4
2017-11-26,10000035,17480,27199799.59,26000000,27999999,5,5
2017-11-26,10000035,17482,2000000,1999999,2250000,161,23
2017-11-26,10000035,17559,84999391.44,84999391.44,84999391.44,2,2
2017-11-26,10000035,17619,12744999.5,10000000,15489998.99,2,2
2017-11-26,10000035,17648,2500,2500,2500,1000,1
2017-11-26,10000035,17713,81999999,81999999,81999999,1,1
2017-11-26,10000035,17715,254000000,254000000,254000000,1,1
2017-11-26,10000035,17732,375000000,375000000,375000000,1,1
2017-11-26,10000035,17740,540000000,540000000,540000000,2,1
2017-11-26,10000035,17841,16033999.4,15689999,17500000,5,4
2017-11-26,10000035,17843,78757615.21,77399999.77,90000000,26,25
2017-11-26,10000035,17865,4208.4,4208.4,4208.4,18,1
2017-11-26,10000035,17887,1270.97,1200.5,1270.99,1328797,44
2017-11-26,10000035,17888,867,866.04,895,502083,15
2017-11-26,10000035,17889,969.08,783.52,999,1272515,21
2017-11-26,10000035,17898,109999,109999,109999,1,1
2017-11-26,10000035,17912,4524998.16,4500000,4894995.16,58,13
2017-11-26,10000035,17918,430000000,430000000,430000000,3,3
2017-11-26,10000035,17926,55000000,55000000,55000000,1,1
2017-11-26,10000035,17930,65000000,60000000,70000000,2,2
2017-11-26,10000035,17938,62493.83,25000,69990,8,8
2017-11-26,10000035,17940,1415714.28,1415714.28,1415714.28,2,1
2017-11-26,10000035,18025,5000000,5000000,5000000,1,1
2017-11-26,10000035,18036,90000,90000,90000,12,2
2017-11-26,10000035,18038,169989.69,169989.69,169989.69,12,2
2017-11-26,10000035,18040,187991.75,140000,199989.69,15,3
2017-11-26,10000035,18042,350000,250000,500000,10,2
2017-11-26,10000035,18044,249999.69,249999.69,249999.69,4,1
2017-11-26,10000035,18046,150000,150000,150000,10,1
2017-11-26,10000035,18050,250000.69,250000.69,250000.69,14,1
2017-11-26,10000035,18054,519230.76,399999.99,1000000,52,4
2017-11-26,10000035,18062,487500.17,450000.69,500000,4,2
2017-11-26,10000035,18064,399999.99,399999.99,399999.99,10,1
2017-11-26,10000035,18066,150000,150000,150000,4,1
2017-11-26,10000035,18068,1858000,1800000,1872500,10,2
2017-11-26,10000035,18590,870000,850000,890000,20,2
2017-11-26,10000035,18592,911764.7,890000,949999.99,34,5
2017-11-26,10000035,18594,950000,900000,1000000,20,2
2017-11-26,10000035,18596,1000000,1000000,1000000,10,1
2017-11-26,10000035,18598,1000000,1000000,1000000,20,2
2017-11-26,10000035,18608,1000000,1000000,1000000,26,4
2017-11-26,10000035,18624,1124301.46,1047485.24,1200000,36,4
2017-11-26,10000035,18639,81799.86,49999.99,349998.68,10,10
2017-11-26,10000035,18692,48600000.05,48600000.05,48600000.05,1,1
2017-11-26,10000035,18789,79610172.48,79610172.48,79610172.48,2,2
2017-11-26,10000035,18985,9100000,9100000,9100000,3,1
2017-11-26,10000035,18999,34000000,34000000,34000000,1,1
2017-11-26,10000035,19171,85000000,85000000,85000000,4,1
2017-11-26,10000035,19187,44499975.95,44499975.95,44499975.96,3,3
2017-11-26,10000035,19191,294999993.5,294999993,294999993.99,2,2
2017-11-26,10000035,19207,189803249,189799999.99,189804332,4,3
2017-11-26,10000035,19208,92499998.34,92499998.34,92499998.34,1,1
2017-11-26,10000035,19211,3000000,3000000,3000000,5,1
2017-11-26,10000035,19227,23000000,23000000,23000000,1,1
2017-11-26,10000035,19272,49999999.98,49999999.98,49999999.98,1,1
2017-11-26,10000035,19278,32000000,32000000,32000000,1,1
2017-11-26,10000035,19284,47999986.3,47999985.9,47999987.9,8,7
2017-11-26,10000035,19288,52249832.7,45299999,63949999.16,6,6
2017-11-26,10000035,19295,268333333.33,259999999.99,272500000,3,3
2017-11-26,10000035,19722,1528888888,1528888888,1528888888,1,1
2017-11-26,10000035,19739,3546265.87,3280000.01,6999000.57,79,4
2017-11-26,10000035,19744,1125000,999999.99,1250000,2,2
2017-11-26,10000035,19766,1990000,1990000,1990000,1,1
2017-11-26,10000035,19806,1305399.94,1305399.94,1305399.94,5,4
2017-11-26,10000035,19810,186000,149999.99,200000,11,9
2017-11-26,10000035,19812,750000,750000,750000,2,2
2017-11-26,10000035,19814,117222.22,80000,749999.97,18,14
2017-11-26,10000035,20121,80000000,80000000,80000000,1,1
2017-11-26,10000035,20157,90000000,90000000,90000000,1,1
2017-11-26,10000035,20171,70836.45,70836.45,70836.45,19,1
2017-11-26,10000035,20185,1300000000,1300000000,1300000000,1,1
2017-11-26,10000035,20209,2873677.47,1999871.05,5000000,4,4
2017-11-26,10000035,20211,3559999.99,3559999.99,3559999.99,1,1
2017-11-26,10000035,20212,10949999.99,10949999.99,10949999.99,1,1
2017-11-26,10000035,20213,12974000,12974000,12974000,1,1
2017-11-26,10000035,20280,70500000.97,70500000.97,70500000.97,1,1
2017-11-26,10000035,20312,995000,995000,995000,1,1
2017-11-26,10000035,20347,733975.31,660000,738990.9,8,8
2017-11-26,10000035,20349,950000,949999.99,950000.01,2,2
2017-11-26,10000035,20351,1624999.73,1599999.99,1699999.95,4,4
2017-11-26,10000035,20353,3819779.47,3750000,3822570.65,26,4
2017-11-26,10000035,20414,50000,50000,50000,8,1
2017-11-26,10000035,20420,50708.36,50708.36,50708.36,22,1
2017-11-26,10000035,20424,25000,25000,25000,42,1
2017-11-26,10000035,20494,999999,999999,999999,1,1
2017-11-26,10000035,20524,94999998.99,94999998.99,94999998.99,1,1
2017-11-26,10000035,20526,99097013.91,99097013.9,99097013.91,2,2
2017-11-26,10000035,20531,125000000,125000000,125000000,2,2
2017-11-26,10000035,20532,124000000,124000000,124000000,1,1
2017-11-26,10000035,20701,94500000,70000000,119000000,2,2
2017-11-26,10000035,20703,78950000,78950000,78950000,1,1
2017-11-26,10000035,21059,999999,999999,999999,1,1
2017-11-26,10000035,21071,50000,50000,50000,2,1
2017-11-26,10000035,21096,1954169.55,1850000,2249999.97,62,49
2017-11-26,10000035,21400,500,500,500,1,1
2017-11-26,10000035,21603,23233333.28,14999999.9,39700000.04,3,3
2017-11-26,10000035,21610,30000000,30000000,30000000,1,1
2017-11-26,10000035,21611,47610000,47610000,47610000,1,1
2017-11-26,10000035,21638,1480000,1480000,1480000,158,17
2017-11-26,10000035,21640,1365596.36,1216682.96,1474499.95,33,8
2017-11-26,10000035,21718,1000000,1000000,1000000,1,1
2017-11-26,10000035,21740,1299.99,1299.99,1299.99,2500,1
2017-11-26,10000035,21890,52716874.92,50000000,55433749.83,2,2
2017-11-26,10000035,21896,782.55,782.55,782.55,24436,14
2017-11-26,10000035,21898,659.25,658.91,659.25,41349,38
2017-11-26,10000035,21904,943.66,943.66,943.66,5500,5
2017-11-26,10000035,21906,966.98,966.98,966.98,16470,14
2017-11-26,10000035,21914,623,623,623,1000,1
2017-11-26,10000035,21922,898.03,898.03,898.03,2900,2
2017-11-26,10000035,21924,774.45,699.53,774.46,9644,10
2017-11-26,10000035,21926,1399.99,1399.99,1399.99,1165,2
2017-11-26,10000035,21928,999.91,999.91,999.91,1000,1
2017-11-26,10000035,21935,1399.95,1399.95,1399.95,2000,1
2017-11-26,10000035,21937,989.94,989.94,989.94,3500,2
2017-11-26,10000035,21939,450,450,450,1850,3
2017-11-26,10000035,22175,248295.87,99950,990000.71,12,12
2017-11-26,10000035,22177,154229.96,99999,344038.32,9,9
2017-11-26,10000035,22229,4675000,4350000,5000000,4,2
2017-11-26,10000035,22291,1343982.02,1223717,1439998.92,92,49
2017-11-26,10000035,22452,63000000,60000000,66000000,2,2
2017-11-26,10000035,22456,89000000,89000000,89000000,1,1
2017-11-26,10000035,22460,64599999.99,64399999.99,65000000,3,3
2017-11-26,10000035,22464,82000000,82000000,82000000,1,1
2017-11-26,10000035,22541,21370000,18950000,25000000,5,4
2017-11-26,10000035,22542,187166.66,122999.94,200000,6,3
2017-11-26,10000035,22544,433333333.33,405000000,435000000,9,5
2017-11-26,10000035,22548,326250000.18,312500000.36,340000000,4,4
2017-11-26,10000035,22559,62933291.29,62255561.7,63949885.67,5,5
2017-11-26,10000035,22570,24940000,24940000,24940000,1,1
2017-11-26,10000035,22578,1198472.73,1198472.73,1198472.73,3,2
2017-11-26,10000035,22778,197000,196998.66,197000,456,20
2017-11-26,10000035,22782,1716634.54,1569997.66,2101567.45,13,9
2017-11-26,10000035,22806,145000,145000,145000,1,1
2017-11-26,10000035,22961,460,460,460,1000,1
2017-11-26,10000035,22977,999.99,999.99,999.99,24988,10
2017-11-26,10000035,22981,1200,1200,1200,3240,6
2017-11-26,10000035,22983,1099.99,1099.99,1099.99,3700,5
2017-11-26,10000035,23009,648.61,648.61,648.61,138156,47
2017-11-26,10000035,23015,665.99,650,999.99,13880,9
2017-11-26,10000035,23019,550,550,550,400,2
2017-11-26,10000035,23023,600,600,600,19926,9
2017-11-26,10000035,23025,798.46,780.48,800.08,50314,19
2017-11-26,10000035,23029,999.99,999.99,999.99,1000,1
2017-11-26,10000035,23031,875,875,875,3400,2
2017-11-26,10000035,23037,850,850,850,2200,1
2017-11-26,10000035,23039,850,850,850,11250,6
2017-11-26,10000035,23055,3915079.53,3000000,3939785.52,75,3
2017-11-26,10000035,23057,4499998.99,4499998.97,4499998.99,119,11
2017-11-26,10000035,23059,3000000,3000000,3000000,1,1
2017-11-26,10000035,23061,3730188.68,3500000,3900000,53,3
2017-11-26,10000035,23071,427969.18,415000,448999,66,11
2017-11-26,10000035,23079,412000,412000,412000,24,6
2017-11-26,10000035,23083,450000,450000,450000,23,2
2017-11-26,10000035,23089,609241.38,550000,645000,29,4
2017-11-26,10000035,23097,500000,500000,500000,6,1
2017-11-26,10000035,23103,625000,625000,625000,6,1
2017-11-26,10000035,23105,1289999.96,1289999.96,1289999.96,8,1
2017-11-26,10000035,23527,567334.77,559998.99,990000,31,28
2017-11-26,10000035,23533,382784.47,382784.47,382784.47,1,1
2017-11-26,10000035,23559,155862.04,155862.04,155862.04,14,2
2017-11-26,10000035,23561,73942.84,73942.84,73942.84,40,6
2017-11-26,10000035,23566,1000000,1000000,1000000,1,1
2017-11-26,10000035,23594,1719999.99,999999.99,4599999.99,5,4
2017-11-26,10000035,23705,74233.6,39999.99,94622.94,40,5
2017-11-26,10000035,23707,12998,11998.77,13998.93,391,27
2017-11-26,10000035,23709,50000,50000,50000,4,1
2017-11-26,10000035,23711,7934.34,5699.96,20000,32,3
2017-11-26,10000035,23717,45000,45000,45000,5,1
2017-11-26,10000035,23719,12000,12000,12000,15,2
2017-11-26,10000035,23915,1349000000,1349000000,1349000000,1,1
2017-11-26,10000035,24241,274738.09,274738.09,274738.09,3,1
2017-11-26,10000035,24242,4293915.91,3643831.81,4944000,2,2
2017-11-26,10000035,24283,64896000.07,51500000,84990000,10,6
2017-11-26,10000035,24305,4503064.56,4255000,4850000,31,13
2017-11-26,10000035,24348,1457916.67,1250000,1500000,12,6
2017-11-26,10000035,24395,573958.15,220000,600000.66,9,7
2017-11-26,10000035,24417,1991788.13,1849994.97,2299000,19,14
2017-11-26,10000035,24427,1649707.68,1528999.96,1715000,37,27
2017-11-26,10000035,24438,1524147.71,1399999.14,1660000,13,9
2017-11-26,10000035,24443,2295000,1895000,2495000,3,3
2017-11-26,10000035,24471,63.43,63.43,63.43,19243,8
2017-11-26,10000035,24475,78.8,78.8,78.8,11312,3
2017-11-26,10000035,24492,165,165,165,13000,2
2017-11-26,10000035,24495,58.97,58.97,58.97,92902,21
2017-11-26,10000035,24497,135.99,135.99,135.99,1553,4
2017-11-26,10000035,24499,175,175,175,8790,8
2017-11-26,10000035,24501,160.48,160.48,160.48,12500,2
2017-11-26,10000035,24511,1174,554.99,1498,4000,4
2017-11-26,10000035,24513,675,675,675,46500,10
2017-11-26,10000035,24519,1599.9,1599.9,1599.9,7750,6
2017-11-26,10000035,24521,1999.96,1999.96,1999.96,300,1
2017-11-26,10000035,24523,1999.98,1999.98,1999.98,2000,1
2017-11-26,10000035,24527,1500,1500,1500,2500,4
2017-11-26,10000035,24533,756,756,756,41500,7
2017-11-26,10000035,24562,65000000,65000000,65000000,1,1
2017-11-26,10000035,24568,16949999.99,16949999.99,16949999.99,1,1
2017-11-26,10000035,24571,17428949.99,17428949.99,17428949.99,1,1
2017-11-26,10000035,24624,20000000,20000000,20000000,1,1
2017-11-26,10000035,24696,42000000.33,39000000,45000000.66,2,2
2017-11-26,10000035,24698,44233333.29,25366666.66,53666666.61,3,3
2017-11-26,10000035,24700,70599999.8,70599999.8,70599999.8,2,2
2017-11-26,10000035,25235,1000000,1000000,1000000,1,1
2017-11-26,10000035,25349,25599999.99,25599999.99,25599999.99,2,1
2017-11-26,10000035,25563,1736413.96,1530979.55,2249999.99,7,3
2017-11-26,10000035,25588,6103.81,6103.81,6103.81,1739,6
2017-11-26,10000035,25589,1429.38,1429.38,1429.38,1406,7
2017-11-26,10000035,25597,1603.81,1603.81,1603.81,907,5
2017-11-26,10000035,25598,9005.51,9005.51,9005.51,2168,8
2017-11-26,10000035,25599,600.95,600.95,600.95,313,5
2017-11-26,10000035,25600,12005.06,12005.06,12005.06,616,6
2017-11-26,10000035,25601,2001.24,2001.24,2001.24,2029,7
2017-11-26,10000035,25604,3581.81,3581.81,3581.81,1243,7
2017-11-26,10000035,25606,26010.44,26010.44,26010.44,2108,8
2017-11-26,10000035,25608,310007.61,310007.61,310007.61,1,1
2017-11-26,10000035,25617,51000.18,51000.18,51000.18,18,1
2017-11-26,10000035,25619,431553.42,430000,432019.45,13,2
2017-11-26,10000035,25620,33003.87,33003.87,33003.87,32,1
2017-11-26,10000035,25625,2425809.58,2150000,2512000.07,21,2
2017-11-26,10000035,25718,4896942.64,4793885.27,5000000,2,2
2017-11-26,10000035,25810,995000,995000,995000,1,1
2017-11-26,10000035,25861,110006.31,64999.99,244998,57,19
2017-11-26,10000035,25888,25000000.69,25000000.69,25000000.69,1,1
2017-11-26,10000035,25894,13000000.6,13000000.55,13000000.65,6,3
2017-11-26,10000035,25896,13500000,13500000,13500000,6,2
2017-11-26,10000035,25898,21999999.69,21999999.69,21999999.69,2,1
2017-11-26,10000035,25918,19846666.67,19845000,19850000,3,2
2017-11-26,10000035,25948,5849156.3,5599000,6099312.6,2,2
2017-11-26,10000035,26020,13000000,13000000,13000000,1,1
2017-11-26,10000035,26028,10000000,10000000,10000000,1,1
2017-11-26,10000035,26076,3280455.33,3280438.69,3280488.62,3,3
2017-11-26,10000035,26080,2999999.99,2999999.99,2999999.99,1,1
2017-11-26,10000035,26082,4999989.69,4999989.69,4999989.69,1,1
2017-11-26,10000035,26084,9294764.19,9294764.19,9294764.19,3,2
2017-11-26,10000035,26088,11445642.91,8996036,11990000,11,4
2017-11-26,10000035,26252,990000,990000,990000,1,1
2017-11-26,10000035,26255,999999.99,999999.99,999999.99,1,1
2017-11-26,10000035,26374,52950000,52950000,52950000,1,1
2017-11-26,10000035,26436,23790000,23790000,23790000,1,1
2017-11-26,10000035,26452,100000000,100000000,100000000,1,1
2017-11-26,10000035,26912,1899999.99,1899999.99,1899999.99,3,1
2017-11-26,10000035,26913,2749999.98,2749999.98,2749999.98,3,1
2017-11-26,10000035,26914,2444997,2444997,2444997,1,1
2017-11-26,10000035,26929,117882.35,110999.99,150000,17,14
2017-11-26,10000035,26931,3444373.66,3444373.65,3444373.68,3,3
2017-11-26,10000035,27127,1033183.47,994595.97,1341988.28,19,10
2017-11-26,10000035,27143,972726.03,942097.04,1049298.5,7,7
2017-11-26,10000035,27321,1091.99,1091.99,1091.99,6686,4
2017-11-26,10000035,27327,1202.62,1202.62,1202.62,7000,1
2017-11-26,10000035,27333,1264.99,1264.99,1264.99,3416,5
2017-11-26,10000035,27339,2900,2900,2900,9280,8
2017-11-26,10000035,27345,2749,2749,2749,23837,20
2017-11-26,10000035,27351,2500,2500,2500,3560,6
2017-11-26,10000035,27359,2540,2540,2540,13039,13
2017-11-26,10000035,27361,1198.97,1099.99,1199,43968,24
2017-11-26,10000035,27371,1200,1200,1200,21454,14
2017-11-26,10000035,27377,2100,2100,2100,2500,1
2017-11-26,10000035,27381,1197.73,1197.73,1197.73,23927,13
2017-11-26,10000035,27387,1200,1200,1200,34277,21
2017-11-26,10000035,27391,650,650,650,10000,1
2017-11-26,10000035,27395,2250,2250,2250,85000,6
2017-11-26,10000035,27401,1240,1240,1240,500,1
2017-11-26,10000035,27413,1400,1400,1400,37500,3
2017-11-26,10000035,27419,1340,1300,1380,1000,2
2017-11-26,10000035,27435,1373.78,1373.78,1373.78,8980,8
2017-11-26,10000035,27441,1522.8,1522.8,1522.8,45113,12
2017-11-26,10000035,27447,1349.96,1349.96,1349.96,5000,7
2017-11-26,10000035,27453,1347.93,1347.93,1347.93,3500,6
2017-11-26,10000035,27902,1000000,1000000,1000000,2,2
2017-11-26,10000035,27906,39179999.4,39179999.4,39179999.4,1,1
2017-11-26,10000035,27912,1141687.98,950000,1280882.35,23,6
2017-11-26,10000035,27914,2140000.28,2000000,2250000.66,15,13
2017-11-26,10000035,27916,1199998,1199998,1199998,9,4
2017-11-26,10000035,27920,1520831.23,1500000,1800000,48,7
2017-11-26,10000035,27924,1999999.99,1999999.99,1999999.99,2,1
2017-11-26,10000035,27951,66950000,66950000,66950000,1,1
2017-11-26,10000035,28164,7500000,7500000,7500000,1,1
2017-11-26,10000035,28201,734999.99,734999.99,734999.99,9,3
2017-11-26,10000035,28209,1131250,1100000,1200000,16,4
2017-11-26,10000035,28211,724716.97,699999.99,961999.99,53,4
2017-11-26,10000035,28213,1563999.99,1563999.99,1563999.99,2,1
2017-11-26,10000035,28274,500000,500000,500000,5,1
2017-11-26,10000035,28334,991.46,991.46,991.46,2524,3
2017-11-26,10000035,28336,613,613,613,5485,7
2017-11-26,10000035,28433,240000,240000,240000,8000,2
2017-11-26,10000035,28576,1282299.78,1279998.77,1282299.78,196,25
2017-11-26,10000035,28578,1083564.91,911000,1349999,23,8
2017-11-26,10000035,28583,75000000,75000000,75000000,1,1
2017-11-26,10000035,28646,5199399.6,5199399.6,5199399.6,3,3
2017-11-26,10000035,28652,21000000,21000000,21000000,1,1
2017-11-26,10000035,28665,1199999999.13,1199999999.13,1199999999.13,1,1
2017-11-26,10000035,28668,27733.66,27733.65,27733.66,36931,116
2017-11-26,10000035,28756,44999988.24,44999987.66,44999988.81,2,2
2017-11-26,10000035,28758,37486023.69,31000000,41979396.23,8,8
2017-11-26,10000035,28879,4999985.89,4999985.89,4999985.89,1,1
2017-11-26,10000035,28880,7500000,7500000,7500000,1,1
2017-11-26,10000035,28999,16730,13000,37741.99,27,11
2017-11-26,10000035,29001,277244.46,40067.24,500000,22,15
2017-11-26,10000035,29005,12694.82,12000,12868.52,5,3
2017-11-26,10000035,29007,12000,12000,12000,130,9
2017-11-26,10000035,29009,18049.15,12000,93668.88,43,28
2017-11-26,10000035,29011,14509.51,13000,16099.85,94,43
2017-11-26,10000035,29013,27999.72,27999.71,27999.72,5,3
2017-11-26,10000035,29015,8718.8,8698,9000,5,5
2017-11-26,10000035,29029,134999999.97,134999999.97,134999999.97,1,1
2017-11-26,10000035,29248,950000,450000,1450000,2,2
2017-11-26,10000035,29336,75000000,75000000,75000000,1,1
2017-11-26,10000035,29637,69948950,69948950,69948950,1,1
2017-11-26,10000035,29984,225850000.01,188500000,263200000.01,2,2
2017-11-26,10000035,29988,154344500,153689000,155000000,4,4
2017-11-26,10000035,30013,7880.91,7000,8247.95,34,3
2017-11-26,10000035,30028,218333.32,80000,299999.97,48,6
2017-11-26,10000035,30486,539999,539999,539999,109,9
2017-11-26,10000035,30488,622000,549999.98,622995.75,248,24
2017-11-26,10000035,30532,5000000,5000000,5000000,2,2
2017-11-26,10000035,30537,5000000,5000000,5000000,2,2
2017-11-26,10000035,30539,5000000,5000000,5000000,2,2
2017-11-26,10000035,30553,8950000,8950000,8950000,1,1
2017-11-26,10000035,30652,5000000,5000000,5000000,1,1
2017-11-26,10000035,30832,1531000,1531000,1531000,2,2
2017-11-26,10000035,30834,1803999.99,1803999.99,1803999.99,2,2
2017-11-26,10000035,30836,1440000.01,1440000.01,1440000.01,1,1
2017-11-26,10000035,30987,573276.61,489931.65,990001.4,6,4
2017-11-26,10000035,30993,70082356.19,59949999.13,76947567.7,5,4
2017-11-26,10000035,30997,349999.84,349999.84,349999.84,1,1
2017-11-26,10000035,31009,610000.35,425000,780000.69,10,10
2017-11-26,10000035,31011,2517633.03,2000000,2621656.62,12,9
2017-11-26,10000035,31015,12333333.33,12333333.33,12333333.33,3,3
2017-11-26,10000035,31017,28063116.14,28063116.14,28063116.14,1,1
2017-11-26,10000035,31021,457157.4,457157.4,457157.4,1,1
2017-11-26,10000035,31023,2364442.72,2313513.92,2395000,8,4
2017-11-26,10000035,31029,31750000,30000000,33500000,2,2
2017-11-26,10000035,31033,350000,350000,350000,2,2
2017-11-26,10000035,31035,2550439.3,2550439.3,2550439.3,5,5
2017-11-26,10000035,31045,820000,549999.99,1000000,15,13
2017-11-26,10000035,31047,2995000,2995000,2995000,3,2
2017-11-26,10000035,31051,13749999.98,13749999.97,13749999.98,2,2
2017-11-26,10000035,31053,43999999.99,43999999.99,44000000,9,6
2017-11-26,10000035,31055,2057746.24,1875000,2444519.5,50,10
2017-11-26,10000035,31057,9265882.35,9168000,10000000,17,8
2017-11-26,10000035,31059,23690832.83,23503106.18,23698994.99,24,5
2017-11-26,10000035,31063,533333,425000,749998.99,3,3
2017-11-26,10000035,31065,3540174.6,3540174.6,3540174.6,7,5
2017-11-26,10000035,31069,13856223,13856223,13856223,1,1
2017-11-26,10000035,31071,39460109.05,39460109.04,39460109.05,3,2
2017-11-26,10000035,31085,4700515.72,4700515.72,4700515.72,6,2
2017-11-26,10000035,31089,11742857.14,11742857.14,11742857.14,3,1
2017-11-26,10000035,31091,60000000,60000000,60000000,1,1
2017-11-26,10000035,31105,391428.43,389999.81,399999.99,7,6
2017-11-26,10000035,31107,1500000,1500000,1500000,3,3
2017-11-26,10000035,31111,5073542.72,4994138.7,5500000,11,7
2017-11-26,10000035,31117,624999,624999,624999,2,1
2017-11-26,10000035,31119,1818559.09,1705262.28,2000000,19,8
2017-11-26,10000035,31125,12999999.76,12999999.76,12999999.76,3,1
2017-11-26,10000035,31129,150000,150000,150000,1,1
2017-11-26,10000035,31141,500000,500000,500000,1,1
2017-11-26,10000035,31153,410943.97,320000,446180.07,25,20
2017-11-26,10000035,31155,1875832.98,1748999.89,2250000,18,7
2017-11-26,10000035,31159,705891.25,686987.5,750000,10,6
2017-11-26,10000035,31161,2583264.17,2534999.97,2655463.93,13,7
2017-11-26,10000035,31163,47318001.12,44899999.28,64998955.9,4,3
2017-11-26,10000035,31165,4807306.83,4599998.98,5947500,39,26
2017-11-26,10000035,31167,20000000,20000000,20000000,3,2
2017-11-26,10000035,31169,325985479,325985479,325985479,1,1
2017-11-26,10000035,31171,6067631.53,5900000,6098999.94,19,16
2017-11-26,10000035,31173,16999999.4,16999999,17000000,5,3
2017-11-26,10000035,31177,385289.88,250000,499987.99,17,12
2017-11-26,10000035,31179,1899999,1899999,1899999,2,2
2017-11-26,10000035,31183,4595898.94,4555998.95,4949999.32,20,18
2017-11-26,10000035,31201,373995.33,338492.99,445000,3,2
2017-11-26,10000035,31213,76075.22,75758.6,85000,11,7
2017-11-26,10000035,31238,333095.24,175000,753333.33,7,5
2017-11-26,10000035,31262,450000,450000,450000,1,1
2017-11-26,10000035,31274,711440.85,711440.85,711440.85,1,1
2017-11-26,10000035,31276,4000000,4000000,4000000,1,1
2017-11-26,10000035,31286,350000,350000,350000,1,1
2017-11-26,10000035,31292,4500000,4500000,4500000,2,1
2017-11-26,10000035,31298,187000,187000,187000,4,2
2017-11-26,10000035,31310,145000,145000,145000,1,1
2017-11-26,10000035,31322,899998,899998,899998,6,5
2017-11-26,10000035,31324,1175000,1100000,1200000,4,3
2017-11-26,10000035,31328,5950000,5950000,5950000,3,2
2017-11-26,10000035,31358,883082.9,700000,897059.97,29,28
2017-11-26,10000035,31360,4043550.73,3959988,4313054.89,13,11
2017-11-26,10000035,31364,7944444.43,7500000,7999999.98,9,7
2017-11-26,10000035,31366,25087249.48,24449665.97,27000000,4,3
2017-11-26,10000035,31372,2709416.88,2450000,3000000,51,25
2017-11-26,10000035,31376,5885191.46,5885191.46,5885191.46,1,1
2017-11-26,10000035,31378,12587500,12000000,13000000,16,8
2017-11-26,10000035,31406,716428.57,716428.57,716428.57,1,1
2017-11-26,10000035,31414,26253333.34,26253333.34,26253333.34,2,1
2017-11-26,10000035,31442,100000,100000,100000,23,3
2017-11-26,10000035,31444,750000,750000,750000,1,1
2017-11-26,10000035,31454,250000,250000,250000,2,2
2017-11-26,10000035,31460,5000000,5000000,5000000,1,1
2017-11-26,10000035,31478,899998.99,899998.99,899998.99,7,5
2017-11-26,10000035,31486,8000000.14,8000000.14,8000000.14,2,1
2017-11-26,10000035,31492,1750000,1750000,1750000,1,1
2017-11-26,10000035,31526,2264987.14,2264987.14,2264987.14,2,2
2017-11-26,10000035,31544,5499999.98,5499999.98,5499999.98,1,1
2017-11-26,10000035,31562,849998.9,849998.9,849998.9,7,6
2017-11-26,10000035,31564,4139999.99,3000000,4899999.99,5,4
2017-11-26,10000035,31568,3120299.66,2986842,3453943.81,14,9
2017-11-26,10000035,31586,399999,399999,399999,8,6
2017-11-26,10000035,31598,500000,500000,500000,4,3
2017-11-26,10000035,31600,2000000,2000000,2000000,2,2
2017-11-26,10000035,31604,7062291.66,6950000,7174583.32,2,2
2017-11-26,10000035,31608,499999,499999,499999,1,1
2017-11-26,10000035,31610,2500000,2500000,2500000,1,1
2017-11-26,10000035,31614,8000000.69,8000000.69,8000000.69,1,1
2017-11-26,10000035,31620,440323.6,425000,499999,11,9
2017-11-26,10000035,31626,4254866.26,4254866.26,4254866.26,1,1
2017-11-26,10000035,31632,624999.99,624999.99,624999.99,1,1
2017-11-26,10000035,31644,600131.69,600131.69,600131.69,2,2
2017-11-26,10000035,31656,499999.92,499999.92,499999.92,10,1
2017-11-26,10000035,31658,949999.99,949999.99,949999.99,1,1
2017-11-26,10000035,31668,400000,400000,400000,2,1
2017-11-26,10000035,31680,484688.59,484688.59,484688.59,1,1
2017-11-26,10000035,31682,1250000,1250000,1250000,1,1
2017-11-26,10000035,31686,8596856.89,8596856.88,8596856.89,2,2
2017-11-26,10000035,31692,175000,175000,175000,2,2
2017-11-26,10000035,31704,500000.69,500000.69,500000.69,2,2
2017-11-26,10000035,31716,265158.42,255554,321602.68,18,16
2017-11-26,10000035,31718,285854.57,237995.97,290000,31,14
2017-11-26,10000035,31722,3611665.99,2835000,3999998.99,3,3
2017-11-26,10000035,31724,7544999.99,7544999.99,7544999.99,2,2
2017-11-26,10000035,31726,64000000.01,64000000.01,64000000.01,1,1
2017-11-26,10000035,31742,719320.71,489999.99,948000,64,8
2017-11-26,10000035,31748,7561654.66,7549982,7584999.98,9,6
2017-11-26,10000035,31752,186250,150000,222499.99,2,2
2017-11-26,10000035,31754,193561.11,190947.78,194995.99,39,16
2017-11-26,10000035,31758,5749988.5,5749988.5,5749988.5,1,1
2017-11-26,10000035,31760,6663844.59,6210000,6999999.77,13,12
2017-11-26,10000035,31762,64000000.01,64000000.01,64000000.01,1,1
2017-11-26,10000035,31766,480000,480000,480000,1,1
2017-11-26,10000035,31788,321929.9,314988.9,378999.58,62,20
2017-11-26,10000035,31790,1829999.85,1500000,1829999.86,140,46
2017-11-26,10000035,31792,59975000,54950000,65000000,2,2
2017-11-26,10000035,31794,7292243.27,6899999.99,7327901.75,12,7
2017-11-26,10000035,31796,24524574.76,24499999.95,26389988.98,19,11
2017-11-26,10000035,31800,389999.99,380000,399999.98,4,2
2017-11-26,10000035,31802,1906432.03,1799899.69,1949999.77,31,12
2017-11-26,10000035,31810,11547491.1,11545000,11549982.2,2,2
2017-11-26,10000035,31812,28572114.8,25000000,29999999,11,6
2017-11-26,10000035,31868,5500000,5500000,5500000,4,2
2017-11-26,10000035,31874,4612937.19,4558093.99,4744323.18,44,8
2017-11-26,10000035,31876,4366605.6,4359999.78,4366605.6,181,43
2017-11-26,10000035,31878,5442857.14,4350000,5879999.99,7,2
2017-11-26,10000035,31884,4848571.41,4600000,4889999.98,14,4
2017-11-26,10000035,31890,4199999.99,4199999.99,4199999.99,10,2
2017-11-26,10000035,31892,4689999.99,4619000,4799999.99,21,4
2017-11-26,10000035,31894,5035714.25,4942857.1,5500000,12,3
2017-11-26,10000035,31900,49000000,49000000,49000000,1,1
2017-11-26,10000035,31928,16359992.46,15999999.99,16479989.95,8,6
2017-11-26,10000035,31930,41989998,41989998,41989998,2,1
2017-11-26,10000035,31932,50983333.32,42950000,54999999.98,6,4
2017-11-26,10000035,31936,29200000,29200000,29200000,2,1
2017-11-26,10000035,31942,73219878.93,65695000,91999784.83,7,4
2017-11-26,10000035,31944,39940000,39940000,39940000,1,1
2017-11-26,10000035,31952,44092328.67,33938493,64400000,3,2
2017-11-26,10000035,31982,117697.78,117697.78,117697.78,235,3
2017-11-26,10000035,31998,114998,114998,114998,103,6
2017-11-26,10000035,32006,141999.98,141999.98,141999.98,302,18
2017-11-26,10000035,32014,214999.99,214999.99,349999.91,409,19
2017-11-26,10000035,32043,5035714.48,4450000,6500000.69,7,5
2017-11-26,10000035,32047,42950000,42950000,42950000,1,1
2017-11-26,10000035,32063,39950000,39950000,39950000,1,1
2017-11-26,10000035,32325,14499000,14499000,14499000,18,1
2017-11-26,10000035,32339,122000000,122000000,122000000,1,1
2017-11-26,10000035,32772,1196964.4,1195000,1205343.91,11,6
2017-11-26,10000035,32774,214787.54,214787.54,214787.54,1,1
2017-11-26,10000035,32780,1500000,1399999.99,1600000,4,2
2017-11-26,10000035,32782,49.9,49.9,49.9,75455,30
2017-11-26,10000035,32787,25862.26,13000,37784,45,6
2017-11-26,10000035,32797,1999805,1999805,1999805,2,2
2017-11-26,10000035,32817,3700000,3700000,3700000,4,2
2017-11-26,10000035,32819,1233300,1200000,1249950,3,3
2017-11-26,10000035,32872,1859796.88,1859796.88,1859796.88,1,1
2017-11-26,10000035,32876,1109400,999000,1550000,5,3
2017-11-26,10000035,32999,240000,240000,240000,1,1
2017-11-26,10000035,33000,240000,240000,240000,1,1
2017-11-26,10000035,33003,378933.33,300000,496999.99,15,5
2017-11-26,10000035,33005,550000,549999.99,550000,2,2
2017-11-26,10000035,33007,110000,110000,110000,1,1
2017-11-26,10000035,33011,20000,20000,20000,1,1
2017-11-26,10000035,33076,601764.55,599999.99,682500,34,31
2017-11-26,10000035,33078,1999999.97,1999999.97,1999999.97,1,1
2017-11-26,10000035,33091,120000,120000,120000,1,1
2017-11-26,10000035,33092,810000,120000,1500000,2,2
2017-11-26,10000035,33094,121739.75,119999.99,123479.51,2,2
2017-11-26,10000035,33096,2441666.67,2441666.67,2441666.67,2,1
2017-11-26,10000035,33097,3000000,3000000,3000000,2,1
2017-11-26,10000035,33098,999753.86,999753.86,999753.86,1,1
2017-11-26,10000035,33101,948712.6,687497.5,999998.98,13,13
2017-11-26,10000035,33103,295666.66,186999.98,350000,3,3
2017-11-26,10000035,33176,214999.33,99999,445000,3,3
2017-11-26,10000035,33178,275056.7,100075.6,800000,4,4
2017-11-26,10000035,33180,244444.44,190000,800000,18,13
2017-11-26,10000035,33270,99999.99,99999.99,99999.99,1,1
2017-11-26,10000035,33281,99999999.99,99999999.99,99999999.99,1,1
2017-11-26,10000035,33285,63021111.19,63021111.19,63021111.19,3,2
2017-11-26,10000035,33332,68779.84,68779.84,68779.84,505,5
2017-11-26,10000035,33359,22000,22000,22000,15100,3
2017-11-26,10000035,33407,45497000,45497000,45497000,1,1
2017-11-26,10000035,33450,3454889.76,3454889.76,3454889.76,5,1
2017-11-26,10000035,33468,70265539.6,68999500.28,71531578.92,4,4
2017-11-26,10000035,33470,252210596.1,250000000,253315894.16,3,3
2017-11-26,10000035,33474,2173493.42,1899000,2800000,19,15
2017-11-26,10000035,33475,9335071.37,8999999.99,9999999.99,91,38
2017-11-26,10000035,33476,73142856,73142856,73142856,1,1
2017-11-26,10000035,33520,46514238.97,44999999,48949999.05,7,5
2017-11-26,10000035,33595,24000000,24000000,24000000,1,1
2017-11-26,10000035,33610,40000000,40000000,40000000,1,1
2017-11-26,10000035,33681,88215092.16,46455599.91,96000000.04,13,7
2017-11-26,10000035,33699,120000,120000,120000,5,4
2017-11-26,10000035,33816,67242085.72,67242085.72,67242085.72,2,2
2017-11-26,10000035,33818,287787000,287787000,287787000,1,1
2017-11-26,10000035,33822,45000,45000,45000,2,1
2017-11-26,10000035,33824,1789165.66,1642999.85,1999996.25,24,18
2017-11-26,10000035,33828,36447993.19,36447993.19,36447993.19,1,1
2017-11-26,10000035,33830,57497997.42,57497997.42,57497997.42,1,1
2017-11-26,10000035,33844,132490562.46,118499999,139660995.66,6,4
2017-11-26,10000035,33848,133000000,133000000,133000000,1,1
2017-11-26,10000035,33856,5000000,5000000,5000000,2,1
2017-11-26,10000035,33890,950000,950000,950000,3,1
2017-11-26,10000035,33892,5855418.66,5855418.66,5855418.66,6,4
2017-11-26,10000035,33894,4251787.43,4251000,4251962.42,11,2
2017-11-26,10000035,33896,11137500.12,11111000.23,11164000,6,2
2017-11-26,10000035,33898,24950000,24950000,24950000,6,1
2017-11-26,10000035,33900,44950000,44950000,44950000,4,2
2017-11-26,10000035,33915,452515.95,400064.1,470000.01,4,4
2017-11-26,10000035,33983,39166000,39166000,39166000,1,1
2017-11-26,10000035,34201,101101.4,101101.4,101101.4,5,1
2017-11-26,10000035,34202,538900,538900,538900,4,1
2017-11-26,10000035,34203,111000.11,111000.11,111000.11,4,1
2017-11-26,10000035,34204,400000,400000,400000,4,1
2017-11-26,10000035,34205,50000,50000,50000,2,1
2017-11-26,10000035,34206,110002.49,110002.49,110002.49,2,1
2017-11-26,10000035,34264,3642856.83,3642856.83,3642856.83,6,4
2017-11-26,10000035,34306,5689999.98,4800000,6579999.95,2,2
2017-11-26,10000035,34317,51333333.28,50000000,52000000,6,5
2017-11-26,10000035,34390,4421875,4343750,4500000,2,2
2017-11-26,10000035,34496,2499999.99,2499999.99,2500000,3,3
2017-11-26,10000035,34562,54957008.31,53271027.5,55799998.72,3,3
2017-11-26,10000035,34590,150000000,150000000,150000000,1,1
2017-11-26,10000035,34828,50999999.99,50999999.99,50999999.99,2,2
2017-11-26,10000035,35656,34997.86,34997,34998,7,7
2017-11-26,10000035,35657,170000,80000,200000,4,4
2017-11-26,10000035,35658,352063.12,350000,399998.96,23,21
2017-11-26,10000035,35659,337259.22,108000,496998.74,25,19
2017-11-26,10000035,35660,215791.24,13000,1000000,11,10
2017-11-26,10000035,35661,324685.07,295000,339527.61,3,3
2017-11-26,10000035,35662,225250,224000,229000,4,4
2017-11-26,10000035,35680,3249999.97,3249999.97,3249999.97,2,2
2017-11-26,10000035,35683,56640850.94,56640850.94,56640850.94,2,2
2017-11-26,10000035,35771,1150000,1150000,1150000,3,2
2017-11-26,10000035,35790,1752052.57,1729999.99,1996999.5,38,12
2017-11-26,10000035,35794,36211.41,15000,38332.55,11,8
2017-11-26,10000035,35795,14999.99,14999.99,14999.99,78,6
2017-11-26,10000035,36909,9999999.98,9999999.98,9999999.98,1,1
2017-11-26,10000035,36910,8874073.98,8000000,9273333.17,9,4
2017-11-26,10000035,36911,8900000,8900000,8900000,5,3
2017-11-26,10000035,37135,42000000,42000000,42000000,1,1
2017-11-26,10000035,37451,1139999.95,1139999.95,1139999.95,1,1
2017-11-26,10000035,37454,19999999.96,19999999.96,19999999.96,1,1
2017-11-26,10000035,37459,35999999.99,35999999.99,35999999.99,1,1
2017-11-26,10000035,37480,117769000,117769000,117769000,1,1
2017-11-26,10000035,37482,79000000,79000000,79000000,1,1
2017-11-26,10000035,37546,1735000,1735000,1735000,14,4
2017-11-26,10000035,37605,1188888888,1188888888,1188888888,1,1
2017-11-26,10000035,37611,2638000,2000000,3495000,5,3
2017-11-26,10000035,37615,34995000,34995000,34995000,2,2
2017-11-26,10000035,40328,8225000,7500000,8950000,2,2
2017-11-26,10000035,40334,14999.99,14999.99,14999.99,4,2
2017-11-26,10000035,40335,29999.99,29999.99,29999.99,15,2
2017-11-26,10000035,40345,6999999.99,6999999.99,6999999.99,9,1
2017-11-26,10000035,40346,9863000,9000000,10150000,30,7
2017-11-26,10000035,40348,40833333.33,37500000,45000000,6,4
2017-11-26,10000035,40354,49479999.99,49479999.99,49479999.99,1,1
2017-11-26,10000035,40360,2500000,2500000,2500000,24,3
2017-11-26,10000035,40361,3080000,3080000,3080000,36,2
2017-11-26,10000035,40363,13998025.11,13998025.11,13998025.11,2,1
2017-11-26,10000035,40519,458000000,458000000,458000000,1,1
2017-11-26,10000035,40520,868837586.99,868500000,874150000,18,13
2017-11-26,10000035,40557,12499999.74,12499999.74,13900000,105,9
2017-11-26,10000035,40559,9961575.01,9732053.29,9999998.82,76,9
2017-11-26,10000035,40566,37839958.98,36876982.1,38186630.65,34,7
2017-11-26,10000035,40573,121949949.94,121949949.94,121949949.94,1,1
2017-11-26,10000035,40659,48000000.25,48000000.25,48000000.25,5,3
2017-11-26,10000035,40714,57999999.88,57999999.88,57999999.88,2,2
2017-11-26,10000035,41030,1216666666.67,1200000000,1220000000,6,5
2017-11-26,10000035,41031,28999.99,28999.99,28999.99,1,1
2017-11-26,10000035,41033,54542.84,54542.84,54542.84,2,1
2017-11-26,10000035,41034,140923.43,140923.43,140923.43,6,1
2017-11-26,10000035,41057,4993333.19,4989999.86,4999999.86,3,3
2017-11-26,10000035,41155,59273.23,12000,82909.84,3,3
2017-11-26,10000035,41218,45842670.51,44999989.85,46685351.17,4,4
2017-11-26,10000035,41220,91740740.74,85222222.23,95000000,3,3
2017-11-26,10000035,41238,97833333.17,83000000,127499999.5,6,6
2017-11-26,10000035,41249,62055555.46,56999999.93,67111110.99,2,2
2017-11-26,10000035,41330,1250000,1250000,1250000,6,1
2017-11-26,10000035,41332,1950000,1950000,1950000,6,1
2017-11-26,10000035,41405,37000000,37000000,37000000,1,1
2017-11-26,10000035,41406,37000000,37000000,37000000,1,1
2017-11-26,10000035,41411,69266657.49,60000000,73899986.23,3,3
2017-11-26,10000035,41470,115000000,115000000,115000000,1,1
2017-11-26,10000035,41489,25000,25000,25000,800,9
2017-11-26,10000035,41490,1098000,1098000,1101550.99,834,21
2017-11-26,10000035,41491,49863298.33,38400000,72989894.99,6,6
2017-11-26,10000035,41493,161241425.99,160301782.49,165000000,5,4
2017-11-26,10000035,41500,457000000,457000000,457000000,1,1
2017-11-26,10000035,41503,125250000,125250000,125250000,1,1
2017-11-26,10000035,41504,449985714.29,449985714.29,449985714.29,1,1
2017-11-26,10000035,41507,172699999.76,172699999.76,172699999.76,1,1
2017-11-26,10000035,41566,170440506.67,170440506.67,170440506.67,1,1
2017-11-26,10000035,42244,67799990.9,62599961.54,68999999,9,7
2017-11-26,10000035,42526,1400000,1400000,1400000,1,1
2017-11-26,10000035,42528,1455433.68,1454999.69,1455795.34,11,6
2017-11-26,10000035,42529,1486842.11,1486842.11,1486842.11,3,3
2017-11-26,10000035,42530,1550000,1550000,1550000,1,1
2017-11-26,10000035,42694,1750,1750,1750,7656,3
2017-11-26,10000035,42695,1600,1600,1600,5500,3
2017-11-26,10000035,42696,2010.99,2010.99,2010.99,500,1
2017-11-26,10000035,42829,1200,1200,1200,8800,6
2017-11-26,10000035,42830,650,500,1200,21542,8
2017-11-26,10000035,42832,1299.93,1299.93,1299.93,600,1
2017-11-26,10000035,42833,839.98,839.98,839.98,287,1
2017-11-26,10000035,42835,1099.98,1099.98,1099.98,400,1
2017-11-26,10000035,42890,154666666.66,126000000,212000000,3,3
2017-11-26,10000035,43551,6375018.67,6225132.69,6394499.99,14,9
2017-11-26,10000035,43552,2950000,2700000,3200000,2,2
2017-11-26,10000035,43554,3700000,3700000,3700000,1,1
2017-11-26,10000035,43555,6279111.52,6279111.52,6279111.52,1,1
2017-11-26,10000035,43556,4358180.28,4358180.28,4358180.28,1,1
2017-11-26,10000035,43694,89999999.99,89999999.99,89999999.99,1,1
2017-11-26,10000035,43699,139000,139000,139000,15,2
2017-11-26,10000035,43700,5499999.48,5299998.99,6000000.69,7,2
2017-11-26,10000035,43702,933333.33,800000,999999.99,3,2
2017-11-26,10000035,43703,24949999.96,24949999.94,24949999.99,4,4
2017-11-26,10000035,43896,2399999,2399999,2399999,1,1
2017-11-26,10000035,44067,293737500,275000000,300000000,4,4
2017-11-26,10000035,44102,3992856.49,3800000,6500000,56,25
2017-11-26,10000035,44992,2896042.47,2780016,2900000,8077,28
2017-11-26,10000035,45009,160000000,160000000,160000000,2,1
2017-11-26,10000035,45010,148750,148750,148750,67,1
2017-11-26,10000035,45589,55009000,55009000,55009000,2,2
2017-11-26,10000035,45591,56699499.99,48398999.98,65000000,2,2
2017-11-26,10000035,45592,59188000,59188000,59188000,2,2
2017-11-26,10000035,45594,51170570.95,51170570.95,51170570.95,1,1
2017-11-26,10000035,45595,57999498,57999498,57999498,1,1
2017-11-26,10000035,45601,31499999.33,21000000,41999998.66,2,2
2017-11-26,10000035,45604,17950000,17950000,17950000,1,1
2017-11-26,10000035,45605,49569988.2,49569988.2,49569988.2,3,3
2017-11-26,10000035,45613,42028796.63,42028796.63,42028796.63,1,1
2017-11-26,10000035,45615,35999999.99,35999999.99,35999999.99,1,1
2017-11-26,10000035,45616,46142998.75,46142998.75,46142998.75,3,3
2017-11-26,10000035,45618,16949999,16949998,16950000,2,2
2017-11-26,10000035,45619,45694000,45694000,45694000,1,1
2017-11-26,10000035,45626,45214768.29,45214768.29,45214768.29,1,1
2017-11-26,10000035,45628,18858999.67,18858999,18859000,3,3
2017-11-26,10000035,45629,40000000,40000000,40000000,1,1
2017-11-26,10000035,45635,198110964.57,195088909.63,200000000,13,11
2017-11-26,10000035,45824,2500000,2500000,2500000,1,1
2017-11-26,10000035,45847,7587500,7587500,7587500,2,2
2017-11-26,10000035,45998,3460000,2920000,4000000,2,2
2017-11-26,10000035,45999,10957826.05,10950000,10965652.1,2,2
2017-11-26,10000035,46002,6900000,6000000,15000000,10,3
2017-11-26,10000035,46003,24900000,24900000,24900000,5,1
2017-11-26,10000035,46005,6344285.71,6140000,6620000,7,3
2017-11-26,10000035,46006,20000000,20000000,20000000,3,2
2017-11-26,10000035,46008,14518382.15,12950000,16000000,68,45
2017-11-26,10000035,46153,25694375.83,25694375.83,25694375.83,2,2
2017-11-26,10000035,46154,29439246.19,29439246.19,29439246.19,2,2
2017-11-26,10000035,46156,46020077.41,45887997.94,46152156.87,2,2
2017-11-26,10000035,46355,707940.61,589999,999000,34,4
2017-11-26,10000035,46356,2000000,2000000,2000000,4,1
2017-11-26,10000035,46365,686245.08,516741.21,999000,36,4
2017-11-26,10000035,46366,3333000,3000000,3999000,18,3
2017-11-26,10000035,46367,551880,500000,999000,50,7
2017-11-26,10000035,46368,3999000,3999000,3999000,2,1
2017-11-26,10000035,46369,610000.46,329999.99,750000.69,6,2
2017-11-26,10000035,46370,3000000,3000000,3000000,4,1
2017-11-26,10000035,46371,749999.79,250000,999999.69,6,2
2017-11-26,10000035,46372,1500000,1500000,1500000,10,1
2017-11-26,10000036,20,178,178,178,581010,16
2017-11-26,10000036,34,3,3,3,26143622,41
2017-11-26,10000036,35,5.09,5.09,5.09,7342730,25
2017-11-26,10000036,36,57.25,48,70,1003019,28
2017-11-26,10000036,37,42.26,22.03,42.26,363460,26
2017-11-26,10000036,38,285.03,285.03,285.03,337915,15
2017-11-26,10000036,39,930,930,930,184929,11
2017-11-26,10000036,40,1100.01,1100.01,1100.01,36380,11
2017-11-26,10000036,41,14.01,14.01,14.01,45556,2
2017-11-26,10000036,178,6,6,6,976,1
2017-11-26,10000036,181,9.99,9.99,9.99,1,1
2017-11-26,10000036,184,14.21,14.21,14.21,12035,2
2017-11-26,10000036,185,24.47,24.47,24.47,13760,2
2017-11-26,10000036,202,303.32,303.32,303.32,4911,2
2017-11-26,10000036,207,49.25,49.25,49.25,13000,3
2017-11-26,10000036,209,45,45,45,17700,4
2017-11-26,10000036,210,17.25,17.25,17.25,10000,1
2017-11-26,10000036,211,18,18,18,200,2
2017-11-26,10000036,212,45,45,45,10000,1
2017-11-26,10000036,213,12,12,12,2500,3
2017-11-26,10000036,215,2,2,2,100,1
2017-11-26,10000036,217,10,10,10,10000,1
2017-11-26,10000036,222,19,19,19,34301,9
2017-11-26,10000036,226,44,44,44,2000,1
2017-11-26,10000036,230,74.98,74.98,74.98,21000,2
2017-11-26,10000036,238,188.76,188.76,188.76,260550,3
2017-11-26,10000036,239,1,1,1,9,3
2017-11-26,10000036,241,1,1,1,2,1
2017-11-26,10000036,242,1,1,1,2,2
2017-11-26,10000036,243,1,1,1,4,1
2017-11-26,10000036,245,1,1,1,3,1
2017-11-26,10000036,246,1,1,1,2,2
2017-11-26,10000036,266,9.99,9.99,9.99,650,2
2017-11-26,10000036,380,799998.96,799998.96,799998.96,1,1
2017-11-26,10000036,394,589778.17,589778,589778.33,2,2
2017-11-26,10000036,400,398998.88,398998.88,398998.88,1,1
2017-11-26,10000036,434,136000,136000,136000,2,2
2017-11-26,10000036,447,87496.71,87496.71,87496.71,3,3
2017-11-26,10000036,448,1949887.12,1949887,1949887.18,3,3
2017-11-26,10000036,482,1277222.82,109003.27,1499999.99,8,5
2017-11-26,10000036,483,62061.54,23435.9,120000,5,5
2017-11-26,10000036,486,50000,50000,50000,21,3
2017-11-26,10000036,488,128000,128000,128000,32,5
2017-11-26,10000036,499,15000,15000,15000,2,1
2017-11-26,10000036,519,1723011.81,1723011.81,1723011.81,2,1
2017-11-26,10000036,523,22000,22000,22000,1,1
2017-11-26,10000036,527,1196981.11,1196780,1197782.78,5,4
2017-11-26,10000036,564,44999.99,44999.99,44999.99,3,1
2017-11-26,10000036,565,88999,88999,88999,1,1
2017-11-26,10000036,578,100232.16,50100.99,197000,7,5
2017-11-26,10000036,582,200000,200000,200000,1,1
2017-11-26,10000036,583,500000,500000,500000,2,2
2017-11-26,10000036,585,437874.12,428998.99,500000,8,5
2017-11-26,10000036,586,410000,410000,410000,1,1
2017-11-26,10000036,587,360000,360000,360000,1,1
2017-11-26,10000036,588,25000,25000,25000,1,1
2017-11-26,10000036,589,498998.94,498998.94,498998.94,4,1
2017-11-26,10000036,592,636889.71,636889.71,636889.71,1,1
2017-11-26,10000036,593,567603.06,550000,597809.18,6,5
2017-11-26,10000036,594,341500,300000,383000,2,2
2017-11-26,10000036,596,149999.96,149999.96,149999.96,1,1
2017-11-26,10000036,605,624291.55,499000,749583.1,2,2
2017-11-26,10000036,606,99999.97,99999.97,99999.97,1,1
2017-11-26,10000036,607,424500,350000,499000,2,2
2017-11-26,10000036,608,389990.75,389990.75,389990.75,4,4
2017-11-26,10000036,621,13593799.98,11969000,13999999.97,5,3
2017-11-26,10000036,625,10199385.43,6900000,13498770.85,2,2
2017-11-26,10000036,645,196000000,196000000,196000000,1,1
2017-11-26,10000036,648,1998798.97,1998798.97,1998798.97,1,1
2017-11-26,10000036,654,100000.01,100000.01,100000.01,2,2
2017-11-26,10000036,655,1870912.07,1870912.07,1870912.07,1,1
2017-11-26,10000036,656,100000.01,100000.01,100000.01,1,1
2017-11-26,10000036,657,1850000,1850000,1850000,2,2
2017-11-26,10000036,672,23666.66,21000,24999.99,3,3
2017-11-26,10000036,785,92720,92720,92720,1,1
2017-11-26,10000036,1137,100000,100000,100000,1,1
2017-11-26,10000036,1145,400000,400000,400000,1,1
2017-11-26,10000036,1153,1000000,1000000,1000000,1,1
2017-11-26,10000036,1182,124999,124999,124999,1,1
2017-11-26,10000036,1183,999750,999750,999750,1,1
2017-11-26,10000036,1195,98000,98000,98000,4,2
2017-11-26,10000036,1224,33.01,33.01,33.01,135618,3
2017-11-26,10000036,1226,208.95,208.95,208.95,1,1
2017-11-26,10000036,1228,14.15,14.15,14.15,127528,4
2017-11-26,10000036,1230,9.5,8.11,11.5,437386,9
2017-11-26,10000036,1236,821665.08,794997.87,999999,6,5
2017-11-26,10000036,1256,749889.97,749889.97,749889.97,1,1
2017-11-26,10000036,1306,509988.13,509988.13,509988.13,2,1
2017-11-26,10000036,1317,36837.49,11000,49999.99,8,4
2017-11-26,10000036,1319,956383.81,816999.99,1071000,9,4
2017-11-26,10000036,1335,795010.61,795010.61,795010.61,4,2
2017-11-26,10000036,1353,2000,2000,2000,3,1
2017-11-26,10000036,1405,797999.93,795999.99,799999.87,12,5
2017-11-26,10000036,1539,25000,25000,25000,3,2
2017-11-26,10000036,1808,34999.99,34999.99,34999.99,1,1
2017-11-26,10000036,1818,99,99,99,1300,1
2017-11-26,10000036,1824,150,150,150,1500,1
2017-11-26,10000036,1877,1465992,1465992,1465992,5,1
2017-11-26,10000036,1952,1582999.4,1582998.99,1583000,5,4
2017-11-26,10000036,1978,1560000,1560000,1560000,6,1
2017-11-26,10000036,1987,1499899.2,1499899.2,1499899.2,1,1
2017-11-26,10000036,2032,601057.81,601057.81,601057.81,2,2
2017-11-26,10000036,2046,35743.12,100.98,49999.98,7,5
2017-11-26,10000036,2048,583109.9,558992.19,740000,15,15
2017-11-26,10000036,2161,599999.94,599999.94,599999.94,1,1
2017-11-26,10000036,2173,34990,34990,34990,41,1
2017-11-26,10000036,2175,1300000,1300000,1300000,3,1
2017-11-26,10000036,2183,33727.27,33000,34999.99,11,4
2017-11-26,10000036,2185,1180000,1180000,1180000,5,1
2017-11-26,10000036,2203,8499.96,8499,8499.99,60,3
2017-11-26,10000036,2205,494000,494000,494000,142,12
2017-11-26,10000036,2254,81000,81000,81000,11,2
2017-11-26,10000036,2281,3189992.37,3189991.12,3189992.99,3,3
2017-11-26,10000036,2333,999999.99,999999.99,999999.99,1,1
2017-11-26,10000036,2364,1248998,1248998,1248998,1,1
2017-11-26,10000036,2390,500,500,500,3660,2
2017-11-26,10000036,2403,7500000,7500000,7500000,3,3
2017-11-26,10000036,2404,1505929.72,1410000,1569882.87,5,4
2017-11-26,10000036,2406,1000000,1000000,1000000,4,4
2017-11-26,10000036,2446,2237890.92,2200000,2248999.98,18,3
2017-11-26,10000036,2454,3522.73,3500.01,3799.99,44,13
2017-11-26,10000036,2456,469568.32,440000,539883,38,11
2017-11-26,10000036,2466,395000,395000,395000,1,1
2017-11-26,10000036,2486,8000,7000,8999.99,8,2
2017-11-26,10000036,2488,636285.39,489999.99,1200000,28,10
2017-11-26,10000036,2495,500000,500000,500000,2,2
2017-11-26,10000036,2505,500000,500000,500000,2,2
2017-11-26,10000036,2524,81000,81000,81000,19,3
2017-11-26,10000036,2525,81000,81000,81000,11,2
2017-11-26,10000036,2533,81000,81000,81000,10,1
2017-11-26,10000036,2534,81000,81000,81000,13,3
2017-11-26,10000036,2539,1711000,1711000,1711000,1,1
2017-11-26,10000036,2549,81000,81000,81000,14,3
2017-11-26,10000036,2550,81000,81000,81000,14,2
2017-11-26,10000036,2551,81000,81000,81000,10,1
2017-11-26,10000036,2553,1378202.36,1378202.36,1378202.36,1,1
2017-11-26,10000036,2605,743399.77,579725,1071100,9,8
2017-11-26,10000036,2969,2456987.23,2456987.23,2456987.23,5,1
2017-11-26,10000036,2998,70000000,70000000,70000000,1,1
2017-11-26,10000036,3001,849999,849999,849999,5,1
2017-11-26,10000036,3041,799998.84,799998.84,799998.84,4,1
2017-11-26,10000036,3170,899998.83,899998.83,899998.83,3,1
2017-11-26,10000036,3178,904599.04,699999.99,986438.66,7,2
2017-11-26,10000036,3184,1600000,1600000,1600000,4,3
2017-11-26,10000036,3242,89999.98,89999.98,89999.98,5,5
2017-11-26,10000036,3244,1741781.5,1399439.14,1798838.67,14,14
2017-11-26,10000036,3265,6949881.95,6949881.95,6949881.95,1,1
2017-11-26,10000036,3303,20000,20000,20000,1,1
2017-11-26,10000036,3304,100000,100000,100000,1,1
2017-11-26,10000036,3305,100000,100000,100000,1,1
2017-11-26,10000036,3306,100000,100000,100000,1,1
2017-11-26,10000036,3319,20000,20000,20000,1,1
2017-11-26,10000036,3320,10000,10000,10000,1,1
2017-11-26,10000036,3322,25000,25000,25000,1,1
2017-11-26,10000036,3323,30000,30000,30000,1,1
2017-11-26,10000036,3324,100000,100000,100000,1,1
2017-11-26,10000036,3327,20000,20000,20000,1,1
2017-11-26,10000036,3329,40000,40000,40000,6,2
2017-11-26,10000036,3330,40000,40000,40000,1,1
2017-11-26,10000036,3331,40000,40000,40000,1,1
2017-11-26,10000036,3333,500000,500000,500000,2,2
2017-11-26,10000036,3334,500000,500000,500000,4,4
2017-11-26,10000036,3335,500000,500000,500000,1,1
2017-11-26,10000036,3339,4000000,4000000,4000000,2,1
2017-11-26,10000036,3340,300000,300000,300000,1,1
2017-11-26,10000036,3341,300000,300000,300000,1,1
2017-11-26,10000036,3348,20000,20000,20000,2,2
2017-11-26,10000036,3350,100000,100000,100000,1,1
2017-11-26,10000036,3355,20000,20000,20000,3,3
2017-11-26,10000036,3356,60000,60000,60000,3,3
2017-11-26,10000036,3357,180000,180000,180000,1,1
2017-11-26,10000036,3359,200000,200000,200000,2,2
2017-11-26,10000036,3363,20000,20000,20000,1,1
2017-11-26,10000036,3385,50000,50000,50000,3,3
2017-11-26,10000036,3388,250000,250000,250000,1,1
2017-11-26,10000036,3389,280000,280000,280000,3,3
2017-11-26,10000036,3393,30000,30000,30000,1,1
2017-11-26,10000036,3397,1000000,1000000,1000000,1,1
2017-11-26,10000036,3398,25000000,25000000,25000000,1,1
2017-11-26,10000036,3400,100000000,100000000,100000000,2,2
2017-11-26,10000036,3405,25000,25000,25000,2,2
2017-11-26,10000036,3406,300000,300000,300000,1,1
2017-11-26,10000036,3409,350000,350000,350000,2,2
2017-11-26,10000036,3410,450000,450000,450000,3,2
2017-11-26,10000036,3416,35000,35000,35000,1,1
2017-11-26,10000036,3421,130000,130000,130000,4,3
2017-11-26,10000036,3423,75000,75000,75000,2,2
2017-11-26,10000036,3430,500000,500000,500000,1,1
2017-11-26,10000036,3432,100000,100000,100000,2,2
2017-11-26,10000036,3433,100000,100000,100000,1,1
2017-11-26,10000036,3434,80000,80000,80000,1,1
2017-11-26,10000036,3438,40000,40000,40000,1,1
2017-11-26,10000036,3439,200000,200000,200000,2,2
2017-11-26,10000036,3440,220000,220000,220000,1,1
2017-11-26,10000036,3441,380000,380000,380000,1,1
2017-11-26,10000036,3442,500000,500000,500000,1,1
2017-11-26,10000036,3443,20000,20000,20000,1,1
2017-11-26,10000036,3446,99285.72,98571.43,100000,2,2
2017-11-26,10000036,3451,30000,30000,30000,1,1
2017-11-26,10000036,3452,40000,40000,40000,1,1
2017-11-26,10000036,3456,10000000,10000000,10000000,2,2
2017-11-26,10000036,3530,1916055.5,1841000,1991111,2,2
2017-11-26,10000036,3540,2145768.45,2145768.45,2145768.45,3,2
2017-11-26,10000036,3568,1799739.12,1799739.12,1799739.12,1,1
2017-11-26,10000036,3578,2699997,2699997,2699997,1,1
2017-11-26,10000036,3645,500,500,500,5500,2
2017-11-26,10000036,3689,6500,6500,6500,8,1
2017-11-26,10000036,3707,1999,1999,1999,10,2
2017-11-26,10000036,3721,710.8,700,830.43,26,7
2017-11-26,10000036,3810,100,100,100,10,1
2017-11-26,10000036,3814,27.65,27.65,27.65,1,1
2017-11-26,10000036,3829,61999.56,999.99,87998.96,12,5
2017-11-26,10000036,3831,958297.98,958297.98,958297.98,5,5
2017-11-26,10000036,3841,1609914.44,1609914.44,1609914.44,2,1
2017-11-26,10000036,4025,337259.3,304944.9,449999.5,9,8
2017-11-26,10000036,4027,306333.33,20000,449500,3,3
2017-11-26,10000036,4250,3850176.79,3850176.79,3850176.79,1,1
2017-11-26,10000036,4254,1136999.99,1136999.99,1136999.99,1,1
2017-11-26,10000036,4258,2999997.95,2999997.95,2999997.95,1,1
2017-11-26,10000036,4260,2999998.06,2999998.06,2999998.06,2,2
2017-11-26,10000036,4312,25999.97,25999.97,25999.97,800,1
2017-11-26,10000036,4383,2249887.18,2249887.18,2249887.18,1,1
2017-11-26,10000036,4395,699939.88,650000,749879.76,2,2
2017-11-26,10000036,4403,929179.35,929179.35,929179.35,1,1
2017-11-26,10000036,4405,1346162.82,1309995.49,1418998.98,6,4
2017-11-26,10000036,4471,170000,170000,170000,1,1
2017-11-26,10000036,4477,235000,235000,235000,3,3
2017-11-26,10000036,5011,847974.87,847949.74,848000,2,2
2017-11-26,10000036,5137,19500,19500,19500,1,1
2017-11-26,10000036,5320,438997.93,438997.93,438997.93,1,1
2017-11-26,10000036,5321,125000,125000,125000,1,1
2017-11-26,10000036,5399,79989.18,79988.35,79990,2,2
2017-11-26,10000036,5403,350000,350000,350000,1,1
2017-11-26,10000036,5439,41365.03,35999,100391.38,12,3
2017-11-26,10000036,5443,148916.66,148749.99,149000,3,3
2017-11-26,10000036,5445,149998.98,149998.98,149998.98,8,1
2017-11-26,10000036,5493,89000,89000,89000,3,1
2017-11-26,10000036,5533,200000,200000,200000,4,1
2017-11-26,10000036,5631,120000,120000,120000,1,1
2017-11-26,10000036,5839,2148004.19,2148004.19,2148004.19,1,1
2017-11-26,10000036,5933,693998.95,693998.95,693998.95,8,4
2017-11-26,10000036,5971,139500,129000,150000,2,2
2017-11-26,10000036,5973,608091.97,422219.5,610167.46,19,18
2017-11-26,10000036,5975,93994,93994,93994,1,1
2017-11-26,10000036,6001,87049.6,87000,87099.2,2,2
2017-11-26,10000036,6003,40699.14,32499.5,48898.77,4,4
2017-11-26,10000036,6131,16000,16000,16000,1,1
2017-11-26,10000036,6160,60561.82,57064.42,60999,9,6
2017-11-26,10000036,6296,120249.21,100000,126998.94,4,3
2017-11-26,10000036,6325,226947.1,226947.1,226947.1,1,1
2017-11-26,10000036,6437,142440.7,119881.4,165000,2,2
2017-11-26,10000036,6675,100000,100000,100000,1,1
2017-11-26,10000036,7251,1000,1000,1000,1,1
2017-11-26,10000036,7253,1000,1000,1000,1,1
2017-11-26,10000036,7289,100000,100000,100000,1,1
2017-11-26,10000036,7293,329998.94,329998.94,329998.94,7,1
2017-11-26,10000036,7535,849988.85,849988.85,849988.85,6,5
2017-11-26,10000036,7579,1649897.88,1649897.88,1649897.88,2,1
2017-11-26,10000036,7585,550000,550000,550000,19,2
2017-11-26,10000036,8089,933645.8,830000,992871.97,11,2
2017-11-26,10000036,8101,250000,250000,250000,4,1
2017-11-26,10000036,8105,1978407.13,1959898.98,1999999.98,13,3
2017-11-26,10000036,8177,390000,390000,390000,1,1
2017-11-26,10000036,8225,95000,95000,95000,1,1
2017-11-26,10000036,8433,963319.35,963319.35,963319.35,1,1
2017-11-26,10000036,8517,9450000,9450000,9450000,1,1
2017-11-26,10000036,8521,465499.48,432000,498998.95,2,2
2017-11-26,10000036,8815,449889.22,449889.22,449889.22,5,1
2017-11-26,10000036,8863,849998.94,849998.94,849998.94,3,1
2017-11-26,10000036,9411,1989711.87,1989711.87,1989711.87,7,1
2017-11-26,10000036,9568,150000,150000,150000,1,1
2017-11-26,10000036,9608,100000,100000,100000,1,1
2017-11-26,10000036,9622,245412,245412,245412,1,1
2017-11-26,10000036,9632,642498.76,370000.28,714996.99,4,3
2017-11-26,10000036,9826,385.87,385.87,385.87,53,1
2017-11-26,10000036,9842,1000.01,1000.01,1000.01,2,1
2017-11-26,10000036,9852,59.34,59.34,59.34,430176,12
2017-11-26,10000036,9941,14099993.93,13999999.92,14199987.94,2,2
2017-11-26,10000036,9943,14182497.82,13364998.63,14999997,2,2
2017-11-26,10000036,10190,1299999.99,1299999.99,1299999.99,3,2
2017-11-26,10000036,10246,39999.49,29998.99,49999.99,10,4
2017-11-26,10000036,10250,1298983,1298983,1298983,12,4
2017-11-26,10000036,10678,9000,9000,9000,1,1
2017-11-26,10000036,10680,599999.99,599999.98,599999.99,14,3
2017-11-26,10000036,10694,521771.96,521771.96,521771.96,2,1
2017-11-26,10000036,10836,49000,49000,49000,1,1
2017-11-26,10000036,10872,65000,65000,65000,2,2
2017-11-26,10000036,10998,58514.67,49998.48,65000,20,6
2017-11-26,10000036,11105,376142.86,319000,399000,7,4
2017-11-26,10000036,11129,38000,30000,50000,5,5
2017-11-26,10000036,11132,24000,21000,30000,3,3
2017-11-26,10000036,11134,31491.76,30000,49500,18,18
2017-11-26,10000036,11174,33893998.09,33893998.09,33893998.09,7,1
2017-11-26,10000036,11178,39999999.99,39999999.99,39999999.99,2,2
2017-11-26,10000036,11184,36999999.67,36999999.67,36999999.67,1,1
2017-11-26,10000036,11192,43499998.95,43499998.95,43499998.95,1,1
2017-11-26,10000036,11198,39897497.01,39897497.01,39897497.01,1,1
2017-11-26,10000036,11200,39999999.98,39999999.98,39999999.98,1,1
2017-11-26,10000036,11202,39999999.99,39999999.99,39999999.99,1,1
2017-11-26,10000036,11267,260000,260000,260000,1,1
2017-11-26,10000036,11269,891741.03,805456.2,908998,6,6
2017-11-26,10000036,11285,4500,4500,4500,41,3
2017-11-26,10000036,11289,12999,12999,12999,3,1
2017-11-26,10000036,11309,389997.93,389997.79,389998.06,2,2
2017-11-26,10000036,11349,205000,205000,205000,1,1
2017-11-26,10000036,11357,25000,25000,25000,3,1
2017-11-26,10000036,11370,2379691.38,2339037.07,3711000,6,6
2017-11-26,10000036,11395,500000,500000,500000,3,3
2017-11-26,10000036,11399,7301,7301,7301,1536,1
2017-11-26,10000036,11433,10000000,10000000,10000000,1,1
2017-11-26,10000036,11446,10000000,10000000,10000000,1,1
2017-11-26,10000036,11450,10000000,10000000,10000000,1,1
2017-11-26,10000036,11453,10000000,10000000,10000000,1,1
2017-11-26,10000036,11529,10000000,10000000,10000000,1,1
2017-11-26,10000036,11538,1000.02,1000.02,1000.02,4,1
2017-11-26,10000036,11539,1000.05,1000.05,1000.05,5,1
2017-11-26,10000036,11540,5000.02,5000.02,5000.02,4,1
2017-11-26,10000036,11554,5000,5000,5000,3,1
2017-11-26,10000036,11555,501,501,501,4,1
2017-11-26,10000036,11556,1000.01,1000.01,1000.01,4,1
2017-11-26,10000036,11557,501,501,501,4,1
2017-11-26,10000036,11558,1000.02,1000.02,1000.02,16,2
2017-11-26,10000036,11561,250000,250000,250000,1,1
2017-11-26,10000036,11563,246438.66,245993.5,250000,9,8
2017-11-26,10000036,11566,120000,120000,120000,4,4
2017-11-26,10000036,11574,2000000,2000000,2000000,2,1
2017-11-26,10000036,11577,5488770.91,5488770.91,5488770.91,1,1
2017-11-26,10000036,11578,8989887,8989887,8989887,1,1
2017-11-26,10000036,11579,3500000,3500000,3500000,1,1
2017-11-26,10000036,11584,75000,75000,75000,13,5
2017-11-26,10000036,11644,2769175.58,2769175.58,2769175.58,1,1
2017-11-26,10000036,11646,2699987,2699987,2699987,1,1
2017-11-26,10000036,11648,2149997.99,2149997.99,2149997.99,1,1
2017-11-26,10000036,12052,399000,399000,399000,2,2
2017-11-26,10000036,12056,70500,44999.99,96000,4,3
2017-11-26,10000036,12058,4499998.5,4499998,4499999,2,2
2017-11-26,10000036,12068,5999213.23,5999213.23,5999213.23,2,2
2017-11-26,10000036,12092,1000000,1000000,1000000,3,3
2017-11-26,10000036,12093,4000000,4000000,4000000,3,3
2017-11-26,10000036,12180,375000,375000,375000,1,1
2017-11-26,10000036,12181,350000,350000,350000,1,1
2017-11-26,10000036,12182,325000,325000,325000,1,1
2017-11-26,10000036,12183,275000,275000,275000,1,1
2017-11-26,10000036,12184,250000,250000,250000,1,1
2017-11-26,10000036,12185,225000,225000,225000,1,1
2017-11-26,10000036,12186,200000,200000,200000,3,3
2017-11-26,10000036,12187,175000,175000,175000,2,2
2017-11-26,10000036,12188,150000,150000,150000,5,5
2017-11-26,10000036,12189,400000,400000,400000,1,1
2017-11-26,10000036,12190,125000,125000,125000,3,3
2017-11-26,10000036,12191,75000,75000,75000,4,4
2017-11-26,10000036,12192,100000,100000,100000,4,4
2017-11-26,10000036,12193,50000,50000,50000,4,4
2017-11-26,10000036,12194,300000,300000,300000,1,1
2017-11-26,10000036,12195,25750,25000,28000,4,4
2017-11-26,10000036,12198,1148997.58,1148997.58,1148997.58,6,3
2017-11-26,10000036,12199,3478269.06,3292499.98,4499999,26,9
2017-11-26,10000036,12200,19999999.99,19999999.99,19999999.99,1,1
2017-11-26,10000036,12203,17999698.01,17999698.01,17999698.01,1,1
2017-11-26,10000036,12204,3000000,3000000,3000000,2,2
2017-11-26,10000036,12205,9000000,9000000,9000000,2,2
2017-11-26,10000036,12212,16000000,16000000,16000000,1,1
2017-11-26,10000036,12214,3000000,3000000,3000000,1,1
2017-11-26,10000036,12215,9000000,9000000,9000000,2,2
2017-11-26,10000036,12259,4999999.99,4999999.99,4999999.99,3,2
2017-11-26,10000036,12267,4849000,4849000,4849000,2,2
2017-11-26,10000036,12365,120000,120000,120000,4,4
2017-11-26,10000036,12366,120000,120000,120000,4,4
2017-11-26,10000036,12367,120000,120000,120000,4,4
2017-11-26,10000036,12441,1588884,1588884,1588884,1,1
2017-11-26,10000036,12484,7999999,7999999,7999999,1,1
2017-11-26,10000036,12563,195555.56,180000,200000,9,3
2017-11-26,10000036,12565,154990,154990,154990,4,1
2017-11-26,10000036,12608,200,200,200,8000,2
2017-11-26,10000036,12612,92.5,92.5,92.5,5328,2
2017-11-26,10000036,12614,145,145,145,5305,3
2017-11-26,10000036,12618,114.95,114.95,114.95,2160,2
2017-11-26,10000036,12620,145,145,145,2000,2
2017-11-26,10000036,12709,149887.94,149887.94,149887.94,2,2
2017-11-26,10000036,12767,434,434,434,3000,1
2017-11-26,10000036,12771,570,570,570,3000,1
2017-11-26,10000036,12785,144.14,144.14,144.14,3000,1
2017-11-26,10000036,12787,499.95,499.95,499.95,500,1
2017-11-26,10000036,12791,449.95,449.95,449.95,1000,2
2017-11-26,10000036,13279,250000,250000,250000,2,2
2017-11-26,10000036,13866,8900000,8900000,8900000,4,1
2017-11-26,10000036,13955,12998331.08,12998331.08,12998331.08,1,1
2017-11-26,10000036,15331,952.03,952.03,952.03,192,21
2017-11-26,10000036,15479,5500000,5500000,5500000,1,1
2017-11-26,10000036,15510,30000,30000,30000,2,1
2017-11-26,10000036,15673,750000,750000,750000,18,2
2017-11-26,10000036,15887,60000000,60000000,60000000,1,1
2017-11-26,10000036,15889,64999999.99,64999999.99,64999999.99,2,2
2017-11-26,10000036,16069,85000,85000,85000,1,1
2017-11-26,10000036,16233,50000000,50000000,50000000,2,2
2017-11-26,10000036,16236,1299996,1299996,1299996,1,1
2017-11-26,10000036,16238,1486175.56,1486175.56,1486175.56,1,1
2017-11-26,10000036,16240,1787500,1075000,2500000,4,3
2017-11-26,10000036,16242,770083.32,1000,839999.99,12,10
2017-11-26,10000036,16262,172000,172000,172000,179,2
2017-11-26,10000036,16273,254.98,152.92,299.99,6316,11
2017-11-26,10000036,16274,997,997,997,23700,1
2017-11-26,10000036,16278,2375000,2375000,2375000,2,1
2017-11-26,10000036,16281,375000,375000,375000,1,1
2017-11-26,10000036,16467,499828.87,499828.87,499828.87,5,1
2017-11-26,10000036,16598,3500000,3500000,3500000,1,1
2017-11-26,10000036,16622,5000000,5000000,5000000,1,1
2017-11-26,10000036,17366,50751.56,34999.99,75000,17,4
2017-11-26,10000036,17368,2000000,2000000,2000000,2,2
2017-11-26,10000036,17444,291.17,291.17,291.17,1592,1
2017-11-26,10000036,17448,104.16,104.16,104.16,800,1
2017-11-26,10000036,17452,187.94,187.94,187.94,37432,5
2017-11-26,10000036,17453,193.72,193.72,193.72,50902,2
2017-11-26,10000036,17459,24.16,24.16,24.16,23107,1
2017-11-26,10000036,17463,14.45,14.45,14.45,46152,1
2017-11-26,10000036,17470,11.8,11.8,11.8,183551,4
2017-11-26,10000036,17478,25975000,25974999.99,25975000,2,2
2017-11-26,10000036,17480,24999999.99,24999999.99,24999999.99,1,1
2017-11-26,10000036,17482,719999,719999,719999,1,1
2017-11-26,10000036,17483,16130080,16130080,16130080,1,1
2017-11-26,10000036,17500,69899897.99,69899897.99,69899897.99,1,1
2017-11-26,10000036,17649,10000000,10000000,10000000,1,1
2017-11-26,10000036,17703,26000000,26000000,26000000,1,1
2017-11-26,10000036,17720,144998998.97,144998998.97,144998998.97,4,1
2017-11-26,10000036,17887,1312.24,1312.24,1312.24,20000,2
2017-11-26,10000036,17889,799,799,799,2000,1
2017-11-26,10000036,17912,4099993.79,4099993.79,4099993.79,7,3
2017-11-26,10000036,17922,114998712.86,114998712.86,114998712.86,1,1
2017-11-26,10000036,17938,650455.98,649999.99,651139.96,5,5
2017-11-26,10000036,17940,500000,500000,500000,3,2
2017-11-26,10000036,18025,400000,400000,400000,1,1
2017-11-26,10000036,18052,71950,71950,71950,18,2
2017-11-26,10000036,18068,1498778.87,1498778.87,1498778.87,1,1
2017-11-26,10000036,18602,300000,300000,300000,4,1
2017-11-26,10000036,18606,500000,500000,500000,7,1
2017-11-26,10000036,18639,189889.77,189889.77,189889.77,2,2
2017-11-26,10000036,19660,225000,225000,225000,2,1
2017-11-26,10000036,19806,1459963.26,1450000,1479889.77,3,3
2017-11-26,10000036,19921,90000,90000,90000,1,1
2017-11-26,10000036,20209,3888974,3888974,3888974,1,1
2017-11-26,10000036,20211,4999597.99,4999597.99,4999597.99,1,1
2017-11-26,10000036,20308,128.74,128.74,128.74,3000,1
2017-11-26,10000036,20314,828883,828883,828883,1,1
2017-11-26,10000036,20315,3189995,3189995,3189995,1,1
2017-11-26,10000036,20327,15000000,15000000,15000000,1,1
2017-11-26,10000036,20342,50000000,50000000,50000000,2,2
2017-11-26,10000036,20347,677900,677900,677900,1,1
2017-11-26,10000036,20353,4398989.43,4398989.43,4398989.43,1,1
2017-11-26,10000036,20525,100000000,100000000,100000000,2,2
2017-11-26,10000036,20627,20000000,20000000,20000000,1,1
2017-11-26,10000036,21059,120000,120000,120000,1,1
2017-11-26,10000036,21071,6288995,6288995,6288995,1,1
2017-11-26,10000036,21096,3116249.49,2900000,3666000,4,3
2017-11-26,10000036,21603,10000000,10000000,10000000,2,2
2017-11-26,10000036,21610,20000000,20000000,20000000,1,1
2017-11-26,10000036,21611,30000000,30000000,30000000,1,1
2017-11-26,10000036,21790,100000,100000,100000,1,1
2017-11-26,10000036,21803,17500000,17500000,17500000,1,1
2017-11-26,10000036,21815,7000000,7000000,7000000,20,1
2017-11-26,10000036,21896,1486.6,1486.6,1486.6,1000,1
2017-11-26,10000036,21898,899.95,899.95,899.95,3400,3
2017-11-26,10000036,21906,898.99,898.99,898.99,1000,1
2017-11-26,10000036,21918,1699.98,1699.98,1699.98,2,1
2017-11-26,10000036,21924,898.99,898.99,898.99,14055,11
2017-11-26,10000036,21928,1249.97,1249.97,1249.97,6000,2
2017-11-26,10000036,22175,174500,150000,199000,2,2
2017-11-26,10000036,22177,232500,200000,265000,2,2
2017-11-26,10000036,22242,75000000,75000000,75000000,2,2
2017-11-26,10000036,22291,1429997,1429997,1429997,5,3
2017-11-26,10000036,22456,84899999.96,84899999.96,84899999.96,1,1
2017-11-26,10000036,22536,624999.99,499999.98,750000,2,2
2017-11-26,10000036,22541,9000000,9000000,9000000,4,4
2017-11-26,10000036,22542,30250,28000,46000,8,5
2017-11-26,10000036,22551,28000000,28000000,28000000,2,2
2017-11-26,10000036,22552,5000000,5000000,5000000,2,2
2017-11-26,10000036,22576,49124,49124,49124,3,2
2017-11-26,10000036,22578,70000,45000,80000,7,6
2017-11-26,10000036,22778,216997.97,216997.97,216997.97,30,1
2017-11-26,10000036,22782,1798744.99,1798744.99,1798744.99,1,1
2017-11-26,10000036,22961,989.68,989.68,989.68,2000,1
2017-11-26,10000036,22977,1148.98,1148.98,1148.98,20000,1
2017-11-26,10000036,23009,878.99,878.99,878.99,2840,4
2017-11-26,10000036,23071,373999.99,348000,399999.98,4,2
2017-11-26,10000036,23085,450000,450000,450000,3,1
2017-11-26,10000036,23089,789880,789880,789880,8,2
2017-11-26,10000036,23561,125000,125000,125000,2,1
2017-11-26,10000036,23563,228239.42,120000,249887.3,60,2
2017-11-26,10000036,23566,400000,400000,400000,1,1
2017-11-26,10000036,23606,150000,150000,150000,1,1
2017-11-26,10000036,23707,12950,12950,12950,11,2
2017-11-26,10000036,23709,98000,98000,98000,6,1
2017-11-26,10000036,23717,199887.72,199887.72,199887.72,5,1
2017-11-26,10000036,24241,50000,50000,50000,1,1
2017-11-26,10000036,24242,1000000,1000000,1000000,3,3
2017-11-26,10000036,24268,7500000,7500000,7500000,1,1
2017-11-26,10000036,24348,1384866.68,1384866.68,1384866.68,5,1
2017-11-26,10000036,24417,1789999.31,1789999.31,1789999.31,4,4
2017-11-26,10000036,24427,2249887.08,2249887.08,2249887.08,1,1
2017-11-26,10000036,24443,2139889,2139889,2139889,1,1
2017-11-26,10000036,24490,449.97,449.97,449.97,10500,3
2017-11-26,10000036,24495,249.97,249.97,249.97,2600,2
2017-11-26,10000036,24507,899.96,899.96,899.96,21000,4
2017-11-26,10000036,24509,898.71,898.71,898.71,22500,2
2017-11-26,10000036,24511,899.93,899.93,899.93,500,1
2017-11-26,10000036,24513,704,704,704,2000,1
2017-11-26,10000036,24568,10000000,10000000,10000000,2,2
2017-11-26,10000036,24571,10000000,10000000,10000000,2,2
2017-11-26,10000036,24613,15000000,15000000,15000000,1,1
2017-11-26,10000036,24625,20000000,20000000,20000000,1,1
2017-11-26,10000036,24698,43497541.62,42246312.43,46000000,3,3
2017-11-26,10000036,25235,150000,150000,150000,1,1
2017-11-26,10000036,25588,1459.11,1459.11,1459.11,3,2
2017-11-26,10000036,25589,1000,1000,1000,1,1
2017-11-26,10000036,25590,35004.99,35004.93,35005.02,38,11
2017-11-26,10000036,25591,63045.98,63045.98,63045.98,3,2
2017-11-26,10000036,25592,1785.06,1785.06,1785.06,4,3
2017-11-26,10000036,25593,3307.07,3307.07,3307.07,1,1
2017-11-26,10000036,25594,4020.83,4019.02,4021.01,34,11
2017-11-26,10000036,25595,22000,22000,22000,3,1
2017-11-26,10000036,25596,16000.01,16000,16000.01,19,5
2017-11-26,10000036,25597,3606.31,3606.31,3606.31,4,3
2017-11-26,10000036,25598,9000.01,9000.01,9000.01,121,10
2017-11-26,10000036,25599,1013.95,1013.77,1014.2,74,10
2017-11-26,10000036,25600,24800.84,24800.28,24802,58,8
2017-11-26,10000036,25601,4500.01,4500.01,4500.01,164,12
2017-11-26,10000036,25603,6019.03,6019.02,6019.03,6,3
2017-11-26,10000036,25604,9000.01,3000.03,15000,6,4
2017-11-26,10000036,25605,15008.13,15004.04,15008.28,81,10
2017-11-26,10000036,25613,1000000,1000000,1000000,12,1
2017-11-26,10000036,25715,1799999.83,1650000,1899999.71,5,2
2017-11-26,10000036,25718,13999296.5,13998596.99,13999996,2,2
2017-11-26,10000036,25719,6888958.33,6888951,6888962,3,3
2017-11-26,10000036,25739,450000,450000,450000,2,2
2017-11-26,10000036,25810,450000,450000,450000,3,3
2017-11-26,10000036,25811,450000,450000,450000,2,2
2017-11-26,10000036,25861,93566.89,83901.52,99999.96,12,7
2017-11-26,10000036,25863,1000000,1000000,1000000,1,1
2017-11-26,10000036,25918,30000000,30000000,30000000,1,1
2017-11-26,10000036,26078,900000,900000,900000,1,1
2017-11-26,10000036,26252,60000,60000,60000,1,1
2017-11-26,10000036,26254,20000,20000,20000,1,1
2017-11-26,10000036,26255,100000,100000,100000,1,1
2017-11-26,10000036,26256,100000,100000,100000,3,3
2017-11-26,10000036,26257,100000,100000,100000,3,3
2017-11-26,10000036,26258,89000,89000,89000,2,2
2017-11-26,10000036,26259,100000,100000,100000,1,1
2017-11-26,10000036,26260,100000,100000,100000,3,3
2017-11-26,10000036,26261,100000,100000,100000,2,2
2017-11-26,10000036,26912,2698988.99,2698988.99,2698988.99,3,1
2017-11-26,10000036,26914,3100000,3100000,3100000,1,1
2017-11-26,10000036,26929,162424.74,89900,379998.94,4,3
2017-11-26,10000036,27072,999999.99,999999.99,999999.99,1,1
2017-11-26,10000036,27361,1498,1498,1498,3292,4
2017-11-26,10000036,27371,1288.49,1288.49,1288.49,1380,2
2017-11-26,10000036,27381,1228.14,1228.14,1228.14,2280,3
2017-11-26,10000036,27387,1219.65,1219.65,1219.65,1280,1
2017-11-26,10000036,27435,2079.32,1559.64,2598.99,4000,3
2017-11-26,10000036,27441,1723.61,1723.61,1723.61,108,1
2017-11-26,10000036,27447,2499.98,2499.98,2499.98,10000,2
2017-11-26,10000036,27902,100000,100000,100000,2,2
2017-11-26,10000036,27906,25000000,25000000,25000000,1,1
2017-11-26,10000036,27911,12000000,12000000,12000000,1,1
2017-11-26,10000036,28578,1020920.26,104601.31,1250000,5,3
2017-11-26,10000036,28606,600000000,600000000,600000000,1,1
2017-11-26,10000036,28609,32000000,32000000,32000000,1,1
2017-11-26,10000036,28615,4000000,4000000,4000000,1,1
2017-11-26,10000036,28668,29999.99,29999.99,29999.99,2012,19
2017-11-26,10000036,28879,1000000,1000000,1000000,1,1
2017-11-26,10000036,28880,5000000,5000000,5000000,1,1
2017-11-26,10000036,29001,39999.64,39999.64,39999.64,3,1
2017-11-26,10000036,29007,20000,20000,20000,1,1
2017-11-26,10000036,29009,20569.61,15000,24282.68,5,3
2017-11-26,10000036,29011,25484.97,18899.99,29999.97,13,7
2017-11-26,10000036,29248,598000,598000,598000,1,1
2017-11-26,10000036,29637,50000000,50000000,50000000,2,2
2017-11-26,10000036,30013,10442.87,9999.99,11000.43,61,6
2017-11-26,10000036,30486,602618.75,500000,689450,48,7
2017-11-26,10000036,30488,527990,527990,527990,50,5
2017-11-26,10000036,30532,5000000,5000000,5000000,1,1
2017-11-26,10000036,30537,5000000,5000000,5000000,1,1
2017-11-26,10000036,30538,5000000,5000000,5000000,1,1
2017-11-26,10000036,30539,5000000,5000000,5000000,1,1
2017-11-26,10000036,30540,5000000,5000000,5000000,1,1
2017-11-26,10000036,30544,5000000,5000000,5000000,1,1
2017-11-26,10000036,30546,5000000,5000000,5000000,1,1
2017-11-26,10000036,30548,5000000,5000000,5000000,1,1
2017-11-26,10000036,30549,5000000,5000000,5000000,1,1
2017-11-26,10000036,30550,5000000,5000000,5000000,1,1
2017-11-26,10000036,30552,5000000,5000000,5000000,1,1
2017-11-26,10000036,30553,5000000,5000000,5000000,1,1
2017-11-26,10000036,30650,1500000,1500000,1500000,2,2
2017-11-26,10000036,30651,1500000,1500000,1500000,1,1
2017-11-26,10000036,30652,1500000,1500000,1500000,2,2
2017-11-26,10000036,30653,1500000,1500000,1500000,1,1
2017-11-26,10000036,30744,200000,200000,200000,3292,12
2017-11-26,10000036,30745,500000,500000,500000,2879,11
2017-11-26,10000036,30746,1500000,1500000,1500000,1191,10
2017-11-26,10000036,30747,5000000,5000000,5000000,664,10
2017-11-26,10000036,30836,1798997.16,1798997.16,1798997.16,1,1
2017-11-26,10000036,30987,545504.27,545500,545514.95,7,3
2017-11-26,10000036,30997,410000,410000,410000,1,1
2017-11-26,10000036,30999,2199999.96,2199999.96,2199999.96,1,1
2017-11-26,10000036,31009,1049999.98,1049999.98,1049999.98,2,2
2017-11-26,10000036,31033,449999.99,449999.99,449999.99,1,1
2017-11-26,10000036,31055,2864998.98,2850000,2879997.95,4,2
2017-11-26,10000036,31083,1232115,1232115,1232115,6,1
2017-11-26,10000036,31119,1530000,1530000,1530000,3,1
2017-11-26,10000036,31153,417099.22,417099.22,417099.22,2,1
2017-11-26,10000036,31159,687892.26,687892.26,687892.26,10,4
2017-11-26,10000036,31165,5395000,5395000,5395000,2,2
2017-11-26,10000036,31177,593412.67,590000,594777.74,7,5
2017-11-26,10000036,31183,4100000,4100000,4100000,4,4
2017-11-26,10000036,31202,125000,125000,125000,1,1
2017-11-26,10000036,31214,125000,125000,125000,1,1
2017-11-26,10000036,31274,649998.97,649998.97,649998.97,1,1
2017-11-26,10000036,31322,477999,477999,477999,16,6
2017-11-26,10000036,31358,791568.44,650000,946993.03,7,6
2017-11-26,10000036,31360,3000000,3000000,3000000,1,1
2017-11-26,10000036,31370,593749.69,580000,600000,4,3
2017-11-26,10000036,31372,2242718.94,2150000,2382632.39,10,5
2017-11-26,10000036,31406,750000,750000,750000,1,1
2017-11-26,10000036,31442,389991.96,389991.96,389991.96,1,1
2017-11-26,10000036,31526,1299999.95,1299999.95,1299999.95,1,1
2017-11-26,10000036,31532,3499999.97,3499999.97,3499999.97,4,1
2017-11-26,10000036,31598,719449.86,719449.86,719449.86,2,1
2017-11-26,10000036,31620,899396.36,899396.36,899396.36,3,2
2017-11-26,10000036,31680,317991.08,317991.08,317991.08,1,1
2017-11-26,10000036,31716,122473.88,114950,124981.77,4,3
2017-11-26,10000036,31718,947996.99,945000,948995.99,8,4
2017-11-26,10000036,31722,4199999.93,4199999.93,4199999.93,2,2
2017-11-26,10000036,31752,161199.33,119984.98,174937.45,4,4
2017-11-26,10000036,31754,649887.3,649887.3,649887.3,1,1
2017-11-26,10000036,31788,481676.4,450000,490000,9,4
2017-11-26,10000036,31790,2669586.91,2645286.58,2693887.23,2,2
2017-11-26,10000036,31791,750000,750000,750000,1,1
2017-11-26,10000036,31864,2600000,2600000,2600000,4,1
2017-11-26,10000036,31882,2981913.49,2981913.49,2981913.49,1,1
2017-11-26,10000036,31928,19977998.43,19977998.43,19977998.43,1,1
2017-11-26,10000036,31990,115000,115000,115000,40,1
2017-11-26,10000036,32006,231046.42,198875.78,399999.99,19,3
2017-11-26,10000036,32339,100000000,100000000,100000000,1,1
2017-11-26,10000036,32435,28999960,28999960,28999960,1,1
2017-11-26,10000036,32772,1000000,1000000,1000000,1,1
2017-11-26,10000036,32782,23,23,23,550,2
2017-11-26,10000036,32787,44500,44500,44500,1,1
2017-11-26,10000036,32797,500000,500000,500000,1,1
2017-11-26,10000036,32876,1389750,1389750,1389750,2,1
2017-11-26,10000036,32880,317999.39,99999.99,349998.99,5,5
2017-11-26,10000036,32918,40000,40000,40000,1,1
2017-11-26,10000036,32999,200000,200000,200000,1,1
2017-11-26,10000036,33000,200000,200000,200000,1,1
2017-11-26,10000036,33001,200000,200000,200000,1,1
2017-11-26,10000036,33002,200000,200000,200000,1,1
2017-11-26,10000036,33003,450000,450000,450000,1,1
2017-11-26,10000036,33076,1724996.88,1724996.87,1724996.88,5,5
2017-11-26,10000036,33091,100000,100000,100000,1,1
2017-11-26,10000036,33092,100000,100000,100000,2,2
2017-11-26,10000036,33093,100000,100000,100000,2,2
2017-11-26,10000036,33094,100000,100000,100000,1,1
2017-11-26,10000036,33095,1000000,1000000,1000000,2,1
2017-11-26,10000036,33096,1000000,1000000,1000000,1,1
2017-11-26,10000036,33101,1625000,1450000,1800000,2,2
2017-11-26,10000036,33180,494500,494500,494500,1,1
2017-11-26,10000036,33330,24799.96,24799.96,24799.96,27,2
2017-11-26,10000036,33399,5000000,5000000,5000000,11,2
2017-11-26,10000036,33407,36000000,36000000,36000000,1,1
2017-11-26,10000036,33474,2499999.62,1699998.85,2900000,3,3
2017-11-26,10000036,33475,10000000,10000000,10000000,3,1
2017-11-26,10000036,33699,100000,100000,100000,1,1
2017-11-26,10000036,33706,50000,50000,50000,6,1
2017-11-26,10000036,33816,65000000,65000000,65000000,1,1
2017-11-26,10000036,33824,1599000,1599000,1599000,1,1
2017-11-26,10000036,33856,4000000,4000000,4000000,2,2
2017-11-26,10000036,33890,722993.98,722993.98,722993.98,2,1
2017-11-26,10000036,33892,3898711.79,3898711.79,3898711.79,3,1
2017-11-26,10000036,34206,250001.15,250001.15,250001.15,1,1
2017-11-26,10000036,34390,1000000,1000000,1000000,2,2
2017-11-26,10000036,34533,1000000,1000000,1000000,1,1
2017-11-26,10000036,35656,114916.24,100000,129832.47,2,2
2017-11-26,10000036,35657,150000,150000,150000,1,1
2017-11-26,10000036,35658,199999.99,199999.99,199999.99,4,4
2017-11-26,10000036,35659,882689.05,879033.57,890000,3,3
2017-11-26,10000036,35660,74464,74464,74464,1,1
2017-11-26,10000036,35662,664285.71,650000,675000,7,2
2017-11-26,10000036,35680,1000000,1000000,1000000,1,1
2017-11-26,10000036,35683,62999999,62999999,62999999,1,1
2017-11-26,10000036,35685,1000000,1000000,1000000,1,1
2017-11-26,10000036,35771,1549889.92,1549889.92,1549889.92,2,2
2017-11-26,10000036,35774,1249999.96,1249999.96,1249999.96,1,1
2017-11-26,10000036,35790,2249881.43,2249881.43,2249881.43,4,2
2017-11-26,10000036,35794,198566.61,198566.61,198566.61,4,1
2017-11-26,10000036,35795,199997.94,199997.94,199997.94,7,3
2017-11-26,10000036,40519,302007000,302007000,302007000,10,2
2017-11-26,10000036,40520,819133333.33,817800000,819800000,6,6
2017-11-26,10000036,40572,100000000,100000000,100000000,1,1
2017-11-26,10000036,40573,100000000,100000000,100000000,1,1
2017-11-26,10000036,41034,75000,75000,75000,2,1
2017-11-26,10000036,41155,49999.95,49999.95,49999.95,3,3
2017-11-26,10000036,42528,360000,360000,360000,3,3
2017-11-26,10000036,42830,800,800,800,14800,4
2017-11-26,10000036,42831,899,899,899,298,1
2017-11-26,10000036,43551,4998765.9,4998765.9,4998765.9,3,1
2017-11-26,10000036,43694,68000000,68000000,68000000,6,1
2017-11-26,10000036,43702,80000,80000,80000,1,1
2017-11-26,10000036,43703,18000000,18000000,18000000,2,2
2017-11-26,10000036,44102,4998998.94,4998998.94,4998998.94,2,2
2017-11-26,10000036,44110,1000,1000,1000,100,1
2017-11-26,10000036,44992,3010003.62,3010003.62,3010003.62,1328,9
2017-11-26,10000036,45635,172685714.28,172599999.99,172699999.99,7,6
2017-11-26,10000036,45746,1000000,1000000,1000000,2,2
2017-11-26,10000036,45749,25000000,25000000,25000000,1,1
2017-11-26,10000036,45750,15000000,15000000,15000000,1,1
2017-11-26,10000036,45904,20000000,20000000,20000000,1,1
2017-11-26,10000036,46002,252765,252765,252765,1,1
2017-11-26,10000036,46004,67685,67685,67685,1,1
2017-11-26,10000036,46005,232768,232768,232768,1,1
2017-11-26,10000036,46008,12695999.6,10000000,14490000,5,5
2017-11-26,10000036,46153,15000000,15000000,15000000,1,1
2017-11-26,10000036,46154,20000000,20000000,20000000,1,1
2017-11-26,10000036,46155,25000000,25000000,25000000,1,1
2017-11-26,10000036,46156,30000000,30000000,30000000,1,1
2017-11-26,10000036,46157,15000000,15000000,15000000,1,1
2017-11-26,10000036,46158,15000000,15000000,15000000,1,1
2017-11-26,10000036,46159,15000000,15000000,15000000,1,1
2017-11-26,10000036,46160,15000000,15000000,15000000,1,1
2017-11-26,10000036,46161,15000000,15000000,15000000,1,1
2017-11-26,10000036,46162,15000000,15000000,15000000,1,1
2017-11-26,10000036,46163,15000000,15000000,15000000,1,1
2017-11-26,10000036,46164,15000000,15000000,15000000,1,1
2017-11-26,10000036,46165,15000000,15000000,15000000,1,1
2017-11-26,10000036,46503,100000000,100000000,100000000,1,1
2017-11-26,10000037,18,32.01,28,56.19,5369631,60
2017-11-26,10000037,20,282.99,190.02,302.99,165071,21
2017-11-26,10000037,21,480,480,480,651,1
2017-11-26,10000037,34,4.97,4.96,5.06,242743263,109
2017-11-26,10000037,35,4.4,4.4,4.4,52412863,61
2017-11-26,10000037,36,59,59,59,7953557,50
2017-11-26,10000037,37,40,40,40,239693,38
2017-11-26,10000037,38,410.05,410.05,410.05,82600,28
2017-11-26,10000037,39,1159.1,1159.1,1159.1,285650,31
2017-11-26,10000037,40,1280,1280,1280,61468,19
2017-11-26,10000037,42,1708.58,1708.58,1708.58,10,1
2017-11-26,10000037,43,320.5,317.77,323.55,27956,4
2017-11-26,10000037,44,12500,12500,12500,500,1
2017-11-26,10000037,179,6.89,6.89,6.89,5000,1
2017-11-26,10000037,183,22,22,22,794,3
2017-11-26,10000037,185,21.04,21.04,21.04,100,1
2017-11-26,10000037,187,18,18,18,4000,1
2017-11-26,10000037,192,55.9,55.9,55.9,18000,2
2017-11-26,10000037,193,88,88,88,1000,1
2017-11-26,10000037,195,49.22,49.22,49.22,345,1
2017-11-26,10000037,203,190,190,190,25000,2
2017-11-26,10000037,206,30,30,30,10900,4
2017-11-26,10000037,207,16.07,16.07,16.07,300,3
2017-11-26,10000037,208,2.53,2.53,2.53,555,2
2017-11-26,10000037,209,48,48,48,3500,4
2017-11-26,10000037,210,11.28,11.28,12.99,6200,9
2017-11-26,10000037,211,10,10,10,6503,4
2017-11-26,10000037,212,21.12,21.12,21.12,7956,4
2017-11-26,10000037,213,16.78,0.16,16.78,5549,5
2017-11-26,10000037,215,8,8,8,37210,17
2017-11-26,10000037,216,12.21,12.21,12.21,19880,11
2017-11-26,10000037,217,0.15,0.13,1,21195,11
2017-11-26,10000037,218,1.5,1.5,1.5,7900,9
2017-11-26,10000037,219,2.5,0.13,11,15400,10
2017-11-26,10000037,220,8.5,8.5,8.5,53998,14
2017-11-26,10000037,221,0.15,0.15,0.15,10900,8
2017-11-26,10000037,222,19.96,19.96,20.5,158092,41
2017-11-26,10000037,223,19,19,19,30900,2
2017-11-26,10000037,224,39.93,39.93,39.93,5400,2
2017-11-26,10000037,225,36,36,36,30979,8
2017-11-26,10000037,226,39.99,39.99,39.99,19300,6
2017-11-26,10000037,227,58.5,58.5,58.5,22399,7
2017-11-26,10000037,228,49.88,46.49,51.01,16034,8
2017-11-26,10000037,229,1.01,1.01,1.01,1400,3
2017-11-26,10000037,230,52,52,52,353819,25
2017-11-26,10000037,231,39.99,39.99,39.99,2800,2
2017-11-26,10000037,232,38.33,38.33,38.33,2000,1
2017-11-26,10000037,234,65.94,65.94,65.94,5000,1
2017-11-26,10000037,235,3.53,3.53,3.53,100,1
2017-11-26,10000037,236,4.1,4.1,4.1,300,1
2017-11-26,10000037,239,7471.81,4415.43,9000,3,2
2017-11-26,10000037,241,2421,2421,2421,1,1
2017-11-26,10000037,242,3409.51,3409.51,3409.51,1,1
2017-11-26,10000037,253,25000.01,25000.01,25000.01,1,1
2017-11-26,10000037,264,4995,4995,4995,78,1
2017-11-26,10000037,266,0.16,0.15,1.3,326,4
2017-11-26,10000037,269,0.16,0.16,0.16,500,2
2017-11-26,10000037,377,69000,69000,69000,2,1
2017-11-26,10000037,380,566241.59,566241.59,566241.59,4,3
2017-11-26,10000037,399,43999.98,22999.95,65000,2,2
2017-11-26,10000037,400,332396.4,332396.4,332396.4,1,1
2017-11-26,10000037,434,86649.98,85000,87999.98,7,7
2017-11-26,10000037,438,4073998.57,4073998.57,4073998.57,3,3
2017-11-26,10000037,439,81624.96,29999.92,156000,8,8
2017-11-26,10000037,442,17500,17500,17500,1,1
2017-11-26,10000037,444,19781.13,17171.7,25000,3,3
2017-11-26,10000037,448,1212999.39,761000,1664998.78,4,4
2017-11-26,10000037,453,31332.99,31332.99,31332.99,4,1
2017-11-26,10000037,454,150000,150000,150000,2,1
2017-11-26,10000037,482,1129481.09,50000,1182299.85,30,18
2017-11-26,10000037,483,29037.78,26500,29900,55,8
2017-11-26,10000037,491,365000,365000,365000,4,1
2017-11-26,10000037,499,26060.95,24800,30474.26,9,2
2017-11-26,10000037,523,36247.48,19999.95,85000,8,7
2017-11-26,10000037,524,75000,75000,75000,2,2
2017-11-26,10000037,526,171997,171997,171997,1,1
2017-11-26,10000037,561,37745,37745,37745,5,1
2017-11-26,10000037,563,28000,500,50000,9,2
2017-11-26,10000037,564,63000,63000,63000,6,3
2017-11-26,10000037,565,139248,97343,249999,5,3
2017-11-26,10000037,569,225499.99,225499.99,225499.99,9,2
2017-11-26,10000037,570,347000,320000,365000,5,3
2017-11-26,10000037,578,103660.42,85000,138975,12,10
2017-11-26,10000037,584,424000,424000,424000,4,1
2017-11-26,10000037,585,304136.1,304136.1,304136.1,3,1
2017-11-26,10000037,587,320000,320000,320000,1,1
2017-11-26,10000037,592,245000,245000,245000,1,1
2017-11-26,10000037,593,388958.6,371917,406000.2,2,2
2017-11-26,10000037,594,324146.83,297440.48,337500,3,3
2017-11-26,10000037,597,300000,300000,300000,1,1
2017-11-26,10000037,602,310000,310000,310000,1,1
2017-11-26,10000037,603,25000,25000,25000,1,1
2017-11-26,10000037,605,265892.73,43432.73,377122.73,3,3
2017-11-26,10000037,606,1635.87,18.22,2000,19,6
2017-11-26,10000037,607,404111.1,180000,438999.99,9,9
2017-11-26,10000037,608,306500.01,260000,353000.01,2,2
2017-11-26,10000037,609,350000,350000,350000,4,1
2017-11-26,10000037,621,1888.88,1888.88,1888.88,1,1
2017-11-26,10000037,622,9900000,9900000,9900000,1,1
2017-11-26,10000037,623,10450000,10450000,10450000,1,1
2017-11-26,10000037,626,9750000,9700000,9800000,5,5
2017-11-26,10000037,627,10500000,10500000,10500000,3,3
2017-11-26,10000037,632,8450000,8450000,8450000,1,1
2017-11-26,10000037,633,8850999.99,8850999.99,8850999.99,1,1
2017-11-26,10000037,634,9200000,9200000,9200000,1,1
2017-11-26,10000037,638,167673874.72,167673874.72,167673874.72,1,1
2017-11-26,10000037,643,195065754.78,195065754.78,195065754.78,1,1
2017-11-26,10000037,649,1461208.33,1344833.33,1500000,4,4
2017-11-26,10000037,650,732314.5,730000,734629,2,2
2017-11-26,10000037,652,1350000,1350000,1350000,1,1
2017-11-26,10000037,655,295000,295000,295000,1,1
2017-11-26,10000037,656,1223008.43,1175000,1309025.29,6,6
2017-11-26,10000037,657,1621750,1400000,1812000,8,8
2017-11-26,10000037,672,14218.82,13999.99,14656.48,3,3
2017-11-26,10000037,819,20000,20000,20000,3,1
2017-11-26,10000037,1099,200000,200000,200000,2,2
2017-11-26,10000037,1137,100000,100000,100000,1,1
2017-11-26,10000037,1138,80000,80000,80000,1,1
2017-11-26,10000037,1182,56066.45,45000,57647.37,8,3
2017-11-26,10000037,1183,610000,610000,610000,1,1
2017-11-26,10000037,1185,34021.43,34021.43,34021.43,1,1
2017-11-26,10000037,1195,101300,67999.99,120000,10,8
2017-11-26,10000037,1201,48642.86,48642.86,48642.86,1,1
2017-11-26,10000037,1226,0.1,0.1,0.1,41417,5
2017-11-26,10000037,1227,60.01,60.01,60.01,405929,24
2017-11-26,10000037,1228,21.27,21.27,21.27,3525071,38
2017-11-26,10000037,1230,12.06,10.56,12.07,5327723,42
2017-11-26,10000037,1231,0.1,0.1,0.1,3484,3
2017-11-26,10000037,1244,23750,23750,23750.01,5,3
2017-11-26,10000037,1248,1378665.44,1067998.66,1999999,3,3
2017-11-26,10000037,1254,25000.01,25000.01,25000.01,1,1
2017-11-26,10000037,1256,577499.96,577499.96,577499.96,2,1
2017-11-26,10000037,1304,20000,20000,20000,3,2
2017-11-26,10000037,1306,519000,519000,519000,2,1
2017-11-26,10000037,1317,2400.01,2400.01,2400.01,353,8
2017-11-26,10000037,1319,731343.61,699989.99,974000,42,17
2017-11-26,10000037,1335,349515.52,349515.52,349515.52,7,2
2017-11-26,10000037,1353,42972.5,40471.99,45473,2,2
2017-11-26,10000037,1403,25500,25500,25500,10,3
2017-11-26,10000037,1405,804332.75,795999,816000,12,5
2017-11-26,10000037,1447,777598.79,777598.79,777598.79,2,2
2017-11-26,10000037,1541,1100000,1100000,1100000,1,1
2017-11-26,10000037,1808,58000,58000,58000,2,2
2017-11-26,10000037,1810,0.15,0.15,0.15,500,2
2017-11-26,10000037,1811,150000,150000,150000,1,1
2017-11-26,10000037,1814,20,20,20,1600,6
2017-11-26,10000037,1816,0.15,0.15,0.15,100,1
2017-11-26,10000037,1822,1.66,1.66,1.66,200,2
2017-11-26,10000037,1830,4.06,4.06,4.06,100,1
2017-11-26,10000037,1952,1388099.97,1162199.98,1613999.95,2,2
2017-11-26,10000037,1977,44749.01,44749.01,44749.01,2,2
2017-11-26,10000037,1978,1798000,1798000,1798000,1,1
2017-11-26,10000037,2020,280000,280000,280000,1,1
2017-11-26,10000037,2032,651547.94,623986.7,813500,13,10
2017-11-26,10000037,2046,18569.23,18400,22800,13,13
2017-11-26,10000037,2048,32673582.16,999999,598998074.16,19,10
2017-11-26,10000037,2108,89499.99,89499.99,89499.99,4,1
2017-11-26,10000037,2161,300000,300000,300000,1,1
2017-11-26,10000037,2173,33150.16,1000,34777.95,20,4
2017-11-26,10000037,2175,1250000,1250000,1250000.01,6,2
2017-11-26,10000037,2183,40000,40000,42999.99,122,22
2017-11-26,10000037,2185,1203502.54,1185589.12,1249999,22,4
2017-11-26,10000037,2193,3500,3500,3500,1,1
2017-11-26,10000037,2203,2166.18,1000,2300,68,4
2017-11-26,10000037,2204,200000,200000,200000,1,1
2017-11-26,10000037,2205,456648.33,450767,464000,9,2
2017-11-26,10000037,2281,3738665.49,2100002,3778776.99,14,9
2017-11-26,10000037,2291,75000,75000,75000,1,1
2017-11-26,10000037,2299,2387999.12,2387999.12,2387999.12,1,1
2017-11-26,10000037,2301,2645193.94,2482798.34,2969985.15,3,3
2017-11-26,10000037,2303,2400000,2400000,2400000,2,2
2017-11-26,10000037,2306,5.85,5.85,5.85,74198,2
2017-11-26,10000037,2307,7.27,7.27,7.27,1000000,1
2017-11-26,10000037,2319,5601.25,5601.25,5601.25,180,1
2017-11-26,10000037,2333,1300000.69,1300000.69,1300000.69,1,1
2017-11-26,10000037,2363,82500,82500,82500,1,1
2017-11-26,10000037,2364,1319955.3,1319955.3,1319955.3,1,1
2017-11-26,10000037,2393,251.22,251.22,251.22,25320,2
2017-11-26,10000037,2396,203,203,203,4770,1
2017-11-26,10000037,2399,768.78,768.78,768.78,40000,4
2017-11-26,10000037,2400,491.09,491.09,491.09,12000,1
2017-11-26,10000037,2401,500,500,500,80,1
2017-11-26,10000037,2406,1000000,1000000,1000000,3,3
2017-11-26,10000037,2410,1463986.51,1463986.51,1463986.51,4,1
2017-11-26,10000037,2444,51928.57,51000,58000,21,4
2017-11-26,10000037,2446,1950000,1950000,1950000,5,1
2017-11-26,10000037,2454,3000,2500,4400,232,54
2017-11-26,10000037,2455,250000,250000,250000,1,1
2017-11-26,10000037,2456,447637.3,433999.9,453999.99,40,11
2017-11-26,10000037,2464,2358.57,1800,5000.01,35,16
2017-11-26,10000037,2465,300000,300000,300000,1,1
2017-11-26,10000037,2466,556499.58,454000,699999,12,3
2017-11-26,10000037,2476,6000,6000,6000,1,1
2017-11-26,10000037,2486,5558.82,4900,7000.01,36,11
2017-11-26,10000037,2488,453999.97,453999.88,454000,20,4
2017-11-26,10000037,2495,500000,500000,500000,3,3
2017-11-26,10000037,2505,500000,500000,500000,3,3
2017-11-26,10000037,2512,0.15,0.15,0.15,1300,3
2017-11-26,10000037,2514,0.15,0.15,0.15,800,3
2017-11-26,10000037,2516,0.16,0.16,0.16,800,2
2017-11-26,10000037,2524,104000,81000,150000,3,3
2017-11-26,10000037,2531,575030.58,575030.58,575030.58,5,1
2017-11-26,10000037,2533,70000,70000,70000,3,1
2017-11-26,10000037,2534,106250,70000,215000,4,2
2017-11-26,10000037,2537,60000,60000,60000,1,1
2017-11-26,10000037,2539,1349446.77,1095596.04,2111000,4,3
2017-11-26,10000037,2545,569995,569995,569995,1,1
2017-11-26,10000037,2547,858009.77,858009.77,858009.77,4,1
2017-11-26,10000037,2549,101200,70000,215000,5,3
2017-11-26,10000037,2550,215000,215000,215000,1,1
2017-11-26,10000037,2551,65500,50000,81000,2,2
2017-11-26,10000037,2553,1324204.24,1127505.3,2111000,5,2
2017-11-26,10000037,2603,5999.99,5999.99,5999.99,4,3
2017-11-26,10000037,2679,149.75,149.75,149.75,2000,1
2017-11-26,10000037,2871,1250000,1250000,1250000,30,1
2017-11-26,10000037,2913,2099999.99,2099999.99,2099999.99,2,2
2017-11-26,10000037,2998,65000000,65000000,65000000,2,2
2017-11-26,10000037,3074,879784.08,879764.45,880000,12,2
2017-11-26,10000037,3178,750000,750000,750000,23,2
2017-11-26,10000037,3184,1600000,1600000,1600000,4,3
2017-11-26,10000037,3244,1691878.68,1691878.68,1691878.68,2,2
2017-11-26,10000037,3293,49000,49000,49000,1,1
2017-11-26,10000037,3297,4000,4000,4000,4,3
2017-11-26,10000037,3302,20000,20000,20000,2,2
2017-11-26,10000037,3303,20000,20000,20000,2,2
2017-11-26,10000037,3304,100000,100000,100000,9,8
2017-11-26,10000037,3306,100000,100000,100000,2,2
2017-11-26,10000037,3307,2000000,2000000,2000000,2,2
2017-11-26,10000037,3308,2000000,2000000,2000000,1,1
2017-11-26,10000037,3309,2000000,2000000,2000000,2,2
2017-11-26,10000037,3311,79999.99,79999.99,79999.99,1,1
2017-11-26,10000037,3312,60000,60000,60000,1,1
2017-11-26,10000037,3315,1000000,1000000,1000000,2,2
2017-11-26,10000037,3316,70000,70000,70000,2,2
2017-11-26,10000037,3317,100000,100000,100000,1,1
2017-11-26,10000037,3320,10000,10000,10000,2,2
2017-11-26,10000037,3321,20000,20000,20000,4,4
2017-11-26,10000037,3322,25000,25000,25000,1,1
2017-11-26,10000037,3323,30000,30000,30000,1,1
2017-11-26,10000037,3324,100000,100000,100000,2,2
2017-11-26,10000037,3325,400000,400000,400000,2,2
2017-11-26,10000037,3326,350000,350000,350000,5,5
2017-11-26,10000037,3328,40000,40000,40000,2,2
2017-11-26,10000037,3329,40000,40000,40000,1,1
2017-11-26,10000037,3330,40000,40000,40000,5,5
2017-11-26,10000037,3331,40000,40000,40000,5,5
2017-11-26,10000037,3332,500000,500000,500000,9,9
2017-11-26,10000037,3334,500000,500000,500000,7,7
2017-11-26,10000037,3335,500000,500000,500000,5,5
2017-11-26,10000037,3336,4000000,4000000,4000000,3,3
2017-11-26,10000037,3338,4000000,4000000,4000000,7,7
2017-11-26,10000037,3340,300000,300000,300000,1,1
2017-11-26,10000037,3341,300000,300000,300000,1,1
2017-11-26,10000037,3342,300000,300000,300000,4,2
2017-11-26,10000037,3348,20000,20000,20000,7,6
2017-11-26,10000037,3355,20000,20000,20000,7,7
2017-11-26,10000037,3356,60000,60000,60000,6,6
2017-11-26,10000037,3357,180000,180000,180000,5,5
2017-11-26,10000037,3358,100000,100000,100000,1,1
2017-11-26,10000037,3359,200000,200000,200000,11,11
2017-11-26,10000037,3361,200000,200000,200000,2,2
2017-11-26,10000037,3368,40000,40000,40000,1,1
2017-11-26,10000037,3385,50000,50000,50000,2,2
2017-11-26,10000037,3387,150000,150000,150000,3,2
2017-11-26,10000037,3388,250000,250000,250000,3,3
2017-11-26,10000037,3389,280000,280000,280000,3,3
2017-11-26,10000037,3392,20000,20000,20000,1,1
2017-11-26,10000037,3393,30000,30000,30000,2,2
2017-11-26,10000037,3394,60000,60000,60000,2,2
2017-11-26,10000037,3396,2000000,2000000,2000000,1,1
2017-11-26,10000037,3397,1000000,1000000,1000000,1,1
2017-11-26,10000037,3400,100000000,100000000,100000000,1,1
2017-11-26,10000037,3403,300000,300000,300000,1,1
2017-11-26,10000037,3405,25000,25000,25000,4,4
2017-11-26,10000037,3406,300000,300000,300000,2,2
2017-11-26,10000037,3409,350000,350000,350000,2,2
2017-11-26,10000037,3410,450000,450000,450000,3,3
2017-11-26,10000037,3412,450000,450000,450000,1,1
2017-11-26,10000037,3416,35000,35000,35000,1,1
2017-11-26,10000037,3417,40000,40000,40000,1,1
2017-11-26,10000037,3418,170000,170000,170000,1,1
2017-11-26,10000037,3420,210000,210000,210000,3,3
2017-11-26,10000037,3421,130000,130000,130000,5,5
2017-11-26,10000037,3422,80000,80000,80000,3,3
2017-11-26,10000037,3423,75000,75000,75000,4,4
2017-11-26,10000037,3424,79000,79000,79000,1,1
2017-11-26,10000037,3425,84000,84000,84000,3,3
2017-11-26,10000037,3426,20000,20000,20000,1,1
2017-11-26,10000037,3427,120000,120000,120000,1,1
2017-11-26,10000037,3431,75000,75000,75000,2,2
2017-11-26,10000037,3432,100000,100000,100000,2,2
2017-11-26,10000037,3433,100000,100000,100000,3,3
2017-11-26,10000037,3434,80000,80000,80000,1,1
2017-11-26,10000037,3436,20000,20000,20000,1,1
2017-11-26,10000037,3437,40000,40000,40000,2,2
2017-11-26,10000037,3438,40000,40000,40000,6,2
2017-11-26,10000037,3439,200000,200000,200000,3,3
2017-11-26,10000037,3440,220000,220000,220000,1,1
2017-11-26,10000037,3441,380000,380000,380000,7,7
2017-11-26,10000037,3442,500000,500000,500000,6,6
2017-11-26,10000037,3443,20000,20000,20000,1,1
2017-11-26,10000037,3446,100000,100000,100000,5,5
2017-11-26,10000037,3451,30000,30000,30000,2,2
2017-11-26,10000037,3452,40000,40000,40000,3,3
2017-11-26,10000037,3454,340000,340000,340000,1,1
2017-11-26,10000037,3456,10000000,10000000,10000000,4,2
2017-11-26,10000037,3496,2606446.8,2606446.8,2606446.8,1,1
2017-11-26,10000037,3528,149124.99,149000,149999.95,8,3
2017-11-26,10000037,3530,1678796.4,1678796.4,1678796.4,2,1
2017-11-26,10000037,3551,36000,36000,36000,1,1
2017-11-26,10000037,3552,950,950,950,100,1
2017-11-26,10000037,3554,1750.01,1750.01,1750.01,12,1
2017-11-26,10000037,3581,39000000,39000000,39000000,4,1
2017-11-26,10000037,3598,966666.66,966666.66,966666.66,2,1
2017-11-26,10000037,3643,119.6,119.6,119.6,10,1
2017-11-26,10000037,3645,271.3,260,275.06,40,4
2017-11-26,10000037,3647,302.47,302.47,302.47,110170,3
2017-11-26,10000037,3653,170000,170000,170000,1,1
2017-11-26,10000037,3683,250,250,250,80605,3
2017-11-26,10000037,3687,780,780,780,54075,5
2017-11-26,10000037,3689,10000,10000,10000,665,2
2017-11-26,10000037,3691,6100.01,6100.01,6100.01,10,1
2017-11-26,10000037,3703,1,1,1,10,1
2017-11-26,10000037,3707,1,1,1,10,1
2017-11-26,10000037,3709,1,1,1,10,1
2017-11-26,10000037,3713,5773,2000.01,9580.79,160,3
2017-11-26,10000037,3779,600,600,600,5640,1
2017-11-26,10000037,3810,15000,15000,15000,7174,5
2017-11-26,10000037,3814,27.6,27.6,27.6,1,1
2017-11-26,10000037,3828,6100.01,6100.01,6100.01,4,1
2017-11-26,10000037,3829,54704.41,37497.5,123532.05,5,4
2017-11-26,10000037,3831,1313522.61,1280000,1531419.56,15,5
2017-11-26,10000037,3839,150949.95,150949.95,150949.95,1,1
2017-11-26,10000037,3841,1524000,1524000,1524000,2,1
2017-11-26,10000037,3887,45000,45000,45000,3,2
2017-11-26,10000037,3888,1094278.2,1000000,1103946.6,6,5
2017-11-26,10000037,3895,75000000,75000000,75000000,1,1
2017-11-26,10000037,4025,13963.64,5001,58776.82,6,6
2017-11-26,10000037,4027,1001,1001,1001,4,4
2017-11-26,10000037,4312,21500.02,21500.02,21500.02,35000,3
2017-11-26,10000037,4393,69000,63000,88000,11,7
2017-11-26,10000037,4395,541285.44,539999.68,549000,7,6
2017-11-26,10000037,4396,750000,750000,750000,2,2
2017-11-26,10000037,4398,1250000,1250000,1250000,1,1
2017-11-26,10000037,4405,2000000,2000000,2000000,3,2
2017-11-26,10000037,4435,101,101,101,1,1
2017-11-26,10000037,4477,5,5,5,1,1
2017-11-26,10000037,4529,88400,88400,88400,1,1
2017-11-26,10000037,4531,22399.75,50,44749.5,4,4
2017-11-26,10000037,4573,600000,600000,600000,1,1
2017-11-26,10000037,4611,350000,350000,350000,1,1
2017-11-26,10000037,4613,574999,574999,574999,1,1
2017-11-26,10000037,4787,561,561,561,6,5
2017-11-26,10000037,4831,5,5,5,3,2
2017-11-26,10000037,4833,348000.26,48000.52,648000,2,2
2017-11-26,10000037,5007,5,5,5,1,1
2017-11-26,10000037,5009,12503,5,49997,4,4
2017-11-26,10000037,5053,5001,5001,5001,1,1
2017-11-26,10000037,5089,50,50,50,2,2
2017-11-26,10000037,5093,50,50,50,1,1
2017-11-26,10000037,5137,1401,1401,1401,5,4
2017-11-26,10000037,5141,5,5,5,2,2
2017-11-26,10000037,5177,0.01,0.01,0.01,2,2
2017-11-26,10000037,5179,495,495,495,1,1
2017-11-26,10000037,5181,0.01,0.01,0.01,2,1
2017-11-26,10000037,5217,0.01,0.01,0.01,4,2
2017-11-26,10000037,5219,0.01,0.01,0.01,2,1
2017-11-26,10000037,5221,0.01,0.01,0.01,2,2
2017-11-26,10000037,5239,39899.06,17500,127499.5,18,7
2017-11-26,10000037,5245,80,80,80,3,1
2017-11-26,10000037,5299,24500,24000,25000,2,2
2017-11-26,10000037,5301,2486,2486,2486,1,1
2017-11-26,10000037,5302,5,5,5,3,3
2017-11-26,10000037,5319,5,5,5,2,2
2017-11-26,10000037,5320,2002.5,5,4000,4,4
2017-11-26,10000037,5321,507,507,507,4,4
2017-11-26,10000037,5322,5,5,5,2,2
2017-11-26,10000037,5363,4039.87,3200,5719.6,3,3
2017-11-26,10000037,5365,36000,36000,36000,1,1
2017-11-26,10000037,5403,5,5,5,2,2
2017-11-26,10000037,5439,13737.5,13737.5,13737.5,1,1
2017-11-26,10000037,5443,2000,2000,2000,1,1
2017-11-26,10000037,5493,152445,5889.99,299000,4,3
2017-11-26,10000037,5533,141333.33,120000,184000,6,2
2017-11-26,10000037,5683,5000.01,5000.01,5000.01,1,1
2017-11-26,10000037,5697,18000.01,18000.01,18000.01,1,1
2017-11-26,10000037,5721,1000999.51,2000.01,1999999,2,2
2017-11-26,10000037,5747,5,5,5,2,2
2017-11-26,10000037,5839,950000.01,100000.01,1800000,4,3
2017-11-26,10000037,5849,5.09,5.09,5.09,1,1
2017-11-26,10000037,5865,99999,99999,99999,2,1
2017-11-26,10000037,5867,86984,26888,98000,7,5
2017-11-26,10000037,5933,297500,297500,297500,1,1
2017-11-26,10000037,5945,204067.34,45001.03,522199.95,3,2
2017-11-26,10000037,5955,100000,100000,100000,1,1
2017-11-26,10000037,5971,11440,5,40027.5,7,7
2017-11-26,10000037,5973,97333.34,72000.01,300000,9,7
2017-11-26,10000037,5975,64750,54500,75000,2,2
2017-11-26,10000037,6001,11,11,11,5,4
2017-11-26,10000037,6003,12656.18,203,24000,11,11
2017-11-26,10000037,6005,89302.76,211.04,128000,4,3
2017-11-26,10000037,6073,5,5,5,2,2
2017-11-26,10000037,6131,12430.74,12190.83,12670.64,2,2
2017-11-26,10000037,6159,300,300,300,2,2
2017-11-26,10000037,6160,5,5,5,5,2
2017-11-26,10000037,6173,77249.06,499,153999.12,2,2
2017-11-26,10000037,6176,100000,100000,100000,1,1
2017-11-26,10000037,6296,7664.05,328.1,15000,2,2
2017-11-26,10000037,6325,690001.23,690001.23,690001.23,1,1
2017-11-26,10000037,6439,50797.93,47095.85,54500,2,2
2017-11-26,10000037,6485,501.01,501.01,501.01,2,2
2017-11-26,10000037,6569,5937.63,361.26,27911.15,5,4
2017-11-26,10000037,6631,165000.49,160000,170000.97,2,2
2017-11-26,10000037,6677,2500,2500,2500,1,1
2017-11-26,10000037,6925,1000.01,1000.01,1000.01,1,1
2017-11-26,10000037,6961,1000.01,1000.01,1000.01,1,1
2017-11-26,10000037,7001,1000,1000,1000,1,1
2017-11-26,10000037,7049,999997,999997,999997,6,1
2017-11-26,10000037,7087,1000.01,1000.01,1000.01,1,1
2017-11-26,10000037,7173,12001.05,12001.05,12001.05,1,1
2017-11-26,10000037,7247,600000,600000,600000,1,1
2017-11-26,10000037,7251,500,500,500,3,2
2017-11-26,10000037,7253,999,999,999,1,1
2017-11-26,10000037,7287,800000,800000,800000,2,1
2017-11-26,10000037,7289,156746.59,155440,168505.85,20,6
2017-11-26,10000037,7327,1790000,1790000,1790000,1,1
2017-11-26,10000037,7367,2900000,2900000,2900000,1,1
2017-11-26,10000037,7369,225000,200000,250000,2,2
2017-11-26,10000037,7371,30000.01,20000.01,40000,2,2
2017-11-26,10000037,7373,6555.55,6555.55,6555.55,1,1
2017-11-26,10000037,7449,20001.05,20001.05,20001.05,1,1
2017-11-26,10000037,7493,500,500,500,2,2
2017-11-26,10000037,7535,159334,89001,300000,3,3
2017-11-26,10000037,7539,6666.67,2750,14500,3,3
2017-11-26,10000037,7579,230000.74,230000.72,230000.75,2,2
2017-11-26,10000037,7581,1000,1000,1000,2,2
2017-11-26,10000037,7585,5000,5000,5000,5,5
2017-11-26,10000037,7743,6910.05,6910.05,6910.05,1,1
2017-11-26,10000037,8023,5,5,5,1,1
2017-11-26,10000037,8089,266671.67,5,400005,3,2
2017-11-26,10000037,8091,20003.89,5,90000,9,2
2017-11-26,10000037,8105,100000.24,100000.24,100000.24,5,1
2017-11-26,10000037,8175,58.07,58.07,58.07,3,2
2017-11-26,10000037,8177,5,5,5,1,1
2017-11-26,10000037,8225,81026.05,103.18,117000,6,5
2017-11-26,10000037,8263,17.24,17.24,17.24,1,1
2017-11-26,10000037,8427,251.21,251.21,251.21,1,1
2017-11-26,10000037,8433,997500.45,997500.45,997500.45,1,1
2017-11-26,10000037,8517,4480000,4000000,4600000,5,3
2017-11-26,10000037,8521,6001.01,6001.01,6001.01,1,1
2017-11-26,10000037,8529,551994.23,551994.23,551994.23,2,1
2017-11-26,10000037,8537,5,5,5,4,1
2017-11-26,10000037,8583,6000,6000,6000,1,1
2017-11-26,10000037,8585,5,5,5,1,1
2017-11-26,10000037,8641,11001.05,11001.05,11001.05,1,1
2017-11-26,10000037,8815,150000,150000,150000,1,1
2017-11-26,10000037,9556,201,201,201,1,1
2017-11-26,10000037,9568,200000,200000,200000,2,1
2017-11-26,10000037,9580,95000,95000,95000,2,1
2017-11-26,10000037,9622,53000.5,7001,99000,2,2
2017-11-26,10000037,9632,307226.29,29585,362500,7,7
2017-11-26,10000037,9646,7601,7601,7601,2,2
2017-11-26,10000037,9670,355.15,355.15,355.15,2,2
2017-11-26,10000037,9678,93003.15,93003.15,93003.15,2,1
2017-11-26,10000037,9762,10000.15,10000.15,10000.15,1,1
2017-11-26,10000037,9800,13002.1,13002.1,13002.1,1,1
2017-11-26,10000037,9808,16005.2,16005.2,16005.2,1,1
2017-11-26,10000037,9826,332.5,332.5,385.87,5334,6
2017-11-26,10000037,9832,11000,11000,11000,6000,2
2017-11-26,10000037,9836,7100,7100,7100,110,1
2017-11-26,10000037,9842,20613.2,20613.2,20613.2,8669,3
2017-11-26,10000037,9848,99999.98,99999.98,99999.98,7501,5
2017-11-26,10000037,9850,427.83,427.83,427.83,47586,6
2017-11-26,10000037,9852,46.69,46.69,46.7,11050,3
2017-11-26,10000037,9899,13192325.19,13192325.19,13192325.19,1,1
2017-11-26,10000037,9941,9559265.15,6963405.11,12155125.19,2,2
2017-11-26,10000037,9942,12115125.19,12115125.19,12115125.19,1,1
2017-11-26,10000037,9943,12115125.19,12115125.19,12115125.19,1,1
2017-11-26,10000037,9944,86000,59000,95000,4,4
2017-11-26,10000037,9956,8256383.17,5397641.14,11115125.19,2,2
2017-11-26,10000037,10039,1600,1600,1600,3,2
2017-11-26,10000037,10208,39999999,39999999,39999999,1,1
2017-11-26,10000037,10212,24900000,24900000,24900000,1,1
2017-11-26,10000037,10213,122028390,122028390,122028390,1,1
2017-11-26,10000037,10216,23500000,23500000,23500000,1,1
2017-11-26,10000037,10221,25700000,25700000,25700000,1,1
2017-11-26,10000037,10225,23500000,23500000,23500000,1,1
2017-11-26,10000037,10246,15000.01,15000.01,15000.01,274,11
2017-11-26,10000037,10247,19986000,19986000,19986000,1,1
2017-11-26,10000037,10250,973931.95,973931.95,973931.95,107,7
2017-11-26,10000037,10678,45343.33,550,52250,15,7
2017-11-26,10000037,10694,135100,135100,135100,2,2
2017-11-26,10000037,10836,64788.6,63300,68671.5,5,5
2017-11-26,10000037,10850,519106.49,519106.49,519106.49,2,1
2017-11-26,10000037,10872,5,5,5,2,2
2017-11-26,10000037,10886,1200,1200,1200,1,1
2017-11-26,10000037,10888,1201,1201,1201,1,1
2017-11-26,10000037,10998,49511.68,42987.65,73500,14,6
2017-11-26,10000037,11084,2100000,2100000,2100000,1,1
2017-11-26,10000037,11105,357167.18,287000.53,497500.5,6,5
2017-11-26,10000037,11129,14877.28,13100,16000,43,33
2017-11-26,10000037,11130,50000,50000,50000,1,1
2017-11-26,10000037,11132,27653.33,12000,50000,15,14
2017-11-26,10000037,11134,14425,13200,15000,4,4
2017-11-26,10000037,11172,34199000,32500000,35897999.99,2,2
2017-11-26,10000037,11207,499998,499990,500000,5,5
2017-11-26,10000037,11277,214790.4,214790.4,214790.4,1,1
2017-11-26,10000037,11289,6800.01,6800.01,6800.01,10,1
2017-11-26,10000037,11296,800000,800000,800000,1,1
2017-11-26,10000037,11301,200000,200000,200000,1,1
2017-11-26,10000037,11305,249221.99,249221.99,249221.99,1,1
2017-11-26,10000037,11309,39039.1,10189.01,154439.44,5,5
2017-11-26,10000037,11311,11000.01,11000.01,11000.01,2,2
2017-11-26,10000037,11317,732277.27,464555.54,999999,2,2
2017-11-26,10000037,11341,2213.67,5,9944,9,7
2017-11-26,10000037,11343,2575.02,100.02,10000,4,4
2017-11-26,10000037,11349,1001,1001,1001,1,1
2017-11-26,10000037,11351,2001.05,2001.05,2001.05,2,2
2017-11-26,10000037,11370,2159837.07,2100111,2210384.38,7,7
2017-11-26,10000037,11395,500000,500000,500000,1,1
2017-11-26,10000037,11399,11500,11500,11500,614,2
2017-11-26,10000037,11433,10000000,10000000,10000000,1,1
2017-11-26,10000037,11446,10000000,10000000,10000000,1,1
2017-11-26,10000037,11447,10000000,10000000,10000000,1,1
2017-11-26,10000037,11449,10000000,10000000,10000000,1,1
2017-11-26,10000037,11450,10000000,10000000,10000000,1,1
2017-11-26,10000037,11476,231.19,231.19,231.19,1000,1
2017-11-26,10000037,11563,347594.8,343987,360000,10,4
2017-11-26,10000037,11566,120000,120000,120000,3,3
2017-11-26,10000037,11577,4924750,4924750,4924750,1,1
2017-11-26,10000037,11578,7624999.99,7624999.99,7624999.99,1,1
2017-11-26,10000037,11579,3500000,3500000,3500000,4,4
2017-11-26,10000037,11584,75000,75000,75000,3,3
2017-11-26,10000037,11640,756922.72,735000,767884.09,3,3
2017-11-26,10000037,11642,2399999.99,2399999.99,2399999.99,2,2
2017-11-26,10000037,11644,2499999.98,2499999.98,2499999.98,2,2
2017-11-26,10000037,11646,2699998.99,2699998.99,2699998.99,1,1
2017-11-26,10000037,11648,2267854.79,2267854.78,2267854.79,2,2
2017-11-26,10000037,11857,586240,586240,586240,1,1
2017-11-26,10000037,11859,282640,282640,282640,1,1
2017-11-26,10000037,11876,5862400,5862400,5862400,1,1
2017-11-26,10000037,11877,5862400,5862400,5862400,1,1
2017-11-26,10000037,11878,586240,586240,586240,1,1
2017-11-26,10000037,11879,586240,586240,586240,1,1
2017-11-26,10000037,11880,5862400,5862400,5862400,1,1
2017-11-26,10000037,11881,5862400,5862400,5862400,1,1
2017-11-26,10000037,11882,5862400,5862400,5862400,1,1
2017-11-26,10000037,11883,5862400,5862400,5862400,1,1
2017-11-26,10000037,11884,5862400,5862400,5862400,1,1
2017-11-26,10000037,11885,5862400,5862400,5862400,1,1
2017-11-26,10000037,11886,5862400,5862400,5862400,1,1
2017-11-26,10000037,11887,282640,282640,282640,1,1
2017-11-26,10000037,11890,282640,282640,282640,2,2
2017-11-26,10000037,12052,155000,155000,155000,1,1
2017-11-26,10000037,12056,67502.52,61477.39,69999.96,7,7
2017-11-26,10000037,12058,4080000,4080000,4080000,1,1
2017-11-26,10000037,12067,1612800,1612800,1612800,1,1
2017-11-26,10000037,12084,14674592.03,11989184.86,17359999.2,2,2
2017-11-26,10000037,12092,1000000,1000000,1000000,1,1
2017-11-26,10000037,12093,4000000,4000000,4000000,2,2
2017-11-26,10000037,12096,28000000,28000000,28000000,1,1
2017-11-26,10000037,12180,375000,375000,375000,1,1
2017-11-26,10000037,12181,350000,350000,350000,1,1
2017-11-26,10000037,12182,325000,325000,325000,1,1
2017-11-26,10000037,12183,275000,275000,275000,1,1
2017-11-26,10000037,12184,250000,250000,250000,1,1
2017-11-26,10000037,12185,225000,225000,225000,1,1
2017-11-26,10000037,12186,200000,200000,200000,1,1
2017-11-26,10000037,12188,150000,150000,150000,1,1
2017-11-26,10000037,12189,400000,400000,400000,2,2
2017-11-26,10000037,12190,125000,125000,125000,1,1
2017-11-26,10000037,12191,75000,75000,75000,4,4
2017-11-26,10000037,12193,50000,50000,50000,1,1
2017-11-26,10000037,12194,300000,300000,300000,1,1
2017-11-26,10000037,12195,25000,25000,25000,3,3
2017-11-26,10000037,12196,300000,300000,300000,1,1
2017-11-26,10000037,12202,8100000,8100000,8100000,1,1
2017-11-26,10000037,12205,18500000,18500000,18500000,1,1
2017-11-26,10000037,12206,3000000,3000000,3000000,1,1
2017-11-26,10000037,12207,7750000,6500000,9000000,2,2
2017-11-26,10000037,12208,8090000,8090000,8090000,1,1
2017-11-26,10000037,12210,1000000,1000000,1000000,1,1
2017-11-26,10000037,12211,3000000,3000000,3000000,1,1
2017-11-26,10000037,12212,9000000,9000000,9000000,2,2
2017-11-26,10000037,12215,18500000,18500000,18500000,1,1
2017-11-26,10000037,12217,165494,165494,165494,4,1
2017-11-26,10000037,12237,12000000,12000000,12000000,1,1
2017-11-26,10000037,12266,998400,998400,998400,1,1
2017-11-26,10000037,12267,4043937.53,4043937.53,4043937.53,1,1
2017-11-26,10000037,12274,173000,173000,173000,5,1
2017-11-26,10000037,12305,100000,100000,100000,3,3
2017-11-26,10000037,12344,191750,191750,191750,12,5
2017-11-26,10000037,12345,1000000,1000000,1000000,1,1
2017-11-26,10000037,12365,120000,120000,120000,4,4
2017-11-26,10000037,12366,120000,120000,120000,3,3
2017-11-26,10000037,12367,120000,120000,120000,3,3
2017-11-26,10000037,12485,8700000,8700000,8700000,2,2
2017-11-26,10000037,12486,6162332.47,5700000,8999999.99,6,6
2017-11-26,10000037,12487,8700000,8700000,8700000,1,1
2017-11-26,10000037,12537,600000,600000,600000,1,1
2017-11-26,10000037,12538,83333.44,5.55,85000,51,5
2017-11-26,10000037,12539,1999999.91,1999999.91,1999999.91,26,2
2017-11-26,10000037,12540,249999.99,249999.99,249999.99,20,1
2017-11-26,10000037,12541,149999.99,149999.99,149999.99,20,1
2017-11-26,10000037,12559,158289.45,158288.99,158289.91,8,2
2017-11-26,10000037,12563,94500,94500,94500,16,1
2017-11-26,10000037,12612,98.24,98.24,98.24,480,1
2017-11-26,10000037,12614,25,25,25,2915,1
2017-11-26,10000037,12747,320000000.04,320000000.04,320000000.04,1,1
2017-11-26,10000037,12777,248,248,248,20000,1
2017-11-26,10000037,12814,218569.6,218569.6,218569.6,3591,4
2017-11-26,10000037,12820,411947.8,411947.8,411947.8,8,1
2017-11-26,10000037,13003,2532004.9,2532004.9,2532004.9,2,1
2017-11-26,10000037,13279,250000,250000,250000,4,4
2017-11-26,10000037,13284,1249020.02,1249020.02,1249020.02,1,1
2017-11-26,10000037,13953,114000000.15,114000000.15,114000000.15,1,1
2017-11-26,10000037,14272,10000,10000,10000,2,1
2017-11-26,10000037,14295,350000,350000,350000,1,1
2017-11-26,10000037,15331,1203.07,1203.07,1203.07,1462,152
2017-11-26,10000037,15508,60000,60000,60000,4,1
2017-11-26,10000037,15510,32595.24,31821.43,33500,18,3
2017-11-26,10000037,15511,1500000,1500000,1500000,1,1
2017-11-26,10000037,15596,1045,850,1500,20,3
2017-11-26,10000037,15597,2650,2650,2650,6,1
2017-11-26,10000037,15598,4155.12,4000,4827.29,16,6
2017-11-26,10000037,15599,20002.31,20002.31,20002.31,20,7
2017-11-26,10000037,15600,550000.04,550000.04,550000.04,17,4
2017-11-26,10000037,15602,60000.35,60000.34,60000.35,24,4
2017-11-26,10000037,15604,1500001.04,1500001.04,1500001.04,2,1
2017-11-26,10000037,15607,1407.93,873.92,1500,34,12
2017-11-26,10000037,15608,1716.67,1250,2650,27,6
2017-11-26,10000037,15610,156516.05,156516.05,156516.06,16,4
2017-11-26,10000037,15611,8000.02,8000.02,8000.02,5,1
2017-11-26,10000037,15612,40000,40000,40000,13,4
2017-11-26,10000037,15613,206003,206003,206003,12,3
2017-11-26,10000037,15614,110000.04,110000.04,110000.04,11,2
2017-11-26,10000037,15615,1500000.04,1500000.04,1500000.04,7,2
2017-11-26,10000037,15656,183333.85,50000.77,450000,6,2
2017-11-26,10000037,15669,2000000.35,2000000.34,2000000.35,8,2
2017-11-26,10000037,15681,70593370.52,70593370.52,70593370.52,1,1
2017-11-26,10000037,15905,150000000,150000000,150000000,1,1
2017-11-26,10000037,15992,23000.05,23000.04,23000.05,21,6
2017-11-26,10000037,15996,12000,12000,12000,4,1
2017-11-26,10000037,15999,15347.54,15000,19865.58,14,5
2017-11-26,10000037,16000,30000,30000,30000,16,3
2017-11-26,10000037,16062,69374999.2,69374999.2,69374999.2,1,1
2017-11-26,10000037,16068,129000000.13,129000000.13,129000000.13,3,1
2017-11-26,10000037,16069,85000,85000,85000,3,3
2017-11-26,10000037,16118,62000,62000,62000,3,1
2017-11-26,10000037,16119,650,650,650,4,1
2017-11-26,10000037,16238,1223749.51,1197499,1250000.01,2,2
2017-11-26,10000037,16240,1203600,1049500,1670000,5,5
2017-11-26,10000037,16242,775000,775000,775000,1,1
2017-11-26,10000037,16264,219500,219101.01,230000,24622,158
2017-11-26,10000037,16272,650,650,650,39557,3
2017-11-26,10000037,16273,115,115,115,2633635,11
2017-11-26,10000037,16274,100.64,100.64,100.64,46028,1
2017-11-26,10000037,16275,5566.8,5566.8,5566.8,40388,8
2017-11-26,10000037,16278,1552131.2,181920.19,1881920.2,9,4
2017-11-26,10000037,16279,15003680,15003680,15003680,1,1
2017-11-26,10000037,16281,375000,375000,375000,2,2
2017-11-26,10000037,16297,199999,199999,199999,5,1
2017-11-26,10000037,16303,232051,222222,349998.99,13,2
2017-11-26,10000037,16309,498,498,498,1,1
2017-11-26,10000037,16355,13005.6,13005.6,13005.6,1,1
2017-11-26,10000037,16373,39002.1,39002.1,39002.1,1,1
2017-11-26,10000037,16383,1550622,1246,3099998,2,2
2017-11-26,10000037,16391,745002.5,5,1490000,4,3
2017-11-26,10000037,16405,1000.01,1000.01,1000.01,1,1
2017-11-26,10000037,16425,100,100,100,1,1
2017-11-26,10000037,16433,2135,5,3200,3,3
2017-11-26,10000037,16435,762.73,324.46,1201,2,2
2017-11-26,10000037,16439,596,596,596,3,2
2017-11-26,10000037,16441,564999.34,5,847496.51,3,3
2017-11-26,10000037,16443,5,5,5,1,1
2017-11-26,10000037,16457,10000.05,10000.05,10000.05,2,1
2017-11-26,10000037,16467,179000,179000,179000,5,2
2017-11-26,10000037,16521,5,5,5,1,1
2017-11-26,10000037,16523,5,5,5,1,1
2017-11-26,10000037,16591,32000000,32000000,32000000,2,2
2017-11-26,10000037,16594,1500000,1500000,1500000,2,2
2017-11-26,10000037,16595,12500000,12500000,12500000,1,1
2017-11-26,10000037,16598,3500000,3500000,3500000,2,2
2017-11-26,10000037,16622,4125000,1500000,5000000,4,4
2017-11-26,10000037,16679,1222,1222,1222,10000,1
2017-11-26,10000037,16682,19727.82,19727.82,19727.82,1000,1
2017-11-26,10000037,17215,75454.91,1002.18,91999.98,11,3
2017-11-26,10000037,17218,146341.47,1.1,149999.98,41,3
2017-11-26,10000037,17219,49999.99,49999.99,49999.99,40,2
2017-11-26,10000037,17264,6,6,6,2,2
2017-11-26,10000037,17272,250,250,250,1,1
2017-11-26,10000037,17341,5000000,5000000,5000000,1,1
2017-11-26,10000037,17366,29062.5,29000,30000,16,4
2017-11-26,10000037,17368,980001,980001,980001,2,2
2017-11-26,10000037,17407,3500000,3500000,3500000,1,1
2017-11-26,10000037,17444,0.1,0.1,0.1,1586,2
2017-11-26,10000037,17445,500,500,500,63,1
2017-11-26,10000037,17448,455.1,455.1,455.1,20854,5
2017-11-26,10000037,17449,460.15,460.15,460.15,59543,12
2017-11-26,10000037,17452,99.6,99.6,99.6,21915,5
2017-11-26,10000037,17453,120,120,120,665,4
2017-11-26,10000037,17455,58.09,58.08,58.09,6498128,111
2017-11-26,10000037,17456,59.04,59.03,59.05,3120290,70
2017-11-26,10000037,17459,37.08,37.08,37.08,1593,2
2017-11-26,10000037,17463,18.8,17.25,22.55,2064102,22
2017-11-26,10000037,17464,22.71,22.71,22.71,1257836,28
2017-11-26,10000037,17470,14.02,14.02,14.02,3263088,21
2017-11-26,10000037,17471,19.13,19.13,19.13,7580224,66
2017-11-26,10000037,17476,29765870.22,26789740.44,32742000,2,2
2017-11-26,10000037,17478,22258005.65,20207483.24,22770636.25,5,5
2017-11-26,10000037,17480,18337497.15,17950000,19900000,4,4
2017-11-26,10000037,17482,2120155.4,2000000,2300388.5,10,5
2017-11-26,10000037,17841,19900000,19900000,19900000,1,1
2017-11-26,10000037,17867,70.94,70.94,70.94,226755,17
2017-11-26,10000037,17868,69,65,71.46,405671,22
2017-11-26,10000037,17887,1100,1100,1100,24331,3
2017-11-26,10000037,17893,59200.05,56000,60000.06,5,2
2017-11-26,10000037,17895,155000.07,155000.07,155000.07,1,1
2017-11-26,10000037,17912,3921012.49,3012050.01,4223999.99,8,5
2017-11-26,10000037,17938,19216.67,4000,20100,12,12
2017-11-26,10000037,17940,500000,500000,500000,4,4
2017-11-26,10000037,18025,400000,400000,400000,2,2
2017-11-26,10000037,18040,191000.01,191000.01,191000.01,2,1
2017-11-26,10000037,18046,136000,136000,136000,4,1
2017-11-26,10000037,18052,88000,88000,88000,6,2
2017-11-26,10000037,18596,315681.99,315681.99,315681.99,2,1
2017-11-26,10000037,18612,350000,350000,350000,4,1
2017-11-26,10000037,18618,296595.75,296595.75,296595.75,12,2
2017-11-26,10000037,18637,211000,211000,211000,16,2
2017-11-26,10000037,18639,137833,41750,329999,3,3
2017-11-26,10000037,19015,20000002,20000002,20000002,2,1
2017-11-26,10000037,19208,121499999.9,121499999.9,121499999.9,1,1
2017-11-26,10000037,19272,168000000.11,168000000.11,168000000.11,1,1
2017-11-26,10000037,19400,11000,11000,11000,16,1
2017-11-26,10000037,19404,133500.03,87000.05,180000,2,2
2017-11-26,10000037,19406,575000.27,550000.54,600000,4,4
2017-11-26,10000037,19407,1100000,1000000,1200000,6,6
2017-11-26,10000037,19408,2000000,1800000,2100000,3,3
2017-11-26,10000037,19660,1000,1000,1000,1,1
2017-11-26,10000037,19719,30000000,30000000,30000000,1,1
2017-11-26,10000037,19739,3672528.19,3600000,3708792.29,18,3
2017-11-26,10000037,19760,160000,160000,160000,1,1
2017-11-26,10000037,19806,1130497.69,1130497.69,1130497.69,1,1
2017-11-26,10000037,19810,45000,45000,45000,1,1
2017-11-26,10000037,19814,5,5,5,1,1
2017-11-26,10000037,19929,101,101,101,6,6
2017-11-26,10000037,19939,5,5,5,1,1
2017-11-26,10000037,19942,5,5,5,2,2
2017-11-26,10000037,19944,5,5,5,2,2
2017-11-26,10000037,19946,5,5,5,2,2
2017-11-26,10000037,19952,5,5,5,1,1
2017-11-26,10000037,20172,51181.09,51181.09,51181.09,16,1
2017-11-26,10000037,20307,60.9,60.9,60.9,1000,1
2017-11-26,10000037,20314,50000,50000,50000,2,2
2017-11-26,10000037,20315,3000000,3000000,3000000,2,2
2017-11-26,10000037,20342,50000000,50000000,50000000,6,4
2017-11-26,10000037,20353,6399999.99,6399999.99,6399999.99,1,1
2017-11-26,10000037,20410,121338.36,66000,125949.89,78,2
2017-11-26,10000037,20411,214787.98,214787.98,214787.98,542,3
2017-11-26,10000037,20413,194356.74,194356.74,194356.74,842,4
2017-11-26,10000037,20415,50050.02,50050.02,50050.02,15,3
2017-11-26,10000037,20418,39126.41,35210.68,45000,15,3
2017-11-26,10000037,20419,204587.16,204587.16,204587.16,50,1
2017-11-26,10000037,20423,134997.52,134997.52,134997.52,355,1
2017-11-26,10000037,20524,134999997.99,134999997.99,134999997.99,1,1
2017-11-26,10000037,20527,75000000,75000000,75000000,1,1
2017-11-26,10000037,20533,400000000,400000000,400000000,5,3
2017-11-26,10000037,20949,300.56,300.56,300.56,1000,1
2017-11-26,10000037,21059,120000,120000,120000,4,4
2017-11-26,10000037,21096,2048236.94,2048236.94,2048236.94,1,1
2017-11-26,10000037,21610,20000000,20000000,20000000,1,1
2017-11-26,10000037,21611,30000000,30000000,30000000,1,1
2017-11-26,10000037,21638,1250000,1250000,1250000,5,3
2017-11-26,10000037,21640,1165994.99,1165994.99,1165994.99,9,2
2017-11-26,10000037,21666,15000000,15000000,15000000,1,1
2017-11-26,10000037,21718,100000,100000,100000,1,1
2017-11-26,10000037,21790,119903.53,119903.53,119903.53,1,1
2017-11-26,10000037,21791,82000,82000,82000,2,2
2017-11-26,10000037,21815,7200000,7200000,7200000,10,1
2017-11-26,10000037,22175,98692.85,98499.99,98950,7,7
2017-11-26,10000037,22177,98855.56,98500,112750,9,9
2017-11-26,10000037,22229,4235166.67,4190000,4325500,6,2
2017-11-26,10000037,22291,1237499.99,1199999.99,1300000,8,3
2017-11-26,10000037,22534,26000000,26000000,26000000,2,1
2017-11-26,10000037,22535,185998990.47,185998990.47,185998990.47,1,1
2017-11-26,10000037,22536,439000,439000,439000,4,3
2017-11-26,10000037,22541,9000000,9000000,9000000,9,7
2017-11-26,10000037,22542,32197.36,30000,40052.59,15,12
2017-11-26,10000037,22548,340000000,340000000,340000000,1,1
2017-11-26,10000037,22551,28000000,28000000,28000000,2,2
2017-11-26,10000037,22552,8060000,8000000,8100000,5,5
2017-11-26,10000037,22576,36550,36550,36550,2,1
2017-11-26,10000037,22578,80000,80000,80000,2,2
2017-11-26,10000037,22615,166000000,166000000,166000000,1,1
2017-11-26,10000037,22761,32000000,32000000,32000000,1,1
2017-11-26,10000037,22779,2344200,2344200,2344200,1,1
2017-11-26,10000037,22806,120000,120000,120000,3,3
2017-11-26,10000037,22807,120000,120000,120000,3,3
2017-11-26,10000037,22808,120000,120000,120000,3,3
2017-11-26,10000037,22809,120000,120000,120000,3,3
2017-11-26,10000037,22961,470,470,470,2000,1
2017-11-26,10000037,23009,700,700,700,660,1
2017-11-26,10000037,23056,200473400,200473400,200473400,1,1
2017-11-26,10000037,23071,410000,410000,410000,3,1
2017-11-26,10000037,23087,379997,379997,379997,1,1
2017-11-26,10000037,23121,220000,220000,220000,3,3
2017-11-26,10000037,23124,790000,790000,790000,1,1
2017-11-26,10000037,23163,0.1,0.1,0.1,39,2
2017-11-26,10000037,23527,590000,545000,950000,8,8
2017-11-26,10000037,23528,2130000,2130000,2130000,1,1
2017-11-26,10000037,23533,50000,50000,50000,2,2
2017-11-26,10000037,23561,179000,179000,179000,5,1
2017-11-26,10000037,23566,400000,400000,400000,3,3
2017-11-26,10000037,23594,450000,450000,450000,3,3
2017-11-26,10000037,23606,150000,150000,150000,4,4
2017-11-26,10000037,23618,51567.94,50000,60975.56,7,7
2017-11-26,10000037,23707,8645.35,8645.35,8645.35,10,1
2017-11-26,10000037,23709,71000,71000,71000,1,1
2017-11-26,10000037,23712,500000,500000,500000,1,1
2017-11-26,10000037,23911,1624000000,1624000000,1624000000,1,1
2017-11-26,10000037,23950,64000000,64000000,64000000,1,1
2017-11-26,10000037,24241,50000,50000,50000,7,7
2017-11-26,10000037,24242,1000000,1000000,1000000,4,4
2017-11-26,10000037,24268,7500000,7500000,7500000,1,1
2017-11-26,10000037,24270,7500000,7500000,7500000,1,1
2017-11-26,10000037,24313,500000000,500000000,500000000,3,3
2017-11-26,10000037,24348,1601093.27,1500000,1611202.6,11,5
2017-11-26,10000037,24396,1400000,1400000,1400000,1,1
2017-11-26,10000037,24417,1771000,1771000,1771000,2,1
2017-11-26,10000037,24427,1475657.07,1475655,1475661.21,3,2
2017-11-26,10000037,24438,1398609.08,1277777,1422775.5,6,2
2017-11-26,10000037,24443,617802.91,15000,1220605.82,2,2
2017-11-26,10000037,24445,190000,190000,190000,4,2
2017-11-26,10000037,24507,530.5,530.5,530.5,3000,1
2017-11-26,10000037,24509,686.21,686.21,686.21,3000,1
2017-11-26,10000037,24511,494.63,494.63,494.63,3000,1
2017-11-26,10000037,24535,584.24,582.48,585.99,4000,2
2017-11-26,10000037,24571,10000000,10000000,10000000,2,2
2017-11-26,10000037,24594,3900,3900,3900,1000,1
2017-11-26,10000037,24606,125000000,125000000,125000000,1,1
2017-11-26,10000037,24624,20000000,20000000,20000000,2,2
2017-11-26,10000037,24625,20000000,20000000,20000000,3,1
2017-11-26,10000037,24698,50500000,50500000,50500000,1,1
2017-11-26,10000037,25235,150000,150000,150000,4,4
2017-11-26,10000037,25266,2614122.77,2501997.59,3398999,8,6
2017-11-26,10000037,25267,12000000,12000000,12000000,3,2
2017-11-26,10000037,25544,29899998,29899998,29899998,4,4
2017-11-26,10000037,25588,10087.94,10070.25,10100.01,74,13
2017-11-26,10000037,25589,7355.66,7355.66,7355.66,415,27
2017-11-26,10000037,25590,80202.22,80202.22,80202.22,261,48
2017-11-26,10000037,25591,100000.01,100000,190000,400,90
2017-11-26,10000037,25592,6249.53,3902.42,7500,78,15
2017-11-26,10000037,25593,4690.2,4690.2,4690.2,106,19
2017-11-26,10000037,25594,28518.67,25050,63000.88,87,15
2017-11-26,10000037,25595,16602.89,16602.89,16602.89,68,12
2017-11-26,10000037,25596,25101.14,25000.02,26000.02,298,65
2017-11-26,10000037,25597,3554.03,3554.03,3554.03,377,64
2017-11-26,10000037,25598,9800.01,9800.01,9800.01,859,59
2017-11-26,10000037,25599,780.14,780.14,780.14,754,62
2017-11-26,10000037,25600,22101.15,22101.14,22101.18,899,55
2017-11-26,10000037,25601,3157.72,3152.11,3157.73,928,69
2017-11-26,10000037,25602,14270.98,14270.98,14270.98,44,2
2017-11-26,10000037,25603,25048.84,25006.4,25100,75,10
2017-11-26,10000037,25604,13502.04,13502.04,13502.04,178,51
2017-11-26,10000037,25605,22000,21100.23,22000,152,24
2017-11-26,10000037,25606,43100.22,43100.21,43100.3,31,5
2017-11-26,10000037,25610,55002.66,55002.66,55002.66,1,1
2017-11-26,10000037,25613,1009783.3,1009783.3,1009783.3,51,1
2017-11-26,10000037,25618,9000.1,9000.1,9000.11,7,4
2017-11-26,10000037,25619,711615.47,600000.01,750000,13,4
2017-11-26,10000037,25621,610000.16,610000.16,610000.16,1,1
2017-11-26,10000037,25623,31334.54,31334.54,31334.54,1,1
2017-11-26,10000037,25739,450000,450000,450000,2,2
2017-11-26,10000037,25810,450000,450000,450000,2,2
2017-11-26,10000037,25811,450000,450000,450000,1,1
2017-11-26,10000037,25812,5046296,4888888,5125000,6,2
2017-11-26,10000037,25821,10000000,10000000,10000000,1,1
2017-11-26,10000037,25861,65955.44,60143.31,68995.01,41,25
2017-11-26,10000037,25862,332640,332640,332640,1,1
2017-11-26,10000037,25919,1250000,1250000,1250000,1,1
2017-11-26,10000037,25954,20099999.95,20099999.95,20099999.95,1,1
2017-11-26,10000037,25980,2519863.2,2519863.2,2519863.2,1,1
2017-11-26,10000037,26252,62857.14,60000,80000,7,7
2017-11-26,10000037,26253,100000,100000,100000,9,9
2017-11-26,10000037,26254,20000,20000,20000,1,1
2017-11-26,10000037,26255,100000,100000,100000,5,5
2017-11-26,10000037,26256,100000,100000,100000,2,2
2017-11-26,10000037,26257,100000,100000,100000,1,1
2017-11-26,10000037,26258,100000,100000,100000,1,1
2017-11-26,10000037,26259,100000,100000,100000,3,3
2017-11-26,10000037,26260,100000,100000,100000,2,2
2017-11-26,10000037,26261,100000,100000,100000,5,5
2017-11-26,10000037,26912,2031255.58,2031255.58,2031255.58,1,1
2017-11-26,10000037,26930,125000,125000,125000,1,1
2017-11-26,10000037,27333,435.68,435.68,435.68,100,1
2017-11-26,10000037,27395,2017,2017,2017,6000,1
2017-11-26,10000037,27435,1120,1120,1120,1000,2
2017-11-26,10000037,27453,1200,1200,1200,1000,1
2017-11-26,10000037,27615,3580000,3580000,3580000,2,1
2017-11-26,10000037,27902,100000,100000,100000,2,2
2017-11-26,10000037,28164,4500000,4500000,4500000,1,1
2017-11-26,10000037,28209,1750000.01,1750000,1750000.01,3,2
2017-11-26,10000037,28211,1252093.32,1012559.93,1300000,6,2
2017-11-26,10000037,28215,1440999.95,1440999.95,1440999.95,5,1
2017-11-26,10000037,28361,2000,2000,2000,62,1
2017-11-26,10000037,28362,70000,70000,70000,172,1
2017-11-26,10000037,28374,500000000,500000000,500000000,3,1
2017-11-26,10000037,28423,5230,5230,5230,1761,1
2017-11-26,10000037,28433,230000,230000,230000,9119,6
2017-11-26,10000037,28576,1175589.28,1152750,1200000,14,9
2017-11-26,10000037,28578,846233.6,813997.99,873371.49,9,3
2017-11-26,10000037,28585,25000000,25000000,25000000,3,1
2017-11-26,10000037,28606,844000000,844000000,844000000,1,1
2017-11-26,10000037,28615,4000000,4000000,4000000,1,1
2017-11-26,10000037,28667,64000000,64000000,64000000,1,1
2017-11-26,10000037,28668,28800,28800,28800,1385,11
2017-11-26,10000037,28756,40599999.99,40599999.99,40599999.99,1,1
2017-11-26,10000037,28758,36225000,33450000,39000000,2,2
2017-11-26,10000037,28879,1000000,1000000,1000000,2,2
2017-11-26,10000037,28880,5000000,5000000,5000000,2,2
2017-11-26,10000037,28999,30000.02,30000.02,30000.02,2,2
2017-11-26,10000037,29001,18000,0.01,24000,4,3
2017-11-26,10000037,29011,30000,30000,30000,2,1
2017-11-26,10000037,29015,23900,23900,23900,3,1
2017-11-26,10000037,29248,162000,44000,280000,2,2
2017-11-26,10000037,29266,4200000,4200000,4200000,1,1
2017-11-26,10000037,29637,50000000,50000000,50000000,6,5
2017-11-26,10000037,30013,6500,6200,6995,422,28
2017-11-26,10000037,30028,155840.32,80000,198500.5,50,5
2017-11-26,10000037,30373,15000,15000,15000,1280,1
2017-11-26,10000037,30486,499932.61,499899.93,500000,49,2
2017-11-26,10000037,30488,444442.99,444442.99,444442.99,56,5
2017-11-26,10000037,30537,5000000,5000000,5000000,1,1
2017-11-26,10000037,30540,5000000,5000000,5000000,1,1
2017-11-26,10000037,30546,5000000,5000000,5000000,1,1
2017-11-26,10000037,30551,5000000,5000000,5000000,1,1
2017-11-26,10000037,30651,1500000,1500000,1500000,1,1
2017-11-26,10000037,30652,1500000,1500000,1500000,1,1
2017-11-26,10000037,30744,200000,200000,200000,7122,19
2017-11-26,10000037,30745,500000,500000,500000,6436,21
2017-11-26,10000037,30746,1500000,1500000,1500000,2532,13
2017-11-26,10000037,30747,5000000,5000000,5000000,1186,14
2017-11-26,10000037,30832,1519443.96,1518888,1519999.91,2,2
2017-11-26,10000037,30834,1444333,1444333,1444333,1,1
2017-11-26,10000037,30836,1279365.75,1279365.75,1279365.75,3,2
2017-11-26,10000037,31011,3200000,3200000,3200000,3,3
2017-11-26,10000037,31021,383999.98,383999.98,383999.98,1,1
2017-11-26,10000037,31023,3767987.99,3767987.99,3767987.99,1,1
2017-11-26,10000037,31035,2397965.88,2397965.88,2397965.88,8,1
2017-11-26,10000037,31045,1166666.66,700000,1399999.99,3,2
2017-11-26,10000037,31063,638671.16,638671.16,638671.16,1,1
2017-11-26,10000037,31085,1800000,1800000,1800000,2,1
2017-11-26,10000037,31119,1305994.51,1229999,1343992.27,9,5
2017-11-26,10000037,31153,1000000,1000000,1000000,1,1
2017-11-26,10000037,31155,1475522.36,1475522.36,1475522.36,1,1
2017-11-26,10000037,31159,740000,740000,740000,6,1
2017-11-26,10000037,31161,1380000,1380000,1380000,1,1
2017-11-26,10000037,31171,5300000,5300000,5300000,1,1
2017-11-26,10000037,31173,10987485.28,10987485.28,10987485.28,1,1
2017-11-26,10000037,31177,237333.09,220000,245999.63,3,3
2017-11-26,10000037,31179,1487906.06,1487906.06,1487906.06,1,1
2017-11-26,10000037,31201,224846.25,197625.38,238456.69,3,2
2017-11-26,10000037,31213,146700,139000,177500,10,5
2017-11-26,10000037,31215,319482,280000,437928,4,2
2017-11-26,10000037,31238,174798.71,159597.41,190000,2,2
2017-11-26,10000037,31358,749995.03,749995,749995.12,4,3
2017-11-26,10000037,31360,4199999.41,4199999.41,4199999.41,1,1
2017-11-26,10000037,31361,750000,750000,750000,2,2
2017-11-26,10000037,31366,25845658.17,25845658.17,25845658.17,1,1
2017-11-26,10000037,31370,255000,255000,255000,1,1
2017-11-26,10000037,31371,125000,125000,125000,2,2
2017-11-26,10000037,31378,19999999,19999999,19999999,2,1
2017-11-26,10000037,31407,125000,125000,125000,1,1
2017-11-26,10000037,31526,1127998.75,1127998.75,1127998.75,1,1
2017-11-26,10000037,31528,4000000,4000000,4000000,3,2
2017-11-26,10000037,31538,1260603.15,1260603.15,1260603.15,2,2
2017-11-26,10000037,31541,750000,750000,750000,1,1
2017-11-26,10000037,31552,967564.74,967564.74,967564.74,1,1
2017-11-26,10000037,31562,615261.37,615261.37,615261.37,2,1
2017-11-26,10000037,31586,376793.38,300000,453586.75,2,2
2017-11-26,10000037,31588,1600000,1600000,1600000,2,2
2017-11-26,10000037,31646,1900000,1900000,1900000,1,1
2017-11-26,10000037,31716,280000,270000,300000,3,3
2017-11-26,10000037,31718,1050000,1050000,1050000,1,1
2017-11-26,10000037,31724,7500000,7500000,7500000,1,1
2017-11-26,10000037,31730,732598.27,732598.27,732598.27,3,3
2017-11-26,10000037,31740,230000,160000,300000,2,2
2017-11-26,10000037,31742,230999.97,230999.97,230999.97,4,3
2017-11-26,10000037,31752,300000,300000,300000,4,4
2017-11-26,10000037,31754,1000436.33,1000000.01,1011780.75,27,3
2017-11-26,10000037,31788,491591.85,491591.85,491591.85,6,5
2017-11-26,10000037,31790,2787925.99,2700000,2840000,13,6
2017-11-26,10000037,31796,27916794.58,27898999.99,27934589.16,2,2
2017-11-26,10000037,31818,1799999,1799999,1799999,1,1
2017-11-26,10000037,31864,3141592.65,3141592.65,3141592.65,5,1
2017-11-26,10000037,31876,4334000,4334000,4334000,5,1
2017-11-26,10000037,31882,2432000,2432000,2432000,4,3
2017-11-26,10000037,31884,2975000,2975000,2975000,4,1
2017-11-26,10000037,32033,323994,323994,323994,2,2
2017-11-26,10000037,32041,719998.8,719998.8,719998.8,1,1
2017-11-26,10000037,32043,2847997.57,2795995.13,2900000,2,2
2017-11-26,10000037,32044,750000,750000,750000,1,1
2017-11-26,10000037,32083,2200000,2200000,2200000,1,1
2017-11-26,10000037,32309,649900000,649900000,649900000,1,1
2017-11-26,10000037,32787,29329.8,23500,39000,72,13
2017-11-26,10000037,32797,500000,500000,500000,2,2
2017-11-26,10000037,32817,1060000,1060000,1060000,3,3
2017-11-26,10000037,32819,1030000,990000,1050000,3,2
2017-11-26,10000037,32820,750000,750000,750000,1,1
2017-11-26,10000037,32855,7000000,7000000,7000000,1,1
2017-11-26,10000037,32872,1302916.67,1300000,1347500,6,6
2017-11-26,10000037,32876,602499.99,55000,1149999.97,2,2
2017-11-26,10000037,32878,1229424.98,1175999.96,1336275.01,3,2
2017-11-26,10000037,32880,254386.32,195000,292000,61,26
2017-11-26,10000037,32881,5677777.77,5677777.77,5677777.77,1,1
2017-11-26,10000037,32918,40000,40000,40000,3,3
2017-11-26,10000037,32982,29986000,29986000,29986000,2,2
2017-11-26,10000037,32999,200000,200000,200000,1,1
2017-11-26,10000037,33000,200000,200000,200000,3,3
2017-11-26,10000037,33001,200000,200000,200000,2,2
2017-11-26,10000037,33002,200000,200000,200000,1,1
2017-11-26,10000037,33011,30000,30000,30000,9,2
2017-11-26,10000037,33076,555554.99,555554.99,555554.99,2,2
2017-11-26,10000037,33078,1000000,1000000,1000000,5,5
2017-11-26,10000037,33091,100000,100000,100000,6,6
2017-11-26,10000037,33092,98166.67,89000,100000,6,6
2017-11-26,10000037,33093,93333.33,80000,100000,6,6
2017-11-26,10000037,33095,1000000,1000000,1000000,3,3
2017-11-26,10000037,33096,1000000,1000000,1000000,8,7
2017-11-26,10000037,33097,1000000,1000000,1000000,3,3
2017-11-26,10000037,33103,439000,439000,439000,1,1
2017-11-26,10000037,33138,1500000,1500000,1500000,1,1
2017-11-26,10000037,33140,26999996.25,21000000,28999995,4,2
2017-11-26,10000037,33141,21850000,21850000,21850000,1,1
2017-11-26,10000037,33149,12200000,12200000,12200000,1,1
2017-11-26,10000037,33176,128000,128000,128000,1,1
2017-11-26,10000037,33177,600000,600000,600000,1,1
2017-11-26,10000037,33178,158000,158000,158000,1,1
2017-11-26,10000037,33179,600000,600000,600000,1,1
2017-11-26,10000037,33180,242036.6,242000,242109.8,6,4
2017-11-26,10000037,33181,600000,600000,600000,1,1
2017-11-26,10000037,33199,1300000,1300000,1300000,2,1
2017-11-26,10000037,33201,1300000,1300000,1300000,2,1
2017-11-26,10000037,33359,94998,94998,94998,134,1
2017-11-26,10000037,33399,5000000,5000000,5000000,2,2
2017-11-26,10000037,33407,36000000,36000000,36000000,2,2
2017-11-26,10000037,33440,175486.52,175486.52,175486.52,6,1
2017-11-26,10000037,33467,3000000,3000000,3000000,3,3
2017-11-26,10000037,33468,69999888,69999888,69999888,1,1
2017-11-26,10000037,33470,320000000,320000000,320000000,1,1
2017-11-26,10000037,33474,2103798.61,2100000,2107296.86,5,4
2017-11-26,10000037,33475,9535892.92,4104123,9993745,13,11
2017-11-26,10000037,33569,50,50,50,200,1
2017-11-26,10000037,33571,100,100,100,100,1
2017-11-26,10000037,33572,100,100,100,100,1
2017-11-26,10000037,33573,100,100,100,100,1
2017-11-26,10000037,33681,99765000,99765000,99765000,2,2
2017-11-26,10000037,33697,34488988.84,34488988.84,34488988.84,1,1
2017-11-26,10000037,33699,100000,100000,100000,10,10
2017-11-26,10000037,33707,500000,500000,500000,1,1
2017-11-26,10000037,33824,1330994.94,1330994.94,1330994.94,4,1
2017-11-26,10000037,33894,4600000,4600000,4600000,1,1
2017-11-26,10000037,34201,278728.74,250286,392500,5,5
2017-11-26,10000037,34203,146403.96,146403.96,146403.96,6,6
2017-11-26,10000037,34204,916215.2,835894,1237500,5,5
2017-11-26,10000037,34205,110421.97,90632.95,150000,3,3
2017-11-26,10000037,34206,68000,20000,100000,5,3
2017-11-26,10000037,34268,1196000,1196000,1196000,7,2
2017-11-26,10000037,34306,4799998.78,4799998.78,4799998.78,4,1
2017-11-26,10000037,34327,35000000,35000000,35000000,1,1
2017-11-26,10000037,34496,1333055.5,666111,2000000,2,2
2017-11-26,10000037,35658,2402.22,1202.5,12000,9,5
2017-11-26,10000037,35659,5,5,5,1,1
2017-11-26,10000037,35660,23749.1,18998.2,28500,2,2
2017-11-26,10000037,35661,250500.5,1001,500000,2,2
2017-11-26,10000037,35680,1000000,1000000,1000000,1,1
2017-11-26,10000037,35685,1000000,1000000,1000000,1,1
2017-11-26,10000037,35770,88000,88000,88000,1,1
2017-11-26,10000037,36801,125000,125000,125000,1,1
2017-11-26,10000037,37135,36900000,36900000,36900000,2,1
2017-11-26,10000037,37450,497165,497165,497165,2,1
2017-11-26,10000037,37544,926,926,926,3,3
2017-11-26,10000037,37608,1150003.36,1150003.36,1150003.36,8,8
2017-11-26,10000037,37610,1100000,1100000,1100000,12,11
2017-11-26,10000037,37611,1100000,1100000,1100000,19,18
2017-11-26,10000037,37796,5000000,5000000,5000000,1,1
2017-11-26,10000037,37798,5000000,5000000,5000000,1,1
2017-11-26,10000037,37799,5000000,5000000,5000000,1,1
2017-11-26,10000037,37855,8000000,8000000,8000000,1,1
2017-11-26,10000037,37856,8000000,8000000,8000000,1,1
2017-11-26,10000037,37857,8000000,8000000,8000000,1,1
2017-11-26,10000037,37858,20000000,20000000,20000000,1,1
2017-11-26,10000037,37859,20000000,20000000,20000000,1,1
2017-11-26,10000037,37860,20000000,20000000,20000000,1,1
2017-11-26,10000037,38660,3500000,3500000,3500000,1,1
2017-11-26,10000037,40328,4000000,4000000,4000000,3,2
2017-11-26,10000037,40519,367875638.66,315955342.95,419795934.37,2,2
2017-11-26,10000037,40520,795085713.71,794799999,795800000,7,4
2017-11-26,10000037,41034,1150000,1150000,1150000,2,1
2017-11-26,10000037,41054,300000,300000,300000,3,3
2017-11-26,10000037,41155,28404,28404,28404,1,1
2017-11-26,10000037,41481,512470,512470,512470,1,1
2017-11-26,10000037,42529,525521.77,525521.77,525521.77,1,1
2017-11-26,10000037,42695,1266.99,1250,1283.98,1000,2
2017-11-26,10000037,42696,1250,1250,1250,500,1
2017-11-26,10000037,42829,900,900,900,504200,5
2017-11-26,10000037,42830,900,900,900,527600,5
2017-11-26,10000037,42831,575,575,575,11300,2
2017-11-26,10000037,43694,77999999.99,77999999.99,77999999.99,5,1
2017-11-26,10000037,43699,75884.37,73007.18,86000,21,5
2017-11-26,10000037,43700,5999999.99,5999999.99,5999999.99,11,4
2017-11-26,10000037,43702,80000,80000,80000,4,4
2017-11-26,10000037,43703,18000000,18000000,18000000,2,2
2017-11-26,10000037,44067,250000000,250000000,250000000,1,1
2017-11-26,10000037,44992,3036000.01,3036000.01,3036000.02,5825,25
2017-11-26,10000037,45635,166033333.33,166000000,166100000,3,3
2017-11-26,10000037,45746,1000000,1000000,1000000,2,2
2017-11-26,10000037,45876,500000,500000,500000,1,1
2017-11-26,10000037,45998,1800804.06,1400000,1845337.84,10,2
2017-11-26,10000037,46008,5565000,4000000,10275000,35,12
2017-11-26,10000037,46154,20000000,20000000,20000000,1,1
2017-11-26,10000037,46155,25000000,25000000,25000000,1,1
2017-11-26,10000037,46156,30000000,30000000,30000000,1,1
2017-11-26,10000037,46166,10000000,10000000,10000000,1,1
2017-11-26,10000037,46168,10000000,10000000,10000000,1,1
2017-11-26,10000037,46170,10000000,10000000,10000000,1,1
2017-11-26,10000037,46172,10000000,10000000,10000000,1,1
2017-11-26,10000037,46173,10000000,10000000,10000000,1,1
2017-11-26,10000037,46174,10000000,10000000,10000000,1,1
2017-11-26,10000037,46176,10000000,10000000,10000000,1,1
2017-11-26,10000037,46177,10000000,10000000,10000000,1,1
2017-11-26,10000037,46178,10000000,10000000,10000000,1,1
2017-11-26,10000037,46179,10000000,10000000,10000000,1,1
2017-11-26,10000037,46180,10000000,10000000,10000000,1,1
2017-11-26,10000037,46181,10000000,10000000,10000000,1,1
2017-11-26,10000037,46182,10000000,10000000,10000000,1,1
2017-11-26,10000037,46183,10000000,10000000,10000000,1,1
2017-11-26,10000037,46185,10000000,10000000,10000000,1,1
2017-11-26,10000037,46186,10000000,10000000,10000000,1,1
2017-11-26,10000037,46204,20000000,20000000,20000000,1,1
2017-11-26,10000037,46205,20000000,20000000,20000000,1,1
2017-11-26,10000037,46206,20000000,20000000,20000000,1,1
2017-11-26,10000037,46207,20000000,20000000,20000000,1,1
2017-11-26,10000037,46208,20000000,20000000,20000000,1,1
2017-11-26,10000037,46209,20000000,20000000,20000000,1,1
2017-11-26,10000037,46210,20000000,20000000,20000000,1,1
2017-11-26,10000037,46211,20000000,20000000,20000000,1,1
2017-11-26,10000037,46212,20000000,20000000,20000000,1,1
2017-11-26,10000037,46213,20000000,20000000,20000000,1,1
2017-11-26,10000037,46214,20000000,20000000,20000000,1,1
2017-11-26,10000037,46215,20000000,20000000,20000000,1,1
2017-11-26,10000037,46216,20000000,20000000,20000000,1,1
2017-11-26,10000037,46217,20000000,20000000,20000000,1,1
2017-11-26,10000037,46218,20000000,20000000,20000000,1,1
2017-11-26,10000037,46352,10000000,10000000,10000000,1,1
2017-11-26,10000037,46359,10000000,10000000,10000000,1,1
2017-11-26,10000038,34,3,3,3,359431,6
2017-11-26,10000038,35,4,4,4,131171,5
2017-11-26,10000038,36,60,60,60,231,2
2017-11-26,10000038,37,33.06,33.06,33.06,5,1
2017-11-26,10000038,38,300,300,300,12,2
2017-11-26,10000038,215,2,2,2,100,1
2017-11-26,10000038,216,3,3,3,200,1
2017-11-26,10000038,217,4,4,4,3811,1
2017-11-26,10000038,218,5,5,5,100,1
2017-11-26,10000038,219,6,6,6,100,1
2017-11-26,10000038,220,7,7,7,100,1
2017-11-26,10000038,222,40,40,40,5120,3
2017-11-26,10000038,230,140,140,140,2084,1
2017-11-26,10000038,242,1,1,1,8,1
2017-11-26,10000038,264,889.98,889.98,889.98,5000,1
2017-11-26,10000038,438,4100000,4100000,4100000,1,1
2017-11-26,10000038,444,25454.55,15000,130000,11,2
2017-11-26,10000038,448,2025000,1700000,2350000,2,2
2017-11-26,10000038,482,1356814.13,1356814.13,1356814.13,2,1
2017-11-26,10000038,527,1100999.99,1100999.99,1100999.99,1,1
2017-11-26,10000038,578,3000,3000,3000,3,1
2017-11-26,10000038,587,1235000,1235000,1235000,6,1
2017-11-26,10000038,589,355186.96,350000,427804.34,15,15
2017-11-26,10000038,591,571999.84,571999.84,571999.84,2,2
2017-11-26,10000038,597,450000,450000,450000,1,1
2017-11-26,10000038,603,959417.8,959417.8,959417.8,2,2
2017-11-26,10000038,608,441000,441000,441000,1,1
2017-11-26,10000038,609,352500,352500,352500,3,3
2017-11-26,10000038,621,9780000,9780000,9780000,1,1
2017-11-26,10000038,624,10000000,10000000,10000000,1,1
2017-11-26,10000038,649,1100000,1100000,1100000,1,1
2017-11-26,10000038,656,1400000,1400000,1400000,1,1
2017-11-26,10000038,672,42634.08,33170.45,44999.99,5,5
2017-11-26,10000038,1183,603000,603000,603000,3,2
2017-11-26,10000038,1195,20000,20000,20000,6,1
2017-11-26,10000038,1224,33,33,33,60,1
2017-11-26,10000038,1226,300,300,300,2720,1
2017-11-26,10000038,1230,12.75,12.75,12.75,58,1
2017-11-26,10000038,1306,349999,349999,349999,1,1
2017-11-26,10000038,1447,974999.97,974999.97,974999.97,1,1
2017-11-26,10000038,1964,1840000,1840000,1840000,3,1
2017-11-26,10000038,2048,1115000.99,1000000,1230001.98,2,2
2017-11-26,10000038,2175,1428872.31,1428872.31,1428872.31,3,2
2017-11-26,10000038,2195,2850000,2850000,2850000,5,1
2017-11-26,10000038,2203,4228.82,4011.88,4500,18,3
2017-11-26,10000038,2204,200000,200000,200000,1,1
2017-11-26,10000038,2205,580293.39,580293.39,580293.39,3,1
2017-11-26,10000038,2406,1000000,1000000,1000000,1,1
2017-11-26,10000038,2446,2350000,2350000,2350000,1,1
2017-11-26,10000038,2454,3097.65,3000,3830,17,4
2017-11-26,10000038,2456,719090.16,578999.99,859180.33,10,2
2017-11-26,10000038,2486,20000,20000,20000,9,1
2017-11-26,10000038,2488,537558.65,517982.62,555591.29,20,5
2017-11-26,10000038,2495,500000,500000,500000,1,1
2017-11-26,10000038,2505,500000,500000,500000,1,1
2017-11-26,10000038,2547,800000,800000,800000,1,1
2017-11-26,10000038,2551,200000,200000,200000,1,1
2017-11-26,10000038,2905,1949999.99,1949999.99,1949999.99,2,1
2017-11-26,10000038,2977,1500000,1500000,1500000,5,1
2017-11-26,10000038,2998,60000000,60000000,60000000,1,1
2017-11-26,10000038,3041,2000000,2000000,2000000,2,1
2017-11-26,10000038,3130,2150000,2150000,2150000,5,1
2017-11-26,10000038,3184,1600000,1600000,1600000,1,1
2017-11-26,10000038,3304,100000,100000,100000,1,1
2017-11-26,10000038,3306,100000,100000,100000,1,1
2017-11-26,10000038,3307,2000000,2000000,2000000,1,1
2017-11-26,10000038,3323,30000,30000,30000,1,1
2017-11-26,10000038,3334,500000,500000,500000,1,1
2017-11-26,10000038,3335,500000,500000,500000,1,1
2017-11-26,10000038,3338,4000000,4000000,4000000,1,1
2017-11-26,10000038,3355,20000,20000,20000,1,1
2017-11-26,10000038,3356,60000,60000,60000,1,1
2017-11-26,10000038,3359,200000,200000,200000,1,1
2017-11-26,10000038,3421,130000,130000,130000,1,1
2017-11-26,10000038,3422,80000,80000,80000,1,1
2017-11-26,10000038,3423,75000,75000,75000,2,2
2017-11-26,10000038,3442,500000,500000,500000,1,1
2017-11-26,10000038,3452,40000,40000,40000,1,1
2017-11-26,10000038,3467,50000,50000,50000,1,1
2017-11-26,10000038,3578,230876,230876,230876,1,1
2017-11-26,10000038,3717,184.64,160,209.28,20,2
2017-11-26,10000038,4027,83000,83000,83000,1,1
2017-11-26,10000038,4254,1457000,1457000,1457000,1,1
2017-11-26,10000038,4411,600000,600000,600000,1,1
2017-11-26,10000038,4477,487600.09,487600.09,487600.09,1,1
2017-11-26,10000038,5399,41476.52,14000,68953.04,2,2
2017-11-26,10000038,5405,140000,140000,140000,1,1
2017-11-26,10000038,5439,30000,25000,35000,2,2
2017-11-26,10000038,5533,790000.43,790000.43,790000.43,2,1
2017-11-26,10000038,5971,1000000,1000000,1000000,1,1
2017-11-26,10000038,5973,524999.75,400000,850000,4,3
2017-11-26,10000038,6001,38999,38999,38999,2,2
2017-11-26,10000038,6296,484999.94,484999.94,484999.94,1,1
2017-11-26,10000038,6443,4000,4000,4000,1,1
2017-11-26,10000038,6963,1490000,1490000,1490000,5,1
2017-11-26,10000038,7535,1490000,1490000,1490000,8,1
2017-11-26,10000038,8177,690000.43,690000.43,690000.43,1,1
2017-11-26,10000038,8517,3500000,3500000,3500000,2,1
2017-11-26,10000038,9850,525.7,525.7,525.7,29791,3
2017-11-26,10000038,9852,44.4,44.4,44.4,440525,8
2017-11-26,10000038,9950,6894847.66,6684543,6999999.99,3,3
2017-11-26,10000038,10208,24699999.94,24699999.94,24699999.94,1,1
2017-11-26,10000038,10212,23499999.93,23499999.93,23499999.93,1,1
2017-11-26,10000038,10216,25500000,25500000,25500000,1,1
2017-11-26,10000038,10221,25700000,25700000,25700000,1,1
2017-11-26,10000038,10225,24699996.57,24699996.57,24699996.57,1,1
2017-11-26,10000038,10246,23076.92,4000,35000,13,3
2017-11-26,10000038,10998,199999.99,199999.99,199999.99,10,1
2017-11-26,10000038,11105,790000.67,790000.67,790000.67,2,2
2017-11-26,10000038,11129,22000,22000,22000,2,2
2017-11-26,10000038,11132,566704.74,566704.74,566704.74,1,1
2017-11-26,10000038,11134,247653.28,247653.28,247653.28,1,1
2017-11-26,10000038,11269,1499999.99,1499999.99,1499999.99,1,1
2017-11-26,10000038,11289,4700,4700,4700,11,1
2017-11-26,10000038,11489,325000,325000,325000,1,1
2017-11-26,10000038,11566,120000,120000,120000,1,1
2017-11-26,10000038,12092,1000000,1000000,1000000,1,1
2017-11-26,10000038,12093,4000000,4000000,4000000,2,2
2017-11-26,10000038,12096,28000000,28000000,28000000,2,2
2017-11-26,10000038,12196,300000,300000,300000,1,1
2017-11-26,10000038,12203,18989989,18989989,18989989,1,1
2017-11-26,10000038,12209,18989889,18989889,18989889,1,1
2017-11-26,10000038,12305,100000,100000,100000,2,2
2017-11-26,10000038,12365,120000,120000,120000,1,1
2017-11-26,10000038,12366,120000,120000,120000,1,1
2017-11-26,10000038,12367,120000,120000,120000,1,1
2017-11-26,10000038,12484,8000000,8000000,8000000,1,1
2017-11-26,10000038,12563,750000,750000,750000,2,1
2017-11-26,10000038,12565,245935.59,100000,1000000,6,3
2017-11-26,10000038,12608,669.65,669.65,669.65,1000,1
2017-11-26,10000038,12612,65,65,65,3400,2
2017-11-26,10000038,12614,34,34,34,3400,2
2017-11-26,10000038,12625,80,80,80,1000,1
2017-11-26,10000038,12633,70,70,70,1000,1
2017-11-26,10000038,13119,399.65,399.65,399.65,400,1
2017-11-26,10000038,13279,250000,250000,250000,1,1
2017-11-26,10000038,15331,400,400,400,244,1
2017-11-26,10000038,15479,6780000,6780000,6780000,1,1
2017-11-26,10000038,16240,1075000,1075000,1075000,1,1
2017-11-26,10000038,16242,1108800,1108800,1108800,1,1
2017-11-26,10000038,16262,172000,172000,172000,12,1
2017-11-26,10000038,16273,420.93,349.99,680,3600,11
2017-11-26,10000038,16469,500001,500001,500001,1,1
2017-11-26,10000038,16527,20000,20000,20000,1,1
2017-11-26,10000038,16640,3720,3720,3720,60,1
2017-11-26,10000038,17366,1500000,1500000,1500000,1,1
2017-11-26,10000038,17448,340,340,340,1308,1
2017-11-26,10000038,17470,13,13,13,316358,3
2017-11-26,10000038,17471,13,13,13,74960,2
2017-11-26,10000038,17480,17999992.21,17999992.21,17999992.21,1,1
2017-11-26,10000038,17482,2347514.98,2347514.98,2347514.98,2,2
2017-11-26,10000038,17703,25999998,25999998,25999998,1,1
2017-11-26,10000038,17794,3399999.86,3399999.86,3399999.86,7,1
2017-11-26,10000038,17795,1111111,1111111,1111111,1,1
2017-11-26,10000038,17841,17749999.99,17749999.99,17749999.99,1,1
2017-11-26,10000038,18639,150000,150000,150000,1,1
2017-11-26,10000038,19722,1970000000,1970000000,1970000000,1,1
2017-11-26,10000038,19921,90000,90000,90000,2,2
2017-11-26,10000038,19970,300,300,300,500,1
2017-11-26,10000038,20525,100000000,100000000,100000000,1,1
2017-11-26,10000038,20533,400000000,400000000,400000000,1,1
2017-11-26,10000038,21059,120000,120000,120000,1,1
2017-11-26,10000038,21096,4099998.6,3999998,4499999,5,3
2017-11-26,10000038,21603,10000000,10000000,10000000,2,2
2017-11-26,10000038,21803,17500000,17500000,17500000,1,1
2017-11-26,10000038,21898,500,500,500,1500,2
2017-11-26,10000038,21924,650,650,650,2500,2
2017-11-26,10000038,22043,25000000,25000000,25000000,1,1
2017-11-26,10000038,22291,850000,850000,850000,1,1
2017-11-26,10000038,22578,80000,80000,80000,1,1
2017-11-26,10000038,22961,540,540,540,8300,1
2017-11-26,10000038,23009,544,544,544,2000,2
2017-11-26,10000038,23025,890,890,890,2000,1
2017-11-26,10000038,23071,385022.86,385022.86,385022.86,6,1
2017-11-26,10000038,23606,150000,150000,150000,1,1
2017-11-26,10000038,23618,50000,50000,50000,2,2
2017-11-26,10000038,23707,40450.19,40450.19,40450.19,5,1
2017-11-26,10000038,24241,50000,50000,50000,3,3
2017-11-26,10000038,24348,1708176,1708176,1708176,1,1
2017-11-26,10000038,24471,49.98,49.98,49.98,5600,3
2017-11-26,10000038,24568,10000000,10000000,10000000,1,1
2017-11-26,10000038,25590,45000.01,45000.01,45000.01,3,1
2017-11-26,10000038,25592,520.24,520.24,520.24,1,1
2017-11-26,10000038,25594,1000.94,1000.94,1000.94,16,4
2017-11-26,10000038,25596,495.01,495.01,495.01,1,1
2017-11-26,10000038,25597,2000.13,2000.13,2000.13,10,1
2017-11-26,10000038,25599,616.01,616.01,616.01,15,3
2017-11-26,10000038,25600,14450.01,14450.01,14450.01,11,2
2017-11-26,10000038,25601,1615.01,1615.01,1615.01,6,2
2017-11-26,10000038,25603,416.01,416.01,416.01,23,2
2017-11-26,10000038,25605,8626.01,8626.01,8626.01,3,2
2017-11-26,10000038,25613,7865.89,7865.89,7865.89,1,1
2017-11-26,10000038,25616,501.24,501.24,501.24,2,2
2017-11-26,10000038,25810,450000,450000,450000,1,1
2017-11-26,10000038,25861,125000,125000,125000,8,1
2017-11-26,10000038,26929,649999.99,649999.99,649999.99,2,1
2017-11-26,10000038,26931,5000000,5000000,5000000,1,1
2017-11-26,10000038,27441,1872.35,1872.35,1872.35,5000,1
2017-11-26,10000038,27936,10000000,10000000,10000000,1,1
2017-11-26,10000038,28576,1000000,1000000,1000000,8,3
2017-11-26,10000038,28668,28000,28000,28000,381,6
2017-11-26,10000038,28879,1000000,1000000,1000000,1,1
2017-11-26,10000038,28880,5000000,5000000,5000000,1,1
2017-11-26,10000038,28999,20989.98,20989.98,20989.98,8,1
2017-11-26,10000038,29001,9999.99,9999.99,9999.99,2,1
2017-11-26,10000038,29009,10000,10000,10000,8,1
2017-11-26,10000038,30987,450000,450000,450000,2,1
2017-11-26,10000038,31280,6750000,6750000,6750000,1,1
2017-11-26,10000038,31370,640000,640000,640000,1,1
2017-11-26,10000038,31406,500000,500000,500000,2,1
2017-11-26,10000038,31680,625000,625000,625000,1,1
2017-11-26,10000038,31788,370804.39,370804.39,370804.39,20,1
2017-11-26,10000038,31880,1502500,1502500,1502500,1,1
2017-11-26,10000038,31998,49999.95,49999.95,49999.95,10,1
2017-11-26,10000038,32006,123666.66,7500,134999.99,45,7
2017-11-26,10000038,32014,256607.14,240000,375000,28,4
2017-11-26,10000038,32787,123749.99,59999.99,230000,8,2
2017-11-26,10000038,32797,500000,500000,500000,1,1
2017-11-26,10000038,32874,1200000,1200000,1200000,1,1
2017-11-26,10000038,32880,440000,440000,440000,1,1
2017-11-26,10000038,32918,40000,40000,40000,1,1
2017-11-26,10000038,33076,596349.5,525000,667698.99,2,2
2017-11-26,10000038,33091,100000,100000,100000,1,1
2017-11-26,10000038,33094,100000,100000,100000,1,1
2017-11-26,10000038,33332,49997.38,49997.38,49997.38,101,3
2017-11-26,10000038,33467,3000000,3000000,3000000,1,1
2017-11-26,10000038,33475,10849999.89,10849999.89,10849999.89,1,1
2017-11-26,10000038,33699,100000,100000,100000,2,2
2017-11-26,10000038,33890,999998.9,999998.9,999998.9,3,1
2017-11-26,10000038,34133,1200000000,1200000000,1200000000,1,1
2017-11-26,10000038,34496,2399998.98,2399998.98,2399998.98,1,1
2017-11-26,10000038,35656,120000,120000,120000,1,1
2017-11-26,10000038,37604,1291000000,1291000000,1291000000,1,1
2017-11-26,10000038,40328,4000000,4000000,4000000,1,1
2017-11-26,10000038,40519,284000000.06,284000000.06,284000000.06,5,1
2017-11-26,10000038,40520,825740000,819800000,829700000,5,4
2017-11-26,10000038,40572,100000000,100000000,100000000,1,1
2017-11-26,10000038,40573,100000000,100000000,100000000,1,1
2017-11-26,10000038,41490,1185000,1185000,1185000,2,1
2017-11-26,10000038,42839,4940.87,4940.87,4940.87,200,1
2017-11-26,10000038,42840,6549.73,6549.73,6549.73,200,1
2017-11-26,10000038,44992,2980001,2980001,2980001,487,4
2017-11-26,10000038,45635,174800000.01,174800000.01,174800000.01,2,1
2017-11-26,10000038,46166,10000000,10000000,10000000,1,1
2017-11-26,10000038,46167,10000000,10000000,10000000,1,1
2017-11-26,10000038,46168,10000000,10000000,10000000,1,1
2017-11-26,10000038,46169,10000000,10000000,10000000,1,1
2017-11-26,10000038,46179,10000000,10000000,10000000,1,1
2017-11-26,10000038,46181,10000000,10000000,10000000,1,1
2017-11-26,10000038,46212,20000000,20000000,20000000,1,1
2017-11-26,10000038,46678,3700,3700,3700,2000,1
2017-11-26,10000039,34,5.2,4.83,6,20335788,12
2017-11-26,10000039,35,2.89,2.89,2.89,16610170,11
2017-11-26,10000039,36,62.08,62.06,62.1,5512793,12
2017-11-26,10000039,37,39.5,39.5,39.5,599201,8
2017-11-26,10000039,38,379.79,379.79,379.79,269730,14
2017-11-26,10000039,39,1045,1045,1045,166653,14
2017-11-26,10000039,40,1349.99,1349.99,1349.99,42542,8
2017-11-26,10000039,44,5000,5000,5000,1160,2
2017-11-26,10000039,178,25,25,25,3000,1
2017-11-26,10000039,185,37.61,37.61,37.61,9391,6
2017-11-26,10000039,199,567.95,567.95,567.95,12000,2
2017-11-26,10000039,201,298.39,298.39,298.39,21326,4
2017-11-26,10000039,202,349.91,349.91,349.91,6000,2
2017-11-26,10000039,212,51.95,51.95,51.95,1107,3
2017-11-26,10000039,222,33.77,33.77,33.77,19301,5
2017-11-26,10000039,223,125,125,125,1000,1
2017-11-26,10000039,224,200,200,200,6800,1
2017-11-26,10000039,229,49.99,49.99,49.99,1000,1
2017-11-26,10000039,232,125,125,125,1000,1
2017-11-26,10000039,246,1,1,1,3,1
2017-11-26,10000039,255,2,2,2,1,1
2017-11-26,10000039,256,1.02,1.02,1.02,2,2
2017-11-26,10000039,257,1.02,1.02,1.02,1,1
2017-11-26,10000039,258,1.03,1.03,1.03,1,1
2017-11-26,10000039,259,1.2,1.2,1.2,1,1
2017-11-26,10000039,261,100,100,100,2,2
2017-11-26,10000039,262,500,500,500,2,2
2017-11-26,10000039,264,3000,3000,3000,50,1
2017-11-26,10000039,377,56181.81,49999.99,74727.27,4,4
2017-11-26,10000039,380,1189969.66,1189969.46,1189969.93,7,6
2017-11-26,10000039,400,339847.22,338999.92,340016.68,6,2
2017-11-26,10000039,434,368998.24,368998.24,368998.24,1,1
2017-11-26,10000039,438,2493104.73,208904.05,2949944.86,6,6
2017-11-26,10000039,440,4996000,4990000,5000000,5,5
2017-11-26,10000039,442,10000,10000,10000,2,2
2017-11-26,10000039,444,346000,346000,346000,1,1
2017-11-26,10000039,448,2007812.5,2000000,2250000,32,27
2017-11-26,10000039,482,936458.96,936458.96,936458.96,6,3
2017-11-26,10000039,499,100000,100000,100000,4,2
2017-11-26,10000039,519,1843701.41,1799989.99,1999905.98,32,16
2017-11-26,10000039,526,150000.29,150000.29,150000.29,1,1
2017-11-26,10000039,527,1213742.36,1199999.99,1516074.46,23,13
2017-11-26,10000039,564,311000,311000,311000,3,1
2017-11-26,10000039,565,200000,200000,200000,5,1
2017-11-26,10000039,578,398999.98,398999.98,398999.98,3,3
2017-11-26,10000039,580,99999.99,99999.99,99999.99,1,1
2017-11-26,10000039,584,649999.78,649999.78,649999.78,1,1
2017-11-26,10000039,586,250000,250000,250000,1,1
2017-11-26,10000039,589,576333.29,576333.29,576333.29,1,1
2017-11-26,10000039,593,574999.45,574999.45,574999.45,3,3
2017-11-26,10000039,603,473000,473000,473000,1,1
2017-11-26,10000039,605,665000,665000,665000,1,1
2017-11-26,10000039,607,480008.49,480008.49,480008.49,2,2
2017-11-26,10000039,608,549999.95,549999.95,549999.95,1,1
2017-11-26,10000039,609,697399.88,697399.85,697399.89,3,2
2017-11-26,10000039,621,7739998,7500000,7900000,5,4
2017-11-26,10000039,622,9999989.88,9999989.78,9999989.97,2,2
2017-11-26,10000039,623,9385704.93,9385704.93,9385704.93,2,2
2017-11-26,10000039,626,9388998.33,9188997,9488998.99,3,3
2017-11-26,10000039,627,10954808.9,10819235.59,11000000,4,3
2017-11-26,10000039,632,9489996.96,9489996.96,9489996.96,1,1
2017-11-26,10000039,638,160000000,160000000,160000000,1,1
2017-11-26,10000039,640,165000000,165000000,165000000,1,1
2017-11-26,10000039,648,1500000,1500000,1500000,1,1
2017-11-26,10000039,649,1989992.19,1989992.19,1989992.19,3,3
2017-11-26,10000039,650,2002306.54,1999990.98,2009253.2,4,4
2017-11-26,10000039,652,1899995.4,1899995.4,1899995.4,1,1
2017-11-26,10000039,653,1899985.79,1899985.79,1899985.79,5,4
2017-11-26,10000039,654,1818748.17,1799997.69,1875000,4,4
2017-11-26,10000039,655,1718996.29,1718996.29,1718996.29,1,1
2017-11-26,10000039,656,1841922.56,1833845.11,1850000,2,2
2017-11-26,10000039,657,1993592.02,1990000,1998995.39,13,12
2017-11-26,10000039,672,76810.77,76418.69,77986.99,4,4
2017-11-26,10000039,1182,711065.15,666666,719944.98,12,12
2017-11-26,10000039,1183,862004.39,707066.41,892989.98,6,6
2017-11-26,10000039,1236,699943.97,699887.99,699999.95,10,10
2017-11-26,10000039,1248,1598887.8,1598887.8,1598887.8,1,1
2017-11-26,10000039,1306,488504.2,460016.95,497999.95,4,3
2017-11-26,10000039,1317,96623.76,96623.76,96623.76,2,1
2017-11-26,10000039,1319,900016.99,900016.99,900016.99,135,41
2017-11-26,10000039,1335,442499,420000,599992,16,7
2017-11-26,10000039,1353,309999.8,309999.8,309999.8,1,1
2017-11-26,10000039,1355,772221.93,550000.09,799999.66,9,7
2017-11-26,10000039,1403,130363.63,130000,131000,11,5
2017-11-26,10000039,1405,649995.02,649995,649995.02,149,70
2017-11-26,10000039,1422,690909.04,150000,999999.92,11,3
2017-11-26,10000039,1447,736461.74,110006.98,819989.97,17,10
2017-11-26,10000039,1541,1219997.29,1219992.43,1219997.99,16,13
2017-11-26,10000039,1875,99749.92,99599.92,99999.91,8,2
2017-11-26,10000039,1877,1924700.96,1924700.89,1924701.45,40,5
2017-11-26,10000039,1944,1499999.99,1499999.99,1499999.99,1,1
2017-11-26,10000039,1952,1902514.7,1899999.9,1945266.69,18,12
2017-11-26,10000039,1969,1700000,1700000,1700000,2,1
2017-11-26,10000039,1978,1948999.95,1948999.95,1948999.95,7,3
2017-11-26,10000039,1987,1180006.75,1180006.46,1180006.89,3,3
2017-11-26,10000039,1999,1105885.66,501000.14,1198944.97,15,8
2017-11-26,10000039,2006,9999997.84,9999997.84,9999997.84,1,1
2017-11-26,10000039,2024,1289999.98,1289999.97,1289999.99,2,2
2017-11-26,10000039,2032,383348.67,87866.97,548973.2,17,8
2017-11-26,10000039,2038,1249999.83,1249999.83,1249999.83,2,2
2017-11-26,10000039,2046,18161.68,12000,36646.71,4,4
2017-11-26,10000039,2048,562555.36,470041.42,564921.99,80,73
2017-11-26,10000039,2109,1190000,1190000,1190000,1,1
2017-11-26,10000039,2175,1339955.94,1339955.67,1339968,47,7
2017-11-26,10000039,2185,1371367.97,1335312.03,1450000,29,8
2017-11-26,10000039,2193,186128.2,186128.2,186128.2,12,1
2017-11-26,10000039,2195,2199999.99,2199999.99,2199999.99,232,33
2017-11-26,10000039,2203,5144.66,5000,7893.2,20,4
2017-11-26,10000039,2205,524993.85,524993.8,524993.85,164,24
2017-11-26,10000039,2254,999998.39,999998.39,999998.39,1,1
2017-11-26,10000039,2267,2.5,2.5,2.5,450000,1
2017-11-26,10000039,2281,2985444.78,1594977.19,3149999.99,56,42
2017-11-26,10000039,2293,500000,500000,500000,1,1
2017-11-26,10000039,2301,2473087.47,650290.43,2698999.98,42,27
2017-11-26,10000039,2303,2065916.78,329692.17,2499966.38,25,14
2017-11-26,10000039,2319,14988,14988,14988,12,3
2017-11-26,10000039,2331,150000,150000,150000,1,1
2017-11-26,10000039,2333,1126294.48,99978.16,1499849.45,10,9
2017-11-26,10000039,2351,120000,120000,120000,12,1
2017-11-26,10000039,2352,159999,159999,159999,4,1
2017-11-26,10000039,2364,1135922.5,1135921.98,1135922.78,13,6
2017-11-26,10000039,2398,420,420,420,30155,1
2017-11-26,10000039,2403,10999999.99,10999999.99,10999999.99,1,1
2017-11-26,10000039,2404,1999999.82,1999999.8,2000000,29,10
2017-11-26,10000039,2406,1799999.99,1799999.99,1799999.99,1,1
2017-11-26,10000039,2410,1350260.62,1350260.62,1350260.62,1,1
2017-11-26,10000039,2444,200000,200000,200000,33,2
2017-11-26,10000039,2446,2161732.28,2099999.99,2249999.95,17,5
2017-11-26,10000039,2454,10000,10000,10000,4,1
2017-11-26,10000039,2456,502615.62,497243.13,502999.3,75,16
2017-11-26,10000039,2476,145000,145000,145000,5,1
2017-11-26,10000039,2478,2449999.99,2449999.99,2449999.99,10,1
2017-11-26,10000039,2486,11500.02,11500.02,11500.02,21,3
2017-11-26,10000039,2488,469965.97,469965.15,469979.22,157,34
2017-11-26,10000039,2495,999999.99,999999.99,999999.99,1,1
2017-11-26,10000039,2505,999999.99,999999.99,999999.99,1,1
2017-11-26,10000039,2510,1200,1200,1200,3500,1
2017-11-26,10000039,2524,999999.98,999999.98,999999.99,9,7
2017-11-26,10000039,2525,1499983.13,1499983.13,1499983.13,3,2
2017-11-26,10000039,2533,499999.99,499999.99,499999.99,1,1
2017-11-26,10000039,2534,999999.99,999999.99,999999.99,6,5
2017-11-26,10000039,2547,1499699.99,1499699.99,1499699.99,5,1
2017-11-26,10000039,2549,1819999.19,1799999,1899999.98,5,4
2017-11-26,10000039,2550,999999.99,999999.99,999999.99,3,3
2017-11-26,10000039,2551,999999.99,999999.99,999999.99,3,3
2017-11-26,10000039,2553,1499980.69,1499979.69,1499999.93,20,18
2017-11-26,10000039,2567,3000016.93,3000016.9,3000017,12,4
2017-11-26,10000039,2571,2300000,2300000,2300000,3,1
2017-11-26,10000039,2575,2100017,2100017,2100017,1,1
2017-11-26,10000039,2603,7999.62,7999.62,7999.62,3,2
2017-11-26,10000039,2605,391341.69,190200,399857.41,87,47
2017-11-26,10000039,2613,241.16,241.16,241.16,26800,12
2017-11-26,10000039,2621,1047.99,1047.99,1047.99,9135,3
2017-11-26,10000039,2637,1050,1050,1050,21859,3
2017-11-26,10000039,2679,196.58,196.58,196.58,2000,1
2017-11-26,10000039,2817,450,450,450,1000,1
2017-11-26,10000039,2870,1285999.99,1285999.99,1285999.99,8,2
2017-11-26,10000039,2873,798998.89,798998.89,798998.89,6,1
2017-11-26,10000039,2876,2789999.9,2789999.9,2789999.9,4,1
2017-11-26,10000039,2881,898999.99,898999.99,898999.99,8,2
2017-11-26,10000039,2889,730989.81,730989.81,730989.82,26,6
2017-11-26,10000039,2897,1750000,1750000,1750000,2,1
2017-11-26,10000039,2913,2500000,2500000,2500000,6,1
2017-11-26,10000039,2921,1500000,1500000,1500000,16,3
2017-11-26,10000039,2929,5319692.24,5319692.24,5319692.24,8,2
2017-11-26,10000039,2937,2599998.99,2599998.99,2599998.99,4,1
2017-11-26,10000039,2961,7250000,7250000,7250000,8,1
2017-11-26,10000039,2969,2199999.94,2199999.94,2199999.94,4,1
2017-11-26,10000039,2977,1093891.92,1093891.92,1093891.92,3,1
2017-11-26,10000039,2998,72520177.86,57540355.72,87500000,4,4
2017-11-26,10000039,3001,1000000,1000000,1000000,4,2
2017-11-26,10000039,3017,1167898.94,1167898.94,1167898.94,3,1
2017-11-26,10000039,3041,936459,936459,936459,1,1
2017-11-26,10000039,3065,5499963.1,5499963.1,5499963.1,4,2
2017-11-26,10000039,3074,977500,940000,990000,4,3
2017-11-26,10000039,3082,2306314.02,2300000,2539998.99,38,11
2017-11-26,10000039,3098,1100000,1100000,1100000,4,2
2017-11-26,10000039,3146,2500000,2500000,2500000,5,1
2017-11-26,10000039,3162,974969.74,974969.74,974969.74,2,1
2017-11-26,10000039,3170,849933.02,849933.02,849933.02,5,2
2017-11-26,10000039,3178,1248999.78,1248999.78,1248999.78,3,1
2017-11-26,10000039,3184,2166666.63,2099999.95,2500000,6,6
2017-11-26,10000039,3242,448998.44,448998.44,448998.44,1,1
2017-11-26,10000039,3244,1978942.15,1978942.15,1978942.15,33,31
2017-11-26,10000039,3256,8499999.79,8499999.77,8499999.79,4,4
2017-11-26,10000039,3265,8999997.03,8999997.03,8999997.03,1,1
2017-11-26,10000039,3293,599979.97,599979.97,599979.97,1,1
2017-11-26,10000039,3301,499999.93,499999.93,499999.93,1,1
2017-11-26,10000039,3302,499999.98,499999.98,499999.98,1,1
2017-11-26,10000039,3304,699999.99,699999.99,699999.99,1,1
2017-11-26,10000039,3305,699999.99,699999.99,699999.99,1,1
2017-11-26,10000039,3306,699999.99,699999.99,699999.99,1,1
2017-11-26,10000039,3307,3000000,3000000,3000000,1,1
2017-11-26,10000039,3308,3299999.98,3299999.98,3299999.98,2,2
2017-11-26,10000039,3315,1650000,1650000,1650000,1,1
2017-11-26,10000039,3316,300000,300000,300000,1,1
2017-11-26,10000039,3317,400000,400000,400000,1,1
2017-11-26,10000039,3323,500000,500000,500000,1,1
2017-11-26,10000039,3325,899999.99,899999.99,899999.99,1,1
2017-11-26,10000039,3326,999999.99,999999.99,999999.99,2,2
2017-11-26,10000039,3328,99999.97,99999.97,99999.97,1,1
2017-11-26,10000039,3330,100000,100000,100000,2,2
2017-11-26,10000039,3331,99999.96,99999.96,99999.96,1,1
2017-11-26,10000039,3332,999999.98,999999.98,999999.98,1,1
2017-11-26,10000039,3333,599999.96,599999.96,599999.96,1,1
2017-11-26,10000039,3334,599999.95,599999.95,599999.97,6,6
2017-11-26,10000039,3335,599999.97,599999.97,599999.97,1,1
2017-11-26,10000039,3338,5999999.98,5999999.98,5999999.98,5,5
2017-11-26,10000039,3339,5999999.92,5999999.92,5999999.92,1,1
2017-11-26,10000039,3340,899999.97,899999.97,899999.97,4,4
2017-11-26,10000039,3341,2000000,2000000,2000000,1,1
2017-11-26,10000039,3343,1200000,1200000,1200000,1,1
2017-11-26,10000039,3349,799999.99,799999.99,799999.99,1,1
2017-11-26,10000039,3350,3000000,3000000,3000000,3,3
2017-11-26,10000039,3351,2999999.98,2999999.98,2999999.98,2,2
2017-11-26,10000039,3352,999999.99,999999.99,999999.99,2,2
2017-11-26,10000039,3354,3999999.99,3999999.99,3999999.99,1,1
2017-11-26,10000039,3385,599999.99,599999.99,599999.99,1,1
2017-11-26,10000039,3387,499999.99,499999.99,499999.99,2,2
2017-11-26,10000039,3388,2000000,2000000,2000000,2,2
2017-11-26,10000039,3389,499999.89,499999.89,499999.89,1,1
2017-11-26,10000039,3395,699999.99,699999.99,699999.99,1,1
2017-11-26,10000039,3397,3000000,3000000,3000000,1,1
2017-11-26,10000039,3405,499999.83,499999.82,499999.84,4,4
2017-11-26,10000039,3421,2000000,2000000,2000000,3,3
2017-11-26,10000039,3422,2000000,2000000,2000000,1,1
2017-11-26,10000039,3423,499999.99,499999.99,499999.99,2,2
2017-11-26,10000039,3433,599999.99,599999.99,599999.99,6,6
2017-11-26,10000039,3438,100000,100000,100000,1,1
2017-11-26,10000039,3439,275000,275000,275000,1,1
2017-11-26,10000039,3440,299999.98,299999.98,299999.98,1,1
2017-11-26,10000039,3441,474999.98,474999.98,474999.98,2,2
2017-11-26,10000039,3442,999999.99,999999.99,999999.99,3,3
2017-11-26,10000039,3451,1500000,1500000,1500000,2,2
2017-11-26,10000039,3456,13799999.98,13799999.98,13799999.98,1,1
2017-11-26,10000039,3465,300000,300000,300000,1,1
2017-11-26,10000039,3466,599989.48,599989.48,599989.48,2,2
2017-11-26,10000039,3496,1799659.85,1799659.85,1799659.85,1,1
2017-11-26,10000039,3504,4249988.5,4249988.5,4249988.5,3,3
2017-11-26,10000039,3512,1999979.92,1999979.92,1999979.92,8,2
2017-11-26,10000039,3520,2589899.95,2589899.95,2589899.95,10,2
2017-11-26,10000039,3530,2329995.6,2329995.55,2329995.61,31,16
2017-11-26,10000039,3542,421200000.01,420000000,423600000.03,3,3
2017-11-26,10000039,3568,851919.7,851914.69,851924.7,2,2
2017-11-26,10000039,3575,219999999.82,219999999.82,219999999.82,1,1
2017-11-26,10000039,3578,2774507.45,2750000,2799014.9,2,2
2017-11-26,10000039,3598,94980.41,94980.41,94980.41,1,1
2017-11-26,10000039,3616,36999994.36,36999994.36,36999994.36,1,1
2017-11-26,10000039,3683,400,400,400,112663,4
2017-11-26,10000039,3685,2250,2250,2250,2000,1
2017-11-26,10000039,3689,10987.99,10987.99,10987.99,862,4
2017-11-26,10000039,3766,499888.58,499888.58,499888.58,1,1
2017-11-26,10000039,3828,10999.99,10999.99,10999.99,14941,3
2017-11-26,10000039,3829,199145.26,199145.26,199145.26,7,5
2017-11-26,10000039,3831,821940.5,155186.08,839961.44,38,30
2017-11-26,10000039,3839,120000,120000,120000,6,3
2017-11-26,10000039,3841,1352069.62,600001.3,1399998.48,98,45
2017-11-26,10000039,3888,1349999.3,1349999.3,1349999.3,14,11
2017-11-26,10000039,3898,14000000,14000000,14000000,1,1
2017-11-26,10000039,3955,2299998,2299998,2299998,2,1
2017-11-26,10000039,3995,5500000,5500000,5500000,2,1
2017-11-26,10000039,4025,80255.33,750,120008,3,3
2017-11-26,10000039,4027,105303.81,6500,129999,10,8
2017-11-26,10000039,4051,21000,21000,21000,2500,1
2017-11-26,10000039,4247,19499.99,19499.99,19499.99,17592,2
2017-11-26,10000039,4250,1487942.73,206902.42,3195999.83,7,3
2017-11-26,10000039,4254,1049999.13,1049989.89,1049999.9,13,13
2017-11-26,10000039,4258,1750000,1750000,1750000,4,3
2017-11-26,10000039,4260,1999332.83,1998999.92,1999998.66,3,3
2017-11-26,10000039,4310,54996785.44,54995981.8,55000000,5,4
2017-11-26,10000039,4312,22500,22500,22500,2313,2
2017-11-26,10000039,4347,1207399999.99,1207399999.99,1207399999.99,2,1
2017-11-26,10000039,4349,355199998.95,355199998,355199999.9,2,2
2017-11-26,10000039,4385,8000000,8000000,8000000,3,2
2017-11-26,10000039,4393,373999.99,373999.99,373999.99,5,2
2017-11-26,10000039,4395,2385713.85,800000,4499998.99,7,5
2017-11-26,10000039,4397,4275000,4275000,4275000,1,1
2017-11-26,10000039,4399,10999999.93,10999999.93,10999999.93,3,3
2017-11-26,10000039,4403,363088.72,100000,480017.04,13,10
2017-11-26,10000039,4405,1399997.74,1399997.74,1399997.9,113,40
2017-11-26,10000039,4435,26475.29,10,50000,17,11
2017-11-26,10000039,4477,79452.24,5498.9,90017,8,6
2017-11-26,10000039,4533,131995.58,131995.58,131995.58,1,1
2017-11-26,10000039,4569,200000,200000,200000,1,1
2017-11-26,10000039,4573,425004.42,425004.42,425004.42,2,2
2017-11-26,10000039,4609,44450,10,100000,9,6
2017-11-26,10000039,4611,10000,10000,10000,4,4
2017-11-26,10000039,4613,100,100,100,5,5
2017-11-26,10000039,4615,0.97,0.9,1,3,3
2017-11-26,10000039,4787,109415.76,100000,140017,17,8
2017-11-26,10000039,4829,100,100,100,1,1
2017-11-26,10000039,4831,100,100,100,4,4
2017-11-26,10000039,4833,285563.63,100.01,348999.99,11,9
2017-11-26,10000039,4835,100,100,100,3,3
2017-11-26,10000039,4871,74285.71,10000,100000,7,7
2017-11-26,10000039,5011,199999.99,199999.99,199999.99,3,3
2017-11-26,10000039,5047,1000,1000,1000,1,1
2017-11-26,10000039,5049,1000,1000,1000,2,2
2017-11-26,10000039,5051,2500,2500,2500,3,3
2017-11-26,10000039,5053,100,100,100,5,5
2017-11-26,10000039,5137,140002.62,140002.62,140002.62,1,1
2017-11-26,10000039,5141,194967.36,194967.36,194967.36,3,3
2017-11-26,10000039,5239,1,1,1,1,1
2017-11-26,10000039,5299,200000,200000,200000,6,1
2017-11-26,10000039,5320,371782.15,371782.15,371782.15,1,1
2017-11-26,10000039,5363,300000,300000,300000,1,1
2017-11-26,10000039,5365,300000,300000,300000,1,1
2017-11-26,10000039,5399,9847.01,1000.01,36388.02,4,3
2017-11-26,10000039,5403,50389.05,50389.05,50389.05,1,1
2017-11-26,10000039,5405,114999.92,114999.92,114999.92,1,1
2017-11-26,10000039,5439,120005.66,120000,120017,3,3
2017-11-26,10000039,5443,183823.49,99999.98,190808.78,13,12
2017-11-26,10000039,5445,23407.32,19501.3,24017,5,4
2017-11-26,10000039,5599,84453.97,84453.97,84453.97,2,1
2017-11-26,10000039,5697,1000,1000,1000,1,1
2017-11-26,10000039,5719,1000,1000,1000,1,1
2017-11-26,10000039,5757,50000.01,50000.01,50000.01,3,3
2017-11-26,10000039,5839,1206857.14,975000,1299999.99,7,6
2017-11-26,10000039,5933,299999.76,299999.75,299999.77,5,4
2017-11-26,10000039,5945,276800,251000,315500,5,5
2017-11-26,10000039,5955,154444.44,150000,160000,18,18
2017-11-26,10000039,5971,36942.31,250,40000,13,12
2017-11-26,10000039,5973,441023.26,439999.98,459953.99,39,37
2017-11-26,10000039,5975,240365.29,91827.96,299999.99,10,10
2017-11-26,10000039,6001,36802.4,300,42017.03,8,7
2017-11-26,10000039,6003,55010.3,7514.95,150001,3,3
2017-11-26,10000039,6005,18017.01,18017.01,18017.01,5,5
2017-11-26,10000039,6073,219999.98,219999.98,219999.98,4,3
2017-11-26,10000039,6131,9998.81,9998.81,9998.81,1,1
2017-11-26,10000039,6159,90000,90000,90000,1,1
2017-11-26,10000039,6160,170000,170000,170000,5,4
2017-11-26,10000039,6173,89000,89000,89000,2,1
2017-11-26,10000039,6296,999999.97,999999.97,999999.97,2,1
2017-11-26,10000039,6325,38795.9,38795.9,38795.9,1,1
2017-11-26,10000039,6999,20000,20000,20000,1,1
2017-11-26,10000039,7047,80000,80000,80000,1,1
2017-11-26,10000039,7083,5000,5000,5000,1,1
2017-11-26,10000039,7125,125000,125000,125000,2,2
2017-11-26,10000039,7169,115876,115876,115876,2,2
2017-11-26,10000039,7173,200000,200000,200000,1,1
2017-11-26,10000039,7293,50000,50000,50000,27,11
2017-11-26,10000039,7367,1999999.98,1999999.98,1999999.99,15,3
2017-11-26,10000039,7369,749999.99,749999.99,749999.99,6,1
2017-11-26,10000039,7373,250000,250000,250000,12,2
2017-11-26,10000039,8089,599993.32,599989.98,600000,3,3
2017-11-26,10000039,8091,108017.1,108017.1,108017.1,5,2
2017-11-26,10000039,8117,592799,592799,592799,12,3
2017-11-26,10000039,8133,99999.97,99999.97,99999.97,1,1
2017-11-26,10000039,8175,15079.25,100,60017,8,7
2017-11-26,10000039,8177,125000,125000,125000,1,1
2017-11-26,10000039,8225,142749.09,1000,189998.79,4,4
2017-11-26,10000039,8263,50007.01,50007.01,50007.01,13,3
2017-11-26,10000039,8419,100000,100000,100000,2,1
2017-11-26,10000039,8427,360017.08,360017.08,360017.08,8,5
2017-11-26,10000039,8433,540000,540000,540000,7,5
2017-11-26,10000039,8517,4249989.72,4249989.7,4249989.75,9,9
2017-11-26,10000039,8521,541061.31,541061.31,541061.31,1,1
2017-11-26,10000039,8529,159999.99,159999.99,159999.99,4,4
2017-11-26,10000039,8635,400000,400000,400000,1,1
2017-11-26,10000039,8641,200014.4,200014.4,200014.4,7,2
2017-11-26,10000039,8748,50000,50000,50000,1,1
2017-11-26,10000039,8819,185000,185000,185000,25,6
2017-11-26,10000039,8905,149999,149999,149999,2,1
2017-11-26,10000039,9135,1199999.95,1199999.95,1199999.95,4,1
2017-11-26,10000039,9491,4762137.71,4699033.9,4800000,40,7
2017-11-26,10000039,9568,97894.96,97894.96,97894.96,1,1
2017-11-26,10000039,9622,108200,102000,110000,5,5
2017-11-26,10000039,9632,150280.67,150000,151122.66,4,4
2017-11-26,10000039,9660,149999.99,149999.99,149999.99,1,1
2017-11-26,10000039,9668,125000,125000,125000,1,1
2017-11-26,10000039,9678,125700.05,125100,126000.08,3,2
2017-11-26,10000039,9680,499999,499999,499999,14,7
2017-11-26,10000039,9808,153999.99,131000,199999.98,3,3
2017-11-26,10000039,9826,50,50,50,65,4
2017-11-26,10000039,9832,9996.99,9996.99,9996.99,1523,2
2017-11-26,10000039,9834,120000,120000,120000,12,1
2017-11-26,10000039,9836,12000,12000,12000,1928,2
2017-11-26,10000039,9848,87999.99,87999.99,87999.99,200,1
2017-11-26,10000039,9852,50000,50000,50000,1,1
2017-11-26,10000039,9899,11057311.19,11056808.92,11058817.98,8,6
2017-11-26,10000039,9941,12899992.16,12899991.04,12899994.89,7,5
2017-11-26,10000039,9942,11199996.83,11199996.79,11199996.86,8,6
2017-11-26,10000039,9943,12999964.81,12999964.7,12999965.08,8,6
2017-11-26,10000039,9950,4471934.49,4471934.49,4471934.49,1,1
2017-11-26,10000039,9956,12899960.87,12899960.85,12899960.91,5,4
2017-11-26,10000039,10156,35149496.33,35149496.33,35149496.33,5,3
2017-11-26,10000039,10190,1663261.89,501000.01,1799998.5,19,11
2017-11-26,10000039,10208,23499983.04,23499983.02,23499983.05,7,7
2017-11-26,10000039,10209,144999999.75,144999999.75,144999999.75,2,2
2017-11-26,10000039,10212,24694496.56,24694495.99,24694496.9,8,8
2017-11-26,10000039,10213,149846153.24,149846153.24,149846153.24,1,1
2017-11-26,10000039,10216,24489992.52,24489992.5,24489992.53,9,9
2017-11-26,10000039,10217,139999897.69,139999897.69,139999897.69,2,2
2017-11-26,10000039,10221,23498957.09,23498957.07,23498957.11,6,6
2017-11-26,10000039,10222,149999999.68,149999999.68,149999999.68,2,2
2017-11-26,10000039,10225,22299999.49,22299999.49,22299999.49,7,7
2017-11-26,10000039,10226,144999999.92,144999999.92,144999999.92,1,1
2017-11-26,10000039,10246,9333.33,2000,12999.99,15,7
2017-11-26,10000039,10250,1614142.8,1599999.93,1698999.99,35,2
2017-11-26,10000039,10629,144998,144998,144998,2,1
2017-11-26,10000039,10631,1099999.75,1099999.75,1099999.75,11,5
2017-11-26,10000039,10692,89000,89000,89000,2,2
2017-11-26,10000039,10850,760016.99,760016.99,760016.99,4,4
2017-11-26,10000039,10858,1679713.05,1679713.05,1679713.05,2,2
2017-11-26,10000039,10998,154773.07,79000,180030.76,12,6
2017-11-26,10000039,11082,24000000,24000000,24000000,1,1
2017-11-26,10000039,11083,1699999.99,1699999.99,1699999.99,1,1
2017-11-26,10000039,11129,99998,99998,99998,1,1
2017-11-26,10000039,11132,26071,26071,26071,1,1
2017-11-26,10000039,11172,40309659.92,38269969.75,40989889.97,4,4
2017-11-26,10000039,11176,40999999.87,40999999.87,40999999.87,2,2
2017-11-26,10000039,11178,42999899.93,42999899.93,42999899.94,9,9
2017-11-26,10000039,11184,36999997.93,36999997.86,36999998,2,2
2017-11-26,10000039,11186,38475998.56,38475998.49,38475998.64,15,15
2017-11-26,10000039,11188,34999999.99,34999999.99,34999999.99,1,1
2017-11-26,10000039,11192,37499498.99,35000000,39998997.98,2,2
2017-11-26,10000039,11196,39998989.98,39998989.98,39998989.98,5,5
2017-11-26,10000039,11200,32319945,14000015.02,36899930,5,5
2017-11-26,10000039,11202,44874403.62,44865974.99,44886975.1,7,7
2017-11-26,10000039,11207,1000000,1000000,1000000,1,1
2017-11-26,10000039,11219,1200000,1200000,1200000,1,1
2017-11-26,10000039,11229,1650000,1650000,1650000,1,1
2017-11-26,10000039,11259,1350000,1350000,1350000,1,1
2017-11-26,10000039,11267,1250000,1250000,1250000,2,1
2017-11-26,10000039,11269,1631544,1628952.06,1632285.99,18,13
2017-11-26,10000039,11287,14700,14700,14700,23,1
2017-11-26,10000039,11289,7990,7990,7990,262,8
2017-11-26,10000039,11295,220000,220000,220000,1,1
2017-11-26,10000039,11309,303398.92,10000,498998.2,5,4
2017-11-26,10000039,11311,1000,1000,1000,3,3
2017-11-26,10000039,11317,156000,156000,156000,3,3
2017-11-26,10000039,11319,226239.96,190000,334959.83,4,4
2017-11-26,10000039,11325,374166.71,349000.05,500000,6,6
2017-11-26,10000039,11327,282000,282000,282000,4,4
2017-11-26,10000039,11341,15007.5,10,60000,4,2
2017-11-26,10000039,11343,1.25,1.25,1.25,5,4
2017-11-26,10000039,11349,2200,2200,2200,3,3
2017-11-26,10000039,11351,500,500,500,3,3
2017-11-26,10000039,11370,1699999.29,1699989.83,1699999.81,19,19
2017-11-26,10000039,11395,4999999.93,4999999.91,5000000,6,5
2017-11-26,10000039,11399,7300.03,7300.03,7300.03,3312,1
2017-11-26,10000039,11433,11500000,11500000,11500000,1,1
2017-11-26,10000039,11441,9000000,9000000,9000000,1,1
2017-11-26,10000039,11442,13999999.99,13999999.99,13999999.99,1,1
2017-11-26,10000039,11444,10999999.99,10999999.99,10999999.99,2,2
2017-11-26,10000039,11445,4999999.98,4999999.98,4999999.98,1,1
2017-11-26,10000039,11447,11499999.99,11499999.99,11499999.99,1,1
2017-11-26,10000039,11448,13999999.98,13999999.98,13999999.98,1,1
2017-11-26,10000039,11449,13999999.99,13999999.99,13999999.99,1,1
2017-11-26,10000039,11450,7999999.99,7999999.99,7999999.99,1,1
2017-11-26,10000039,11451,10999989.98,10999989.98,10999989.98,1,1
2017-11-26,10000039,11452,13999999.99,13999999.99,13999999.99,1,1
2017-11-26,10000039,11453,13999999.99,13999999.99,13999999.99,1,1
2017-11-26,10000039,11454,11999999.99,11999999.99,11999999.99,1,1
2017-11-26,10000039,11455,9999199.98,9999199.98,9999199.98,1,1
2017-11-26,10000039,11483,799.98,799.98,799.98,52,1
2017-11-26,10000039,11489,350000,350000,350000,2,2
2017-11-26,10000039,11545,1,1,1,7,1
2017-11-26,10000039,11558,60333,60333,60333,13,1
2017-11-26,10000039,11563,218283.38,199997.98,292336.2,16,15
2017-11-26,10000039,11566,699999.99,699999.99,699999.99,1,1
2017-11-26,10000039,11569,999999.99,999999.99,999999.99,1,1
2017-11-26,10000039,11572,999999.99,999999.99,999999.99,1,1
2017-11-26,10000039,11574,4000000,4000000,4000000,1,1
2017-11-26,10000039,11577,4648998.41,4648989.76,4648999.85,7,7
2017-11-26,10000039,11578,7089473.33,7000000,7099999.62,19,18
2017-11-26,10000039,11579,5099999.98,5099999.98,5099999.98,2,2
2017-11-26,10000039,11640,1142910.32,1100016.99,1188867.44,29,15
2017-11-26,10000039,11642,2188994.94,2188989.89,2188999.98,2,2
2017-11-26,10000039,11644,2000004.34,2000004.34,2000004.34,1,1
2017-11-26,10000039,11648,2283330,2250000,2299995,3,3
2017-11-26,10000039,11971,240000000,240000000,240000000,1,1
2017-11-26,10000039,11985,280000000,280000000,280000000,1,1
2017-11-26,10000039,12005,290999999.94,290999999.94,290999999.94,1,1
2017-11-26,10000039,12034,34500000,34000000,34999999.99,2,2
2017-11-26,10000039,12038,29949989.24,29899978.47,30000000,2,2
2017-11-26,10000039,12054,1169999.98,1169999.98,1169999.98,1,1
2017-11-26,10000039,12058,2953763.59,180000.51,3350016.9,8,8
2017-11-26,10000039,12068,3266013.68,230081.65,3999995,5,5
2017-11-26,10000039,12076,6500000,6500000,6500000,10,6
2017-11-26,10000039,12092,4000000,4000000,4000000,5,5
2017-11-26,10000039,12095,5999999.99,5999999.99,5999999.99,2,2
2017-11-26,10000039,12098,25000000,25000000,25000000,1,1
2017-11-26,10000039,12180,999999.99,999999.99,999999.99,1,1
2017-11-26,10000039,12182,999999.99,999999.99,999999.99,1,1
2017-11-26,10000039,12183,899999.99,899999.99,899999.99,1,1
2017-11-26,10000039,12184,1000000,500000,1500000,2,2
2017-11-26,10000039,12189,700000,700000,700000,1,1
2017-11-26,10000039,12194,600000,300000,899999.99,2,2
2017-11-26,10000039,12199,3249999.99,3249999.99,3249999.99,2,1
2017-11-26,10000039,12201,1999999.99,1999999.99,1999999.99,1,1
2017-11-26,10000039,12202,3999999.99,3999999.99,3999999.99,4,4
2017-11-26,10000039,12203,9999999.99,9999999.98,9999999.99,2,2
2017-11-26,10000039,12204,4999999.99,4999999.99,4999999.99,1,1
2017-11-26,10000039,12205,13999999.77,13999999.77,13999999.77,1,1
2017-11-26,10000039,12206,3599999.99,3599999.99,3599999.99,5,5
2017-11-26,10000039,12208,3799999.99,3799999.99,3799999.99,2,2
2017-11-26,10000039,12210,1799999.99,1799999.99,1799999.99,2,2
2017-11-26,10000039,12211,3999999.99,3999999.99,3999999.99,1,1
2017-11-26,10000039,12213,2599999.99,2599999.99,2599999.99,1,1
2017-11-26,10000039,12214,4999999.99,4999999.99,4999999.99,1,1
2017-11-26,10000039,12215,8999999.99,8999999.99,8999999.99,1,1
2017-11-26,10000039,12267,4199999.27,4199999,4199999.8,3,3
2017-11-26,10000039,12271,7150008.5,6500000,7800017,2,2
2017-11-26,10000039,12274,324988.84,324988.84,324988.84,1,1
2017-11-26,10000039,12305,150000,150000,150000,1,1
2017-11-26,10000039,12346,2134761.12,2134761.12,2134761.12,5,2
2017-11-26,10000039,12354,1000000,1000000,1000000,8,1
2017-11-26,10000039,12365,689999.99,689999.99,689999.99,1,1
2017-11-26,10000039,12366,699999.86,699999.86,699999.86,1,1
2017-11-26,10000039,12367,699999.89,699999.89,699999.89,1,1
2017-11-26,10000039,12484,3799999.99,3799999.99,3799999.99,2,2
2017-11-26,10000039,12563,87162.72,87162.72,87162.72,12,3
2017-11-26,10000039,12565,89807.98,89807.98,89807.98,8,2
2017-11-26,10000039,12608,64.99,64.99,64.99,22280,2
2017-11-26,10000039,12612,39.95,39.95,39.95,8751,5
2017-11-26,10000039,12614,52,52,52,1500,1
2017-11-26,10000039,12618,41,41,41,4520,4
2017-11-26,10000039,12620,70,70,70,2000,2
2017-11-26,10000039,12625,26.1,26.1,26.1,17400,6
2017-11-26,10000039,12631,169.85,169.85,169.85,980,2
2017-11-26,10000039,12633,200,200,200,2800,1
2017-11-26,10000039,12743,222329999.99,222329999.99,222329999.99,1,1
2017-11-26,10000039,12745,269999998.44,269999998.44,269999998.44,1,1
2017-11-26,10000039,12761,719.92,650,789.84,2000,3
2017-11-26,10000039,12765,699,699,699,2160,2
2017-11-26,10000039,12767,516.8,516.8,516.8,2000,2
2017-11-26,10000039,12771,675,675,675,1000,1
2017-11-26,10000039,12777,188.12,188.12,188.12,1000,1
2017-11-26,10000039,12779,891.51,891.51,891.51,70247,2
2017-11-26,10000039,12789,199.9,199.9,199.9,11212,5
2017-11-26,10000039,12814,223579,223579,223579,11,2
2017-11-26,10000039,12818,289000,289000,289000,20,3
2017-11-26,10000039,12824,1250000,1250000,1250000,4,1
2017-11-26,10000039,12828,632000.01,632000.01,632000.01,4,1
2017-11-26,10000039,13001,2480012,2480006.99,2480017,2,2
2017-11-26,10000039,13003,2999999.95,2999999.95,2999999.95,6,5
2017-11-26,10000039,13216,24999997.94,24999997.9,24999998.02,10,7
2017-11-26,10000039,13240,21000000,21000000,21000000,2,2
2017-11-26,10000039,13259,35000000,35000000,35000000,1,1
2017-11-26,10000039,13261,26996360.56,26996360.55,26996360.58,8,5
2017-11-26,10000039,13279,799999.99,799999.99,799999.99,1,1
2017-11-26,10000039,13283,240016.99,240016.99,240016.99,1,1
2017-11-26,10000039,13285,1100017,1100017,1100017,1,1
2017-11-26,10000039,13286,949977.19,949977.19,949977.19,1,1
2017-11-26,10000039,13287,1135996.99,1135996.99,1135996.99,1,1
2017-11-26,10000039,13832,29999999.99,29999999.99,29999999.99,1,1
2017-11-26,10000039,13974,2399999.99,2399999.99,2399999.99,8,3
2017-11-26,10000039,14013,49999.99,49999.99,49999.99,1,1
2017-11-26,10000039,14019,36999.99,36999.99,36999.99,1,1
2017-11-26,10000039,14033,30000000,30000000,30000000,1,1
2017-11-26,10000039,14043,14999999,14999999,14999999,1,1
2017-11-26,10000039,14130,12000000,12000000,12000000,1,1
2017-11-26,10000039,14136,50000000,50000000,50000000,2,1
2017-11-26,10000039,14140,30000000,30000000,30000000,1,1
2017-11-26,10000039,14146,40000000,40000000,40000000,1,1
2017-11-26,10000039,14174,15000000,15000000,15000000,1,1
2017-11-26,10000039,14295,5700000,5700000,5700000,2,2
2017-11-26,10000039,14296,5925000,5850000,6000000,2,2
2017-11-26,10000039,14297,5500000,5500000,5500000,3,3
2017-11-26,10000039,14298,5999983.9,5999983.9,5999983.9,2,2
2017-11-26,10000039,15331,530.01,530.01,530.01,62,8
2017-11-26,10000039,15479,5999999.99,5999999.99,5999999.99,2,1
2017-11-26,10000039,15681,109181817.13,108999998.96,109999998.89,11,5
2017-11-26,10000039,15729,31999989.99,31999989.99,31999989.99,2,1
2017-11-26,10000039,15766,30000000,30000000,30000000,1,1
2017-11-26,10000039,15963,165000000,165000000,165000000,3,1
2017-11-26,10000039,16227,45716513.46,30000000.04,48849796.93,6,6
2017-11-26,10000039,16229,57399999.99,57399999.99,57399999.99,1,1
2017-11-26,10000039,16233,53999973.89,53999973.89,53999973.89,1,1
2017-11-26,10000039,16240,1228549.93,1228549.89,1228550,3,3
2017-11-26,10000039,16242,1270600.06,1270600.06,1270600.06,3,3
2017-11-26,10000039,16272,784.98,784.96,784.99,3601719,45
2017-11-26,10000039,16273,29,27.97,29.99,3302891,52
2017-11-26,10000039,16274,645,645,645,210134,3
2017-11-26,10000039,16275,2938,2938,2938,22932,11
2017-11-26,10000039,16278,575750.32,101000.42,2000000,8,2
2017-11-26,10000039,16281,999999.99,999999.99,999999.99,3,3
2017-11-26,10000039,16303,340017.04,340017.04,340017.04,6,3
2017-11-26,10000039,16311,1000,1000,1000,2,2
2017-11-26,10000039,16333,1,1,1,1,1
2017-11-26,10000039,16349,10,10,10,1,1
2017-11-26,10000039,16351,2,2,2,1,1
2017-11-26,10000039,16353,1000,1000,1000,3,3
2017-11-26,10000039,16355,60000,60000,60000,3,3
2017-11-26,10000039,16357,100000,100000,100000,2,2
2017-11-26,10000039,16359,35754.25,1000,140017,4,4
2017-11-26,10000039,16361,200,200,200,10,6
2017-11-26,10000039,16365,50000,50000,50000,5,5
2017-11-26,10000039,16367,95508.5,1000,190016.99,2,2
2017-11-26,10000039,16371,1000,1000,1000,3,3
2017-11-26,10000039,16373,50000,50000,50000,1,1
2017-11-26,10000039,16375,108157.77,1000,193883.99,9,6
2017-11-26,10000039,16377,1000,1000,1000,1,1
2017-11-26,10000039,16379,1000,1000,1000,6,6
2017-11-26,10000039,16381,5000,5000,5000,3,3
2017-11-26,10000039,16383,1000,1000,1000,6,3
2017-11-26,10000039,16391,520000,520000,520000,2,1
2017-11-26,10000039,16429,1,1,1,1,1
2017-11-26,10000039,16457,3800000,3800000,3800000,2,1
2017-11-26,10000039,16467,160016.99,160016.99,160017,4,3
2017-11-26,10000039,16469,600017,600017,600017,1,1
2017-11-26,10000039,16475,70000,70000,70000,7,7
2017-11-26,10000039,16477,63750,50000,104999.98,8,8
2017-11-26,10000039,16483,100,100,100,1,1
2017-11-26,10000039,16485,10,10,10,1,1
2017-11-26,10000039,16487,49058.5,100,98016.99,2,2
2017-11-26,10000039,16497,100000,100000,100000,1,1
2017-11-26,10000039,16499,100000,100000,100000,1,1
2017-11-26,10000039,16505,400009.01,400009.01,400009.01,14,3
2017-11-26,10000039,16519,200017,200017,200017,5,1
2017-11-26,10000039,16527,540000,540000,540000,1,1
2017-11-26,10000039,16537,16000000,16000000,16000000,1,1
2017-11-26,10000039,16595,15999999.97,15999999.97,15999999.97,1,1
2017-11-26,10000039,16597,26999999.98,26999999.98,26999999.98,1,1
2017-11-26,10000039,16622,7499999.97,7499999.97,7499999.97,1,1
2017-11-26,10000039,16636,3600,3600,3600,4343,1
2017-11-26,10000039,16638,3800,3800,3800,4343,1
2017-11-26,10000039,16641,4565,4565,4565,100,1
2017-11-26,10000039,16643,7500,7500,7500,2186,1
2017-11-26,10000039,16653,43999.98,43999.98,43999.98,135000,1
2017-11-26,10000039,16671,285,285,285,100500,2
2017-11-26,10000039,16672,280,280,280,40000,1
2017-11-26,10000039,16680,2982.97,2982.97,2982.97,2000,1
2017-11-26,10000039,16682,12500,12500,12500,1200,1
2017-11-26,10000039,16683,43599.99,43599.99,43599.99,500,1
2017-11-26,10000039,17211,10.03,10.03,10.03,1,1
2017-11-26,10000039,17366,243132.65,198000,248304.15,37,17
2017-11-26,10000039,17368,3894303.47,3200000,4935758.67,5,2
2017-11-26,10000039,17426,1000,1000,1000,20,1
2017-11-26,10000039,17432,2500,2500,2500,6,1
2017-11-26,10000039,17476,22599999.99,16000000,26999999.98,5,5
2017-11-26,10000039,17478,26713939.14,23000000,28570908.72,3,3
2017-11-26,10000039,17480,19333333.33,18000000,20000000,3,2
2017-11-26,10000039,17482,2110899.76,400000,2487917.7,20,13
2017-11-26,10000039,17528,51257939.42,51257939.42,51257939.42,1,1
2017-11-26,10000039,17720,168999997.86,168999997.86,168999997.86,1,1
2017-11-26,10000039,17843,73686526.83,50111377,75499999.98,28,27
2017-11-26,10000039,17887,899.95,899.95,899.95,1159826,36
2017-11-26,10000039,17888,779.99,779.98,779.99,2275658,12
2017-11-26,10000039,17889,879.99,879.99,879.99,314766,15
2017-11-26,10000039,17912,4886000,4886000,4886000,2,1
2017-11-26,10000039,17918,499999981.64,499999980.99,499999982.96,3,3
2017-11-26,10000039,17922,80000000,80000000,80000000,2,1
2017-11-26,10000039,17938,31690.44,24844.09,99999,11,11
2017-11-26,10000039,18036,154155.93,141233.9,180000,30,3
2017-11-26,10000039,18038,147856.93,147856.93,147856.93,20,1
2017-11-26,10000039,18040,236289.98,233579.95,239000,8,2
2017-11-26,10000039,18042,152035.98,152035.98,152035.98,8,2
2017-11-26,10000039,18044,174999.47,174999.47,174999.47,26,3
2017-11-26,10000039,18054,356741.37,350000,390448.23,12,3
2017-11-26,10000039,18064,195364.29,194512.9,195789.99,6,2
2017-11-26,10000039,18590,1189878.85,1189878.85,1189878.85,20,3
2017-11-26,10000039,18592,950000,950000,950000,19,6
2017-11-26,10000039,18596,978999.99,978999.96,979000,14,4
2017-11-26,10000039,18598,1472914.51,1472914.51,1472914.51,14,2
2017-11-26,10000039,18608,1599999.97,1599999.97,1599999.98,38,8
2017-11-26,10000039,18612,300000.33,300000.33,300000.33,16,1
2017-11-26,10000039,18624,1500000,1500000,1500000,12,2
2017-11-26,10000039,18635,599999.99,599999.99,599999.99,7,1
2017-11-26,10000039,18639,62042.8,23999.92,200000,5,4
2017-11-26,10000039,18871,36999999.99,36999999.99,36999999.99,1,1
2017-11-26,10000039,18935,73000000,73000000,73000000,1,1
2017-11-26,10000039,19046,128133333.33,128133333.33,128133333.33,1,1
2017-11-26,10000039,19187,46783333.33,46783333.33,46783333.33,1,1
2017-11-26,10000039,19207,158749999.83,158749999.83,158749999.83,1,1
2017-11-26,10000039,19211,2266059.45,2266059.45,2266059.45,1,1
2017-11-26,10000039,19215,47999867.7,45999999.99,49999735.41,2,2
2017-11-26,10000039,19281,79337775.12,79337775.11,79337775.13,3,3
2017-11-26,10000039,19282,122666663.03,110000000,128999994.55,3,3
2017-11-26,10000039,19283,22888890.29,22888890.29,22888890.29,2,2
2017-11-26,10000039,19284,33999999.93,33999999.91,33999999.94,2,2
2017-11-26,10000039,19286,14999999,14999999,14999999,1,1
2017-11-26,10000039,19295,253399999.65,253399999.64,253399999.65,2,2
2017-11-26,10000039,19301,162999999.45,162999999.45,162999999.45,1,1
2017-11-26,10000039,19325,44500000,44500000,44500000,3,2
2017-11-26,10000039,19359,216666666.59,216666666.59,216666666.59,1,1
2017-11-26,10000039,19421,115000000.12,115000000.12,115000000.12,1,1
2017-11-26,10000039,19739,3399998,3399998,3399998,5,1
2017-11-26,10000039,19744,1799979.77,1799976.16,1799990.6,4,4
2017-11-26,10000039,19806,1300000,1299999.99,1300000,3,2
2017-11-26,10000039,19814,199999.99,199999.99,199999.99,4,3
2017-11-26,10000039,19921,599999.99,599999.99,599999.99,1,1
2017-11-26,10000039,19939,10,10,10,2,2
2017-11-26,10000039,20209,1899999.99,1899999.99,1899999.99,1,1
2017-11-26,10000039,20210,1899999.99,1899999.99,1899999.99,5,5
2017-11-26,10000039,20212,8999999.99,8999999.99,8999999.99,2,2
2017-11-26,10000039,20213,9499999.99,9499999.99,9499999.99,2,2
2017-11-26,10000039,20280,74999999.99,74999999.99,74999999.99,1,1
2017-11-26,10000039,20307,149.75,149.75,149.75,1500,1
2017-11-26,10000039,20315,1899999.99,1899999.99,1899999.99,1,1
2017-11-26,10000039,20342,66999997.8,66999997.63,66999997.96,2,2
2017-11-26,10000039,20347,999998.99,999998.99,999998.99,1,1
2017-11-26,10000039,20351,1799964.44,1799964.44,1799964.44,2,2
2017-11-26,10000039,20353,2724997.5,2700000,2800000,4,3
2017-11-26,10000039,20415,96012,96012,96012,2,1
2017-11-26,10000039,20416,139020.19,139020.19,139020.19,3,1
2017-11-26,10000039,20494,799999.99,799999.99,799999.99,2,2
2017-11-26,10000039,20495,799999.99,799999.99,799999.99,1,1
2017-11-26,10000039,20703,67000000,67000000,67000000,2,2
2017-11-26,10000039,20741,11266.52,11266.52,11266.52,5000,2
2017-11-26,10000039,21059,580000,580000,580000,1,1
2017-11-26,10000039,21096,1566666.3,1499999.64,3500000.02,39,28
2017-11-26,10000039,21603,13999999.99,13999999.98,13999999.99,4,4
2017-11-26,10000039,21610,27999999.86,27999999.83,27999999.93,3,3
2017-11-26,10000039,21640,1395845.08,21000.17,1500000,71,11
2017-11-26,10000039,21667,22999999.99,22999999.99,22999999.99,1,1
2017-11-26,10000039,21790,499998.86,499998.86,499998.86,1,1
2017-11-26,10000039,21791,499999.99,499999.99,499999.99,1,1
2017-11-26,10000039,21802,56800000.02,40000000,73600000.03,2,2
2017-11-26,10000039,21867,147.49,147.49,147.49,1500,1
2017-11-26,10000039,21894,1400,1400,1400,11020,8
2017-11-26,10000039,21896,773.98,773.98,773.98,13054,11
2017-11-26,10000039,21898,548.96,548.96,548.96,16100,12
2017-11-26,10000039,21902,1650.28,1650.28,1650.28,3700,4
2017-11-26,10000039,21904,661.58,661.58,661.58,3000,2
2017-11-26,10000039,21906,900,900,900,9580,5
2017-11-26,10000039,21910,1400,1400,1400,600,1
2017-11-26,10000039,21918,1500,1500,1500,3600,3
2017-11-26,10000039,21922,773.41,773.41,773.41,3600,2
2017-11-26,10000039,21924,900,900,900,12040,6
2017-11-26,10000039,21926,1700,1700,1700,2600,2
2017-11-26,10000039,21928,799.99,799.99,799.99,500,1
2017-11-26,10000039,21939,849.99,849.99,849.99,1200,1
2017-11-26,10000039,22043,34533333,34533333,34533333,1,1
2017-11-26,10000039,22175,87321.51,76253.66,198000,11,11
2017-11-26,10000039,22177,100764.71,81043.01,337425.05,13,13
2017-11-26,10000039,22229,6499986.82,6499986.78,6499987.03,21,7
2017-11-26,10000039,22242,95000000,95000000,95000000,1,1
2017-11-26,10000039,22291,1276301.09,1000000,1299984.04,38,14
2017-11-26,10000039,22456,75999992.8,75999992.8,75999992.8,2,2
2017-11-26,10000039,22534,27999999.98,27999999.98,27999999.98,3,3
2017-11-26,10000039,22535,138000000,138000000,138000000,1,1
2017-11-26,10000039,22536,3000000,3000000,3000000,1,1
2017-11-26,10000039,22541,12374999.98,12000000,12499999.97,4,4
2017-11-26,10000039,22542,97570,97000,98900,10,6
2017-11-26,10000039,22544,417999999.68,417999999.64,417999999.73,6,6
2017-11-26,10000039,22546,324999976.61,324999976.61,324999976.61,2,2
2017-11-26,10000039,22551,35999999.97,35999999.97,35999999.97,1,1
2017-11-26,10000039,22552,3000000,3000000,3000000,1,1
2017-11-26,10000039,22559,69571428.57,69571428.57,69571428.57,1,1
2017-11-26,10000039,22571,150000000,150000000,150000000,1,1
2017-11-26,10000039,22778,148788.91,148787.99,148788.99,87,5
2017-11-26,10000039,22782,1407924.42,1407924.42,1407924.42,2,2
2017-11-26,10000039,22806,699999.99,699999.99,699999.99,1,1
2017-11-26,10000039,22807,699999.99,699999.99,699999.99,1,1
2017-11-26,10000039,22808,699999.99,699999.99,699999.99,1,1
2017-11-26,10000039,22809,699999.99,699999.99,699999.99,1,1
2017-11-26,10000039,22967,1200,1200,1200,500,1
2017-11-26,10000039,22983,2999.99,2999.99,2999.99,1000,1
2017-11-26,10000039,23009,619.99,619.99,619.99,23273,18
2017-11-26,10000039,23011,699.29,699.29,699.29,400,1
2017-11-26,10000039,23017,875,875,875,2920,2
2017-11-26,10000039,23021,489.98,489.98,489.98,1000,1
2017-11-26,10000039,23023,570,570,570,3900,3
2017-11-26,10000039,23025,663.9,663.9,663.9,34976,15
2017-11-26,10000039,23027,800,800,800,3000,2
2017-11-26,10000039,23029,1037.94,1037.94,1037.94,3500,2
2017-11-26,10000039,23031,837.92,837.92,837.92,10600,10
2017-11-26,10000039,23035,810.99,810.99,810.99,8000,3
2017-11-26,10000039,23055,3049999.98,3049999.98,3049999.98,122,7
2017-11-26,10000039,23069,63999996.02,63999996.02,63999996.02,1,1
2017-11-26,10000039,23071,680000,680000,680000,4,1
2017-11-26,10000039,23087,10000,10000,10000,1,1
2017-11-26,10000039,23089,800000,800000,800000,12,1
2017-11-26,10000039,23105,1500000,1500000,1500000,12,2
2017-11-26,10000039,23113,1499997.96,1499997.96,1499997.96,4,1
2017-11-26,10000039,23117,1999747.81,1999747.81,1999747.81,4,1
2017-11-26,10000039,23121,20000,20000,20000,1,1
2017-11-26,10000039,23147,50000,50000,50000,1,1
2017-11-26,10000039,23523,227500,227500,227500,15,2
2017-11-26,10000039,23525,106598,106598,106598,4,1
2017-11-26,10000039,23527,379981.46,39520.72,389998.96,29,26
2017-11-26,10000039,23533,700000,700000,700000,5,5
2017-11-26,10000039,23563,160000,160000,160000,3,1
2017-11-26,10000039,23566,2333333.33,1000000,5000000,3,3
2017-11-26,10000039,23606,699999.97,699999.97,699999.97,1,1
2017-11-26,10000039,23618,100000,100000,100000,2,2
2017-11-26,10000039,23707,9990.45,9990.45,9990.45,101,22
2017-11-26,10000039,23709,49750,49750,49750,22,3
2017-11-26,10000039,23711,9987.99,9987.99,9987.99,25,3
2017-11-26,10000039,23719,26449.99,26449.99,26449.99,15,2
2017-11-26,10000039,23915,920000000,920000000,920000000,1,1
2017-11-26,10000039,24241,99999.96,99999.96,99999.96,1,1
2017-11-26,10000039,24242,1799999.99,1799999.99,1799999.99,3,3
2017-11-26,10000039,24283,50499997.93,50499997.93,50499997.93,2,1
2017-11-26,10000039,24305,5842856.88,5799999.69,6100000,14,5
2017-11-26,10000039,24312,549999999.69,549999999.69,549999999.69,1,1
2017-11-26,10000039,24348,1816349.81,129601.12,2094554.36,14,5
2017-11-26,10000039,24395,652667,100000,689511.47,16,13
2017-11-26,10000039,24417,1776110.88,1748783.01,1780015.58,16,12
2017-11-26,10000039,24427,1718749.96,175000,1799999.95,20,17
2017-11-26,10000039,24438,1295652.83,92323.51,1460016.87,15,12
2017-11-26,10000039,24443,1400563.69,1400563.69,1400563.69,3,3
2017-11-26,10000039,24471,149.98,149.98,149.98,2500,3
2017-11-26,10000039,24473,109.98,109.98,109.98,1000,1
2017-11-26,10000039,24475,450,450,450,850,1
2017-11-26,10000039,24483,1343889906.44,1343889906.44,1343889906.44,1,1
2017-11-26,10000039,24488,199.99,199.99,199.99,1500,1
2017-11-26,10000039,24490,374.05,374.05,374.05,256000,4
2017-11-26,10000039,24492,25.23,25.23,25.23,3395,1
2017-11-26,10000039,24493,387.99,387.99,387.99,55000,3
2017-11-26,10000039,24495,250.33,250.33,250.33,770,1
2017-11-26,10000039,24501,147.04,147.04,147.04,5000,1
2017-11-26,10000039,24511,1298.94,1298.94,1298.94,6000,1
2017-11-26,10000039,24519,2300,2300,2300,10000,1
2017-11-26,10000039,24533,805.98,805.98,805.98,2000,1
2017-11-26,10000039,24535,1100,1100,1100,52500,4
2017-11-26,10000039,24613,21999999.99,21999999.99,21999999.99,1,1
2017-11-26,10000039,24625,29999999.94,29999999.91,29999999.96,2,2
2017-11-26,10000039,24688,90000000,90000000,90000000,1,1
2017-11-26,10000039,24690,187000000,187000000,187000000,1,1
2017-11-26,10000039,24694,151500000,151000000,152000000,2,2
2017-11-26,10000039,24696,56999959.51,56999959.51,56999959.51,1,1
2017-11-26,10000039,24698,25000000,25000000,25000000,1,1
2017-11-26,10000039,24700,57999999.99,57999999.99,57999999.99,1,1
2017-11-26,10000039,24702,33181926.5,31000133,42999998.5,11,8
2017-11-26,10000039,25349,29999999.65,29999999.65,29999999.65,1,1
2017-11-26,10000039,25563,2400016.95,2400016.95,2400016.95,3,2
2017-11-26,10000039,25590,80788.28,80788.28,80788.28,3025,30
2017-11-26,10000039,25592,6893.37,6893.34,10893.32,2646,27
2017-11-26,10000039,25593,4430,4430,4430,430,1
2017-11-26,10000039,25594,28309.27,28309.27,28309.27,679,16
2017-11-26,10000039,25597,2472.1,2472.1,2472.1,1294,8
2017-11-26,10000039,25598,12506.01,12506.01,12506.01,1366,17
2017-11-26,10000039,25599,814.52,814.52,814.52,2461,16
2017-11-26,10000039,25600,28505.05,28505.04,28505.05,1317,16
2017-11-26,10000039,25601,7082.06,7082.06,7082.06,2570,17
2017-11-26,10000039,25603,21867.03,21867.03,21867.03,682,11
2017-11-26,10000039,25605,18182.69,18182.69,18182.69,2270,20
2017-11-26,10000039,25606,100000,100000,100000,205,2
2017-11-26,10000039,25608,997571.43,995000,1000000,7,3
2017-11-26,10000039,25609,176421.01,176421.01,176421.01,106,6
2017-11-26,10000039,25611,72966.29,72700.07,73016.65,44,6
2017-11-26,10000039,25612,561700,561700,561700,36,1
2017-11-26,10000039,25616,9887,9887,9887,113,7
2017-11-26,10000039,25617,258194.72,258194.72,258194.72,197,11
2017-11-26,10000039,25618,14322,14322,14322,47,6
2017-11-26,10000039,25619,500001.64,500001.3,500002,96,7
2017-11-26,10000039,25620,29744.01,29744.01,29744.01,109,7
2017-11-26,10000039,25624,3940405.7,3940405.7,3940405.7,163,8
2017-11-26,10000039,25715,2374999.53,2374999.5,2374999.65,6,2
2017-11-26,10000039,25861,61382.44,5311.61,64999.91,33,11
2017-11-26,10000039,25948,7799998.96,7799998.95,7799998.96,5,2
2017-11-26,10000039,26084,26999978.05,26999978.05,26999978.05,3,1
2017-11-26,10000039,26088,9297988.21,9297986.41,9297990,6,2
2017-11-26,10000039,26252,318360.88,299999.98,336721.78,2,2
2017-11-26,10000039,26254,650000,650000,650000,2,2
2017-11-26,10000039,26259,699999.98,699999.98,699999.98,2,2
2017-11-26,10000039,26448,118899981,118899981,118899981,3,1
2017-11-26,10000039,26890,15833333.25,15000000,17000000,6,3
2017-11-26,10000039,26929,98999.99,98999.99,98999.99,1,1
2017-11-26,10000039,27115,999999.99,999999.99,999999.99,1,1
2017-11-26,10000039,27127,1197989.5,1197989.5,1197989.5,11,7
2017-11-26,10000039,27143,1159999.5,1159999.5,1159999.5,3,3
2017-11-26,10000039,27188,60000000,60000000,60000000,1,1
2017-11-26,10000039,27315,704.55,704.55,704.55,600,2
2017-11-26,10000039,27327,708.2,708.2,708.2,300,1
2017-11-26,10000039,27333,891.98,891.98,891.98,400,1
2017-11-26,10000039,27339,3400,3400,3400,180,1
2017-11-26,10000039,27345,3000,3000,3000,585,1
2017-11-26,10000039,27359,2999.81,2999.81,2999.81,940,2
2017-11-26,10000039,27361,1499.82,1499.82,1499.82,17516,16
2017-11-26,10000039,27371,1499.95,1499.95,1499.95,11144,5
2017-11-26,10000039,27381,1113,1113,1113,18200,16
2017-11-26,10000039,27387,1499.35,1499.35,1499.35,18284,15
2017-11-26,10000039,27413,1040,1040,1040,2500,2
2017-11-26,10000039,27419,3500,3500,3500,1000,1
2017-11-26,10000039,27423,4498,4498,4498,5000,1
2017-11-26,10000039,27447,1100.73,1100.73,1100.73,1722,1
2017-11-26,10000039,27912,1000000,1000000,1000000,3,1
2017-11-26,10000039,27914,1199989.97,1199989.97,1199989.97,1,1
2017-11-26,10000039,27918,999990.1,999990.1,999990.1,5,1
2017-11-26,10000039,28164,9000000,9000000,9000000,2,2
2017-11-26,10000039,28209,1544433.5,1544433.5,1544433.5,5,1
2017-11-26,10000039,28213,1599999.95,1599999.95,1599999.95,10,1
2017-11-26,10000039,28215,100000,100000,100000,1,1
2017-11-26,10000039,28324,1300,1300,1300,1000,1
2017-11-26,10000039,28332,1000,1000,1000,3800,4
2017-11-26,10000039,28334,989.97,989.97,989.97,1000,1
2017-11-26,10000039,28336,974.68,974.68,974.68,1200,1
2017-11-26,10000039,28374,553499999.83,553499999.83,553499999.83,1,1
2017-11-26,10000039,28387,250000.01,250000.01,250000.01,200,1
2017-11-26,10000039,28388,450000.01,450000.01,450000.01,232,1
2017-11-26,10000039,28392,335000,335000,335000,304,2
2017-11-26,10000039,28393,330000,330000,330000,41,1
2017-11-26,10000039,28395,60000.01,60000.01,60000.01,95,1
2017-11-26,10000039,28396,60000.01,60000.01,60000.01,662,1
2017-11-26,10000039,28412,750000,750000,750000,14,1
2017-11-26,10000039,28419,270000,270000,270000,56,1
2017-11-26,10000039,28437,487998,487998,487998,1,1
2017-11-26,10000039,28576,1255328.38,1156789.82,1600213.35,45,17
2017-11-26,10000039,28578,1411849.18,1411849.15,1411849.3,24,7
2017-11-26,10000039,28583,62499999.99,62499999.99,62499999.99,1,1
2017-11-26,10000039,28606,895000000,895000000,895000000,1,1
2017-11-26,10000039,28615,11999999.99,11999999.99,11999999.99,1,1
2017-11-26,10000039,28646,4500000,4500000,4500000,1,1
2017-11-26,10000039,28656,70000000,70000000,70000000,1,1
2017-11-26,10000039,28668,25999.99,25999,26000,15622,61
2017-11-26,10000039,28756,35749999.99,35000000,36499999.97,2,2
2017-11-26,10000039,28758,35032463.08,34989959.72,35500000,12,12
2017-11-26,10000039,28879,1799999.99,1799999.99,1799999.99,2,2
2017-11-26,10000039,28880,7499999.99,7499999.99,7499999.99,2,2
2017-11-26,10000039,28999,9999.99,9999.99,9999.99,11,7
2017-11-26,10000039,29001,20422.93,10000,24758.77,21,12
2017-11-26,10000039,29007,20994.28,20994.28,20994.28,2,2
2017-11-26,10000039,29009,9960.6,9960,9960.72,12,8
2017-11-26,10000039,29011,9159.63,8999.99,11713.88,17,11
2017-11-26,10000039,29013,89999.98,89999.97,89999.98,6,3
2017-11-26,10000039,29015,189999.89,99999,199999.99,10,4
2017-11-26,10000039,29336,64899997,64899997,64899997,1,1
2017-11-26,10000039,29637,65000000,65000000,65000000,1,1
2017-11-26,10000039,30013,13998.99,13998.99,13998.99,104,8
2017-11-26,10000039,30028,123076.61,80000,199998.98,26,3
2017-11-26,10000039,30486,541794.83,541162.85,545865.99,63,7
2017-11-26,10000039,30488,465000,465000,465000,200,19
2017-11-26,10000039,30548,6999999.98,6999999.98,6999999.98,2,2
2017-11-26,10000039,30549,6999999.99,6999999.99,6999999.99,2,2
2017-11-26,10000039,30552,6999999.99,6999999.99,6999999.99,1,1
2017-11-26,10000039,30651,2399999.98,2399999.98,2399999.98,2,2
2017-11-26,10000039,30832,1744958.32,1744789.93,1745801,6,6
2017-11-26,10000039,30834,1749956.68,1749956.65,1749956.69,3,3
2017-11-26,10000039,30836,1600000,1600000,1600000,18,2
2017-11-26,10000039,30987,425000,425000,425000,4,2
2017-11-26,10000039,30999,2121663.54,2121660,2121665.31,3,3
2017-11-26,10000039,31009,449934.86,449934.86,449934.86,4,4
2017-11-26,10000039,31011,2199999.99,2199999.99,2199999.99,4,3
2017-11-26,10000039,31017,32999895.98,32999895.98,32999895.98,1,1
2017-11-26,10000039,31035,2199999.92,2199999.92,2199999.92,2,2
2017-11-26,10000039,31045,599999.91,599999.91,599999.91,3,2
2017-11-26,10000039,31047,2499999.9,2499999.9,2499999.9,7,6
2017-11-26,10000039,31051,12729996.34,12729996.34,12729996.34,2,2
2017-11-26,10000039,31053,34590889.98,34590889.98,34590889.98,1,1
2017-11-26,10000039,31055,1990000,1990000,1990000,15,5
2017-11-26,10000039,31057,9999997.95,9999997.95,9999997.95,1,1
2017-11-26,10000039,31059,18999998.99,18999998.99,18999998.99,4,2
2017-11-26,10000039,31065,5800000,5800000,5800000,1,1
2017-11-26,10000039,31069,9999998.82,9999998.82,9999998.82,1,1
2017-11-26,10000039,31083,2275000,2275000,2275000,6,2
2017-11-26,10000039,31085,4949899.99,4949899.99,4949899.99,6,2
2017-11-26,10000039,31091,35000000,35000000,35000000,6,2
2017-11-26,10000039,31105,648996.06,648996.06,648996.06,2,1
2017-11-26,10000039,31107,1267898.93,1267898.93,1267898.93,1,1
2017-11-26,10000039,31117,195000,195000,195000,5,4
2017-11-26,10000039,31119,1109703.84,1108997.95,1109997.96,17,6
2017-11-26,10000039,31125,12299982.03,12299982.01,12299982.04,4,2
2017-11-26,10000039,31153,264207.94,264207.93,264207.94,14,8
2017-11-26,10000039,31155,1563512.07,1563498.38,1563566.84,15,8
2017-11-26,10000039,31159,338999.51,338999.49,338999.52,12,9
2017-11-26,10000039,31161,2099999.19,2099998.99,2100000,5,4
2017-11-26,10000039,31165,4000000,4000000,4000000,12,8
2017-11-26,10000039,31167,20712274.32,19999999.97,22849097.49,8,5
2017-11-26,10000039,31171,8168748.54,8168748.48,8168748.58,5,3
2017-11-26,10000039,31177,234998.83,234998.82,234998.83,4,3
2017-11-26,10000039,31179,1848999,1848998.99,1848999,4,4
2017-11-26,10000039,31183,5999987.09,5999983.74,5999993.79,9,8
2017-11-26,10000039,31185,13499986.7,13499986.7,13499986.7,2,2
2017-11-26,10000039,31201,976994.99,976994.99,976994.99,3,3
2017-11-26,10000039,31207,9249999.86,4500000,13999999.71,2,2
2017-11-26,10000039,31213,183694.6,130008.51,200876.61,12,8
2017-11-26,10000039,31220,5590000,5590000,5590000,3,3
2017-11-26,10000039,31238,580017.01,580017,580017.02,2,2
2017-11-26,10000039,31262,300000,300000,300000,2,1
2017-11-26,10000039,31274,253350.33,250017,260016.99,3,3
2017-11-26,10000039,31276,2999999.98,2999999.98,2999999.98,1,1
2017-11-26,10000039,31288,980016,980016,980016,1,1
2017-11-26,10000039,31298,399999.99,399999.99,399999.99,4,2
2017-11-26,10000039,31300,2999999,2999999,2999999,2,1
2017-11-26,10000039,31304,7999999.96,7999999.96,7999999.96,1,1
2017-11-26,10000039,31324,2807999.61,2807999.61,2807999.61,5,2
2017-11-26,10000039,31358,580017.14,580017.14,580017.14,5,5
2017-11-26,10000039,31360,3303727.79,3289974.57,3400000,24,17
2017-11-26,10000039,31364,5365516.56,5365516.56,5365516.56,2,2
2017-11-26,10000039,31366,29499898.79,29499898.79,29499898.79,2,2
2017-11-26,10000039,31370,299460.86,299460.86,299460.86,1,1
2017-11-26,10000039,31372,1310133.57,1199999.95,1700000,19,10
2017-11-26,10000039,31376,3999999.4,3999999.4,3999999.4,1,1
2017-11-26,10000039,31378,13779899.42,13779899.42,13779899.42,3,3
2017-11-26,10000039,31406,700000,700000,700000,3,2
2017-11-26,10000039,31408,3000000,3000000,3000000,2,1
2017-11-26,10000039,31442,499998.6,499998.6,499998.6,1,1
2017-11-26,10000039,31454,424998.96,424998.96,424998.96,1,1
2017-11-26,10000039,31486,5999998.99,5999998.99,5999998.99,1,1
2017-11-26,10000039,31526,1300025.99,1300025.99,1300025.99,2,1
2017-11-26,10000039,31538,1168872.99,1137745.98,1200000,4,2
2017-11-26,10000039,31570,8299997.95,8299997.95,8299997.95,2,2
2017-11-26,10000039,31586,699999.96,699999.91,699999.98,11,11
2017-11-26,10000039,31592,4790000,4790000,4790000,1,1
2017-11-26,10000039,31598,538349.89,538349.89,538349.89,1,1
2017-11-26,10000039,31600,1990888.87,1990888.87,1990888.87,1,1
2017-11-26,10000039,31620,749932.88,749932.86,749933,12,12
2017-11-26,10000039,31622,2399999,2399999,2399999,1,1
2017-11-26,10000039,31626,9849000,9849000,9849000,5,4
2017-11-26,10000039,31644,3999999,3999999,3999999,4,3
2017-11-26,10000039,31668,165017.01,165017.01,165017.01,1,1
2017-11-26,10000039,31680,499999.88,499999.88,499999.88,1,1
2017-11-26,10000039,31688,13790000,13790000,13790000,1,1
2017-11-26,10000039,31700,12490000,12490000,12490000,1,1
2017-11-26,10000039,31716,79994.94,79994.94,79994.95,25,10
2017-11-26,10000039,31718,256255.23,253000,295318.05,26,19
2017-11-26,10000039,31722,2882350.06,2882350.06,2882350.07,8,8
2017-11-26,10000039,31724,7845018.97,7845018.94,7845018.99,14,14
2017-11-26,10000039,31736,15399969.92,15399969.92,15399969.92,1,1
2017-11-26,10000039,31742,444332.99,444332.99,444332.99,2,2
2017-11-26,10000039,31752,120016.63,120016.62,120016.68,5,5
2017-11-26,10000039,31754,250000.61,249999.86,250010.31,14,13
2017-11-26,10000039,31758,3599986,3599986,3599986,1,1
2017-11-26,10000039,31760,8999899.92,8999899.92,8999899.93,12,11
2017-11-26,10000039,31762,99999999.74,99999999.74,99999999.74,1,1
2017-11-26,10000039,31788,429784.21,429784.21,429784.22,21,7
2017-11-26,10000039,31790,1831175.99,1499999.98,1879999.45,68,33
2017-11-26,10000039,31792,58000000,58000000,58000000,1,1
2017-11-26,10000039,31794,7899997.66,7899997.22,7899998.97,16,7
2017-11-26,10000039,31796,22476898.82,21000000,23215348.28,9,4
2017-11-26,10000039,31798,439999999.71,439999999.43,439999999.9,5,3
2017-11-26,10000039,31802,1934614.74,1934614.73,1934614.76,13,5
2017-11-26,10000039,31812,29853682.5,29853682.49,29853682.5,4,3
2017-11-26,10000039,31824,29990000,29990000,29990000,2,2
2017-11-26,10000039,31864,4196665.92,4196665.92,4196665.92,5,2
2017-11-26,10000039,31866,3974158.85,3974158.84,3974158.88,14,4
2017-11-26,10000039,31868,5500000,5500000,5500000,5,2
2017-11-26,10000039,31870,5829988.95,5809998,5829999.99,171,35
2017-11-26,10000039,31884,2992686.84,2989795.39,2995000,9,3
2017-11-26,10000039,31888,1683480,1683480,1683480,5,1
2017-11-26,10000039,31928,16999999,16999998.99,16999999,8,4
2017-11-26,10000039,31930,55999999.09,55999999.09,55999999.09,1,1
2017-11-26,10000039,31932,34999999.5,32000000,37999999,6,3
2017-11-26,10000039,31942,34899995.98,34899994.98,34899996.98,4,3
2017-11-26,10000039,31944,43400000,43400000,43400000,1,1
2017-11-26,10000039,31982,40000,40000,40000,30,2
2017-11-26,10000039,31998,119999.99,119999.99,119999.99,80,2
2017-11-26,10000039,32006,129983.98,129983.74,129983.98,230,13
2017-11-26,10000039,32014,239999.99,239999.99,239999.99,159,6
2017-11-26,10000039,32047,31999999.99,31999999.99,31999999.99,1,1
2017-11-26,10000039,32083,2000000,2000000,2000000,2,1
2017-11-26,10000039,32339,122999999.97,122999999.97,122999999.97,1,1
2017-11-26,10000039,32772,999999.91,999999.9,999999.91,2,2
2017-11-26,10000039,32780,1899989.88,1899989.83,1899989.97,6,5
2017-11-26,10000039,32787,88318.3,35750.75,99999.98,55,8
2017-11-26,10000039,32817,1500000,1500000,1500000,1,1
2017-11-26,10000039,32819,2599999.94,2599999.94,2599999.94,1,1
2017-11-26,10000039,32872,1399999.99,1399999.99,1399999.99,1,1
2017-11-26,10000039,32880,275000,275000,275000,2,1
2017-11-26,10000039,32999,899999.97,899999.97,899999.97,1,1
2017-11-26,10000039,33005,700000,700000,700000,1,1
2017-11-26,10000039,33007,500000,500000,500000,1,1
2017-11-26,10000039,33009,300000,300000,300000,1,1
2017-11-26,10000039,33076,292856.22,250000,299998.91,7,7
2017-11-26,10000039,33078,1799999.99,1799999.99,1799999.99,1,1
2017-11-26,10000039,33091,199999.96,199999.96,199999.96,1,1
2017-11-26,10000039,33092,199999.96,199999.95,199999.97,4,4
2017-11-26,10000039,33094,559999.87,559999.87,559999.87,1,1
2017-11-26,10000039,33095,3000000,3000000,3000000,1,1
2017-11-26,10000039,33096,3000000,3000000,3000000,8,8
2017-11-26,10000039,33098,1799989.98,1799989.98,1799989.98,1,1
2017-11-26,10000039,33101,390000,380000,400000,4,4
2017-11-26,10000039,33176,99999.93,99999.93,99999.93,3,3
2017-11-26,10000039,33178,74999.98,74999.98,74999.98,5,5
2017-11-26,10000039,33180,104259.74,100000,159636.42,14,10
2017-11-26,10000039,33195,203.3,203.3,203.3,15,2
2017-11-26,10000039,33197,4990000,4990000,4990000,1,1
2017-11-26,10000039,33199,4989999.96,4989999.96,4989999.96,2,2
2017-11-26,10000039,33201,4989999.96,4989999.96,4989999.96,6,6
2017-11-26,10000039,33270,739999.99,739999.99,739999.99,1,1
2017-11-26,10000039,33285,59422215.6,59422215.6,59422215.6,1,1
2017-11-26,10000039,33399,7499999.97,7499999.97,7499999.97,2,1
2017-11-26,10000039,33468,71577063.33,69269973.82,72499899.14,7,7
2017-11-26,10000039,33470,228999999.98,228999999.98,228999999.98,1,1
2017-11-26,10000039,33474,1899999.9,1899999.89,1899999.91,9,7
2017-11-26,10000039,33475,8738888.32,8688887.85,8788888.86,152,29
2017-11-26,10000039,33520,57799987.66,57799987.63,57799987.66,5,4
2017-11-26,10000039,33681,99999899.99,99999899.99,99999899.99,2,1
2017-11-26,10000039,33699,149999.98,149999.98,149999.98,1,1
2017-11-26,10000039,33818,272999999.1,272999999.1,272999999.1,1,1
2017-11-26,10000039,33822,50000,50000,50000,4,3
2017-11-26,10000039,33824,1339043.87,200000.13,1549979.99,32,20
2017-11-26,10000039,33826,34999999.58,34999999.55,34999999.64,3,3
2017-11-26,10000039,33828,22962324.41,22962324.41,22962324.41,5,4
2017-11-26,10000039,33844,108649991.6,105500000,108999990.99,10,6
2017-11-26,10000039,33850,299999.98,299999.98,299999.98,1,1
2017-11-26,10000039,33852,164999999.92,164999999.92,164999999.92,3,2
2017-11-26,10000039,33890,860016.85,860016.85,860016.85,3,1
2017-11-26,10000039,33892,4599999.74,4599999.74,4599999.74,2,1
2017-11-26,10000039,33894,5729999.34,5729999.34,5729999.34,3,1
2017-11-26,10000039,33896,12000000,12000000,12000000,3,1
2017-11-26,10000039,33898,24750000,24750000,24750000,1,1
2017-11-26,10000039,33915,390017,390017,390017,3,3
2017-11-26,10000039,33983,40499939.34,40499939.34,40499939.34,1,1
2017-11-26,10000039,34202,1900010.01,1900010.01,1900010.01,1,1
2017-11-26,10000039,34203,300002,300002,300002,2,2
2017-11-26,10000039,34206,250565.32,101130.64,400000,2,2
2017-11-26,10000039,34266,750000,750000,750000,1,1
2017-11-26,10000039,34268,2975000,2975000,2975000,2,2
2017-11-26,10000039,34294,24625000,24500000,25000000,12,4
2017-11-26,10000039,34533,1259999.99,1259999.99,1259999.99,1,1
2017-11-26,10000039,34562,52989526.58,52989526.55,52989526.6,4,3
2017-11-26,10000039,34590,160000000,160000000,160000000,1,1
2017-11-26,10000039,35656,16020,100,20000,5,5
2017-11-26,10000039,35657,128716.86,128716.45,128717.49,5,5
2017-11-26,10000039,35658,43295.41,40000,84487.98,27,27
2017-11-26,10000039,35659,375000,50000,400000,14,14
2017-11-26,10000039,35660,45522.73,750,50000,11,10
2017-11-26,10000039,35661,284015,284014.99,284015,2,2
2017-11-26,10000039,35662,480017,480017,480017,1,1
2017-11-26,10000039,35680,2500000,2500000,2500000,2,2
2017-11-26,10000039,35685,1249999,1249999,1249999,1,1
2017-11-26,10000039,35771,1499989.98,1499989.98,1499989.98,2,1
2017-11-26,10000039,35790,1999989.94,1999989.94,1999989.94,2,2
2017-11-26,10000039,35794,9206.85,9206.85,9206.85,5,3
2017-11-26,10000039,35795,22499.83,20000,25000,6,4
2017-11-26,10000039,35835,1100000000,1100000000,1100000000,1,1
2017-11-26,10000039,36910,8500000,8500000,8500000,1,1
2017-11-26,10000039,37295,257999999.84,257999999.68,258000000,2,2
2017-11-26,10000039,37451,1955752.7,1955752.7,1955752.7,1,1
2017-11-26,10000039,37455,22500000,22500000,22500000,1,1
2017-11-26,10000039,37615,26999994.1,26999994.1,26999994.1,1,1
2017-11-26,10000039,40328,5999999.99,5999999.99,5999999.99,1,1
2017-11-26,10000039,40345,8510185.69,8510185.69,8510185.69,3,1
2017-11-26,10000039,40346,7099999.85,7099999.83,7099999.86,10,3
2017-11-26,10000039,40347,8500000,8500000,8500000,3,1
2017-11-26,10000039,40354,19999999.99,19999999.99,19999999.99,1,1
2017-11-26,10000039,40357,163999999.25,163999999.24,163999999.26,3,2
2017-11-26,10000039,40361,2749990.38,2500000,2799988.46,12,2
2017-11-26,10000039,40362,11999967.99,11999967.99,11999967.99,13,2
2017-11-26,10000039,40519,409999999.99,409999999.99,409999999.99,7,4
2017-11-26,10000039,40520,882399830.54,870000000,884879799.94,12,9
2017-11-26,10000039,40552,11000000,11000000,11000000,11,2
2017-11-26,10000039,40556,13399993.83,13300000,13399993.83,142,16
2017-11-26,10000039,40560,36999999.92,36999999.91,36999999.92,19,5
2017-11-26,10000039,40561,37499999.94,37499999.94,37499999.94,20,3
2017-11-26,10000039,40563,37500000,37500000,37500000,1,1
2017-11-26,10000039,40570,30888888.89,30000000,32000000,9,2
2017-11-26,10000039,40573,126999996.37,126999996.37,126999996.37,1,1
2017-11-26,10000039,40714,55899999.38,54800000,58999997.51,4,4
2017-11-26,10000039,41030,1099999999.79,1099999999.79,1099999999.79,3,3
2017-11-26,10000039,41031,81597.24,81597.24,81597.24,5,3
2017-11-26,10000039,41032,399998.97,399998.97,399998.97,4,3
2017-11-26,10000039,41034,150000,150000,150000,4,1
2017-11-26,10000039,41055,250000,200000,349999.99,3,3
2017-11-26,10000039,41155,20016.99,20016.99,20016.99,6,5
2017-11-26,10000039,41215,22000000,22000000,22000000,1,1
2017-11-26,10000039,41218,31000000,31000000,31000000,1,1
2017-11-26,10000039,41251,142499999.93,142499999.93,142499999.93,1,1
2017-11-26,10000039,41403,37999999.99,37999999.99,37999999.99,1,1
2017-11-26,10000039,41411,50999999.99,50999999.99,50999999.99,2,1
2017-11-26,10000039,41415,164899998.83,164899998.83,164899998.83,4,1
2017-11-26,10000039,41459,399988997.89,399988997.89,399988997.89,4,3
2017-11-26,10000039,41490,1249989.56,1249989.56,1249989.58,519,10
2017-11-26,10000039,41493,145000000,145000000,145000000,3,3
2017-11-26,10000039,41507,149499999.52,149499999.52,149499999.52,1,1
2017-11-26,10000039,42526,649934.08,649934.08,649934.08,3,3
2017-11-26,10000039,42527,1143560.56,1143560.56,1143560.56,1,1
2017-11-26,10000039,42528,1899999.97,1899999.97,1899999.97,2,1
2017-11-26,10000039,42529,4499999.99,4499999.99,4499999.99,1,1
2017-11-26,10000039,42694,949.98,949.98,949.98,1400,3
2017-11-26,10000039,42695,1199.99,1199.99,1199.99,162,1
2017-11-26,10000039,42696,1150,1150,1150,5900,3
2017-11-26,10000039,42829,1300,1300,1300,16200,7
2017-11-26,10000039,42830,1000.33,1000.33,1000.33,22800,8
2017-11-26,10000039,42831,630,630,630,13000,2
2017-11-26,10000039,42835,1099.99,1099.99,1099.99,1000,1
2017-11-26,10000039,42837,1399.99,1399.99,1399.99,1000,1
2017-11-26,10000039,42890,139994962.55,139994900,139994982.47,4,4
2017-11-26,10000039,43551,5000000,4999999.99,5000000,10,7
2017-11-26,10000039,43552,3000000,3000000,3000000,1,1
2017-11-26,10000039,43555,4312844.51,4312844.51,4312844.51,1,1
2017-11-26,10000039,43694,70000000,70000000,70000000,5,1
2017-11-26,10000039,43699,345000,345000,345000,10,1
2017-11-26,10000039,43700,5999999.98,5999999.98,5999999.98,2,1
2017-11-26,10000039,43702,160000,160000,160000,1,1
2017-11-26,10000039,44067,289999998.7,289999998.7,289999998.7,1,1
2017-11-26,10000039,44992,3159999.99,2953000,3160000,5012,24
2017-11-26,10000039,45010,260017.04,260017.04,260017.04,10,1
2017-11-26,10000039,45591,17000000,17000000,17000000,1,1
2017-11-26,10000039,45608,48000000,48000000,48000000,1,1
2017-11-26,10000039,45619,55000000,55000000,55000000,1,1
2017-11-26,10000039,45627,1,1,1,1,1
2017-11-26,10000039,45635,182489969.97,182489969.95,182489969.99,8,6
2017-11-26,10000039,45746,1799999.95,1799999.95,1799999.95,1,1
2017-11-26,10000039,45750,17999999.99,17999999.99,17999999.99,1,1
2017-11-26,10000039,45846,17500000,17500000,17500000,1,1
2017-11-26,10000039,46001,3730000,3730000,3730000,2,2
2017-11-26,10000039,46008,21007868.45,17500000,29999998.99,61,39
2017-11-26,10000039,46210,21999999.99,21999999.99,21999999.99,1,1
2017-11-26,10000040,35,3.95,3.95,3.95,800000,2
2017-11-26,10000040,44,11610.4,11610.4,11610.4,2390,2
2017-11-26,10000040,204,205,205,205,3000,2
2017-11-26,10000040,207,150,150,150,22000,5
2017-11-26,10000040,211,12.29,12.29,12.29,20000,2
2017-11-26,10000040,213,12.99,12.99,12.99,2000,1
2017-11-26,10000040,222,23,23,23,2000,1
2017-11-26,10000040,230,85,85,85,12500,3
2017-11-26,10000040,380,450000,400000,500000,2,2
2017-11-26,10000040,400,325000,325000,325000,1,1
2017-11-26,10000040,434,98750,98750,98750,1,1
2017-11-26,10000040,440,5100000,5100000,5100000,1,1
2017-11-26,10000040,444,250000,250000,250000,1,1
2017-11-26,10000040,570,500000,500000,500000,12,1
2017-11-26,10000040,578,148750,148750,148750,2,1
2017-11-26,10000040,589,500000,500000,500000,1,1
2017-11-26,10000040,605,614375.01,600000,628750.01,2,2
2017-11-26,10000040,607,664375.01,628750.01,700000,2,2
2017-11-26,10000040,608,550000,550000,550000,2,2
2017-11-26,10000040,621,12875000.01,12875000.01,12875000.01,1,1
2017-11-26,10000040,649,2100000,2100000,2100000,1,1
2017-11-26,10000040,652,2100000,2100000,2100000,1,1
2017-11-26,10000040,655,600000,600000,600000,2,2
2017-11-26,10000040,656,2000000,2000000,2000000,2,2
2017-11-26,10000040,657,1750000,1750000,1750000,1,1
2017-11-26,10000040,672,350000,350000,350000,1,1
2017-11-26,10000040,1182,90000,90000,90000,2,1
2017-11-26,10000040,1248,3099999,3099999,3099999,2,1
2017-11-26,10000040,1319,964264.88,948474.58,1000000,43,12
2017-11-26,10000040,1405,968750,875000,987500,12,4
2017-11-26,10000040,1541,1287500.01,1287500.01,1287500.01,4,3
2017-11-26,10000040,1944,2387500.01,2387500.01,2387500.01,1,1
2017-11-26,10000040,1952,1462500,1450000,1487500.01,3,3
2017-11-26,10000040,2032,587500.01,587500.01,587500.01,6,2
2017-11-26,10000040,2048,675000,550000,800000,2,2
2017-11-26,10000040,2175,1831249.45,1449998.99,2500000,24,8
2017-11-26,10000040,2183,48333.33,45000,50000,15,2
2017-11-26,10000040,2185,1023529.41,1000000,1200000,17,3
2017-11-26,10000040,2195,2911111.11,2800000,3000000,9,3
2017-11-26,10000040,2203,6000,6000,6000,2,1
2017-11-26,10000040,2205,520958.86,520958.86,520958.86,10,1
2017-11-26,10000040,2254,500000,500000,500000,1,1
2017-11-26,10000040,2281,2600000,2600000,2600000,1,1
2017-11-26,10000040,2303,2750000,2750000,2750000,1,1
2017-11-26,10000040,2396,50,50,50,6693,1
2017-11-26,10000040,2397,50,50,50,3420,1
2017-11-26,10000040,2398,430.58,430.58,430.58,1480,1
2017-11-26,10000040,2399,50,50,50,23340,1
2017-11-26,10000040,2400,1,1,1,41160,1
2017-11-26,10000040,2401,850,850,850,3360,1
2017-11-26,10000040,2406,2000000,2000000,2000000,1,1
2017-11-26,10000040,2444,98750.01,98750.01,98750.01,10,2
2017-11-26,10000040,2446,2375000,1999999.99,2500000,4,2
2017-11-26,10000040,2454,9998.9,9998.9,9998.9,2,1
2017-11-26,10000040,2456,649999.99,649999.99,649999.99,10,1
2017-11-26,10000040,2486,30000,30000,30000,5,1
2017-11-26,10000040,2488,532638.89,450000,598750.01,9,2
2017-11-26,10000040,2495,1000000,1000000,1000000,1,1
2017-11-26,10000040,2505,1000000,1000000,1000000,1,1
2017-11-26,10000040,2512,10,10,10,2540,1
2017-11-26,10000040,2524,833333.33,500000,1000000,6,4
2017-11-26,10000040,2533,500000,500000,500000,3,3
2017-11-26,10000040,2534,857142.86,500000,1000000,7,3
2017-11-26,10000040,2539,1450000,1450000,1450000,1,1
2017-11-26,10000040,2549,833333.33,500000,1000000,6,4
2017-11-26,10000040,2550,1000000,1000000,1000000,6,2
2017-11-26,10000040,2553,1200000,1200000,1200000,1,1
2017-11-26,10000040,2605,499999.98,499999.98,499999.98,1,1
2017-11-26,10000040,2621,1000,1000,1000,10000,3
2017-11-26,10000040,3320,387500,387500,387500,1,1
2017-11-26,10000040,3528,128750.01,128750.01,128750.01,1,1
2017-11-26,10000040,3645,50,50,50,3840,1
2017-11-26,10000040,3689,10081.2,10081.2,10081.2,555,2
2017-11-26,10000040,3756,53000000,53000000,53000000,1,1
2017-11-26,10000040,3779,50,50,50,5000,1
2017-11-26,10000040,3829,48699.8,48699,48700,5,3
2017-11-26,10000040,3839,88333.33,88333.33,88333.33,2,1
2017-11-26,10000040,3841,1395000.01,1350000.01,1487500.01,5,3
2017-11-26,10000040,4051,25000,25000,25000,10000,2
2017-11-26,10000040,4246,25000,25000,25000,2001,2
2017-11-26,10000040,4312,17000,17000,17000,182427,5
2017-11-26,10000040,4349,399900000.01,399900000.01,399900000.01,1,1
2017-11-26,10000040,4403,487500.01,487500.01,487500.01,1,1
2017-11-26,10000040,4405,1588815.91,1550000,1600000,14,6
2017-11-26,10000040,4477,50000,50000,50000,1,1
2017-11-26,10000040,5399,168750.01,168750.01,168750.01,1,1
2017-11-26,10000040,5945,850000,850000,850000,1,1
2017-11-26,10000040,5955,800000,800000,800000,1,1
2017-11-26,10000040,5973,700000,700000,700000,4,4
2017-11-26,10000040,6001,25000,25000,25000,1,1
2017-11-26,10000040,6005,480000,150000,1000000,5,5
2017-11-26,10000040,7367,2500000,2500000,2500000,5,1
2017-11-26,10000040,8105,1850000,1850000,1850000,6,1
2017-11-26,10000040,8133,28750.01,28750.01,28750.01,2,1
2017-11-26,10000040,8517,3287500.01,3287500.01,3287500.01,1,1
2017-11-26,10000040,8529,4000000,4000000,4000000,1,1
2017-11-26,10000040,9632,1500000,1500000,1500000,6,4
2017-11-26,10000040,9678,3000000,3000000,3000000,4,1
2017-11-26,10000040,9830,16000,16000,16000,1945,1
2017-11-26,10000040,9836,11100.06,11100.06,11100.06,235,1
2017-11-26,10000040,10190,1250000,1250000,1250000,3,1
2017-11-26,10000040,10246,10470.59,10470.59,10470.59,10,1
2017-11-26,10000040,10250,1091000,1091000,1091000,5,1
2017-11-26,10000040,10631,750000,750000,750000,12,1
2017-11-26,10000040,10692,120000,120000,120000,3,1
2017-11-26,10000040,10840,987500.01,987500.01,987500.01,1,1
2017-11-26,10000040,10850,1250000,1250000,1250000,1,1
2017-11-26,10000040,11129,28750,28750,28750,1,1
2017-11-26,10000040,11172,34000000,34000000,34000000,1,1
2017-11-26,10000040,11178,36000000,36000000,36000000,1,1
2017-11-26,10000040,11186,38000000,38000000,38000000,1,1
2017-11-26,10000040,11370,2550000,2550000,2550000,4,3
2017-11-26,10000040,11488,100000,100000,100000,1,1
2017-11-26,10000040,11561,348750.01,348750.01,348750.01,1,1
2017-11-26,10000040,11577,4180000,4180000,4180000,2,1
2017-11-26,10000040,12441,387500,387500,387500,1,1
2017-11-26,10000040,12633,74.99,74.99,74.99,1000,1
2017-11-26,10000040,12787,350,350,350,20000,1
2017-11-26,10000040,12791,300,300,300,20000,1
2017-11-26,10000040,13279,500000,500000,500000,1,1
2017-11-26,10000040,15508,98750.01,98750.01,98750.01,5,1
2017-11-26,10000040,15510,98750.01,98750.01,98750.01,3,1
2017-11-26,10000040,15681,158700000.02,158700000.02,158700000.02,1,1
2017-11-26,10000040,16272,500,500,500,511000,4
2017-11-26,10000040,16273,46.88,46.88,46.88,721134,20
2017-11-26,10000040,16275,4000,4000,4000,4000,1
2017-11-26,10000040,16278,2328750.01,2328750.01,2328750.01,4,1
2017-11-26,10000040,17476,28500000,27000000,30000000,2,2
2017-11-26,10000040,17478,27875000.01,27875000.01,27875000.01,1,1
2017-11-26,10000040,17482,2287500.01,2287500.01,2287500.01,4,2
2017-11-26,10000040,17715,250000000,250000000,250000000,3,3
2017-11-26,10000040,17843,85181818.18,80000000,90363636.36,2,2
2017-11-26,10000040,17887,989.99,989.99,989.99,3760,2
2017-11-26,10000040,17888,899.99,899.99,899.99,29500,2
2017-11-26,10000040,17889,1000,1000,1000,30000,1
2017-11-26,10000040,17912,4000000,4000000,4000000,2,1
2017-11-26,10000040,18590,850000,730000,999999.99,9,3
2017-11-26,10000040,18592,839999.53,520000,999999.29,6,3
2017-11-26,10000040,18594,711111.11,520000,950000,9,3
2017-11-26,10000040,18596,821832.67,465500,999999,6,3
2017-11-26,10000040,18598,972272.73,950000,999000,11,4
2017-11-26,10000040,18608,950000,950000,950000,4,1
2017-11-26,10000040,18624,999370.37,999000,1000000,27,4
2017-11-26,10000040,18639,98750,98750,98750,1,1
2017-11-26,10000040,19207,298800000.02,298800000.02,298800000.02,1,1
2017-11-26,10000040,19295,261200000.01,261200000.01,261200000.01,1,1
2017-11-26,10000040,19301,261200000,261200000,261200000,1,1
2017-11-26,10000040,19739,3150000,3150000,3150000,5,2
2017-11-26,10000040,20306,250,250,250,16170,1
2017-11-26,10000040,21059,487500,487500,487500,4,1
2017-11-26,10000040,21096,2725000,1950000,3500000,2,2
2017-11-26,10000040,21802,61200000.01,61200000.01,61200000.01,2,1
2017-11-26,10000040,21815,7800000,7800000,7800000,2,1
2017-11-26,10000040,22175,457499.2,457499.2,457499.2,1,1
2017-11-26,10000040,22229,5706977.12,5663954.24,5750000,4,2
2017-11-26,10000040,22291,990000,990000,990000,5,2
2017-11-26,10000040,22542,98750.01,98750.01,98750.01,7,4
2017-11-26,10000040,22576,45000,45000,45000,11,3
2017-11-26,10000040,22778,235660,235660,235660,14,1
2017-11-26,10000040,23009,1000,1000,1000,500,1
2017-11-26,10000040,23055,6000000,6000000,6000000,27,1
2017-11-26,10000040,23525,100000,100000,100000,5,1
2017-11-26,10000040,23527,634041.18,390000,695068.63,10,4
2017-11-26,10000040,23606,987500,987500,987500,1,1
2017-11-26,10000040,23707,8000,8000,8000,5,1
2017-11-26,10000040,24348,1537500,1500000,1550000,4,2
2017-11-26,10000040,24395,800000,800000,800000,2,2
2017-11-26,10000040,24417,1424500,1400000,1449000,2,2
2017-11-26,10000040,24427,1593170.24,1538690.48,1895300,4,3
2017-11-26,10000040,24438,1175000,1175000,1175000,2,1
2017-11-26,10000040,25861,236363.55,200000,499999,22,4
2017-11-26,10000040,26929,250000,250000,250000,2,1
2017-11-26,10000040,27174,190000000,190000000,190000000,1,1
2017-11-26,10000040,27351,2799.98,2799.98,2799.98,2000,1
2017-11-26,10000040,27381,1000,1000,1000,500,1
2017-11-26,10000040,27387,950,950,950,600,1
2017-11-26,10000040,27920,1387500.01,1387500.01,1387500.01,34,1
2017-11-26,10000040,27951,47022756,47022756,47022756,1,1
2017-11-26,10000040,28213,1309999.99,1309999.99,1309999.99,5,1
2017-11-26,10000040,28262,450000,450000,450000,6,2
2017-11-26,10000040,28362,199000,199000,199000,95,1
2017-11-26,10000040,28420,350000,350000,350000,107,1
2017-11-26,10000040,28576,875000,850000,1000000,6,2
2017-11-26,10000040,28583,55000000,55000000,55000000,1,1
2017-11-26,10000040,28758,34500000,34500000,34500000,1,1
2017-11-26,10000040,28999,28750,28750,28750,10,1
2017-11-26,10000040,29009,15000,15000,15000,1,1
2017-11-26,10000040,29011,28750.01,28750.01,28750.01,1,1
2017-11-26,10000040,30028,97500,74999.99,120000,16,2
2017-11-26,10000040,30486,800000,800000,800000,8,1
2017-11-26,10000040,30836,2000000,2000000,2000000,2,2
2017-11-26,10000040,31119,2500000,2500000,2500000,3,1
2017-11-26,10000040,31163,55000000,55000000,55000000,2,2
2017-11-26,10000040,31171,4050000,4050000,4050000,1,1
2017-11-26,10000040,31183,5000000,5000000,5000000,1,1
2017-11-26,10000040,31213,225000,225000,225000,1,1
2017-11-26,10000040,31372,2300000,2300000,2300000,1,1
2017-11-26,10000040,31378,17500000,15000000,20000000,4,2
2017-11-26,10000040,31588,2875000.01,2875000.01,2875000.01,1,1
2017-11-26,10000040,31718,353409.09,300000,406818.18,2,2
2017-11-26,10000040,31724,3999999.98,3999999.98,3999999.98,1,1
2017-11-26,10000040,31730,400000,400000,400000,1,1
2017-11-26,10000040,31754,349999.99,349999.99,349999.99,1,1
2017-11-26,10000040,31790,3500000,3500000,3500000,14,8
2017-11-26,10000040,31796,40000000,40000000,40000000,1,1
2017-11-26,10000040,31802,1700000,1500000,1900000,2,2
2017-11-26,10000040,31870,5970000,5900000,6000000,10,2
2017-11-26,10000040,31884,5000000,5000000,5000000,5,1
2017-11-26,10000040,31888,2000000.01,2000000.01,2000000.01,1,1
2017-11-26,10000040,32787,62180.01,35000,68975.01,5,2
2017-11-26,10000040,33003,500000,500000,500000,2,1
2017-11-26,10000040,33178,125000,125000,125000,1,1
2017-11-26,10000040,33475,11185000,11050000,12400000,10,4
2017-11-26,10000040,33824,1327318.75,1300000,1354637.5,2,2
2017-11-26,10000040,33826,38000000,38000000,38000000,1,1
2017-11-26,10000040,35657,1400000,1400000,1400000,1,1
2017-11-26,10000040,35790,1999999.99,1999999.99,1999999.99,1,1
2017-11-26,10000040,37451,1999999.99,1999999.99,1999999.99,4,1
2017-11-26,10000040,40354,28500000,27000000,30000000,2,2
2017-11-26,10000040,40519,1400000,1400000,1400000,6,1
2017-11-26,10000040,40520,958000000,958000000,958000000,1,1
2017-11-26,10000040,40556,12163541.51,10395100,14000000,53,4
2017-11-26,10000040,40560,32000000,32000000,32000000,5,1
2017-11-26,10000040,41033,4000000,4000000,4000000,2,2
2017-11-26,10000040,41034,2000000,400000,4000000,9,3
2017-11-26,10000040,41411,38500000,38500000,38500000,1,1
2017-11-26,10000040,41415,155000000,155000000,155000000,3,1
2017-11-26,10000040,41486,28000000,28000000,28000000,1,1
2017-11-26,10000040,41490,1440000,1440000,1440000,25,1
2017-11-26,10000040,41491,44000000,44000000,44000000,1,1
2017-11-26,10000040,42829,738.07,738.07,738.07,4992,2
2017-11-26,10000040,42830,650,650,650,6010,2
2017-11-26,10000040,42831,889.99,889.99,889.99,3709,1
2017-11-26,10000040,42890,107500000,107500000,107500000,2,1
2017-11-26,10000040,43694,59500000,59500000,59500000,5,1
2017-11-26,10000040,43699,60000,60000,60000,1,1
2017-11-26,10000040,44992,2670396.25,2670396.25,2670396.25,785,2
2017-11-26,10000040,45626,35000000,35000000,35000000,1,1
2017-11-26,10000040,45635,256000000,256000000,256000000,1,1
2017-11-26,10000040,46008,21000000,21000000,21000000,2,2
2017-11-26,10000040,47029,100000000,100000000,100000000,1,1
2017-11-26,10000041,20,850,850,850,100000,1
2017-11-26,10000041,34,4,4,4,21674956,16
2017-11-26,10000041,35,4,4,4,19050587,9
2017-11-26,10000041,36,10,10,10,448069,12
2017-11-26,10000041,37,21.01,21.01,21.01,107349,10
2017-11-26,10000041,38,295,295,295,98489,12
2017-11-26,10000041,39,800,800,800,41880,10
2017-11-26,10000041,40,1198,1198,1198,31500,10
2017-11-26,10000041,42,1708.58,1708.58,1708.58,244428,5
2017-11-26,10000041,203,750,750,750,3000,1
2017-11-26,10000041,205,1000,1000,1000,1000,1
2017-11-26,10000041,209,70,70,70,18000,4
2017-11-26,10000041,210,65,65,65,3000,1
2017-11-26,10000041,211,29,29,29,33000,2
2017-11-26,10000041,213,24,24,24,13000,2
2017-11-26,10000041,225,15,15,15,1,1
2017-11-26,10000041,440,4532511.29,4315022.57,4750000,2,2
2017-11-26,10000041,448,2000000,2000000,2000000,7,3
2017-11-26,10000041,483,300000,300000,300000,4,2
2017-11-26,10000041,501,55000,55000,55000,6,1
2017-11-26,10000041,527,1100000,1100000,1100000,3,1
2017-11-26,10000041,584,355867.41,355867.41,355867.41,1,1
2017-11-26,10000041,585,400000,400000,400000,1,1
2017-11-26,10000041,586,469000,469000,469000,1,1
2017-11-26,10000041,589,460000,460000,460000,5,1
2017-11-26,10000041,597,250000,250000,250000,1,1
2017-11-26,10000041,603,500000,500000,500000,2,1
2017-11-26,10000041,607,650000,650000,650000,2,2
2017-11-26,10000041,608,462627.56,462627.56,462627.56,3,3
2017-11-26,10000041,627,10000000.01,10000000.01,10000000.01,2,1
2017-11-26,10000041,655,2800000,2800000,2800000,1,1
2017-11-26,10000041,1306,331189.46,306124.87,431447.82,5,2
2017-11-26,10000041,1319,1299216.76,1299216.76,1299216.76,1,1
2017-11-26,10000041,1333,120000,120000,120000,3,1
2017-11-26,10000041,1403,150000,150000,150000,4,2
2017-11-26,10000041,1405,670833.33,650000,750000,12,5
2017-11-26,10000041,1875,25000,25000,25000,3,1
2017-11-26,10000041,1999,1000000,1000000,1000000,1,1
2017-11-26,10000041,2006,9999999,9999999,9999999,1,1
2017-11-26,10000041,2032,644000,644000,644000,2,2
2017-11-26,10000041,2048,598783.5,545000,630000,20,9
2017-11-26,10000041,2185,1041057.07,1000000,1047373.54,15,3
2017-11-26,10000041,2205,774998.99,774998.99,774998.99,8,2
2017-11-26,10000041,2281,4000000,4000000,4000000,1,1
2017-11-26,10000041,2349,125898.81,125898.81,125898.81,219,1
2017-11-26,10000041,2389,522,522,522,2000,1
2017-11-26,10000041,2390,471.14,471.14,471.14,104960,4
2017-11-26,10000041,2392,1125,1125,1125,142105,1
2017-11-26,10000041,2398,430.96,430.96,430.96,78720,3
2017-11-26,10000041,2399,617.25,617.25,617.25,78780,2
2017-11-26,10000041,2400,413.02,413.02,413.02,78720,4
2017-11-26,10000041,2401,880.02,880.02,880.02,6751,1
2017-11-26,10000041,2456,474430.71,463536.12,500000,36,7
2017-11-26,10000041,2488,514577.11,510000,560348.16,22,3
2017-11-26,10000041,2567,2949999,2949999,2949999,2,1
2017-11-26,10000041,2605,325000,325000,325000,2,1
2017-11-26,10000041,2913,1862500,1800000,1900000,8,2
2017-11-26,10000041,3082,2560000,2000000,3120000,12,2
2017-11-26,10000041,3178,615642,148538,820000,23,2
2017-11-26,10000041,3244,1993333.33,1600000,2000000,9,5
2017-11-26,10000041,3293,12000,12000,12000,1,1
2017-11-26,10000041,3297,4400,4400,4400,1,1
2017-11-26,10000041,3304,100000,100000,100000,1,1
2017-11-26,10000041,3305,1000000,1000000,1000000,1,1
2017-11-26,10000041,3530,2498719.99,2498719.99,2498719.99,2,1
2017-11-26,10000041,3568,849500,699000,1000000,2,2
2017-11-26,10000041,3578,2149000,2149000,2149000,1,1
2017-11-26,10000041,3645,439.84,439.84,439.84,104960,2
2017-11-26,10000041,3651,1,1,1,1,1
2017-11-26,10000041,3689,12498,12498,12498,700,1
2017-11-26,10000041,3777,2859.56,2848.78,2861.99,1372712,8
2017-11-26,10000041,3814,27.6,27.6,27.6,1,1
2017-11-26,10000041,3831,904313.62,889084.83,950000,4,3
2017-11-26,10000041,3841,1369933.3,1344866.6,1395000,4,2
2017-11-26,10000041,3888,949244.43,949244.43,949244.43,1,1
2017-11-26,10000041,3977,420000,420000,420000,2,1
2017-11-26,10000041,4246,21500,21500,21500,135,1
2017-11-26,10000041,4247,21500,21500,21500,660,1
2017-11-26,10000041,4312,20500,20500,20500,7580,3
2017-11-26,10000041,4383,2090000,2090000,2090000,1,1
2017-11-26,10000041,4405,1218407.13,1218000,1218949.97,7,2
2017-11-26,10000041,4569,99999,99999,99999,1,1
2017-11-26,10000041,4833,147500,98000,246500,6,3
2017-11-26,10000041,5137,149000,149000,149000,3,1
2017-11-26,10000041,5239,500000,500000,500000,2,1
2017-11-26,10000041,5320,150000,150000,150000,1,1
2017-11-26,10000041,5839,1712500,1712500,1712500,5,1
2017-11-26,10000041,5973,600540.19,550000,752160.76,4,4
2017-11-26,10000041,5975,420,420,420,1,1
2017-11-26,10000041,6001,21000,21000,21000,5,1
2017-11-26,10000041,6003,25000,25000,25000,1,1
2017-11-26,10000041,6569,10000,10000,10000,2,1
2017-11-26,10000041,8585,25000,25000,25000,5,1
2017-11-26,10000041,9832,9500,9500,9500,4,2
2017-11-26,10000041,9941,11000000,11000000,11000000,1,1
2017-11-26,10000041,9947,2770000,2770000,2770000,10,1
2017-11-26,10000041,10190,1159415.93,1150000,1195000,11,3
2017-11-26,10000041,10216,22500000,22500000,22500000,1,1
2017-11-26,10000041,10246,15000,15000,15000,15,2
2017-11-26,10000041,10998,149789.47,49000,150000,19,4
2017-11-26,10000041,11129,144819.55,20000,196894.62,4,4
2017-11-26,10000041,11174,34000000,34000000,34000000,2,1
2017-11-26,10000041,11178,35000000,35000000,35000000,1,1
2017-11-26,10000041,11182,15000000,15000000,15000000,1,1
2017-11-26,10000041,11184,33000000,33000000,33000000,1,1
2017-11-26,10000041,11186,33500000,33500000,33500000,1,1
2017-11-26,10000041,11196,13000000,13000000,13000000,2,2
2017-11-26,10000041,11198,13000000,13000000,13000000,1,1
2017-11-26,10000041,11200,33000000,33000000,33000000,1,1
2017-11-26,10000041,11269,763333.33,690000,800000,3,2
2017-11-26,10000041,11285,4500,4500,4500,7,1
2017-11-26,10000041,11289,45000,45000,45000,205,15
2017-11-26,10000041,11370,1100000,1100000,1100000,1,1
2017-11-26,10000041,11371,14000000,14000000,14000000,1,1
2017-11-26,10000041,11399,526,526,526,520,3
2017-11-26,10000041,11577,4575000,4100000,6000000,4,3
2017-11-26,10000041,11578,7995000,7995000,7995000,1,1
2017-11-26,10000041,12208,4000000,4000000,4000000,1,1
2017-11-26,10000041,12271,7000000,7000000,7000000,1,1
2017-11-26,10000041,12344,35000,35000,35000,4,2
2017-11-26,10000041,12346,2015000,2015000,2015000,4,2
2017-11-26,10000041,12612,79.5,70,89.5,20000,3
2017-11-26,10000041,12614,65,65,65,10000,1
2017-11-26,10000041,12735,75000000,75000000,75000000,1,1
2017-11-26,10000041,12747,75000000,75000000,75000000,1,1
2017-11-26,10000041,12773,188.01,188.01,188.01,3000,1
2017-11-26,10000041,12801,210,210,210,50000,1
2017-11-26,10000041,12805,200,200,200,50000,1
2017-11-26,10000041,15479,4314285.71,4000000,5100000,7,2
2017-11-26,10000041,15510,39900,39900,39900,5,1
2017-11-26,10000041,15587,4500,4500,4500,4,2
2017-11-26,10000041,15588,8000,8000,8000,4,1
2017-11-26,10000041,15590,20000,20000,20000,3,2
2017-11-26,10000041,16120,35000,35000,35000,2,1
2017-11-26,10000041,16121,65000,65000,65000,6,1
2017-11-26,10000041,16125,2000000,2000000,2000000,4,1
2017-11-26,10000041,16227,44000000,44000000,44000000,1,1
2017-11-26,10000041,16229,55000000,55000000,55000000,1,1
2017-11-26,10000041,16266,5,5,5,8,4
2017-11-26,10000041,16272,1,1,1,48464,4
2017-11-26,10000041,16273,2.01,2.01,2.01,58881,17
2017-11-26,10000041,16274,780,780,780,30000,1
2017-11-26,10000041,16275,211.06,211.06,211.06,2507,3
2017-11-26,10000041,16278,3000000,3000000,3000000,1,1
2017-11-26,10000041,16527,575000,575000,575000,1,1
2017-11-26,10000041,17366,50000,50000,50000,7,3
2017-11-26,10000041,17715,75000000,75000000,75000000,2,2
2017-11-26,10000041,17887,885,885,885,169965,6
2017-11-26,10000041,17888,800,800,800,60450,3
2017-11-26,10000041,17889,6.23,6.23,6.23,450,1
2017-11-26,10000041,17912,5999999.99,5999999.99,5999999.99,2,2
2017-11-26,10000041,17938,12350,12350,12350,5,1
2017-11-26,10000041,18025,400000,400000,400000,1,1
2017-11-26,10000041,18054,330000,330000,330000,6,1
2017-11-26,10000041,18639,1400000,1400000,1400000,1,1
2017-11-26,10000041,21096,2856283.87,2500000,3064327.87,8,5
2017-11-26,10000041,21640,1208690.48,1208690.48,1208690.48,1,1
2017-11-26,10000041,22456,89000000,89000000,89000000,2,1
2017-11-26,10000041,22542,95000,95000,95000,5,3
2017-11-26,10000041,22546,75000000,75000000,75000000,3,1
2017-11-26,10000041,22548,75000000,75000000,75000000,2,2
2017-11-26,10000041,22961,515,515,515,10000,1
2017-11-26,10000041,22977,800,800,800,5000,1
2017-11-26,10000041,23025,825.01,825.01,825.01,1000,1
2017-11-26,10000041,23059,4000000,4000000,4000000,8,1
2017-11-26,10000041,23527,320000.14,320000.14,320000.14,5,1
2017-11-26,10000041,23705,55000,55000,55000,5,1
2017-11-26,10000041,23707,8000,8000,8000,13,2
2017-11-26,10000041,23709,40000,40000,40000,5,1
2017-11-26,10000041,24305,4200000,4200000,4200000,4,2
2017-11-26,10000041,24395,409000.02,409000.02,409000.02,1,1
2017-11-26,10000041,24698,55000000,55000000,55000000,1,1
2017-11-26,10000041,25590,118750.01,118750.01,118750.01,7,1
2017-11-26,10000041,25591,175000,175000,175000,279,3
2017-11-26,10000041,25592,112.02,112.02,112.02,1,1
2017-11-26,10000041,25593,200,200,200,9,1
2017-11-26,10000041,25596,28000,28000,28000,258,2
2017-11-26,10000041,25598,4225.08,1600.12,10000,32,2
2017-11-26,10000041,25599,384.08,241.03,1600,19,2
2017-11-26,10000041,25600,20000,20000,20000,140,3
2017-11-26,10000041,25601,5747.5,5747.5,5747.5,6,1
2017-11-26,10000041,25604,7999,7999,7999,14,1
2017-11-26,10000041,25615,1600000,1600000,1600000,24,1
2017-11-26,10000041,27321,1000,1000,1000,4100,3
2017-11-26,10000041,27327,1000,1000,1000,100,1
2017-11-26,10000041,27339,3495,3495,3495,3000,1
2017-11-26,10000041,27351,5800,5800,5800,2000,1
2017-11-26,10000041,27361,20,20,20,1097,2
2017-11-26,10000041,27371,7.53,7.53,7.53,1000,1
2017-11-26,10000041,27381,8.58,8.58,8.58,1000,1
2017-11-26,10000041,27395,1995,1995,1995,1000,1
2017-11-26,10000041,27435,1250,1250,1250,3000,1
2017-11-26,10000041,28266,2195000,2195000,2195000,11,1
2017-11-26,10000041,28286,3200000,3200000,3200000,2,1
2017-11-26,10000041,28576,702532.57,8420.53,1100000,16,4
2017-11-26,10000041,28668,29000,20000,31000,715,8
2017-11-26,10000041,28756,36000000,36000000,36000000,1,1
2017-11-26,10000041,28758,47000000,47000000,47000000,1,1
2017-11-26,10000041,29001,15000,15000,15000,10,1
2017-11-26,10000041,29248,430000.04,430000.04,430000.04,1,1
2017-11-26,10000041,29620,9000,9000,9000,1,1
2017-11-26,10000041,30013,10000.26,10000.26,10000.26,8,1
2017-11-26,10000041,30486,550000,550000,550000,16,2
2017-11-26,10000041,30488,485850.03,478775.05,500000,24,3
2017-11-26,10000041,30744,200000,200000,200000,3,1
2017-11-26,10000041,30745,500000,500000,500000,9,1
2017-11-26,10000041,30746,1500000,1500000,1500000,3,1
2017-11-26,10000041,30747,5000000,5000000,5000000,1,1
2017-11-26,10000041,30836,1550000,1550000,1550000,1,1
2017-11-26,10000041,30987,400000,400000,400000,3,1
2017-11-26,10000041,30999,1700000,1700000,1700000,2,1
2017-11-26,10000041,31009,436000,420000,500000,5,3
2017-11-26,10000041,31045,681428.57,650000,760000,7,3
2017-11-26,10000041,31047,3480000,3480000,3480000,1,1
2017-11-26,10000041,31055,2000000,2000000,2000000,4,2
2017-11-26,10000041,31119,1285000,1285000,1285000,3,1
2017-11-26,10000041,31153,250000,250000,250000,2,1
2017-11-26,10000041,31177,250000,250000,250000,1,1
2017-11-26,10000041,31360,3100000,3100000,3100000,1,1
2017-11-26,10000041,31366,24950000,24950000,24950000,2,1
2017-11-26,10000041,31370,230000,230000,230000,21,2
2017-11-26,10000041,31378,19000000,19000000,19000000,2,1
2017-11-26,10000041,31454,550000,550000,550000,1,1
2017-11-26,10000041,31598,365000,365000,365000,6,1
2017-11-26,10000041,31724,12000000,12000000,12000000,1,1
2017-11-26,10000041,31754,340000,340000,340000,2,1
2017-11-26,10000041,31788,409000,409000,409000,8,1
2017-11-26,10000041,31790,1877670.14,1599998.99,1969806.65,9,5
2017-11-26,10000041,31796,35000000,35000000,35000000,3,1
2017-11-26,10000041,31874,3140000,3140000,3140000,5,1
2017-11-26,10000041,31880,1516666.67,1500000,1550000,6,2
2017-11-26,10000041,31882,2430000,2430000,2430000,2,1
2017-11-26,10000041,31998,150000,150000,150000,15,1
2017-11-26,10000041,32006,130000,130000,130000,80,8
2017-11-26,10000041,32014,199996.95,199996.95,199996.95,116,7
2017-11-26,10000041,32787,25000,25000,25000,8,2
2017-11-26,10000041,32872,1000000,1000000,1000000,1,1
2017-11-26,10000041,32880,500000,500000,500000,2,2
2017-11-26,10000041,33076,587000,450000,998000,4,2
2017-11-26,10000041,33180,150000,150000,150000,1,1
2017-11-26,10000041,33474,1700000,1600000,1800000,3,3
2017-11-26,10000041,33475,8134285.71,7500000,8995000,7,3
2017-11-26,10000041,33577,500000,500000,500000,1300,3
2017-11-26,10000041,33890,830000,830000,830000,12,2
2017-11-26,10000041,34204,100000.1,100000.1,100000.1,2,1
2017-11-26,10000041,34205,100000.01,100000.01,100000.01,2,1
2017-11-26,10000041,34206,150000,150000,150000,3,2
2017-11-26,10000041,34317,55000000,55000000,55000000,1,1
2017-11-26,10000041,35659,95000,40000,172500,5,5
2017-11-26,10000041,35788,25000,25000,25000,2,1
2017-11-26,10000041,35795,13990,13990,13990,2,1
2017-11-26,10000041,37483,78000000,78000000,78000000,1,1
2017-11-26,10000041,37611,3899999,3899999,3899999,1,1
2017-11-26,10000041,40557,11000000,11000000,11000000,7,1
2017-11-26,10000041,40558,13000000,13000000,13000000,15,1
2017-11-26,10000041,41490,1060000,1060000,1060000,9,2
2017-11-26,10000041,42244,15000000,15000000,15000000,1,1
2017-11-26,10000041,44992,2600810.43,2600810.43,2600810.43,15,1
2017-11-26,10000041,46167,10000000,10000000,10000000,1,1
2017-11-26,10000041,46168,10000000,10000000,10000000,1,1
2017-11-26,10000041,46170,10000000,10000000,10000000,1,1
2017-11-26,10000041,46171,10000000,10000000,10000000,1,1
2017-11-26,10000041,46177,10000000,10000000,10000000,1,1
2017-11-26,10000041,46180,10000000,10000000,10000000,1,1
2017-11-26,10000041,46183,10000000,10000000,10000000,1,1
2017-11-26,10000041,46206,20000000,20000000,20000000,1,1
2017-11-26,10000041,46209,20000000,20000000,20000000,1,1
2017-11-26,10000041,46212,20000000,20000000,20000000,1,1
2017-11-26,10000041,46365,206349.14,200000,222222,14,2
2017-11-26,10000041,46366,1200000,1200000,1200000,4,1
2017-11-26,10000041,46369,350000,350000,350000,2,1
2017-11-26,10000042,18,50,40.29,54.75,9583600,182
2017-11-26,10000042,19,1654.99,1654.99,1654.99,351,2
2017-11-26,10000042,20,279,279,279,733894,61
2017-11-26,10000042,21,405.54,405.54,405.54,8906,9
2017-11-26,10000042,22,3112,3112,3112,1569,4
2017-11-26,10000042,34,4.5,3.32,4.95,278731054,363
2017-11-26,10000042,35,4.64,4.15,4.75,160471619,248
2017-11-26,10000042,36,60,55,61.33,34819429,221
2017-11-26,10000042,37,54.28,54.28,54.28,5325198,160
2017-11-26,10000042,38,436,324.05,436.97,946115,171
2017-11-26,10000042,39,1122.75,998.05,1231.85,830212,125
2017-11-26,10000042,40,1449.98,1101.05,1464.49,485000,127
2017-11-26,10000042,41,14,14,14,22778,1
2017-11-26,10000042,42,400,400,400,50,3
2017-11-26,10000042,43,327.24,326.19,327.24,433243,41
2017-11-26,10000042,44,11610.14,11250,11610.18,7857,11
2017-11-26,10000042,45,6.03,6.03,6.03,110,11
2017-11-26,10000042,178,3.32,1.83,3.45,51965,47
2017-11-26,10000042,179,5.2,5.2,5.48,22693,15
2017-11-26,10000042,180,6.48,6.48,6.48,54297,41
2017-11-26,10000042,181,9.9,9.9,9.98,105953,40
2017-11-26,10000042,182,9.84,9.01,9.84,84188,41
2017-11-26,10000042,183,11.5,11.5,11.74,56224,41
2017-11-26,10000042,184,14.98,14.95,14.98,101399,47
2017-11-26,10000042,185,16.99,16.95,17.03,159410,80
2017-11-26,10000042,186,10.94,10.94,10.94,14400,10
2017-11-26,10000042,187,20.87,20.87,20.87,6594,10
2017-11-26,10000042,188,19.79,19.79,20,114821,10
2017-11-26,10000042,189,49.95,49.95,57.94,21720,17
2017-11-26,10000042,190,49.95,49.95,49.95,115156,17
2017-11-26,10000042,191,30.98,30.98,30.98,794062,26
2017-11-26,10000042,192,48.79,48.78,48.79,30020,15
2017-11-26,10000042,193,45,45,45,276421,26
2017-11-26,10000042,194,1.11,1.11,1.11,900,7
2017-11-26,10000042,195,1.02,1.02,1.02,1000,4
2017-11-26,10000042,196,31,31,31,3100,6
2017-11-26,10000042,197,105.99,105.99,107.83,106642,10
2017-11-26,10000042,198,22.25,22.25,22.25,1199,6
2017-11-26,10000042,199,170,170,170,32480,7
2017-11-26,10000042,200,195,195,195,10736,15
2017-11-26,10000042,201,184.63,123.27,187.67,5180,9
2017-11-26,10000042,202,80.36,80.36,80.36,4500,10
2017-11-26,10000042,203,199.87,199.87,199.87,47500,9
2017-11-26,10000042,204,249.98,249.98,249.99,46900,20
2017-11-26,10000042,205,215,210,218.7,11300,11
2017-11-26,10000042,206,33.93,33.93,33.93,19636,16
2017-11-26,10000042,207,47.19,47.19,47.19,23770,21
2017-11-26,10000042,208,63.47,63.47,63.47,220792,21
2017-11-26,10000042,209,50.86,50.86,50.86,543888,29
2017-11-26,10000042,210,11,11,11,134139,36
2017-11-26,10000042,211,18.5,18.5,18.5,32222,30
2017-11-26,10000042,212,8.01,1,16.74,9588,22
2017-11-26,10000042,213,12.48,12.48,12.48,166321,22
2017-11-26,10000042,215,1.06,1.06,1.06,11203,10
2017-11-26,10000042,216,0.44,0.44,3.75,1101,8
2017-11-26,10000042,217,8.18,8.18,8.18,7700,8
2017-11-26,10000042,218,0.77,0.77,0.77,1200,8
2017-11-26,10000042,219,6.79,6.79,6.79,4200,9
2017-11-26,10000042,220,7.93,7.93,7.93,7100,9
2017-11-26,10000042,221,1.09,1.09,1.09,1200,9
2017-11-26,10000042,222,18.89,18.89,18.89,64432,28
2017-11-26,10000042,223,2.22,2.22,2.22,17080,8
2017-11-26,10000042,224,16.04,16.04,16.04,1817,5
2017-11-26,10000042,225,33.82,33.82,33.82,5542,9
2017-11-26,10000042,226,69.71,69.71,69.71,6800,9
2017-11-26,10000042,227,64.45,64.45,64.45,3400,6
2017-11-26,10000042,228,39.22,39.22,39.22,3800,4
2017-11-26,10000042,229,26.01,26.01,26.01,740,5
2017-11-26,10000042,230,58.88,58.88,63.34,44041,18
2017-11-26,10000042,231,29.78,29.78,29.78,4000,1
2017-11-26,10000042,232,49,49,49,4000,4
2017-11-26,10000042,233,148.96,148.96,148.96,2700,3
2017-11-26,10000042,234,73.89,73.89,73.89,2300,2
2017-11-26,10000042,235,157.89,157.89,157.89,3400,3
2017-11-26,10000042,236,31,31,31,14344,3
2017-11-26,10000042,237,196.9,196.9,196.9,2500,4
2017-11-26,10000042,238,136.91,136.91,136.91,22694,6
2017-11-26,10000042,239,7.01,7.01,7.01,10,7
2017-11-26,10000042,240,5.31,5.3,5.31,14,11
2017-11-26,10000042,241,45.34,15,500,15,10
2017-11-26,10000042,242,41811.13,5.01,124799,24,11
2017-11-26,10000042,243,136.94,110,700,18,12
2017-11-26,10000042,244,5.01,5.01,5.01,6,4
2017-11-26,10000042,245,130.22,2.09,899,14,11
2017-11-26,10000042,246,2366.82,5,6500,22,12
2017-11-26,10000042,247,68724.95,27,183222.89,16,6
2017-11-26,10000042,248,31.01,31,31.01,12,4
2017-11-26,10000042,249,49962.51,25,99900.01,16,7
2017-11-26,10000042,250,13590.61,15.07,20090.81,20,9
2017-11-26,10000042,251,59732.23,22.51,185000,18,6
2017-11-26,10000042,252,22.17,22.17,22.17,7,2
2017-11-26,10000042,253,22.55,22.55,22.55,5,3
2017-11-26,10000042,254,12236.97,211.58,16997.9,26,6
2017-11-26,10000042,255,65388.5,1777.19,128999.81,18,3
2017-11-26,10000042,256,201,201,201,4,2
2017-11-26,10000042,257,125.03,125.03,125.03,5,1
2017-11-26,10000042,258,221.31,221.31,221.31,3,2
2017-11-26,10000042,259,103.03,103.03,103.03,6,2
2017-11-26,10000042,260,34930.75,103.05,121999.99,7,2
2017-11-26,10000042,261,12,12,12,6,1
2017-11-26,10000042,262,80364.15,2707.4,123506.79,14,4
2017-11-26,10000042,263,1000.95,1000.95,1000.95,128,9
2017-11-26,10000042,264,549.99,549.99,549.99,314,8
2017-11-26,10000042,266,0.41,0.41,0.41,11496,18
2017-11-26,10000042,267,45.55,45.55,45.55,1000,1
2017-11-26,10000042,269,3.41,3.41,3.41,1100,8
2017-11-26,10000042,377,13799.57,10000.5,13999,21,13
2017-11-26,10000042,380,704053.77,469500,709998.93,27,19
2017-11-26,10000042,393,29258.99,777.04,43499.97,3,3
2017-11-26,10000042,394,314300.07,10201.15,337500,14,12
2017-11-26,10000042,399,26970.9,17000,47998.84,32,20
2017-11-26,10000042,400,490833.33,450000,695000,6,6
2017-11-26,10000042,434,72412.97,70000,74999.87,34,28
2017-11-26,10000042,438,3364417.28,3299887.97,3999999,31,31
2017-11-26,10000042,439,20476.02,1570,21799,63,51
2017-11-26,10000042,440,4478126,4449999,4498000,16,16
2017-11-26,10000042,442,13932.39,11994,49999.99,14,10
2017-11-26,10000042,443,783.63,783.63,783.63,4,1
2017-11-26,10000042,444,14991.96,8887.79,47000,24,24
2017-11-26,10000042,447,65359,13038.76,169999.49,12,8
2017-11-26,10000042,448,1807828.55,1314939.14,1876999.25,55,49
2017-11-26,10000042,450,26166.67,8500,35000,3,2
2017-11-26,10000042,452,30899.99,30899.99,30899.99,2,1
2017-11-26,10000042,454,38399.99,38399.99,38399.99,1,1
2017-11-26,10000042,456,449999.96,449999.96,449999.97,5,2
2017-11-26,10000042,457,1809.52,1809.52,1809.52,1,1
2017-11-26,10000042,459,250000,250000,250000,5,1
2017-11-26,10000042,482,1465540.34,1429887,1860000,40,27
2017-11-26,10000042,483,9741.47,4200.07,14900,48,25
2017-11-26,10000042,484,7381.58,6999.87,29500,62,45
2017-11-26,10000042,485,2007.08,2007.08,2007.08,9,3
2017-11-26,10000042,486,21000,21000,21000,132,37
2017-11-26,10000042,487,26673.41,8000,28700,28,17
2017-11-26,10000042,488,38380.52,34550,47777.53,14,7
2017-11-26,10000042,489,24128.46,24128.46,24128.46,5,1
2017-11-26,10000042,490,143687.5,129950,160000,8,3
2017-11-26,10000042,491,242564.48,235999.45,350000,12,4
2017-11-26,10000042,492,383737.5,339950,400000,8,7
2017-11-26,10000042,498,1499999.99,1499999.99,1499999.99,2,1
2017-11-26,10000042,499,9952.55,2100,14000,25,17
2017-11-26,10000042,501,33313.32,10000,39939.97,15,9
2017-11-26,10000042,519,1329998.93,1328996,1329998.95,105,52
2017-11-26,10000042,520,53524.68,11111.01,57991.98,35,21
2017-11-26,10000042,523,24719.58,1800.51,39899.4,22,16
2017-11-26,10000042,524,17393.04,260.03,51659.07,3,2
2017-11-26,10000042,526,37473.31,15011.28,54999.98,16,14
2017-11-26,10000042,527,1042153.02,775007.04,1074999.04,30,24
2017-11-26,10000042,529,787.77,787.77,787.77,5,2
2017-11-26,10000042,530,44999.98,44999.98,44999.98,1,1
2017-11-26,10000042,533,578.98,578.98,578.98,1,1
2017-11-26,10000042,561,9985.12,9960.84,9999,11,2
2017-11-26,10000042,563,62250,29499.99,95000,6,2
2017-11-26,10000042,564,33008.8,27888,34289,10,2
2017-11-26,10000042,565,90599.7,48000,199999,10,3
2017-11-26,10000042,566,240000,240000,240000,1,1
2017-11-26,10000042,567,70499.95,70499.95,70499.95,1,1
2017-11-26,10000042,568,10002.27,10002.27,10002.27,4,1
2017-11-26,10000042,569,1000.07,1000.07,1000.07,3,1
2017-11-26,10000042,578,79921.7,55000,83914.99,29,25
2017-11-26,10000042,580,177777.77,177777.77,177777.77,2,2
2017-11-26,10000042,581,35000,35000,35000,1,1
2017-11-26,10000042,582,379950,379950,379950,1,1
2017-11-26,10000042,583,276525.03,195000.01,312768.28,10,8
2017-11-26,10000042,584,274735.24,250000,348940.94,4,4
2017-11-26,10000042,585,285059.19,285059.19,285059.19,118,28
2017-11-26,10000042,586,360448.77,160002.12,397924.76,43,35
2017-11-26,10000042,587,282757.28,224000,305503,77,47
2017-11-26,10000042,588,2543.22,600.06,3253.88,31,29
2017-11-26,10000042,589,285925,282900,295000,4,4
2017-11-26,10000042,590,267474.98,145000.01,389949.94,2,2
2017-11-26,10000042,591,408329.61,320000,452494.42,3,3
2017-11-26,10000042,592,220000,200000,240000,2,2
2017-11-26,10000042,593,402820.67,399000,404999.96,24,14
2017-11-26,10000042,594,388347.33,304389.52,411384.87,10,6
2017-11-26,10000042,596,10381.67,1000.23,45777,5,3
2017-11-26,10000042,597,375980.88,359988.62,439949.94,5,5
2017-11-26,10000042,598,213383.31,20000.01,285000,36,17
2017-11-26,10000042,599,185999.65,185999.65,185999.65,129,27
2017-11-26,10000042,601,7167.65,3251.47,15000,3,3
2017-11-26,10000042,602,321522.37,300000,457179,8,8
2017-11-26,10000042,603,324999.98,280000,369999.95,2,2
2017-11-26,10000042,605,302209.08,240000,314899.99,11,11
2017-11-26,10000042,606,3703.22,1000.27,15000,13,13
2017-11-26,10000042,607,391984.34,297500.01,435000,9,9
2017-11-26,10000042,608,355601.43,338070,400000,14,10
2017-11-26,10000042,609,340379.97,337190,349949.88,4,3
2017-11-26,10000042,620,7999999.5,7999999,8000000,2,2
2017-11-26,10000042,621,8890296.75,7900000,9000500,10,9
2017-11-26,10000042,622,8499314.65,6601000,9299994.98,9,8
2017-11-26,10000042,623,9999999.98,9999999.98,9999999.98,1,1
2017-11-26,10000042,624,9950002,9950002,9950002,2,2
2017-11-26,10000042,625,4375494.68,960000,7790989.35,2,2
2017-11-26,10000042,626,8945454,7700000,9499999,11,10
2017-11-26,10000042,627,9296453.11,5831251.35,9999988.72,6,6
2017-11-26,10000042,628,7872829.5,6600000,9145659,2,2
2017-11-26,10000042,629,10173410.1,9800000,10600000,10,10
2017-11-26,10000042,630,8269399.63,8149999.59,8773499.49,5,5
2017-11-26,10000042,631,6743455.43,5001005.19,8628357.89,6,5
2017-11-26,10000042,632,5000004.36,5000004.36,5000004.36,1,1
2017-11-26,10000042,633,9089000,9089000,9089000,1,1
2017-11-26,10000042,634,8419637.5,8200000,8639275,2,2
2017-11-26,10000042,638,161999999.49,161999998.98,162000000,2,2
2017-11-26,10000042,639,156045540.04,150093080.08,161998000,2,2
2017-11-26,10000042,640,157363420.28,120051000.56,194675840,2,2
2017-11-26,10000042,641,165822281.73,150509222.5,169889914.92,8,8
2017-11-26,10000042,642,142000109.56,130000219.11,154000000,2,2
2017-11-26,10000042,643,186656239.88,159992001.95,199988358.85,3,3
2017-11-26,10000042,644,157799999.99,157799999.99,157799999.99,1,1
2017-11-26,10000042,645,174249900.21,170000000,175999810.44,4,4
2017-11-26,10000042,648,1250790.83,150000,1366873,6,5
2017-11-26,10000042,649,1245284.41,931005.95,1402423.65,3,3
2017-11-26,10000042,650,1164499.5,1128999,1200000,4,4
2017-11-26,10000042,651,901402.3,571010.18,984000.33,5,4
2017-11-26,10000042,652,1402615.36,1178000.11,1544999.92,13,13
2017-11-26,10000042,653,500208.14,331115.67,605997.99,16,14
2017-11-26,10000042,654,1041510.97,655000.02,1199966.38,4,4
2017-11-26,10000042,655,1369166.67,507500,1800000,6,6
2017-11-26,10000042,656,1317966.08,1267797,1500000,31,12
2017-11-26,10000042,657,1476048.31,1105313.99,1548790,13,13
2017-11-26,10000042,672,12312.51,10000,25000,16,16
2017-11-26,10000042,689,2100000,2100000,2100000,5,5
2017-11-26,10000042,690,2700000,2700000,2700000,4,1
2017-11-26,10000042,691,2800000,2800000,2800000,5,2
2017-11-26,10000042,692,82000000,82000000,82000000,2,2
2017-11-26,10000042,786,60000,60000,60000,2,2
2017-11-26,10000042,788,300000,300000,300000,1,1
2017-11-26,10000042,807,700000,700000,700000,1,1
2017-11-26,10000042,808,900000,900000,900000,3,2
2017-11-26,10000042,809,800000,800000,800000,1,1
2017-11-26,10000042,810,750000,750000,750000,2,2
2017-11-26,10000042,811,150000,150000,150000,1,1
2017-11-26,10000042,813,180000,180000,180000,2,2
2017-11-26,10000042,819,20000,20000,20000,1,1
2017-11-26,10000042,820,60000,60000,60000,2,2
2017-11-26,10000042,821,90000,90000,90000,1,1
2017-11-26,10000042,822,120000,120000,120000,1,1
2017-11-26,10000042,823,150000,150000,150000,1,1
2017-11-26,10000042,828,1500000,1500000,1500000,2,2
2017-11-26,10000042,832,12000000,12000000,12000000,1,1
2017-11-26,10000042,879,20000,20000,20000,12,12
2017-11-26,10000042,880,30000,30000,30000,11,11
2017-11-26,10000042,881,40000,40000,40000,11,11
2017-11-26,10000042,882,50000,50000,50000,11,11
2017-11-26,10000042,883,60000,60000,60000,15,15
2017-11-26,10000042,884,70000,70000,70000,13,13
2017-11-26,10000042,885,80000,80000,80000,13,13
2017-11-26,10000042,886,100000,100000,100000,11,11
2017-11-26,10000042,887,80000,80000,80000,12,12
2017-11-26,10000042,888,120000,120000,120000,13,4
2017-11-26,10000042,889,165000,165000,165000,12,12
2017-11-26,10000042,890,205000,205000,205000,12,4
2017-11-26,10000042,891,235000,235000,235000,12,12
2017-11-26,10000042,892,275000,275000,275000,12,4
2017-11-26,10000042,893,325000,325000,325000,12,12
2017-11-26,10000042,894,400000,400000,400000,12,3
2017-11-26,10000042,895,200000,200000,200000,10,1
2017-11-26,10000042,896,300000,300000,300000,10,1
2017-11-26,10000042,897,400000,400000,400000,10,1
2017-11-26,10000042,898,500000,500000,500000,10,1
2017-11-26,10000042,899,600000,600000,600000,10,2
2017-11-26,10000042,900,700000,700000,700000,10,1
2017-11-26,10000042,901,800000,800000,800000,10,1
2017-11-26,10000042,902,1000000,1000000,1000000,10,1
2017-11-26,10000042,945,2800000,2800000,2800000,4,4
2017-11-26,10000042,946,2500000,2500000,2500000,4,4
2017-11-26,10000042,952,5000000,5000000,5000000,1,1
2017-11-26,10000042,974,83000000,83000000,83000000,1,1
2017-11-26,10000042,975,81000000,81000000,81000000,1,1
2017-11-26,10000042,976,80000000,80000000,80000000,1,1
2017-11-26,10000042,998,975000000,975000000,975000000,1,1
2017-11-26,10000042,1010,49920,49920,49920,2,2
2017-11-26,10000042,1032,91160,91160,91160,2,2
2017-11-26,10000042,1067,316360,316360,316360,1,1
2017-11-26,10000042,1072,64500,64500,64500,2,2
2017-11-26,10000042,1096,243200,243200,243200,1,1
2017-11-26,10000042,1106,395040,395040,395040,1,1
2017-11-26,10000042,1113,60000,60000,60000,1,1
2017-11-26,10000042,1114,90000,90000,90000,1,1
2017-11-26,10000042,1137,100000,100000,100000,1,1
2017-11-26,10000042,1138,80000,80000,80000,1,1
2017-11-26,10000042,1139,110000,110000,110000,1,1
2017-11-26,10000042,1140,150000,150000,150000,1,1
2017-11-26,10000042,1141,175000,175000,175000,1,1
2017-11-26,10000042,1145,400000,400000,400000,2,2
2017-11-26,10000042,1147,300000,300000,300000,1,1
2017-11-26,10000042,1161,140000,140000,140000,2,1
2017-11-26,10000042,1178,100000,100000,100000,1,1
2017-11-26,10000042,1182,72303.85,48323.35,124999.99,9,7
2017-11-26,10000042,1183,732853.41,570000.87,889000.51,34,20
2017-11-26,10000042,1185,39299.26,30000,49989.99,12,11
2017-11-26,10000042,1195,38499.97,38499.97,38499.97,4,3
2017-11-26,10000042,1201,23000.34,23000.34,23000.34,14,5
2017-11-26,10000042,1202,48500,48500,48500,1,1
2017-11-26,10000042,1223,3150.01,3150.01,3150.01,312,1
2017-11-26,10000042,1225,2614.01,2614.01,2614.01,458,1
2017-11-26,10000042,1226,334.83,334.83,334.83,23074,7
2017-11-26,10000042,1227,70.4,70.04,72.5,1026205,41
2017-11-26,10000042,1228,18.3,18.3,18.3,11158348,74
2017-11-26,10000042,1229,1155.23,1155.23,1155.23,396,1
2017-11-26,10000042,1230,13.8,13.8,14.1,37346119,129
2017-11-26,10000042,1231,430,430,430,9854,7
2017-11-26,10000042,1232,358.04,358.04,358.04,3200,1
2017-11-26,10000042,1236,679998.95,679998.94,679998.98,48,21
2017-11-26,10000042,1244,13125.85,1808.38,26500,19,10
2017-11-26,10000042,1246,11000,11000,11000,5,1
2017-11-26,10000042,1248,800582.72,200101.45,891999.99,23,13
2017-11-26,10000042,1266,499999,499999,499999,1,1
2017-11-26,10000042,1304,30000,30000,30000,1,1
2017-11-26,10000042,1306,466226.16,180006.52,528948.87,22,20
2017-11-26,10000042,1317,3890.18,1699.16,5249.99,54,27
2017-11-26,10000042,1318,16640,16640,16640,1,1
2017-11-26,10000042,1319,639998.78,639895.97,639998.83,192,73
2017-11-26,10000042,1333,200,200,200,3,1
2017-11-26,10000042,1335,318196.97,198654.61,328644.89,29,14
2017-11-26,10000042,1353,19999.61,19999.6,19999.63,3,3
2017-11-26,10000042,1355,897333.31,897000,897999.95,6,5
2017-11-26,10000042,1403,25725.29,12002.97,29899.82,18,8
2017-11-26,10000042,1404,54380,54380,54380,1,1
2017-11-26,10000042,1405,882135.48,540000.27,882135.53,247,72
2017-11-26,10000042,1422,1010641.26,969993.83,1299999,31,12
2017-11-26,10000042,1436,1471800.01,509501.03,1739998.99,5,5
2017-11-26,10000042,1445,14050,100,28000,2,2
2017-11-26,10000042,1447,768710.22,498056.88,797997.1,17,15
2017-11-26,10000042,1539,96296.12,77777.77,99999.99,6,4
2017-11-26,10000042,1541,1666454.41,1498000,1798000,22,17
2017-11-26,10000042,1552,550000,550000,550000,1,1
2017-11-26,10000042,1559,999999,999999,999999,19,2
2017-11-26,10000042,1564,650000,650000,650000,1,1
2017-11-26,10000042,1808,77965.88,33889.03,92649.5,8,8
2017-11-26,10000042,1810,6.02,6.02,6.02,900,6
2017-11-26,10000042,1811,150000,150000,150000,9,3
2017-11-26,10000042,1814,0.02,0.02,0.02,900,5
2017-11-26,10000042,1816,12,12,12,8600,6
2017-11-26,10000042,1818,200,200,200,51973,8
2017-11-26,10000042,1820,75,75,75,5700,8
2017-11-26,10000042,1821,899999.99,899999.99,899999.99,1,1
2017-11-26,10000042,1822,5.16,5.16,5.16,2000,6
2017-11-26,10000042,1824,21.01,21.01,21.01,6900,9
2017-11-26,10000042,1825,800000,800000,800000,1,1
2017-11-26,10000042,1826,218.08,106.15,330,2000,6
2017-11-26,10000042,1827,3000000,3000000,3000000,1,1
2017-11-26,10000042,1828,85,85,242.5,2100,6
2017-11-26,10000042,1830,349.99,349.99,349.99,2800,5
2017-11-26,10000042,1832,399.99,399.99,399.99,1600,4
2017-11-26,10000042,1833,3999999.99,3999999.99,3999999.99,1,1
2017-11-26,10000042,1855,1139995.98,1139995.98,1139995.98,1,1
2017-11-26,10000042,1875,87199.5,643.84,104750,19,7
2017-11-26,10000042,1877,1862791,881690.54,1949999.93,49,13
2017-11-26,10000042,1944,1479333.5,1436666.99,2500000,8,8
2017-11-26,10000042,1952,1151646.84,303507.03,1259997,27,18
2017-11-26,10000042,1958,30000,30000,30000,2,1
2017-11-26,10000042,1964,1519999,1519999,1519999,1,1
2017-11-26,10000042,1968,1777,1777,1777,1,1
2017-11-26,10000042,1969,1864999.17,1690000,1899999,12,8
2017-11-26,10000042,1973,29159.72,2000,75000,8,7
2017-11-26,10000042,1977,30975.67,29229.99,31799.99,22,22
2017-11-26,10000042,1978,1660264.34,1100000.86,1739887.99,13,12
2017-11-26,10000042,1986,20388.89,1777.77,39000,2,2
2017-11-26,10000042,1987,999998.07,999995,999999.91,8,6
2017-11-26,10000042,1998,43768.62,38985.99,66767.77,6,5
2017-11-26,10000042,1999,1211489.1,900220.17,1239998.99,34,22
2017-11-26,10000042,2006,11052542.51,10853713.96,11450199.62,3,3
2017-11-26,10000042,2018,65000,65000,65000,1,1
2017-11-26,10000042,2019,250000,250000,250000,1,1
2017-11-26,10000042,2020,299999.76,299999.65,300000,6,3
2017-11-26,10000042,2024,1556427.71,1295000,1599999,7,7
2017-11-26,10000042,2032,839649.23,350607.78,999898,45,39
2017-11-26,10000042,2038,1131426.86,660000.03,1209998,7,7
2017-11-26,10000042,2046,11719.22,8500,11909.26,66,52
2017-11-26,10000042,2047,50000,50000,50000,2,2
2017-11-26,10000042,2048,510000,510000,510000,315,165
2017-11-26,10000042,2078,5240000.01,5240000.01,5240000.01,1,1
2017-11-26,10000042,2104,1379998,1379998,1379998,2,2
2017-11-26,10000042,2109,1324998,1324998,1324998,3,2
2017-11-26,10000042,2117,2049999,2049999,2049999,2,2
2017-11-26,10000042,2161,324997.47,300000,349994.94,4,4
2017-11-26,10000042,2173,20557.57,13600.16,24953.8,71,13
2017-11-26,10000042,2175,1168998.97,1168998.96,1168998.99,42,13
2017-11-26,10000042,2183,20000,18181.01,28182,175,31
2017-11-26,10000042,2184,1800000,1800000,1800000,1,1
2017-11-26,10000042,2185,972000.51,972000.5,972000.6,237,46
2017-11-26,10000042,2193,76865.78,43000.02,234905.97,17,6
2017-11-26,10000042,2195,2244006.24,1835001.01,2367745.66,28,15
2017-11-26,10000042,2203,2999,2999,2999,229,41
2017-11-26,10000042,2204,200000,200000,200000,1,1
2017-11-26,10000042,2205,449999.41,449999.39,449999.41,132,30
2017-11-26,10000042,2254,140016.35,81.76,175000,5,4
2017-11-26,10000042,2270,2.75,2.75,2.75,92080,1
2017-11-26,10000042,2281,2495000,2494999.97,2495000,151,81
2017-11-26,10000042,2289,90499.37,90499.37,90499.37,1,1
2017-11-26,10000042,2291,125888.51,1777.03,249999.98,2,2
2017-11-26,10000042,2293,100000,100000,100000,1,1
2017-11-26,10000042,2295,124250.08,3501.53,244998.62,2,2
2017-11-26,10000042,2297,2223759.96,2207499.94,2488800,5,5
2017-11-26,10000042,2299,2499999,2499998.99,2499999,5,5
2017-11-26,10000042,2301,3386410.86,1812100.01,3779990.45,10,10
2017-11-26,10000042,2303,2933332.34,2600000,2999998.81,6,6
2017-11-26,10000042,2317,11500,11500,11500,2000,1
2017-11-26,10000042,2319,11248.99,11248.99,11248.99,1130,3
2017-11-26,10000042,2327,16000,16000,16000,330,1
2017-11-26,10000042,2328,7814.78,7814.78,7814.78,14681,5
2017-11-26,10000042,2331,119000,119000,119000,5,3
2017-11-26,10000042,2333,1381157.28,1324149.23,1414149.22,32,15
2017-11-26,10000042,2348,100050.14,100050.14,100050.14,24,1
2017-11-26,10000042,2355,793898.4,793897.94,793898.85,2,2
2017-11-26,10000042,2363,37950,37950,37950,1,1
2017-11-26,10000042,2364,1161351.2,1000123,1188999.99,27,16
2017-11-26,10000042,2367,170000,170000,170000,345,1
2017-11-26,10000042,2389,480,480,480,101820,3
2017-11-26,10000042,2390,599,599,599,61620,6
2017-11-26,10000042,2392,650,650,650,23940,2
2017-11-26,10000042,2393,480,351.87,500,111860,15
2017-11-26,10000042,2395,510,510,510,110260,1
2017-11-26,10000042,2396,360,360,360,298280,6
2017-11-26,10000042,2398,278,278,278,21780,2
2017-11-26,10000042,2399,570.01,570.01,570.01,341059,12
2017-11-26,10000042,2400,400.36,400.36,400.36,173294,7
2017-11-26,10000042,2401,0.01,0.01,0.01,11680,1
2017-11-26,10000042,2403,8124992.49,7500000,9999969.97,8,8
2017-11-26,10000042,2404,1174606.87,721006.92,1248999.95,33,11
2017-11-26,10000042,2406,1260545.45,1000000,2482999.98,11,11
2017-11-26,10000042,2410,1617910.74,1002401.41,1779886.91,24,11
2017-11-26,10000042,2420,4900000,4900000,4900000,21,5
2017-11-26,10000042,2436,2243317.09,2169979.4,2499999,9,2
2017-11-26,10000042,2444,58086.22,49202.69,84679.58,42,10
2017-11-26,10000042,2446,1921474.63,1495492.02,1999998.95,65,19
2017-11-26,10000042,2454,2490,2450,2500,1886,92
2017-11-26,10000042,2455,250000,250000,250000,4,4
2017-11-26,10000042,2456,385000,384999.97,400000,458,84
2017-11-26,10000042,2463,5500.66,5500.66,5500.66,589,2
2017-11-26,10000042,2464,4740,4250,4749.99,148,34
2017-11-26,10000042,2465,300000,300000,300000,1,1
2017-11-26,10000042,2466,504998.86,500000,504999.98,101,18
2017-11-26,10000042,2476,39262.78,25019.01,70000,40,9
2017-11-26,10000042,2477,4000000,4000000,4000000,5,2
2017-11-26,10000042,2478,1919694.18,1500000,1929880.98,44,13
2017-11-26,10000042,2486,7400,6500,7479.99,333,66
2017-11-26,10000042,2487,400000,400000,400000,1,1
2017-11-26,10000042,2488,439986.01,438981.01,439990.96,428,72
2017-11-26,10000042,2495,900000,500000,3299999.99,7,7
2017-11-26,10000042,2505,541666.67,500000,750000,6,6
2017-11-26,10000042,2506,534,534,534,3720,10
2017-11-26,10000042,2508,100.12,100.12,100.12,1600,6
2017-11-26,10000042,2509,10000000,10000000,10000000,1,1
2017-11-26,10000042,2510,17.05,17.05,17.05,600,2
2017-11-26,10000042,2512,0.16,0.16,0.16,8796,13
2017-11-26,10000042,2514,0.45,0.45,0.45,6601,14
2017-11-26,10000042,2516,6,0.51,10,23065,19
2017-11-26,10000042,2524,72908.13,81.28,81000,10,6
2017-11-26,10000042,2529,1500.53,1500.53,1500.53,1,1
2017-11-26,10000042,2531,555784.59,321008.13,560007.51,9,8
2017-11-26,10000042,2533,160000,160000,160000,3,3
2017-11-26,10000042,2534,1432416.97,81000,3500000,5,5
2017-11-26,10000042,2537,30000,30000,30000,3,3
2017-11-26,10000042,2539,1599999.44,1599999,1600000,9,8
2017-11-26,10000042,2545,1889.01,1889.01,1889.01,1,1
2017-11-26,10000042,2547,614715.18,550751.58,699999.99,7,4
2017-11-26,10000042,2549,137400,81000,175000,5,5
2017-11-26,10000042,2550,71309.41,82.92,81000,7,6
2017-11-26,10000042,2551,81000,81000,81000,1,1
2017-11-26,10000042,2553,1126957.79,1095000,2300000,24,24
2017-11-26,10000042,2559,1938998,1938998,1938998,2,1
2017-11-26,10000042,2563,2139696.68,1999999,2199999,5,3
2017-11-26,10000042,2567,2399999,2399999,2399999,3,1
2017-11-26,10000042,2571,1788000,1788000,1788000,1,1
2017-11-26,10000042,2575,1799990.81,1799990.81,1799990.81,3,2
2017-11-26,10000042,2589,152970000,152970000,152970000,1,1
2017-11-26,10000042,2603,10132.77,7500,29999.99,27,16
2017-11-26,10000042,2605,397199.53,317900,419988.95,90,52
2017-11-26,10000042,2613,247.94,247.94,247.94,16385,8
2017-11-26,10000042,2621,999.06,999.06,999.06,14800,4
2017-11-26,10000042,2629,516.87,516.85,516.88,124794,14
2017-11-26,10000042,2647,96.49,96.49,96.49,8300,2
2017-11-26,10000042,2679,227.22,227.21,227.27,17830,6
2017-11-26,10000042,2811,122.15,122.15,122.15,2249,1
2017-11-26,10000042,2817,112.66,112.66,112.66,4574,4
2017-11-26,10000042,2863,19999999,19999999,19999999,1,1
2017-11-26,10000042,2867,2798897.89,2798897.89,2798897.89,8,1
2017-11-26,10000042,2868,2890000,2890000,2890000,15,1
2017-11-26,10000042,2870,1100000.01,1100000.01,1100000.01,242,6
2017-11-26,10000042,2871,1999997.96,1999997.95,1999997.97,23,2
2017-11-26,10000042,2872,2900000.63,2900000.62,2900000.64,31,4
2017-11-26,10000042,2873,689615.87,650004.59,719998.97,26,7
2017-11-26,10000042,2875,1999999.99,1999999.99,1999999.99,5,1
2017-11-26,10000042,2876,2300000.06,2300000.05,2300000.06,202,6
2017-11-26,10000042,2881,771845.14,598900,797775.7,23,8
2017-11-26,10000042,2889,764521.72,530319.66,799980,49,18
2017-11-26,10000042,2897,2149998.96,2149998.96,2149998.96,131,19
2017-11-26,10000042,2905,1125000,1125000,1125000,7,1
2017-11-26,10000042,2913,2053908.56,1700000,2099999.97,44,12
2017-11-26,10000042,2921,1887404.04,410000.62,2299993.57,27,8
2017-11-26,10000042,2929,3584621.61,2655024.44,4115820,11,2
2017-11-26,10000042,2937,2173305.54,1600000,2287966.65,6,4
2017-11-26,10000042,2961,5499948.79,5499948.79,5499948.79,7,1
2017-11-26,10000042,2969,2119898.98,2119898.97,2119898.98,17,4
2017-11-26,10000042,2977,1023265.99,1019999,1029799.96,3,2
2017-11-26,10000042,2998,57140563.91,28543328.82,60914883.64,10,10
2017-11-26,10000042,3017,789899,789899,789899,1,1
2017-11-26,10000042,3033,1259907.72,980997.33,1364499.12,11,4
2017-11-26,10000042,3041,692086.57,250001,722997.98,34,8
2017-11-26,10000042,3049,600050.01,600050.01,600050.01,3,1
2017-11-26,10000042,3057,7499692.55,7499691.53,7499693.57,10,2
2017-11-26,10000042,3065,5399998.99,5399998.99,5399998.99,16,2
2017-11-26,10000042,3074,950000,950000,950000,5,2
2017-11-26,10000042,3082,1849999,1849999,1849999,2,1
2017-11-26,10000042,3090,1902203.59,1902203.59,1902203.59,2,1
2017-11-26,10000042,3098,899989.98,899989.98,899989.98,7,2
2017-11-26,10000042,3106,2111999,2099999,2129998.99,10,4
2017-11-26,10000042,3130,2039888,2039888,2039888,5,1
2017-11-26,10000042,3138,2599887.99,2599887.98,2599888,10,3
2017-11-26,10000042,3146,2000000,2000000,2000000,3,2
2017-11-26,10000042,3162,704999,704999,704999,3,1
2017-11-26,10000042,3170,1289998.99,1289998.99,1289998.99,2,1
2017-11-26,10000042,3178,4058928.57,975000,15000000,28,6
2017-11-26,10000042,3184,1600000,1600000,1600000,4,4
2017-11-26,10000042,3186,4465328.66,3995990,4699997.99,21,3
2017-11-26,10000042,3190,10200000,10200000,10200000,2,2
2017-11-26,10000042,3237,6859981.08,6859981.08,6859981.08,1,1
2017-11-26,10000042,3240,6199898.83,6199898.83,6199898.83,2,2
2017-11-26,10000042,3242,91307.9,3777.78,149991.96,5,5
2017-11-26,10000042,3244,1569473.14,1100003.09,1627993.99,46,43
2017-11-26,10000042,3256,10198897.9,10198897.9,10198897.9,1,1
2017-11-26,10000042,3257,89999999.92,89999999.92,89999999.92,1,1
2017-11-26,10000042,3265,11999864.81,11999864.81,11999864.81,1,1
2017-11-26,10000042,3293,149888.65,149880.4,149999.98,29,5
2017-11-26,10000042,3296,338998.9,338998.9,338998.9,1,1
2017-11-26,10000042,3297,7362.44,5.78,10500,29,8
2017-11-26,10000042,3300,20000,20000,20000,1388,3
2017-11-26,10000042,3301,20000,20000,20000,6,6
2017-11-26,10000042,3302,21149.75,20000,54945.73,13,9
2017-11-26,10000042,3303,28997.25,20000,64986.24,5,5
2017-11-26,10000042,3304,100000,100000,100000,6,6
2017-11-26,10000042,3305,204549.99,100000,2499999.82,22,22
2017-11-26,10000042,3306,779999.98,100000,3499999.89,5,5
2017-11-26,10000042,3307,2000000,2000000,2000000,4,4
2017-11-26,10000042,3308,2497833.33,2000000,4987000,6,6
2017-11-26,10000042,3309,2000000,2000000,2000000,2,2
2017-11-26,10000042,3310,40000,40000,40000,3,3
2017-11-26,10000042,3311,80000,80000,80000,2,2
2017-11-26,10000042,3312,60000,60000,60000,2,2
2017-11-26,10000042,3315,1000000,1000000,1000000,9,9
2017-11-26,10000042,3316,70000,70000,70000,8,8
2017-11-26,10000042,3317,100000,100000,100000,6,6
2017-11-26,10000042,3318,80000,80000,80000,3,3
2017-11-26,10000042,3319,20000,20000,20000,3,3
2017-11-26,10000042,3320,18235.29,10000,150000,17,17
2017-11-26,10000042,3321,42117.65,20000,399999.97,17,17
2017-11-26,10000042,3322,59999.79,25000,199998.95,10,9
2017-11-26,10000042,3323,30000,30000,30000,8,8
2017-11-26,10000042,3324,100000,100000,100000,17,17
2017-11-26,10000042,3325,1039999.98,400000,1999999.96,5,5
2017-11-26,10000042,3326,392080.73,350000,476242.2,6,6
2017-11-26,10000042,3327,20000,20000,20000,1,1
2017-11-26,10000042,3328,36927.08,52.01,40000,13,13
2017-11-26,10000042,3329,66722.09,40000,299998.6,18,18
2017-11-26,10000042,3330,116666.67,40000,499999.99,6,6
2017-11-26,10000042,3331,175004.25,40000,1699999.99,12,12
2017-11-26,10000042,3332,833333.33,500000,2999999.99,15,15
2017-11-26,10000042,3333,623076.88,500000,3699998.99,26,26
2017-11-26,10000042,3334,875000,500000,1999999.99,8,8
2017-11-26,10000042,3335,958181.62,500000,3019998.93,11,11
2017-11-26,10000042,3336,4555555.56,4000000,6500000,9,9
2017-11-26,10000042,3337,4535748.75,4000000,8285989.98,8,8
2017-11-26,10000042,3338,4856999.77,4000000,6999499.21,7,7
2017-11-26,10000042,3339,4277774.44,4000000,6499969.94,9,9
2017-11-26,10000042,3340,300000,300000,300000,9,7
2017-11-26,10000042,3341,346018.55,300000,576111.3,6,5
2017-11-26,10000042,3343,470854.72,300000,641709.44,2,2
2017-11-26,10000042,3348,20000,20000,20000,11,11
2017-11-26,10000042,3349,239999.98,75000,899999.89,5,3
2017-11-26,10000042,3350,442857.12,100000,2499999.86,7,5
2017-11-26,10000042,3351,400000,400000,400000,1,1
2017-11-26,10000042,3354,2500000,2500000,2500000,3,3
2017-11-26,10000042,3355,48387.09,20000,899999.89,31,23
2017-11-26,10000042,3356,60000,60000,60000,13,13
2017-11-26,10000042,3357,238181.77,180000,499999.74,11,11
2017-11-26,10000042,3358,133333,100000,199998.99,3,3
2017-11-26,10000042,3359,200000,200000,200000,17,17
2017-11-26,10000042,3361,528571.28,200000,2499998.99,7,7
2017-11-26,10000042,3363,20000,20000,20000,8,8
2017-11-26,10000042,3368,40000,40000,40000,2,2
2017-11-26,10000042,3373,1000000,1000000,1000000,4,4
2017-11-26,10000042,3380,20833.5,18000,31000,6,6
2017-11-26,10000042,3385,41963.86,510.06,50000,13,13
2017-11-26,10000042,3386,20000,20000,20000,3,3
2017-11-26,10000042,3387,127778.77,50005,150000,9,9
2017-11-26,10000042,3388,135000.11,4000.33,200500,3,3
2017-11-26,10000042,3389,304000,280000,400000,5,5
2017-11-26,10000042,3393,29999.86,29998.66,29999.99,30,30
2017-11-26,10000042,3394,60000,60000,60000,1,1
2017-11-26,10000042,3395,80000,80000,80000,3,3
2017-11-26,10000042,3396,2000000,2000000,2000000,2,2
2017-11-26,10000042,3397,1000000,1000000,1000000,2,2
2017-11-26,10000042,3398,25000000,25000000,25000000,2,2
2017-11-26,10000042,3400,100000000,100000000,100000000,1,1
2017-11-26,10000042,3402,20000,20000,20000,1,1
2017-11-26,10000042,3403,300000,300000,300000,2,2
2017-11-26,10000042,3405,33541.62,25000,229999.86,24,23
2017-11-26,10000042,3406,300000,300000,300000,4,4
2017-11-26,10000042,3408,15000000,15000000,15000000,1,1
2017-11-26,10000042,3409,350000,350000,350000,4,4
2017-11-26,10000042,3410,450000,450000,450000,13,13
2017-11-26,10000042,3411,75000,75000,75000,4,4
2017-11-26,10000042,3412,450000,450000,450000,1,1
2017-11-26,10000042,3416,29200,200.01,35000,6,6
2017-11-26,10000042,3417,40000,40000,40000,3,3
2017-11-26,10000042,3418,170000,170000,170000,5,5
2017-11-26,10000042,3419,169999.97,169999.75,170000,8,8
2017-11-26,10000042,3420,210000,210000,210000,2,2
2017-11-26,10000042,3421,130000,130000,130000,14,14
2017-11-26,10000042,3422,78545.45,75999.99,80000,11,9
2017-11-26,10000042,3423,182352.94,75000,1899999.9,17,17
2017-11-26,10000042,3424,79000,79000,79000,2,2
2017-11-26,10000042,3425,65000,8000.01,84000,4,4
2017-11-26,10000042,3426,20000,20000,20000,1,1
2017-11-26,10000042,3427,139999.5,120000,199997.99,4,4
2017-11-26,10000042,3428,88000,88000,88000,2,2
2017-11-26,10000042,3429,100000,100000,100000,1,1
2017-11-26,10000042,3430,541666.67,500000,750000,6,6
2017-11-26,10000042,3431,75000,75000,75000,5,5
2017-11-26,10000042,3432,100000,100000,100000,3,3
2017-11-26,10000042,3433,274999.99,100000,1499999.89,8,8
2017-11-26,10000042,3434,80000,80000,80000,26,26
2017-11-26,10000042,3435,150000,150000,150000,2,2
2017-11-26,10000042,3436,15025.03,200.11,20000,4,4
2017-11-26,10000042,3437,40000,40000,40000,2,2
2017-11-26,10000042,3438,40000,40000,40000,13,11
2017-11-26,10000042,3439,249999.92,200000,399999.67,8,8
2017-11-26,10000042,3440,255666.28,220000,433997.67,12,11
2017-11-26,10000042,3441,471428.45,380000,699999.59,7,7
2017-11-26,10000042,3442,500000,500000,500000,14,14
2017-11-26,10000042,3443,20000,20000,20000,3,3
2017-11-26,10000042,3444,168749.87,100000,649998.99,8,8
2017-11-26,10000042,3446,100000,100000,100000,11,11
2017-11-26,10000042,3447,7500000,7500000,7500000,2,2
2017-11-26,10000042,3450,22500,22500,22500,2,2
2017-11-26,10000042,3451,30000,30000,30000,6,6
2017-11-26,10000042,3452,56271.82,40000,197294.25,29,29
2017-11-26,10000042,3453,25000,25000,25000,3,3
2017-11-26,10000042,3454,340000,340000,340000,6,6
2017-11-26,10000042,3455,30000,30000,30000,5,5
2017-11-26,10000042,3456,10000000,10000000,10000000,6,6
2017-11-26,10000042,3465,184831.92,155000,199747.88,3,3
2017-11-26,10000042,3466,349000,349000,349000,1,1
2017-11-26,10000042,3488,999999.25,400000.02,1199999,8,8
2017-11-26,10000042,3496,1873014.62,1111118.53,1899996.96,7,7
2017-11-26,10000042,3504,2779999.6,2750000,2799999.32,15,13
2017-11-26,10000042,3512,1522556.1,705113.19,2339999,12,4
2017-11-26,10000042,3520,2254544.39,2199999,2299998.88,11,4
2017-11-26,10000042,3528,165217,75888.5,224769,5,5
2017-11-26,10000042,3530,1434297.51,1229950,1499739.88,20,18
2017-11-26,10000042,3540,2299563.02,2199997.23,2498694.32,6,5
2017-11-26,10000042,3551,36000,36000,36000,1,1
2017-11-26,10000042,3552,420.01,60.02,600,30,2
2017-11-26,10000042,3554,1000,1000,1000,543,6
2017-11-26,10000042,3566,22147.22,8475,130000,9,5
2017-11-26,10000042,3568,1297742.43,1297550,1297999,7,7
2017-11-26,10000042,3578,2137999.99,2137999.99,2137999.99,7,7
2017-11-26,10000042,3598,665000.04,220000.39,1999999,4,2
2017-11-26,10000042,3608,1439999.47,1399999.94,1479999,2,2
2017-11-26,10000042,3643,68.04,68,117.11,168477,19
2017-11-26,10000042,3645,450,450,450,396660,34
2017-11-26,10000042,3647,149.04,149.04,149.04,10,1
2017-11-26,10000042,3651,68.38,0.03,301.03,25,19
2017-11-26,10000042,3653,1250,1250,1250,2,2
2017-11-26,10000042,3673,0.8,0.8,0.81,90,9
2017-11-26,10000042,3683,355.06,355.06,355.06,146335,15
2017-11-26,10000042,3685,596.25,596.25,596.25,1010,2
2017-11-26,10000042,3687,773.27,748.39,850,739102,74
2017-11-26,10000042,3689,9101.02,9101.02,9101.02,114031,20
2017-11-26,10000042,3691,9993.9,9993.9,9993.9,1000,1
2017-11-26,10000042,3693,13989.99,13989.99,13989.99,715,2
2017-11-26,10000042,3697,19990,19990,19990,740,1
2017-11-26,10000042,3699,58.82,45.14,58.85,252146,10
2017-11-26,10000042,3703,927.27,120,9000,22,3
2017-11-26,10000042,3705,200,200,200,10,1
2017-11-26,10000042,3707,490,120,3000,80,6
2017-11-26,10000042,3709,100,100,100,50,3
2017-11-26,10000042,3711,100,100,100,20,1
2017-11-26,10000042,3713,10846,10846,10846,5420,11
2017-11-26,10000042,3715,55.2,55.2,55.2,170,13
2017-11-26,10000042,3717,101.15,101.15,101.15,121,11
2017-11-26,10000042,3719,200.09,200.08,200.1,60,3
2017-11-26,10000042,3721,89440.45,79999.99,100000,89,3
2017-11-26,10000042,3725,17749.96,17749.96,17749.96,1040,3
2017-11-26,10000042,3756,58264741.54,51229500.06,59979999,13,12
2017-11-26,10000042,3766,374147.64,369474.96,383493,3,3
2017-11-26,10000042,3767,2300000,2300000,2300000,4,4
2017-11-26,10000042,3771,1177.2,1177.2,1177.2,3406,5
2017-11-26,10000042,3777,600.16,600.16,600.16,50,5
2017-11-26,10000042,3779,730,730,730,20,1
2017-11-26,10000042,3806,15000.3,15000.3,15000.3,2,1
2017-11-26,10000042,3810,1409.38,1355,1500,32,4
2017-11-26,10000042,3812,160,160,160,41506,5
2017-11-26,10000042,3814,1,0.99,1,60,5
2017-11-26,10000042,3818,150,150,150,40,2
2017-11-26,10000042,3820,150,150,150,30,1
2017-11-26,10000042,3822,110,110,110,50,4
2017-11-26,10000042,3824,120,120,120,10,1
2017-11-26,10000042,3826,110,110,110,40,4
2017-11-26,10000042,3828,11900,11900,11900,1125,5
2017-11-26,10000042,3829,31268.99,24001,39967,50,39
2017-11-26,10000042,3830,124740,124740,124740,1,1
2017-11-26,10000042,3831,1106366.8,621021.11,1249000,55,44
2017-11-26,10000042,3839,74976.71,74975.99,74977,7,5
2017-11-26,10000042,3841,1325154.03,1299998.99,1400000,84,51
2017-11-26,10000042,3887,24428.17,2778.01,33900.99,11,9
2017-11-26,10000042,3888,1483332.18,738804.76,1649879.89,11,10
2017-11-26,10000042,3893,36666666.59,35000000,37499999.88,3,3
2017-11-26,10000042,3894,34600000.01,33800000,35000000.01,3,3
2017-11-26,10000042,3895,29978804.19,29978795.85,29978805.86,6,6
2017-11-26,10000042,3898,17999999.98,17999999.98,17999999.98,1,1
2017-11-26,10000042,3962,41100030.02,41100030.02,41100030.02,1,1
2017-11-26,10000042,4025,58612.49,32001.4,499999.99,94,51
2017-11-26,10000042,4027,64260.55,36100.61,98998.49,77,49
2017-11-26,10000042,4051,26818.97,26818.97,26835.94,3000,4
2017-11-26,10000042,4138,1,1,1,1,1
2017-11-26,10000042,4166,1,1,1,1,1
2017-11-26,10000042,4178,1,1,1,1,1
2017-11-26,10000042,4198,99999.99,99999.99,99999.99,1,1
2017-11-26,10000042,4200,1,1,1,1,1
2017-11-26,10000042,4225,299999.99,299999.99,299999.99,1,1
2017-11-26,10000042,4233,999999.99,999999.99,999999.99,1,1
2017-11-26,10000042,4235,1,1,1,1,1
2017-11-26,10000042,4238,4500000,4500000,4500000,1,1
2017-11-26,10000042,4239,350000,350000,350000,1,1
2017-11-26,10000042,4242,844000,839999.99,848000,2,2
2017-11-26,10000042,4246,21939.92,21939.92,21939.92,36632,10
2017-11-26,10000042,4247,24397,24397,24397,5740,2
2017-11-26,10000042,4250,1610499.54,580000,2449999,24,11
2017-11-26,10000042,4254,897398.74,894999,904997.99,25,9
2017-11-26,10000042,4256,2809998.77,2809998,2809999,74,4
2017-11-26,10000042,4258,1979885.48,1979882.39,1979885.91,8,8
2017-11-26,10000042,4302,70834667.13,62506001.45,74998999.98,3,3
2017-11-26,10000042,4306,67999899.99,67999899.99,67999899.99,1,1
2017-11-26,10000042,4308,60014000.03,60014000.03,60014000.03,1,1
2017-11-26,10000042,4310,64271738.98,64271738.98,64271738.98,2,2
2017-11-26,10000042,4312,23999.74,23999.74,23999.74,8000,1
2017-11-26,10000042,4314,10000000,10000000,10000000,1,1
2017-11-26,10000042,4316,10000000,10000000,10000000,1,1
2017-11-26,10000042,4346,850000000,850000000,850000000,1,1
2017-11-26,10000042,4349,398999746.33,398999746.33,398999746.33,1,1
2017-11-26,10000042,4358,6250,5000,7500,20,2
2017-11-26,10000042,4383,3191111.21,2660000.42,3500000,18,15
2017-11-26,10000042,4385,4549979.99,4500000,4799879.94,6,6
2017-11-26,10000042,4391,371665.67,359999,373999,6,2
2017-11-26,10000042,4393,220109.22,89999,249999.95,16,11
2017-11-26,10000042,4395,760170.32,744999.96,900000,35,19
2017-11-26,10000042,4396,750000,750000,750000,1,1
2017-11-26,10000042,4397,1490137,1490137,1490137,1,1
2017-11-26,10000042,4399,11799987.6,11000000,11999984.5,5,5
2017-11-26,10000042,4403,600534.64,599997.98,610000,23,14
2017-11-26,10000042,4405,2094475.84,2094475.84,2094475.84,110,57
2017-11-26,10000042,4411,600000,600000,600000,8,8
2017-11-26,10000042,4435,46807.77,3303.18,96899.93,33,14
2017-11-26,10000042,4471,179266.43,5111.32,449960.89,19,12
2017-11-26,10000042,4477,212023.07,5100.02,249000,26,14
2017-11-26,10000042,4529,1295.45,1000,10000,22,13
2017-11-26,10000042,4531,35777.95,278,177777.77,5,5
2017-11-26,10000042,4533,218906.6,218904.84,218910.99,7,6
2017-11-26,10000042,4535,50530.01,1060.01,100000,2,2
2017-11-26,10000042,4569,21685.42,25.01,79999.99,12,7
2017-11-26,10000042,4571,80479.05,805.07,199990.01,5,4
2017-11-26,10000042,4573,177500.39,70000.52,500000,4,3
2017-11-26,10000042,4575,5006.05,5006.05,5006.05,1,1
2017-11-26,10000042,4609,1777,1777,1777,9,4
2017-11-26,10000042,4611,511.24,511.23,511.24,8,4
2017-11-26,10000042,4613,31200.03,1920.05,79999.99,8,5
2017-11-26,10000042,4615,1500.12,1500.12,1500.12,6,2
2017-11-26,10000042,4787,95676.46,34999.99,138999,13,12
2017-11-26,10000042,4831,3100.01,3100,3100.01,18,4
2017-11-26,10000042,4833,393571.02,100000.45,473999,14,14
2017-11-26,10000042,4835,803.13,803.13,803.13,10,3
2017-11-26,10000042,4871,56658.81,31234,136999.98,16,6
2017-11-26,10000042,5007,5.13,5.13,5.13,2,2
2017-11-26,10000042,5009,779,778.9,779.01,9,5
2017-11-26,10000042,5011,285500.94,46001.97,524999.88,6,6
2017-11-26,10000042,5013,1015.68,1015.68,1015.68,8,6
2017-11-26,10000042,5047,51000.02,50000.02,58000,8,6
2017-11-26,10000042,5049,53000.06,53000.06,53000.06,12,3
2017-11-26,10000042,5051,106055.56,50100,177999,16,10
2017-11-26,10000042,5053,50000.04,50000.04,50000.04,14,5
2017-11-26,10000042,5087,777.14,777.14,777.14,4,4
2017-11-26,10000042,5089,778.11,778.11,778.11,27,10
2017-11-26,10000042,5093,182.15,182.15,182.15,23,15
2017-11-26,10000042,5137,91976.62,779.14,187780.99,31,12
2017-11-26,10000042,5141,50083,4300.01,278997.99,18,9
2017-11-26,10000042,5179,80000,80000,80000,1,1
2017-11-26,10000042,5181,177,177,177,1,1
2017-11-26,10000042,5215,778,778,778,2,2
2017-11-26,10000042,5217,777,777,777,2,2
2017-11-26,10000042,5239,53999.99,50000,59730,140,40
2017-11-26,10000042,5245,40019.91,600.01,89900,65,25
2017-11-26,10000042,5279,9482.01,250.01,39999,14,8
2017-11-26,10000042,5281,500.46,500.46,500.46,13,4
2017-11-26,10000042,5282,86000.22,500.39,199999.99,14,9
2017-11-26,10000042,5299,2005,2005,2005,14,7
2017-11-26,10000042,5301,5625.04,5250.05,11250.05,16,11
2017-11-26,10000042,5302,300687.5,2750,400000,12,8
2017-11-26,10000042,5319,4352.76,3500,17996.96,17,13
2017-11-26,10000042,5320,6904.67,5000,24999,21,13
2017-11-26,10000042,5321,1595.38,1512.25,1600,19,9
2017-11-26,10000042,5322,4561.82,4000.01,12989,16,12
2017-11-26,10000042,5339,2,2,2,6,4
2017-11-26,10000042,5340,4444.88,1,7999.99,9,4
2017-11-26,10000042,5342,250.03,250.03,250.03,2,2
2017-11-26,10000042,5361,2242.38,1777,5500,8,5
2017-11-26,10000042,5363,4045.04,4045,4045.05,6,3
2017-11-26,10000042,5365,224694.24,1777,298999.99,4,3
2017-11-26,10000042,5399,5666.76,2750.12,17750.09,36,18
2017-11-26,10000042,5403,11495.26,5500.4,29977.97,57,27
2017-11-26,10000042,5405,9790.9,2600,12599.99,44,15
2017-11-26,10000042,5439,20214.4,7100.05,49999.91,69,30
2017-11-26,10000042,5443,66013.68,43097.51,99999.9,46,32
2017-11-26,10000042,5445,28103.11,11111.32,42980,47,30
2017-11-26,10000042,5493,189031.28,22000.12,250000,32,8
2017-11-26,10000042,5533,54617.96,22100,92800,38,20
2017-11-26,10000042,5599,29418.89,5204.05,111143.97,35,22
2017-11-26,10000042,5631,29609.55,3630.71,97999.92,32,18
2017-11-26,10000042,5647,121637.38,106,138999.01,8,3
2017-11-26,10000042,5683,30000,30000,30000,2,2
2017-11-26,10000042,5693,779.07,779.07,779.07,3,3
2017-11-26,10000042,5697,91085.55,91085.55,91085.55,9,4
2017-11-26,10000042,5719,201202.33,1808.5,599990.01,3,3
2017-11-26,10000042,5721,101466.77,101466.76,101466.77,12,7
2017-11-26,10000042,5723,77103.09,77103.09,77103.09,2,2
2017-11-26,10000042,5743,451.02,451.02,451.02,1,1
2017-11-26,10000042,5745,2000.07,2000.07,2000.07,14,9
2017-11-26,10000042,5747,312.47,312.47,312.47,4,3
2017-11-26,10000042,5755,102608.6,102459.14,105000,17,9
2017-11-26,10000042,5757,96099.73,96099.72,96099.73,12,6
2017-11-26,10000042,5759,71095.53,71095.53,71095.53,14,6
2017-11-26,10000042,5839,2772583.55,1014100.58,3239553.97,29,28
2017-11-26,10000042,5849,54777.97,511.55,100000,11,7
2017-11-26,10000042,5867,95,94.97,95,15,12
2017-11-26,10000042,5869,170.41,170,179.54,23,11
2017-11-26,10000042,5871,1,1,1,14,7
2017-11-26,10000042,5933,61464.29,33368.99,100891.77,73,27
2017-11-26,10000042,5945,351817.35,335001,519980.9,33,16
2017-11-26,10000042,5955,95117.52,87594.63,180000,49,14
2017-11-26,10000042,5971,38149.29,7600,59986.97,70,56
2017-11-26,10000042,5973,304000,254999.07,450000.42,138,102
2017-11-26,10000042,5975,15326.53,6500,49999.94,49,20
2017-11-26,10000042,6001,76589.97,4100.53,119800,75,56
2017-11-26,10000042,6003,84277.27,2002.05,125000,56,46
2017-11-26,10000042,6005,7556.38,2507,20000,49,24
2017-11-26,10000042,6073,27221.08,665.06,70000,21,12
2017-11-26,10000042,6131,22106.44,24.01,126998.01,23,9
2017-11-26,10000042,6135,250,250,250,5,4
2017-11-26,10000042,6159,28917.17,787.77,77999.99,19,16
2017-11-26,10000042,6160,74549.22,4201.79,208999.96,39,23
2017-11-26,10000042,6173,7439.31,10,16796.9,38,12
2017-11-26,10000042,6176,27725.58,27362.85,27786.03,7,5
2017-11-26,10000042,6296,16249.71,101.04,118999.98,43,15
2017-11-26,10000042,6325,33725.29,1123,61950,13,11
2017-11-26,10000042,6437,10001.03,10001.03,10001.03,4,3
2017-11-26,10000042,6439,8669.99,900,17549.97,15,11
2017-11-26,10000042,6441,46015.68,1779.22,100000,7,7
2017-11-26,10000042,6443,3498.46,500.91,19984.99,13,9
2017-11-26,10000042,6485,3171.15,2150,11000,26,12
2017-11-26,10000042,6527,3363.71,500.28,28000,26,11
2017-11-26,10000042,6569,42018.98,1780.03,179999.96,35,19
2017-11-26,10000042,6631,777,777,777,4,3
2017-11-26,10000042,6633,1794.04,1794.04,1794.04,3,1
2017-11-26,10000042,6635,320661,320661,320661,1,1
2017-11-26,10000042,6673,1777,1777,1777,2,2
2017-11-26,10000042,6675,1348237.33,500000,1469000,8,4
2017-11-26,10000042,6717,1777,1777,1777,2,2
2017-11-26,10000042,6719,1453655.94,361032.12,1999967.85,12,3
2017-11-26,10000042,6757,1,1,1,1,1
2017-11-26,10000042,6761,1500000,1500000,1500000,2,1
2017-11-26,10000042,6809,8588585.78,2505675.33,9348919.33,9,5
2017-11-26,10000042,6811,762500.46,20000.73,2000000,8,5
2017-11-26,10000042,6863,4000000,4000000,4000000,1,1
2017-11-26,10000042,6865,946000.11,30009.03,1199996.76,5,5
2017-11-26,10000042,6921,1777,1777,1777,4,1
2017-11-26,10000042,6923,60014.09,60014.09,60014.09,2,1
2017-11-26,10000042,6925,127541.17,1250.01,149999,6,4
2017-11-26,10000042,6959,1909.98,1909.98,1909.98,1,1
2017-11-26,10000042,6961,1043.01,1043.01,1043.01,5,1
2017-11-26,10000042,6963,50614.34,50614.34,50614.34,1,1
2017-11-26,10000042,6965,7126.98,7120.5,7128.6,5,4
2017-11-26,10000042,6999,2024.06,2024.06,2024.06,5,2
2017-11-26,10000042,7001,10016.07,10016.07,10016.07,6,3
2017-11-26,10000042,7003,21999.08,21999.08,21999.08,5,1
2017-11-26,10000042,7005,37900.21,37900.21,37900.21,8,3
2017-11-26,10000042,7043,105110,105110,105110,7,2
2017-11-26,10000042,7045,153800.01,153800.01,153800.01,8,5
2017-11-26,10000042,7047,180193.08,180193.06,180193.08,9,2
2017-11-26,10000042,7049,160000.01,160000,160000.01,6,3
2017-11-26,10000042,7085,100163.95,100163.95,100163.95,5,3
2017-11-26,10000042,7087,579636.46,227828.83,649997.99,6,2
2017-11-26,10000042,7123,225000,225000,225000.01,18,5
2017-11-26,10000042,7125,278588.28,278588.28,278588.28,17,4
2017-11-26,10000042,7127,245000.01,245000.01,245000.01,6,2
2017-11-26,10000042,7131,225000,225000,225000.01,31,8
2017-11-26,10000042,7167,374661.33,327000,469984,6,5
2017-11-26,10000042,7169,320000,320000,320000,3,2
2017-11-26,10000042,7171,973329.63,330000.01,1294994.44,6,5
2017-11-26,10000042,7173,327000,327000,327000,6,5
2017-11-26,10000042,7249,1001,1000.98,1001,5,5
2017-11-26,10000042,7251,10,10,10,2,1
2017-11-26,10000042,7253,27083.33,2777.77,100000,4,4
2017-11-26,10000042,7287,615969.15,134013.15,798333,10,7
2017-11-26,10000042,7289,26111.11,2777.77,85000,14,9
2017-11-26,10000042,7293,49999.4,5000,79999,5,2
2017-11-26,10000042,7327,402751.25,75002,949000,8,6
2017-11-26,10000042,7329,2666.19,2666.19,2666.2,3,2
2017-11-26,10000042,7331,3201,3201,3201,3,2
2017-11-26,10000042,7367,925751.55,560759.04,1474983.06,26,16
2017-11-26,10000042,7369,62829.43,61132,63206.64,22,10
2017-11-26,10000042,7371,37708.29,37708.28,37708.29,21,6
2017-11-26,10000042,7373,51629.99,51601.69,51634.71,14,8
2017-11-26,10000042,7407,95010.1,95010.1,95010.1,3,1
2017-11-26,10000042,7413,7777.02,7777.02,7777.02,1,1
2017-11-26,10000042,7447,789997.49,394551.51,888858.99,10,5
2017-11-26,10000042,7449,116101.53,116101.5,116101.55,6,4
2017-11-26,10000042,7451,133012.01,133012,133012.01,4,3
2017-11-26,10000042,7487,50211.06,50211.06,50211.06,1,1
2017-11-26,10000042,7493,7777.77,7777.77,7777.77,1,1
2017-11-26,10000042,7535,121228.69,101350.93,240495.23,14,4
2017-11-26,10000042,7537,3777.77,3777.77,3777.77,4,2
2017-11-26,10000042,7539,3777.77,3777.77,3777.77,3,3
2017-11-26,10000042,7541,3007.77,3007.77,3007.77,1,1
2017-11-26,10000042,7579,1459242.48,520000.11,2398484.85,4,4
2017-11-26,10000042,7581,58549.47,41922.1,150000,13,4
2017-11-26,10000042,7585,47889,47889,47889,1,1
2017-11-26,10000042,7619,100000.84,100000.84,100000.84,1,1
2017-11-26,10000042,7621,16000,16000,16000,1,1
2017-11-26,10000042,7663,94082.11,94082.11,94082.11,8,2
2017-11-26,10000042,7667,20000.08,20000.08,20000.08,1,1
2017-11-26,10000042,7703,81000.02,81000.02,81000.02,1,1
2017-11-26,10000042,7705,30000.16,30000.16,30000.16,1,1
2017-11-26,10000042,7709,5002.29,5002.29,5002.29,1,1
2017-11-26,10000042,7745,91015,91015,91015,4,2
2017-11-26,10000042,7783,2699999.71,2699999.71,2699999.71,7,1
2017-11-26,10000042,7785,272000.01,272000.01,272000.01,4,4
2017-11-26,10000042,7787,298316.93,297409,298446.63,8,4
2017-11-26,10000042,7789,57028,57028,57028,1,1
2017-11-26,10000042,7827,1108861.44,634999.99,1500000,7,7
2017-11-26,10000042,7829,33023.05,33023.05,33023.05,1,1
2017-11-26,10000042,7831,19563.05,19563.05,19563.05,1,1
2017-11-26,10000042,7997,24001.79,24001.77,24001.79,10,4
2017-11-26,10000042,8001,6350.09,6350.09,6350.09,4,2
2017-11-26,10000042,8007,106134.21,25002.63,134950,12,8
2017-11-26,10000042,8023,662.5,100,850,20,10
2017-11-26,10000042,8025,779,779,779,7,3
2017-11-26,10000042,8027,1543750.6,500003.82,1849999.81,32,17
2017-11-26,10000042,8089,306664.18,176126.14,359995.99,87,41
2017-11-26,10000042,8091,124499.38,26000,300000,26,12
2017-11-26,10000042,8101,22229.84,5,48899.6,33,9
2017-11-26,10000042,8103,23018.21,2250,75500,14,7
2017-11-26,10000042,8105,1573258.44,1019452.44,1599999.99,48,14
2017-11-26,10000042,8113,2600.01,2600,2600.01,13,4
2017-11-26,10000042,8115,4350.01,4350.01,4350.01,7,2
2017-11-26,10000042,8117,214459.66,69002.8,250981.82,57,15
2017-11-26,10000042,8133,15597.77,1002.05,117767.77,8,4
2017-11-26,10000042,8135,32306.33,286.08,75000,7,3
2017-11-26,10000042,8175,66284.58,101.26,198651.21,15,4
2017-11-26,10000042,8177,503.01,503.01,503.01,10,2
2017-11-26,10000042,8225,67560.66,3500,124999.98,24,11
2017-11-26,10000042,8263,68253.3,2005,150000,24,12
2017-11-26,10000042,8295,250.01,250.01,250.01,5,4
2017-11-26,10000042,8297,777.11,777.11,777.11,4,2
2017-11-26,10000042,8335,12614.62,10000,43990,13,6
2017-11-26,10000042,8337,75250.56,506.12,149994.99,4,3
2017-11-26,10000042,8419,55549.5,16100.01,94998.99,10,8
2017-11-26,10000042,8427,357029.38,6125.03,473997.5,8,6
2017-11-26,10000042,8433,1272747.84,266326.18,1799999.77,21,17
2017-11-26,10000042,8517,3262576.37,2400813.75,3699999,39,28
2017-11-26,10000042,8521,326804.93,130022.94,398999,20,19
2017-11-26,10000042,8529,101977.41,44500.11,118996.99,51,28
2017-11-26,10000042,8531,2008.11,2007.77,2008.14,11,8
2017-11-26,10000042,8535,4649.59,1000,5014.21,11,8
2017-11-26,10000042,8537,6000.29,6000.28,6000.29,11,8
2017-11-26,10000042,8579,15424.76,4050.05,44998.99,18,10
2017-11-26,10000042,8583,3600.01,3600,3600.01,19,9
2017-11-26,10000042,8585,277252.35,5100.15,788888.04,18,9
2017-11-26,10000042,8635,150420.96,150420.95,150420.96,11,5
2017-11-26,10000042,8639,146609.59,146609.59,146609.59,7,4
2017-11-26,10000042,8641,132583.68,60001.05,141656.51,9,6
2017-11-26,10000042,8748,27132.74,2806.08,55000,21,11
2017-11-26,10000042,8759,4369444.67,3600000,5000000,9,8
2017-11-26,10000042,8785,86427.93,25000,199997.77,7,5
2017-11-26,10000042,8789,617577.77,594999.99,699999.74,26,15
2017-11-26,10000042,8815,84728.12,79456.17,90000.07,2,2
2017-11-26,10000042,8817,1646.31,231.56,2000,5,3
2017-11-26,10000042,8819,45250.1,1500.2,89000,2,2
2017-11-26,10000042,8821,83856.12,40000.12,122999.63,16,6
2017-11-26,10000042,8863,834032.32,600002.06,954865.37,36,15
2017-11-26,10000042,8865,66159.15,20010,100000,13,12
2017-11-26,10000042,8867,126340.01,30016.02,235246,12,9
2017-11-26,10000042,8869,387300.75,67805.37,499968.74,31,9
2017-11-26,10000042,8903,436393.36,70006.02,449000,28,8
2017-11-26,10000042,8905,91744.44,200,149999.99,18,11
2017-11-26,10000042,8907,43948.33,11111,84995,9,4
2017-11-26,10000042,8909,37779.16,37779.16,37779.16,3,3
2017-11-26,10000042,9071,1250000.75,900000,1320000.9,6,4
2017-11-26,10000042,9091,101,101,101,2,2
2017-11-26,10000042,9127,3989855.1,350000,4899818.87,5,3
2017-11-26,10000042,9129,599,599,599,2,1
2017-11-26,10000042,9131,279999,279999,279999,8,2
2017-11-26,10000042,9133,801842.6,137549.66,884879.22,9,4
2017-11-26,10000042,9135,483650.45,304000.05,609900.84,17,10
2017-11-26,10000042,9137,10000.01,10000.01,10000.01,5,4
2017-11-26,10000042,9139,49933.35,9920.02,249999.98,6,4
2017-11-26,10000042,9141,180991.99,45124.36,324999.97,8,8
2017-11-26,10000042,9207,154204.03,101005.82,273899.99,13,4
2017-11-26,10000042,9209,33277.85,1500.15,72999.98,9,7
2017-11-26,10000042,9211,2777.04,1275,3277.72,4,4
2017-11-26,10000042,9247,32002,32002,32002,1,1
2017-11-26,10000042,9249,1150.05,1150.05,1150.05,4,3
2017-11-26,10000042,9251,1777,1777,1777,4,3
2017-11-26,10000042,9253,12002.08,12002.08,12002.08,1,1
2017-11-26,10000042,9287,120001.06,120001.06,120001.06,1,1
2017-11-26,10000042,9289,50017.17,50017.17,50017.17,6,3
2017-11-26,10000042,9291,72600.15,72600.15,72600.15,1,1
2017-11-26,10000042,9327,756281.26,401089,1094989,12,7
2017-11-26,10000042,9329,206105.58,206105.57,206105.58,12,5
2017-11-26,10000042,9331,206500,206500,206500,3,2
2017-11-26,10000042,9333,116003.17,116003.17,116003.17,12,4
2017-11-26,10000042,9367,722666.28,380800.13,1149998.97,18,12
2017-11-26,10000042,9369,200200,200200,200200,4,2
2017-11-26,10000042,9371,150503.57,150503.57,150503.57,2,2
2017-11-26,10000042,9377,216500,216500,216500,2,2
2017-11-26,10000042,9411,2906156.23,2649999.98,4800000,16,11
2017-11-26,10000042,9413,314823.28,35000.53,339999.35,17,9
2017-11-26,10000042,9415,263626.86,75000.11,299900,26,9
2017-11-26,10000042,9417,436054.25,150003.78,699999,19,10
2017-11-26,10000042,9451,2871765.92,1721008.55,3200969.05,9,7
2017-11-26,10000042,9453,2517.56,2517.56,2517.56,4,1
2017-11-26,10000042,9455,40206.4,40133,40500,5,2
2017-11-26,10000042,9457,449954.6,349943.25,850000,5,3
2017-11-26,10000042,9491,7627420.59,3233000.03,9999999,13,6
2017-11-26,10000042,9493,453610.45,203000.01,549999,18,7
2017-11-26,10000042,9495,292096.11,203000.01,499987,10,6
2017-11-26,10000042,9497,1015000.63,312001,2180000,8,7
2017-11-26,10000042,9521,1000.02,1000.02,1000.02,4,1
2017-11-26,10000042,9556,2501.29,1010,11449,14,9
2017-11-26,10000042,9568,25933.46,5000,77999.8,10,9
2017-11-26,10000042,9580,69945.02,10275.03,138995,15,11
2017-11-26,10000042,9582,141711.14,2000,246494.5,7,6
2017-11-26,10000042,9608,3501.03,3501.02,3501.03,19,11
2017-11-26,10000042,9622,18729.87,17879.12,27798.83,34,18
2017-11-26,10000042,9632,253990.8,115000.15,305999.99,55,42
2017-11-26,10000042,9646,20208.14,18649.9,27999.27,36,13
2017-11-26,10000042,9660,15188.53,5.02,16676.98,24,18
2017-11-26,10000042,9668,286181.93,253104.96,448999.99,18,7
2017-11-26,10000042,9670,11001.02,2010.07,13998,8,2
2017-11-26,10000042,9678,189000,189000,189000,8,4
2017-11-26,10000042,9728,222993.38,221043,223155.92,13,8
2017-11-26,10000042,9734,123012.05,123012.04,123012.05,2,2
2017-11-26,10000042,9744,1606.02,1606.02,1606.02,2,2
2017-11-26,10000042,9762,232764.44,222423.51,259999,8,6
2017-11-26,10000042,9772,210031.23,210030.38,210031.38,8,4
2017-11-26,10000042,9784,6487.34,2201.63,12201.63,7,5
2017-11-26,10000042,9800,223642.1,223642.09,223642.1,8,6
2017-11-26,10000042,9808,239090.99,239090.98,239090.99,11,5
2017-11-26,10000042,9826,190,190,190,421,21
2017-11-26,10000042,9830,10001.33,10001.33,10001.33,393,2
2017-11-26,10000042,9832,9024.14,9024.14,9024.14,11240,6
2017-11-26,10000042,9834,98968.94,85000.06,99744.99,38,2
2017-11-26,10000042,9838,12974.9,12974.9,12974.9,2570,4
2017-11-26,10000042,9840,13000,13000,13000,2619,8
2017-11-26,10000042,9842,12500.82,12500.82,15000,13374,6
2017-11-26,10000042,9844,258.01,258.01,258.01,15,1
2017-11-26,10000042,9848,94994.42,94994.42,94995.99,5816,12
2017-11-26,10000042,9850,444.7,444.01,444.71,919537,25
2017-11-26,10000042,9852,44.41,44.41,44.41,1495925,41
2017-11-26,10000042,9899,13999970.36,9500000,15499956.97,8,7
2017-11-26,10000042,9941,13724559.65,8297111.65,14499909.29,8,8
2017-11-26,10000042,9942,11236249.88,10000000,13900000,8,8
2017-11-26,10000042,9943,10075788.55,9300000,10999969.94,11,10
2017-11-26,10000042,9944,51960,50000,54900,5,3
2017-11-26,10000042,9950,4999163.19,4999135.23,4999209.24,11,6
2017-11-26,10000042,9956,8763544.29,6900004.94,8899449.99,20,13
2017-11-26,10000042,10039,3656.13,3500,4000,22,17
2017-11-26,10000042,10040,3360,3360,3360,2,2
2017-11-26,10000042,10152,29999991,29999991,29999991,1,1
2017-11-26,10000042,10155,10197999.8,10197999.8,10197999.8,1,1
2017-11-26,10000042,10156,45499999.5,41999999,49000000,2,2
2017-11-26,10000042,10190,1911649.15,1400000,1999899.83,34,21
2017-11-26,10000042,10208,21754992.25,18219999.04,22899989.99,4,4
2017-11-26,10000042,10209,119999997.64,119999997.6,119999997.65,5,5
2017-11-26,10000042,10212,19637364.63,14594004.4,22999912.87,5,5
2017-11-26,10000042,10213,129999917.9,129999917.9,129999917.9,5,3
2017-11-26,10000042,10216,24694911.66,24694904.99,24694915,3,3
2017-11-26,10000042,10217,126988559.46,126988559.43,126988559.6,5,5
2017-11-26,10000042,10221,20936816.91,18799309.2,23098616.49,8,6
2017-11-26,10000042,10222,124908999.34,124908999.33,124908999.37,4,2
2017-11-26,10000042,10225,21100502.01,18201004.02,24000000,2,2
2017-11-26,10000042,10226,127423813.36,119996558.43,129899565,4,3
2017-11-26,10000042,10246,8704.58,4850,13130,97,27
2017-11-26,10000042,10247,19986000,19986000,19986000,1,1
2017-11-26,10000042,10250,1045627.43,914000.16,1077999.91,51,9
2017-11-26,10000042,10629,17821.13,2010.85,20000,22,12
2017-11-26,10000042,10630,30000,30000,30000,1,1
2017-11-26,10000042,10631,545424.79,78503.01,574999.96,48,13
2017-11-26,10000042,10678,26277.29,219,29999.9,8,5
2017-11-26,10000042,10680,1047070.88,1039998.47,1048999.72,14,4
2017-11-26,10000042,10688,1281.01,1281.01,1281.01,5,4
2017-11-26,10000042,10690,777,777,777,13,6
2017-11-26,10000042,10692,200.02,200.02,200.02,8,6
2017-11-26,10000042,10694,344897.22,144441.01,554332.87,11,7
2017-11-26,10000042,10836,140999.83,94500,167500,6,6
2017-11-26,10000042,10837,364640,364640,364640,1,1
2017-11-26,10000042,10850,1036948.29,994750,1039998.99,10,10
2017-11-26,10000042,10858,2599487.25,1599950,2998999.99,4,4
2017-11-26,10000042,10866,10401.47,1777.02,100000,11,6
2017-11-26,10000042,10868,1001.79,1001.79,1001.79,11,4
2017-11-26,10000042,10870,2000.23,2000.23,2000.23,18,6
2017-11-26,10000042,10872,100333.53,12000.34,223999.99,12,9
2017-11-26,10000042,10874,15005.01,15005.01,15005.01,3,2
2017-11-26,10000042,10876,6800,250,33000,5,3
2017-11-26,10000042,10878,7501.01,7501.01,7501.01,6,3
2017-11-26,10000042,10880,38364.46,12508.08,141790,5,3
2017-11-26,10000042,10882,6002.14,6002.14,6002.14,4,3
2017-11-26,10000042,10886,7500.14,7500.14,7500.15,6,2
2017-11-26,10000042,10888,20789.37,4254.27,120000,7,5
2017-11-26,10000042,10998,30749.5,5100,31499.99,170,51
2017-11-26,10000042,11083,1200000,1200000,1200000,2,2
2017-11-26,10000042,11084,1550000,1000000,4300000,6,6
2017-11-26,10000042,11105,164305.86,62928.21,417749.99,21,8
2017-11-26,10000042,11129,21338.66,18000.12,29999.5,41,27
2017-11-26,10000042,11132,54314.24,18445,100000,42,35
2017-11-26,10000042,11133,50000,50000,50000,14,5
2017-11-26,10000042,11134,29327.31,21500,200000,48,24
2017-11-26,10000042,11172,43000000.55,43000000.55,43000000.55,1,1
2017-11-26,10000042,11174,28886686.33,28886686.33,28886686.33,1,1
2017-11-26,10000042,11178,38499999.96,38499999.95,38499999.97,4,4
2017-11-26,10000042,11182,35833333.34,29000000.01,39250000,3,3
2017-11-26,10000042,11184,29519666.05,14560000.33,36999498.91,3,3
2017-11-26,10000042,11188,25433335.25,18900002.89,38499999.99,3,3
2017-11-26,10000042,11192,38500000,38500000,38500000,1,1
2017-11-26,10000042,11196,38500000,38499999.99,38500000,8,8
2017-11-26,10000042,11198,34703285.49,30906601.02,38499969.95,2,2
2017-11-26,10000042,11200,38499853.89,38499848.88,38499858.89,2,2
2017-11-26,10000042,11202,41749994.99,38500000,44999989.98,2,2
2017-11-26,10000042,11207,708333.33,500000,2999999.9,12,12
2017-11-26,10000042,11219,792995,792995,792995,2,2
2017-11-26,10000042,11227,119900,119900,119900,1,1
2017-11-26,10000042,11229,929998.87,929998,929998.99,8,4
2017-11-26,10000042,11237,94000,94000,94000,2,1
2017-11-26,10000042,11247,1,1,1,1,1
2017-11-26,10000042,11249,929332.66,888000,949999,3,3
2017-11-26,10000042,11257,89999,89999,89999,1,1
2017-11-26,10000042,11259,971662.84,775000.55,1069993.99,3,3
2017-11-26,10000042,11267,447259.19,300300,483998.99,5,5
2017-11-26,10000042,11269,757808.18,536012.21,769999.79,83,52
2017-11-26,10000042,11279,1693998.22,1693998.22,1693998.22,1,1
2017-11-26,10000042,11283,5990,4000,7999.98,488,6
2017-11-26,10000042,11285,5965.12,4000,5965.12,259,8
2017-11-26,10000042,11287,7499.31,7499.31,7499.31,20712,7
2017-11-26,10000042,11289,6100.36,6000,6343.13,93,9
2017-11-26,10000042,11293,24540.21,24540.21,24540.21,2,2
2017-11-26,10000042,11295,88999.93,88999.93,88999.93,40,3
2017-11-26,10000042,11297,215000,215000,215000,1,1
2017-11-26,10000042,11309,157667.36,123000.8,355000,39,14
2017-11-26,10000042,11311,137097.38,105000.02,198049.99,19,13
2017-11-26,10000042,11317,316686.7,281047.57,379947.89,31,23
2017-11-26,10000042,11319,310510.95,295012.28,449999,10,8
2017-11-26,10000042,11325,568898.05,461676.85,669607.93,38,22
2017-11-26,10000042,11327,442798.77,438509.81,520000,19,13
2017-11-26,10000042,11341,3697.79,504.01,15752.01,18,12
2017-11-26,10000042,11343,7347.01,2500.02,16000,11,7
2017-11-26,10000042,11349,101920.09,37957.76,136957.75,27,19
2017-11-26,10000042,11351,48579.64,40009.75,99999,14,6
2017-11-26,10000042,11355,250,250,250,1,1
2017-11-26,10000042,11359,15000,15000,15000,3,1
2017-11-26,10000042,11365,39499999,39499999,39499999,1,1
2017-11-26,10000042,11370,1760364.73,891968.81,1792000,52,52
2017-11-26,10000042,11371,30500001.38,22000002.89,38999999.87,2,2
2017-11-26,10000042,11377,37699995.56,37499998.96,37899992.15,2,2
2017-11-26,10000042,11381,30765250,28630500,32900000,4,3
2017-11-26,10000042,11393,28800000.55,28800000.55,28800000.55,1,1
2017-11-26,10000042,11395,500000,500000,500000,2,2
2017-11-26,10000042,11399,9200,9200,9200,16157,12
2017-11-26,10000042,11400,37999999.98,36999999.97,38999999.99,2,2
2017-11-26,10000042,11433,9750000,9500000,10000000,2,2
2017-11-26,10000042,11441,10000000,10000000,10000000,1,1
2017-11-26,10000042,11442,10000000,10000000,10000000,1,1
2017-11-26,10000042,11443,10000000,10000000,10000000,3,3
2017-11-26,10000042,11444,8500000,8500000,8500000,1,1
2017-11-26,10000042,11445,10000000,10000000,10000000,1,1
2017-11-26,10000042,11446,11166665,10000000,16999989.98,6,6
2017-11-26,10000042,11447,10000000,10000000,10000000,2,2
2017-11-26,10000042,11448,10000000,10000000,10000000,2,2
2017-11-26,10000042,11449,14314989.99,10000000,22944969.97,3,3
2017-11-26,10000042,11450,8000000,8000000,8000000,1,1
2017-11-26,10000042,11451,10000000,10000000,10000000,3,3
2017-11-26,10000042,11452,9750000,9500000,10000000,2,2
2017-11-26,10000042,11453,10000000,10000000,10000000,2,2
2017-11-26,10000042,11454,8000000,8000000,8000000,1,1
2017-11-26,10000042,11455,10000000,10000000,10000000,2,2
2017-11-26,10000042,11463,449,449,449,300,1
2017-11-26,10000042,11466,449,449,449,300,1
2017-11-26,10000042,11483,27.69,27.69,27.69,100,1
2017-11-26,10000042,11486,290,290,290,10,1
2017-11-26,10000042,11489,262857.88,100005.14,290000,7,4
2017-11-26,10000042,11529,10000000,10000000,10000000,2,2
2017-11-26,10000042,11535,36000,36000,36000,151,1
2017-11-26,10000042,11540,95000,95000,95000,982,4
2017-11-26,10000042,11541,120000,120000,120000,159,3
2017-11-26,10000042,11545,15938.99,15938.99,15938.99,1995,1
2017-11-26,10000042,11547,200000,200000,200000,31,1
2017-11-26,10000042,11554,74950,74950,74950,100,1
2017-11-26,10000042,11556,58950,58950,58950,900,2
2017-11-26,10000042,11557,57950,57950,57950,800,1
2017-11-26,10000042,11562,3500000,3500000,3500000,1,1
2017-11-26,10000042,11563,179384.65,47804.72,197991.96,24,21
2017-11-26,10000042,11566,120000,120000,120000,17,17
2017-11-26,10000042,11572,400000,400000,400000,1,1
2017-11-26,10000042,11574,2000000,2000000,2000000,2,2
2017-11-26,10000042,11577,4123617.37,3500300.92,4139998.98,22,21
2017-11-26,10000042,11578,6039577.59,5620550.8,6059997.96,45,44
2017-11-26,10000042,11579,3856999.9,3500000,5998999.3,21,17
2017-11-26,10000042,11584,406818.18,75000,1899999.99,11,11
2017-11-26,10000042,11585,275000,275000,275000,1,1
2017-11-26,10000042,11613,99940,99940,99940,1,1
2017-11-26,10000042,11619,149960,149960,149960,1,1
2017-11-26,10000042,11621,99000,99000,99000,1,1
2017-11-26,10000042,11640,741250,740000,749999.99,40,14
2017-11-26,10000042,11642,1799998.92,1749998.88,1899999,3,2
2017-11-26,10000042,11644,2077736.04,518401.31,2399009.98,6,5
2017-11-26,10000042,11646,2440008.91,1000100.17,2599998.99,10,7
2017-11-26,10000042,11648,1595813.33,465000.07,1747969.98,6,6
2017-11-26,10000042,11689,45000,45000,45000,100,1
2017-11-26,10000042,11692,31950,31950,31950,280,1
2017-11-26,10000042,11693,31950,31950,31950,1258,1
2017-11-26,10000042,11724,5179,5179,5179,1,1
2017-11-26,10000042,11732,214,214,214,1,1
2017-11-26,10000042,11733,57.01,57.01,57.01,1,1
2017-11-26,10000042,11736,152,152,152,1,1
2017-11-26,10000042,11737,19,19,19,1,1
2017-11-26,10000042,11738,113.01,113,113.01,2,2
2017-11-26,10000042,11872,364560,364560,364560,1,1
2017-11-26,10000042,11876,586240,586240,586240,1,1
2017-11-26,10000042,11963,264439999.99,264439999.98,264439999.99,2,2
2017-11-26,10000042,11978,155023000.01,155023000.01,155023000.01,1,1
2017-11-26,10000042,11987,279989999.99,279989999.99,279989999.99,2,2
2017-11-26,10000042,11999,264999881.61,260000000,269999763.22,2,2
2017-11-26,10000042,12005,301422380.13,287111999.67,304999988.99,5,5
2017-11-26,10000042,12017,449999999.99,449999999.99,449999999.99,1,1
2017-11-26,10000042,12032,38500000,38500000,38500000,1,1
2017-11-26,10000042,12034,38999999.99,38500000,39499999.96,5,5
2017-11-26,10000042,12038,38500000,38500000,38500000,1,1
2017-11-26,10000042,12042,39997699.1,39997699.1,39997699.1,1,1
2017-11-26,10000042,12052,263931.16,220784.64,274970,4,4
2017-11-26,10000042,12054,1594999.96,1594999.96,1594999.96,4,4
2017-11-26,10000042,12056,64868.97,60999.96,145999.99,16,16
2017-11-26,10000042,12058,3241507.9,2101000.37,3689997.99,22,21
2017-11-26,10000042,12066,340899.99,340899.99,340900,6,6
2017-11-26,10000042,12068,4799999,4799999,4799999,5,5
2017-11-26,10000042,12076,6374624.03,4517000.29,6639998.99,8,8
2017-11-26,10000042,12084,10899999,10899998.99,10899999,2,2
2017-11-26,10000042,12092,1000000,1000000,1000000,5,5
2017-11-26,10000042,12093,4000000,4000000,4000000,6,6
2017-11-26,10000042,12095,4000000,4000000,4000000,5,5
2017-11-26,10000042,12096,28000000,28000000,28000000,1,1
2017-11-26,10000042,12098,24956495,20000000,29912989.99,2,2
2017-11-26,10000042,12102,4188499.87,4149998.99,4194000,8,5
2017-11-26,10000042,12108,749999.99,749999.99,749999.99,2,1
2017-11-26,10000042,12179,40000000,40000000,40000000,1,1
2017-11-26,10000042,12180,375000,375000,375000,3,3
2017-11-26,10000042,12181,350000,350000,350000,2,2
2017-11-26,10000042,12182,325000,325000,325000,2,2
2017-11-26,10000042,12183,275000,275000,275000,1,1
2017-11-26,10000042,12184,250000,250000,250000,1,1
2017-11-26,10000042,12185,225000,225000,225000,2,2
2017-11-26,10000042,12186,200000,200000,200000,5,4
2017-11-26,10000042,12187,175000,175000,175000,6,5
2017-11-26,10000042,12188,150000,150000,150000,6,6
2017-11-26,10000042,12189,400000,400000,400000,3,3
2017-11-26,10000042,12190,125000,125000,125000,6,6
2017-11-26,10000042,12191,75000,75000,75000,4,4
2017-11-26,10000042,12192,100000,100000,100000,2,2
2017-11-26,10000042,12193,50000,50000,50000,4,4
2017-11-26,10000042,12194,299999,299999,299999,1,1
2017-11-26,10000042,12195,25000,25000,25000,3,3
2017-11-26,10000042,12196,509999.48,300000,719998.95,2,2
2017-11-26,10000042,12198,2499999.8,2499999.8,2499999.8,2,1
2017-11-26,10000042,12200,1190000.12,1190000.12,1190000.12,1,1
2017-11-26,10000042,12201,810597.03,799774,1000000,37,7
2017-11-26,10000042,12202,2900000,2899999.99,2900000,3,3
2017-11-26,10000042,12203,8920379.71,8601978.97,9000000,5,5
2017-11-26,10000042,12206,6000000,6000000,6000000,4,4
2017-11-26,10000042,12207,4004000,8000,8000000,2,2
2017-11-26,10000042,12208,3000000,3000000,3000000,5,5
2017-11-26,10000042,12209,8866663.32,8600000,8999994.98,3,3
2017-11-26,10000042,12211,4999999.97,4999999.97,4999999.97,2,2
2017-11-26,10000042,12213,1000000,1000000,1000000,1,1
2017-11-26,10000042,12214,59982979.98,59982979.98,59982979.98,1,1
2017-11-26,10000042,12235,399999000,399999000,399999000,1,1
2017-11-26,10000042,12259,5724981.99,4100000,7349963.98,4,3
2017-11-26,10000042,12261,499999.99,499999.99,499999.99,1,1
2017-11-26,10000042,12267,4233981.99,4188887.98,4339887.99,13,8
2017-11-26,10000042,12271,6089998.9,5900000,6099999,10,5
2017-11-26,10000042,12274,118598.67,49999,147998.95,10,9
2017-11-26,10000042,12275,499200,499200,499200,1,1
2017-11-26,10000042,12301,119764480,119764480,119764480,10,1
2017-11-26,10000042,12304,1300936.92,162000,1498865.13,21,5
2017-11-26,10000042,12305,105625,100000,200000,16,16
2017-11-26,10000042,12346,1899998,1899998,1899998,4,1
2017-11-26,10000042,12365,120000,120000,120000,21,18
2017-11-26,10000042,12366,120000,120000,120000,18,18
2017-11-26,10000042,12367,120000,120000,120000,20,20
2017-11-26,10000042,12441,240909.09,80000,1849999.99,22,22
2017-11-26,10000042,12442,173684.21,100000,1499999.99,19,19
2017-11-26,10000042,12478,9898.93,9882.28,9903.69,399984,24
2017-11-26,10000042,12484,4793964.33,4793964.33,4793964.33,1,1
2017-11-26,10000042,12485,2656249.98,2500000,2749999.97,8,7
2017-11-26,10000042,12487,3811114.73,3811114.73,3811114.73,2,2
2017-11-26,10000042,12528,129754.67,110000,159988,59,11
2017-11-26,10000042,12529,15246828.84,9999000,15999664.73,40,4
2017-11-26,10000042,12530,636454.66,1001.28,700000,22,6
2017-11-26,10000042,12531,314381.02,2001.38,330000,42,3
2017-11-26,10000042,12538,21.1,21.1,21.1,1,1
2017-11-26,10000042,12557,242754.13,242754.12,242754.13,27,3
2017-11-26,10000042,12559,299999.99,299999.99,299999.99,15,3
2017-11-26,10000042,12563,198973.76,198973.76,198973.76,4,1
2017-11-26,10000042,12565,122152.6,119999.99,147983.88,26,5
2017-11-26,10000042,12608,69.98,31.04,79.97,50848,17
2017-11-26,10000042,12612,77.43,77.43,77.43,9767,5
2017-11-26,10000042,12614,446.77,446.77,446.77,2866,2
2017-11-26,10000042,12618,37.42,37.42,37.42,11746,8
2017-11-26,10000042,12620,63.01,63.01,63.01,13263,5
2017-11-26,10000042,12625,73.96,73.96,73.96,29721,12
2017-11-26,10000042,12631,107.92,107.92,107.92,1200,2
2017-11-26,10000042,12633,128.5,128.5,128.5,1800,3
2017-11-26,10000042,12729,141000055.66,141000055.66,141000055.66,1,1
2017-11-26,10000042,12735,198765000,183330000,214200000,2,2
2017-11-26,10000042,12745,319449999.99,319449999.99,319449999.99,1,1
2017-11-26,10000042,12761,636.05,636.05,636.05,1500,1
2017-11-26,10000042,12767,299.99,299.99,299.99,25400,8
2017-11-26,10000042,12771,273,272.97,280.5,17920,8
2017-11-26,10000042,12773,194.98,194.98,194.98,30700,10
2017-11-26,10000042,12775,201,201,201,9004,3
2017-11-26,10000042,12777,183.05,183.05,183.05,27212,11
2017-11-26,10000042,12779,599.99,599.99,599.99,199614,7
2017-11-26,10000042,12785,330,330,330,10985,5
2017-11-26,10000042,12787,369.97,369.97,369.97,6401,7
2017-11-26,10000042,12789,264.85,264.85,264.85,12990,8
2017-11-26,10000042,12791,369.96,369.96,369.96,5580,4
2017-11-26,10000042,12801,349.71,349.71,349.71,11875,3
2017-11-26,10000042,12803,699.99,699.99,699.99,16000,1
2017-11-26,10000042,12805,189.73,189.73,189.73,16050,4
2017-11-26,10000042,12807,440,440,440,4000,1
2017-11-26,10000042,12814,552501.23,260000,1249998.66,64,6
2017-11-26,10000042,12816,386997.9,386997.9,386997.9,226,3
2017-11-26,10000042,12818,294344.92,125000.03,379970.22,42,7
2017-11-26,10000042,12820,499999.93,499999.93,499999.93,16,1
2017-11-26,10000042,13001,2839998.33,2499999,2999998,15,12
2017-11-26,10000042,13003,2100384.65,911927.26,2397499,5,4
2017-11-26,10000042,13119,549.99,549.99,549.99,11000,3
2017-11-26,10000042,13216,27499969.96,27499969.96,27499969.96,2,2
2017-11-26,10000042,13224,4999000,4999000,4999000,1,1
2017-11-26,10000042,13225,3600000,3600000,3600000,1,1
2017-11-26,10000042,13240,39849849.85,39849849.85,39849849.85,1,1
2017-11-26,10000042,13243,450032,450032,450032,1,1
2017-11-26,10000042,13244,26499508,26499508,26499508,1,1
2017-11-26,10000042,13248,25000000,25000000,25000000,1,1
2017-11-26,10000042,13249,27000000,27000000,27000000,1,1
2017-11-26,10000042,13252,6997968.24,6997968.24,6997968.24,1,1
2017-11-26,10000042,13256,15833323.32,14999989.99,17499989.99,3,3
2017-11-26,10000042,13259,31899879.88,31899879.88,31899879.88,1,1
2017-11-26,10000042,13261,91769994.19,91769994.19,91769994.19,1,1
2017-11-26,10000042,13263,23899978,23899978,23899978,1,1
2017-11-26,10000042,13267,1010.05,700.09,1600.44,61,5
2017-11-26,10000042,13278,114500.16,100000,158000.65,4,4
2017-11-26,10000042,13279,299571.28,250000,596998.99,7,7
2017-11-26,10000042,13283,2701,2701,2701,3,3
2017-11-26,10000042,13286,1002.14,1002.14,1002.14,1,1
2017-11-26,10000042,13824,15000000,15000000,15000000,1,1
2017-11-26,10000042,13830,6999999,6999999,6999999,3,1
2017-11-26,10000042,13856,153.66,153.66,153.66,16000,2
2017-11-26,10000042,13919,12600000,12600000,12600000,1,1
2017-11-26,10000042,13921,9100000,9100000,9100000,1,1
2017-11-26,10000042,13948,3000000,3000000,3000000,1,1
2017-11-26,10000042,13955,8999999.99,8999999.99,8999999.99,2,1
2017-11-26,10000042,13966,10222706,10222706,10222706,1,1
2017-11-26,10000042,13967,6999900,6999900,6999900,1,1
2017-11-26,10000042,13968,10000000,10000000,10000000,1,1
2017-11-26,10000042,13970,10899973.05,10899973.05,10899973.05,2,2
2017-11-26,10000042,13974,13337333.77,13337333.77,13337333.77,3,2
2017-11-26,10000042,13980,9000000,9000000,9000000,1,1
2017-11-26,10000042,13982,5911091.72,5888889.99,5999999,5,4
2017-11-26,10000042,13998,30010001.34,30010001.34,30010001.34,1,1
2017-11-26,10000042,14001,8000000,8000000,8000000,1,1
2017-11-26,10000042,14003,18898996.98,18898996.98,18898996.98,1,1
2017-11-26,10000042,14033,17000000,17000000,17000000,1,1
2017-11-26,10000042,14037,4850000,4850000,4850000,2,2
2017-11-26,10000042,14041,21374494.99,21374494.99,21374494.99,1,1
2017-11-26,10000042,14049,100000,100000,100000,1,1
2017-11-26,10000042,14063,16999997.99,16999997.99,16999997.99,1,1
2017-11-26,10000042,14082,7899565.88,7899565.88,7899565.88,1,1
2017-11-26,10000042,14094,5497578.01,5497578.01,5497578.01,1,1
2017-11-26,10000042,14100,79000000,79000000,79000000,1,1
2017-11-26,10000042,14102,44499999.82,44499999.82,44499999.82,1,1
2017-11-26,10000042,14106,51000000,51000000,51000000,2,2
2017-11-26,10000042,14118,101000000,101000000,101000000,1,1
2017-11-26,10000042,14120,150000000,150000000,150000000,1,1
2017-11-26,10000042,14134,62999999,62999999,62999999,1,1
2017-11-26,10000042,14142,49999000,49999000,49999000,1,1
2017-11-26,10000042,14154,8515000,8515000,8515000,1,1
2017-11-26,10000042,14192,60000000,60000000,60000000,1,1
2017-11-26,10000042,14242,112000000,112000000,112000000,1,1
2017-11-26,10000042,14244,67000009.93,67000009.93,67000009.93,1,1
2017-11-26,10000042,14256,57111050.93,57111050.93,57111050.93,1,1
2017-11-26,10000042,14258,103789756.96,103789756.96,103789756.96,1,1
2017-11-26,10000042,14264,112000000,112000000,112000000,1,1
2017-11-26,10000042,14274,83333.33,10000,119999.99,9,6
2017-11-26,10000042,14276,1111,1111,1111,2,1
2017-11-26,10000042,14278,1336507.73,1000000,2400000,7,6
2017-11-26,10000042,14280,93000,93000,93000,1,1
2017-11-26,10000042,14284,66033.05,66033.05,66033.05,2,2
2017-11-26,10000042,14295,4199998.63,3800000.64,4999994.61,3,3
2017-11-26,10000042,14296,5000000,5000000,5000000,1,1
2017-11-26,10000042,14297,3650000,3650000,3650000,1,1
2017-11-26,10000042,14298,2707500.17,2707500.17,2707500.17,1,1
2017-11-26,10000042,14299,2634344.11,2502016.16,2899000.01,3,3
2017-11-26,10000042,15331,1381.8,1381.8,1381.8,5716,434
2017-11-26,10000042,15463,3499999.99,3499999.99,3499999.99,2,1
2017-11-26,10000042,15466,4767820.86,4766978.65,4767989.3,6,3
2017-11-26,10000042,15479,4039890.88,3999989.95,4398999.23,20,10
2017-11-26,10000042,15480,15416000.03,13332000.06,17500000,2,2
2017-11-26,10000042,15508,44250,44250,44250,209,17
2017-11-26,10000042,15510,32578.98,30000,32578.99,151,12
2017-11-26,10000042,15511,1500000,1500000,1500000,12,6
2017-11-26,10000042,15587,2050,2050,2050,8,6
2017-11-26,10000042,15588,2810.16,2810.16,2810.16,6,5
2017-11-26,10000042,15596,3522.22,2300,4500,18,6
2017-11-26,10000042,15597,6014.29,4525,8000,14,3
2017-11-26,10000042,15598,9891.43,6060,15000,7,3
2017-11-26,10000042,15599,17305.26,13600,20000,19,3
2017-11-26,10000042,15600,361692.31,353000,375000,13,6
2017-11-26,10000042,15601,550904.92,550904.92,550904.92,4,2
2017-11-26,10000042,15602,83031.27,83031.27,83031.27,13,3
2017-11-26,10000042,15604,1896580,1880999.98,1900000,100,3
2017-11-26,10000042,15605,1958016.33,1632774.12,2000000,53,5
2017-11-26,10000042,15607,2622.31,2551.01,4500,82,18
2017-11-26,10000042,15608,3715.01,3715,3715.01,45,19
2017-11-26,10000042,15609,7228.57,6500,15000,35,12
2017-11-26,10000042,15610,279828.9,250000,320000,70,10
2017-11-26,10000042,15611,12828.38,12800,12851.09,18,6
2017-11-26,10000042,15612,119942.75,25018.54,672000,28,12
2017-11-26,10000042,15613,749999.99,749999.99,749999.99,204,8
2017-11-26,10000042,15614,119000,119000,119000,1441,14
2017-11-26,10000042,15615,1404066,801552.08,1960003,160,9
2017-11-26,10000042,15625,2055,2055,2055,2,1
2017-11-26,10000042,15626,2555,2555,2555,5,3
2017-11-26,10000042,15628,2600,2600,2600,6,1
2017-11-26,10000042,15656,71627.05,71627.05,71627.05,38,6
2017-11-26,10000042,15660,1605,1605,1605,1,1
2017-11-26,10000042,15669,2550000,2550000,2550000,155,12
2017-11-26,10000042,15681,119995982.65,119995595.89,119996557.78,5,5
2017-11-26,10000042,15717,6000000,6000000,6000000,1,1
2017-11-26,10000042,15729,36215718.56,36209979.94,36219540.97,5,4
2017-11-26,10000042,15757,89129629.33,43750000,179888887.99,3,3
2017-11-26,10000042,15766,37979878.98,37979878.98,37979878.98,1,1
2017-11-26,10000042,15786,40999994.17,40999994.17,40999994.17,1,1
2017-11-26,10000042,15806,100963717.03,78115285.09,105889012.44,6,5
2017-11-26,10000042,15887,55998994.98,55998989.97,55998999.98,2,2
2017-11-26,10000042,15891,114499899,114499899,114499899,1,1
2017-11-26,10000042,15895,73003571.45,73003571.45,73003571.45,2,1
2017-11-26,10000042,15965,94000000,94000000,94000000,2,1
2017-11-26,10000042,15992,17000,17000,17000,102,8
2017-11-26,10000042,15997,2605,2605,2605,2,1
2017-11-26,10000042,15999,50000,50000,50000,1,1
2017-11-26,10000042,16000,26959.19,16000,40000.04,49,7
2017-11-26,10000042,16069,85000,85000,85000,5,5
2017-11-26,10000042,16118,2005.5,2005,2006,6,2
2017-11-26,10000042,16119,512.01,512.01,512.01,14,4
2017-11-26,10000042,16229,50897899.98,50897899.98,50897899.98,1,1
2017-11-26,10000042,16231,39999996,39999996,39999996,1,1
2017-11-26,10000042,16233,47900000,47900000,47900000,1,1
2017-11-26,10000042,16236,785506.43,521012.86,1050000,4,4
2017-11-26,10000042,16238,1002171.41,999997.97,1108689.68,4,4
2017-11-26,10000042,16240,799200.87,510000.07,800000,15,8
2017-11-26,10000042,16242,918111.75,790003.22,949896.49,47,43
2017-11-26,10000042,16243,7500000,7500000,7500000,8,4
2017-11-26,10000042,16263,188000.95,188000.95,188000.96,10437,42
2017-11-26,10000042,16272,475,475,475,146073,7
2017-11-26,10000042,16273,122.06,122.06,122.06,362604,65
2017-11-26,10000042,16274,949.99,949.99,949.99,23000,3
2017-11-26,10000042,16275,3500,3500,3500,243858,28
2017-11-26,10000042,16278,2763049.29,2600000,3199886.21,16,9
2017-11-26,10000042,16281,375000,375000,375000,5,5
2017-11-26,10000042,16297,2029.08,2029.08,2029.08,1,1
2017-11-26,10000042,16299,112193.31,2156.85,175000,22,11
2017-11-26,10000042,16301,20004,20004,20004,1,1
2017-11-26,10000042,16303,480295.81,208017.87,589999.94,30,19
2017-11-26,10000042,16305,2777.77,2777.77,2777.77,1,1
2017-11-26,10000042,16307,3827.78,3827.78,3827.78,3,2
2017-11-26,10000042,16309,1.04,1.04,1.04,2,1
2017-11-26,10000042,16311,303200,116000,350000,5,3
2017-11-26,10000042,16313,190.01,190.01,190.01,1,1
2017-11-26,10000042,16315,0.02,0.02,0.02,1,1
2017-11-26,10000042,16319,250,250,250,1,1
2017-11-26,10000042,16321,100.89,100.89,100.89,1,1
2017-11-26,10000042,16323,100,100,100,2,2
2017-11-26,10000042,16325,300,300,300,2,2
2017-11-26,10000042,16327,100,100,100,1,1
2017-11-26,10000042,16335,1005.1,1005.1,1005.1,4,2
2017-11-26,10000042,16337,1000,1000,1000,3,2
2017-11-26,10000042,16339,888.15,888.15,888.15,6,1
2017-11-26,10000042,16341,130,130,130,4,2
2017-11-26,10000042,16343,1780.11,1780.11,1780.11,1,1
2017-11-26,10000042,16345,1777.78,1777.78,1777.78,4,2
2017-11-26,10000042,16347,777,777,777,3,2
2017-11-26,10000042,16351,1100,1100,1100,1,1
2017-11-26,10000042,16353,69565.91,5.01,72575.75,15,9
2017-11-26,10000042,16355,85683.77,85683.76,85683.77,16,8
2017-11-26,10000042,16357,92294.62,92294.61,92294.62,11,7
2017-11-26,10000042,16359,53021.43,53021.43,53021.43,7,5
2017-11-26,10000042,16361,68381.76,68381.75,68381.76,17,8
2017-11-26,10000042,16363,136235.14,131014.66,177999,9,6
2017-11-26,10000042,16365,126355.71,126355.64,126355.73,15,8
2017-11-26,10000042,16367,176388.61,104305.2,575000,13,8
2017-11-26,10000042,16369,134562.98,132606.29,160000,14,7
2017-11-26,10000042,16371,95094.03,95094.02,95094.03,7,4
2017-11-26,10000042,16373,94326.47,93696.08,100000,10,6
2017-11-26,10000042,16375,121277.72,121277.71,121277.72,10,5
2017-11-26,10000042,16377,113104.02,113104.01,113104.02,16,6
2017-11-26,10000042,16379,65665.64,59223.49,144000,13,6
2017-11-26,10000042,16381,97092.47,97092.46,97092.47,11,7
2017-11-26,10000042,16383,227602.06,97002.61,749999.87,5,4
2017-11-26,10000042,16387,6537,6537,6537,3,2
2017-11-26,10000042,16389,80000.02,80000.02,80000.02,1,1
2017-11-26,10000042,16391,617236.42,100000.17,999999.99,13,12
2017-11-26,10000042,16393,20500,20500,20500,3,2
2017-11-26,10000042,16395,100,100,100,4,1
2017-11-26,10000042,16397,5,5,5,1,1
2017-11-26,10000042,16399,36140.58,5164.01,222000,7,2
2017-11-26,10000042,16403,1777,1777,1777,3,2
2017-11-26,10000042,16405,5,5,5,1,1
2017-11-26,10000042,16407,110000,110000,110000,1,1
2017-11-26,10000042,16409,4500,4500,4500,2,1
2017-11-26,10000042,16411,100,100,100,4,2
2017-11-26,10000042,16413,1778.09,1778.09,1778.09,2,2
2017-11-26,10000042,16415,66801.33,202,200000,3,2
2017-11-26,10000042,16417,81611.19,3611.28,237611,3,2
2017-11-26,10000042,16419,2757.95,2757.95,2757.95,1,1
2017-11-26,10000042,16421,2000.1,2000.1,2000.1,3,1
2017-11-26,10000042,16423,102,102,102,2,1
2017-11-26,10000042,16425,101,101,101,3,2
2017-11-26,10000042,16427,177,177,177,4,1
2017-11-26,10000042,16429,6001.3,6001.3,6001.3,1,1
2017-11-26,10000042,16431,138748.07,34998.95,449995.42,4,2
2017-11-26,10000042,16433,2441,205,3000,5,4
2017-11-26,10000042,16435,515,515,515,4,4
2017-11-26,10000042,16439,165473.77,160.01,493499.49,13,9
2017-11-26,10000042,16441,110248.8,311,550000,5,4
2017-11-26,10000042,16443,3600,3600,3600,1,1
2017-11-26,10000042,16447,147493.32,3650,219414.99,3,3
2017-11-26,10000042,16449,999999,999999,999999,2,1
2017-11-26,10000042,16451,2600,2600,2600,1,1
2017-11-26,10000042,16455,78100,5100,100000,39,4
2017-11-26,10000042,16457,2582997.41,1749496.15,4249999.92,12,8
2017-11-26,10000042,16467,179224.55,88002.11,188000,11,8
2017-11-26,10000042,16469,89898,89898,89898,1,1
2017-11-26,10000042,16475,170280.3,105000,195999,7,4
2017-11-26,10000042,16477,354369.99,353999.99,354888,12,7
2017-11-26,10000042,16481,3200.01,3200.01,3200.01,4,1
2017-11-26,10000042,16483,5700.01,5700.01,5700.01,4,1
2017-11-26,10000042,16485,3200.01,3200.01,3200.01,1,1
2017-11-26,10000042,16487,117040.84,41449.01,495000,6,4
2017-11-26,10000042,16489,3200.01,3200.01,3200.01,2,2
2017-11-26,10000042,16491,1781.43,1781.43,1781.43,3,2
2017-11-26,10000042,16493,4899.01,4899.01,4899.01,1,1
2017-11-26,10000042,16495,115833.16,47499.5,149999.99,6,5
2017-11-26,10000042,16497,179999.35,179999.35,179999.35,1,1
2017-11-26,10000042,16499,435489,177449,499999,5,2
2017-11-26,10000042,16505,76000,5001,146999,6,3
2017-11-26,10000042,16507,47652.9,44999,66421.99,7,6
2017-11-26,10000042,16513,3505,3505,3505,4,2
2017-11-26,10000042,16515,3000,3000,3000,3,2
2017-11-26,10000042,16517,126505.03,3010.06,250000,8,3
2017-11-26,10000042,16519,167809.11,15122.78,269600,10,4
2017-11-26,10000042,16521,4511.72,803.05,19000,22,12
2017-11-26,10000042,16523,2501.36,2501.35,2501.36,13,6
2017-11-26,10000042,16525,81497.75,75000,139993.99,8,4
2017-11-26,10000042,16527,494465.69,200050.36,750000,9,8
2017-11-26,10000042,16531,764996.64,105000,1094994.97,3,3
2017-11-26,10000042,16533,2500000,2500000,2500000,1,1
2017-11-26,10000042,16535,14999979.96,14999979.96,14999979.96,1,1
2017-11-26,10000042,16537,18999944,18999938.99,18999949,2,2
2017-11-26,10000042,16591,32000000,32000000,32000000,5,4
2017-11-26,10000042,16594,1500000,1500000,1500000,7,7
2017-11-26,10000042,16595,12500000,12500000,12500000,5,5
2017-11-26,10000042,16596,35000000,35000000,35000000,4,4
2017-11-26,10000042,16597,20000000,20000000,20000000,2,2
2017-11-26,10000042,16598,3500000,3500000,3500000,16,16
2017-11-26,10000042,16622,5333322.83,5000000,6999937,6,6
2017-11-26,10000042,16634,51.81,51.81,51.81,130,1
2017-11-26,10000042,16670,289.98,289.98,289.98,5196,3
2017-11-26,10000042,16671,310,310,310,400000,1
2017-11-26,10000042,16673,228.01,228.01,228.01,52419,3
2017-11-26,10000042,16678,457.99,457.99,457.99,18970,2
2017-11-26,10000042,16679,1000.09,1000.09,1000.09,3068,3
2017-11-26,10000042,16680,2360.01,2360.01,2360.01,7302,8
2017-11-26,10000042,16681,9999.98,9999.98,9999.98,11610,5
2017-11-26,10000042,16682,15999,15999,15999,14233,4
2017-11-26,10000042,16683,68999,68999,68999,295,3
2017-11-26,10000042,16689,15500000,15500000,15500000,8,1
2017-11-26,10000042,17190,49588.97,49177.93,50000,40,5
2017-11-26,10000042,17192,357090.96,2001.14,374000,44,6
2017-11-26,10000042,17194,321540.99,319999.98,324623,60,5
2017-11-26,10000042,17196,1001.2,1001.2,1001.2,1,1
2017-11-26,10000042,17199,744325.64,2001.13,799999.98,43,5
2017-11-26,10000042,17205,2500.02,2500.02,2500.02,1,1
2017-11-26,10000042,17214,10,10,10,3,1
2017-11-26,10000042,17218,151.1,151.1,151.1,1,1
2017-11-26,10000042,17222,10,10,10,3,1
2017-11-26,10000042,17264,250,250,250,1,1
2017-11-26,10000042,17327,5000000,5000000,5000000,1,1
2017-11-26,10000042,17328,5000000,5000000,5000000,1,1
2017-11-26,10000042,17332,5000000,5000000,5000000,1,1
2017-11-26,10000042,17336,9300000,9300000,9300000,1,1
2017-11-26,10000042,17339,5000000,5000000,5000000,1,1
2017-11-26,10000042,17340,5000000,5000000,5000000,1,1
2017-11-26,10000042,17346,5000000,5000000,5000000,1,1
2017-11-26,10000042,17349,9300000,9300000,9300000,1,1
2017-11-26,10000042,17351,5000000,5000000,5000000,1,1
2017-11-26,10000042,17352,5000000,5000000,5000000,1,1
2017-11-26,10000042,17353,5000000,5000000,5000000,1,1
2017-11-26,10000042,17354,5000000,5000000,5000000,1,1
2017-11-26,10000042,17356,5000000,5000000,5000000,1,1
2017-11-26,10000042,17363,500000,500000,500000,1,1
2017-11-26,10000042,17366,107295.06,28887.97,249800.01,66,28
2017-11-26,10000042,17367,359659.97,100,1500000.01,5,4
2017-11-26,10000042,17392,85235.22,85235.22,85235.22,24,1
2017-11-26,10000042,17426,2650.99,2650.99,2650.99,312,1
2017-11-26,10000042,17428,2453.1,2453.1,2453.1,583,1
2017-11-26,10000042,17437,356.99,356.99,356.99,143,1
2017-11-26,10000042,17440,450.01,450.01,450.01,4628,5
2017-11-26,10000042,17444,452.01,452.01,452.01,5418,3
2017-11-26,10000042,17445,450,450,450,1691,5
2017-11-26,10000042,17448,353.01,353.01,353.01,9305,2
2017-11-26,10000042,17449,355,355,355,676,6
2017-11-26,10000042,17452,135,135,135,1729,4
2017-11-26,10000042,17453,130,130,130,713,3
2017-11-26,10000042,17455,61,50,61.01,9585829,220
2017-11-26,10000042,17456,51.35,50.04,62.04,5819320,160
2017-11-26,10000042,17459,25.22,25.22,25.22,296,2
2017-11-26,10000042,17463,20.2,20.2,20.2,5191956,58
2017-11-26,10000042,17464,22.43,21,22.92,3056800,45
2017-11-26,10000042,17470,14,14,14,38625524,105
2017-11-26,10000042,17471,15,15,15.2,11842102,58
2017-11-26,10000042,17476,22914523.59,22000000,25249832.57,7,6
2017-11-26,10000042,17478,20888030.33,20000000,22999885.99,18,17
2017-11-26,10000042,17480,16966460.98,16600000,18996995.13,39,11
2017-11-26,10000042,17482,1901312.99,1610040.09,1999994.98,69,34
2017-11-26,10000042,17483,16130080,16130080,16130080,1,1
2017-11-26,10000042,17500,34003665.25,34003665.25,34003665.25,1,1
2017-11-26,10000042,17526,22488990.76,22488990.76,22488990.76,1,1
2017-11-26,10000042,17559,67106912.33,67098515,67111111,3,3
2017-11-26,10000042,17619,17796998,17796998,17796998,1,1
2017-11-26,10000042,17636,550000000,550000000,550000000,1,1
2017-11-26,10000042,17703,34999899.62,34999899.62,34999899.62,1,1
2017-11-26,10000042,17713,55000100,55000100,55000100,1,1
2017-11-26,10000042,17715,221344993.49,203000000,223887836.24,9,9
2017-11-26,10000042,17720,147799999.33,147000000,148199999,3,3
2017-11-26,10000042,17722,188899099.02,188899099.02,188899099.02,1,1
2017-11-26,10000042,17738,572837883.92,569889999.87,575785767.96,2,2
2017-11-26,10000042,17765,6733.9,4777.77,8900.02,20,3
2017-11-26,10000042,17812,12449998.5,12000000,12899997,2,2
2017-11-26,10000042,17815,999761.94,999687,999986.75,20,2
2017-11-26,10000042,17816,2565021.44,1130042.88,4000000,2,2
2017-11-26,10000042,17840,1230.01,1230.01,1230.01,1,1
2017-11-26,10000042,17841,14710543.42,11135989.77,15068000,11,9
2017-11-26,10000042,17843,69166209.09,59082032.01,73999849.91,7,7
2017-11-26,10000042,17867,73.01,73.01,73.01,1621831,56
2017-11-26,10000042,17868,65.41,65.41,65.41,380809,40
2017-11-26,10000042,17887,1000,1000,1000,945922,5
2017-11-26,10000042,17888,1099.99,1099.99,1099.99,21445,4
2017-11-26,10000042,17889,676.11,676.11,676.11,2495274,17
2017-11-26,10000042,17893,133924.45,27787.77,141000.23,16,11
2017-11-26,10000042,17894,108571.79,100000.51,130000,7,6
2017-11-26,10000042,17895,498851.87,445000.04,649999.88,27,15
2017-11-26,10000042,17897,12.12,12.12,12.12,5,1
2017-11-26,10000042,17898,120000,120000,120000,16,1
2017-11-26,10000042,17912,3906412.42,3800000,3929998.89,63,20
2017-11-26,10000042,17918,443944777.25,428000054.56,459889499.94,4,4
2017-11-26,10000042,17920,275889719.94,275889719.94,275889719.94,1,1
2017-11-26,10000042,17922,99998729.84,99998729.84,99998729.84,1,1
2017-11-26,10000042,17924,46100004,46100004,46100004,1,1
2017-11-26,10000042,17928,81165639.99,81165639.99,81165639.99,1,1
2017-11-26,10000042,17930,74160485,56642000.24,79999979.92,4,4
2017-11-26,10000042,17932,52900000,52900000,52900000,1,1
2017-11-26,10000042,17938,9499.91,9499.89,9499.92,128,72
2017-11-26,10000042,17939,130000,60000,270000,3,3
2017-11-26,10000042,17940,500000,500000,500000,10,10
2017-11-26,10000042,18025,648856.27,400000,897712.54,2,2
2017-11-26,10000042,18039,750000,750000,750000,1,1
2017-11-26,10000042,18043,600000,600000,600000,2,2
2017-11-26,10000042,18045,550000,550000,550000,2,2
2017-11-26,10000042,18047,500000,500000,500000,1,1
2017-11-26,10000042,18049,450000,450000,450000,2,2
2017-11-26,10000042,18051,400000,400000,400000,2,2
2017-11-26,10000042,18053,350000,350000,350000,1,1
2017-11-26,10000042,18054,534009.47,534009.47,534009.47,4,1
2017-11-26,10000042,18056,53878.79,53000,54000,99,3
2017-11-26,10000042,18058,312.1,312.1,312.1,13,3
2017-11-26,10000042,18059,250000,250000,250000,1,1
2017-11-26,10000042,18060,205.03,205.03,205.03,2,1
2017-11-26,10000042,18062,12494.18,205.14,34000,11,3
2017-11-26,10000042,18064,449988.9,449988.9,449988.9,2,1
2017-11-26,10000042,18065,650000,650000,650000,1,1
2017-11-26,10000042,18066,19100.75,101.43,40000,21,3
2017-11-26,10000042,18067,100000,100000,100000,1,1
2017-11-26,10000042,18068,1459999.33,580000,1899998.99,3,2
2017-11-26,10000042,18580,100000000,100000000,100000000,1,1
2017-11-26,10000042,18602,498887,498887,498887,8,1
2017-11-26,10000042,18604,195322,50000,267983,12,2
2017-11-26,10000042,18610,400840.61,46000,425775.75,67,10
2017-11-26,10000042,18612,340172.74,151008,360999.97,29,10
2017-11-26,10000042,18614,209708.99,46004,318845.65,10,3
2017-11-26,10000042,18616,130915.92,46000,144433.96,26,8
2017-11-26,10000042,18618,199985.45,199985.45,199985.45,165,9
2017-11-26,10000042,18626,620000.06,620000.06,620000.06,20,1
2017-11-26,10000042,18639,42045.66,41253.97,80000,24,22
2017-11-26,10000042,18640,60000,60000,60000,2,2
2017-11-26,10000042,18668,29199499,29199499,29199499,1,1
2017-11-26,10000042,18670,29054900.58,19609811.15,38499990,2,2
2017-11-26,10000042,18672,398888887.98,398888887.98,398888887.98,1,1
2017-11-26,10000042,18682,50000000,50000000,50000000,1,1
2017-11-26,10000042,18710,96996998.85,96996998.85,96996998.85,1,1
2017-11-26,10000042,18756,7829889.85,7829889.85,7829889.85,1,1
2017-11-26,10000042,18768,30000001,30000001,30000001,1,1
2017-11-26,10000042,18795,2699698.91,2699698.91,2699698.91,1,1
2017-11-26,10000042,18803,29999696.18,29999696.18,29999696.18,1,1
2017-11-26,10000042,18829,146666666.66,140000000,149999999.99,3,3
2017-11-26,10000042,18873,99999882.18,99999882.18,99999882.18,1,1
2017-11-26,10000042,18875,78888444,78888000,78888888,2,2
2017-11-26,10000042,18941,59999999,59999999,59999999,1,1
2017-11-26,10000042,18985,9579999.78,9579999.78,9579999.78,1,1
2017-11-26,10000042,19015,24249490.04,10003000.09,38495979.98,2,2
2017-11-26,10000042,19023,115000000,115000000,115000000,1,1
2017-11-26,10000042,19027,583999999.99,583999999.99,583999999.99,1,1
2017-11-26,10000042,19045,100000000,100000000,100000000,1,1
2017-11-26,10000042,19053,54999000,54999000,54999000,1,1
2017-11-26,10000042,19055,44333333.33,44000000,45000000,3,2
2017-11-26,10000042,19101,20000000,20000000,20000000,2,1
2017-11-26,10000042,19111,51999993.69,51999993.69,51999993.69,2,1
2017-11-26,10000042,19119,38069995,38069995,38069995,1,1
2017-11-26,10000042,19133,6375236.5,4150473,8600000,2,2
2017-11-26,10000042,19141,2927000,2927000,2927000,1,1
2017-11-26,10000042,19173,56249999.58,56249999.58,56249999.58,1,1
2017-11-26,10000042,19179,91126836,91126836,91126836,1,1
2017-11-26,10000042,19181,49898000,49898000,49898000,2,2
2017-11-26,10000042,19183,62000000,62000000,62000000,1,1
2017-11-26,10000042,19195,399999999,399999999,399999999,1,1
2017-11-26,10000042,19200,324992959.96,324992959.96,324992959.96,1,1
2017-11-26,10000042,19201,159999998.96,159999998.96,159999998.96,1,1
2017-11-26,10000042,19207,174111040.99,174111032.39,174111042.4,4,4
2017-11-26,10000042,19208,109997931.41,109997929.24,109997933.57,2,2
2017-11-26,10000042,19211,1499998.99,1499998.99,1499998.99,4,4
2017-11-26,10000042,19215,18248963.16,18248948.94,18248984.49,5,5
2017-11-26,10000042,19225,4499897.55,4499897.55,4499897.55,1,1
2017-11-26,10000042,19227,59999686.89,59999686.89,59999686.89,1,1
2017-11-26,10000042,19229,23994698.91,23994698.91,23994698.91,1,1
2017-11-26,10000042,19231,79899999,79899999,79899999,1,1
2017-11-26,10000042,19233,840000,840000,840000,2,1
2017-11-26,10000042,19237,2449999.99,2449999.99,2449999.99,1,1
2017-11-26,10000042,19239,9799999,9799998,9799999.99,2,2
2017-11-26,10000042,19241,4499998.99,4499998.99,4499998.99,1,1
2017-11-26,10000042,19243,1200000,1200000,1200000,1,1
2017-11-26,10000042,19245,17000000,17000000,17000000,1,1
2017-11-26,10000042,19247,28449980,27950000,28949959.99,2,2
2017-11-26,10000042,19270,9999999.97,9999999.97,9999999.97,1,1
2017-11-26,10000042,19283,7001111,7001111,7001111,1,1
2017-11-26,10000042,19285,10500000,10500000,10500000,1,1
2017-11-26,10000042,19287,14000000,14000000,14000000,1,1
2017-11-26,10000042,19288,49997425.52,49997425.52,49997425.52,1,1
2017-11-26,10000042,19301,242111108,242111108,242111108,2,1
2017-11-26,10000042,19325,54499889.86,54499889.86,54499889.86,1,1
2017-11-26,10000042,19345,112504444,105008888,120000000,2,2
2017-11-26,10000042,19349,64000000,64000000,64000000,1,1
2017-11-26,10000042,19400,11000,11000,11000,12,3
2017-11-26,10000042,19402,40000,40000,40000,51,2
2017-11-26,10000042,19403,60000,60000,60000,51,2
2017-11-26,10000042,19404,178433.34,62500.25,180000,75,11
2017-11-26,10000042,19405,360000,360000,360000,68,6
2017-11-26,10000042,19406,600000,600000,600000,118,16
2017-11-26,10000042,19407,1200000,1200000,1200000,234,18
2017-11-26,10000042,19408,2100000,2100000,2100000,19,3
2017-11-26,10000042,19409,6300000,6300000,6300000,17,2
2017-11-26,10000042,19410,9900000,9900000,9900000,17,2
2017-11-26,10000042,19411,13200000,13200000,13200000,16,2
2017-11-26,10000042,19412,16977000,13500000,17160000,20,4
2017-11-26,10000042,19413,21840000,21840000,21840000,16,2
2017-11-26,10000042,19416,43200000,43200000,43200000,201,23
2017-11-26,10000042,19417,51680000,51680000,51680000,75,5
2017-11-26,10000042,19418,60558849.79,56711948.53,61200000,7,7
2017-11-26,10000042,19419,80000000,80000000,80000000,18,5
2017-11-26,10000042,19421,132290338.07,123010366.52,133837000,7,4
2017-11-26,10000042,19422,3360000,3360000,3360000,18,2
2017-11-26,10000042,19500,1501.01,1501.01,1501.01,4,3
2017-11-26,10000042,19660,1001.02,1001.02,1001.02,2,1
2017-11-26,10000042,19719,30000000,30000000,30000000,10,7
2017-11-26,10000042,19739,3572221.6,3200000,3899999,18,3
2017-11-26,10000042,19744,1139000,1095000,1150000,5,4
2017-11-26,10000042,19759,220021.78,200000,579995.99,9,9
2017-11-26,10000042,19760,195019.13,160000,599993,8,8
2017-11-26,10000042,19761,1000000,1000000,1000000,7,7
2017-11-26,10000042,19766,1072750,800000,2981999.99,8,8
2017-11-26,10000042,19767,400000,400000,400000,7,7
2017-11-26,10000042,19806,1166659.65,800006.13,1184990.97,12,11
2017-11-26,10000042,19810,29154.07,113.07,54843.5,24,21
2017-11-26,10000042,19812,2237.66,4.99,20099,9,8
2017-11-26,10000042,19814,197945.07,1262,559975.07,23,17
2017-11-26,10000042,19921,106148.13,90000,211110.95,15,15
2017-11-26,10000042,19922,924999.71,600000,1999998.84,8,8
2017-11-26,10000042,19923,2903.09,2903.09,2903.09,4,4
2017-11-26,10000042,19925,124376.09,2503.31,294997.99,12,7
2017-11-26,10000042,19927,70645.01,12103.01,217000,7,6
2017-11-26,10000042,19929,29377.73,5001.33,89999.97,13,8
2017-11-26,10000042,19931,3001.01,3001.01,3001.01,5,4
2017-11-26,10000042,19935,119868.84,516.06,298898,5,3
2017-11-26,10000042,19937,50888.14,1777.28,99999,4,3
2017-11-26,10000042,19939,5.01,5.01,5.01,5,3
2017-11-26,10000042,19942,5,5,5,4,3
2017-11-26,10000042,19944,35666.79,1002.36,52999,6,4
2017-11-26,10000042,19946,35199.99,1300,87999.97,6,5
2017-11-26,10000042,19948,876.02,876.02,876.02,11,8
2017-11-26,10000042,19950,30944.87,1001.16,69990,14,9
2017-11-26,10000042,19952,462.34,462.34,462.34,16,8
2017-11-26,10000042,19972,6.01,6.01,6.01,3126,6
2017-11-26,10000042,19974,39.01,39.01,39.01,3000,3
2017-11-26,10000042,19976,19.99,19.99,19.99,1000,1
2017-11-26,10000042,20043,100,100,100,1000,1
2017-11-26,10000042,20110,501000.01,501000,501000.01,5,3
2017-11-26,10000042,20114,3500.05,3500.04,3500.05,22,2
2017-11-26,10000042,20115,10000,10000,10000,48,1
2017-11-26,10000042,20121,139999993,139999993,139999993,1,1
2017-11-26,10000042,20125,1065020036.5,269999959.99,1860040113.01,2,2
2017-11-26,10000042,20171,77001,77001,79001,176,8
2017-11-26,10000042,20172,52153.02,38025,79001.06,29,4
2017-11-26,10000042,20183,1177210210,1125000000,1229420420,2,2
2017-11-26,10000042,20189,1228000000,1228000000,1228000000,1,1
2017-11-26,10000042,20190,1850000000,1850000000,1850000000,2,2
2017-11-26,10000042,20199,39995000,39995000,39995000,1,1
2017-11-26,10000042,20209,1000000,1000000,1000000,4,4
2017-11-26,10000042,20210,1230384.61,1000000,3994999.99,13,9
2017-11-26,10000042,20211,3070833.02,3000000,6999998.24,12,12
2017-11-26,10000042,20212,9000000,9000000,9000000,3,3
2017-11-26,10000042,20213,9000000,9000000,9000000,4,4
2017-11-26,10000042,20306,94.99,94.99,94.99,11408,4
2017-11-26,10000042,20307,135,135,135,12996,4
2017-11-26,10000042,20308,208.9,208.9,208.9,7000,2
2017-11-26,10000042,20312,500000,500000,500000,11,11
2017-11-26,10000042,20314,80952.38,60000,499999.99,21,21
2017-11-26,10000042,20315,1000000,1000000,1000000,12,12
2017-11-26,10000042,20342,50000000,50000000,50000000,5,5
2017-11-26,10000042,20345,339981.5,339980,339983,2,2
2017-11-26,10000042,20347,618140.9,506643.56,649997,9,8
2017-11-26,10000042,20349,748332,385000,929998,3,3
2017-11-26,10000042,20351,1574999,1574999,1574999,2,2
2017-11-26,10000042,20353,3044353.12,355102,3699998.99,15,12
2017-11-26,10000042,20410,88967.96,60775,99999.99,64,6
2017-11-26,10000042,20411,140025,140025,140025.01,31,3
2017-11-26,10000042,20412,81126,81126,81126,2,1
2017-11-26,10000042,20413,160576.44,150000.17,198000.17,59,2
2017-11-26,10000042,20414,113005.53,113004.15,113007.12,49,6
2017-11-26,10000042,20415,76363.16,68050.04,99036,45,9
2017-11-26,10000042,20416,179900,141100.09,210000,261,20
2017-11-26,10000042,20417,66502,66502,66502.01,23,3
2017-11-26,10000042,20418,97025.03,97025.02,110000.05,1012,8
2017-11-26,10000042,20419,150003.68,150000.02,150009.07,47,5
2017-11-26,10000042,20420,82826.2,82025.5,94999,81,9
2017-11-26,10000042,20421,22442.07,21125,23125,41,2
2017-11-26,10000042,20423,62150.08,62150.08,62150.08,162,9
2017-11-26,10000042,20424,28999.99,28999.99,28999.99,539,14
2017-11-26,10000042,20455,37692954,37692954,37692954,3,1
2017-11-26,10000042,20494,100000,100000,100000,4,3
2017-11-26,10000042,20499,89999999.98,89999999.98,89999999.98,1,1
2017-11-26,10000042,20501,129999996,129999996,129999996,2,2
2017-11-26,10000042,20503,299999952,299999952,299999952,1,1
2017-11-26,10000042,20505,499999983.48,499999982.98,499999983.97,2,2
2017-11-26,10000042,20507,149999995,149999995,149999995,1,1
2017-11-26,10000042,20524,100998999.91,100998999.91,100998999.91,1,1
2017-11-26,10000042,20528,75000000,75000000,75000000,14,6
2017-11-26,10000042,20532,100000000,100000000,100000000,7,4
2017-11-26,10000042,20533,400000000,400000000,400000000,7,7
2017-11-26,10000042,20557,24999698.91,24999698.91,24999698.91,1,1
2017-11-26,10000042,20591,19253324.24,18133462.09,19999899,5,2
2017-11-26,10000042,20733,5984.87,5984.87,5984.87,330,1
2017-11-26,10000042,20735,5984.63,5984.63,5984.63,200,1
2017-11-26,10000042,20753,74.63,0.27,148.99,2000,2
2017-11-26,10000042,20755,997,997,997,500,1
2017-11-26,10000042,20759,1975,1975,1975,250,1
2017-11-26,10000042,21010,1253962000,1253962000,1253962000,3,1
2017-11-26,10000042,21028,833702400,833702400,833702400,1,1
2017-11-26,10000042,21037,7195000,7195000,7195000,2,1
2017-11-26,10000042,21059,120000,120000,120000,21,21
2017-11-26,10000042,21071,77950,40000,799999.99,20,20
2017-11-26,10000042,21086,1001.81,1001.81,1001.81,2,2
2017-11-26,10000042,21096,2187636.26,1982999.85,3500000.02,22,20
2017-11-26,10000042,21470,65000000,65000000,65000000,1,1
2017-11-26,10000042,21570,50000.47,50000.47,50000.47,1,1
2017-11-26,10000042,21571,9500.18,9500.18,9500.18,2,2
2017-11-26,10000042,21572,11500.01,11500.01,11500.01,2,1
2017-11-26,10000042,21584,252.02,252.02,252.02,5,3
2017-11-26,10000042,21585,1500.05,1500.05,1500.05,3,2
2017-11-26,10000042,21587,0.3,0.3,0.3,250,5
2017-11-26,10000042,21588,1.01,1.01,1.01,328,3
2017-11-26,10000042,21589,0.22,0.22,0.22,246,3
2017-11-26,10000042,21590,10,10,10,73,2
2017-11-26,10000042,21591,1.41,1.41,1.41,37,1
2017-11-26,10000042,21592,52.08,52.08,52.08,2040,20
2017-11-26,10000042,21593,51,51,51,1176,16
2017-11-26,10000042,21594,51.01,51.01,51.01,818,7
2017-11-26,10000042,21595,25.02,25.02,25.02,201,4
2017-11-26,10000042,21596,176.03,176.03,176.03,169,4
2017-11-26,10000042,21603,10000000,10000000,10000000,3,3
2017-11-26,10000042,21610,20000000,20000000,20000000,2,2
2017-11-26,10000042,21611,30000000,30000000,30000000,4,4
2017-11-26,10000042,21638,1012753.31,977883.83,1299999,28,10
2017-11-26,10000042,21640,958654.84,941989.03,1000000,95,25
2017-11-26,10000042,21668,15000000,15000000,15000000,1,1
2017-11-26,10000042,21718,100000,100000,100000,3,3
2017-11-26,10000042,21721,31000.24,31000.24,31000.24,1,1
2017-11-26,10000042,21731,8501.56,1,17002.11,2,2
2017-11-26,10000042,21740,1272.21,1272.21,1272.21,5077,6
2017-11-26,10000042,21789,849494.49,848989,849999.98,2,2
2017-11-26,10000042,21790,215384.54,215384.54,215384.54,1,1
2017-11-26,10000042,21791,63692.86,51039.29,89000,3,3
2017-11-26,10000042,21802,25000000,25000000,25000000,3,3
2017-11-26,10000042,21803,17500000,17500000,17500000,1,1
2017-11-26,10000042,21815,7349726.55,7184036.46,8000000,24,9
2017-11-26,10000042,21853,9950,9900,9999.99,2,2
2017-11-26,10000042,21855,1242.71,1200,1250,48,3
2017-11-26,10000042,21857,34784.36,101,70000,26,21
2017-11-26,10000042,21867,34.1,34.1,34.1,27000,3
2017-11-26,10000042,21868,600000,600000,600000,1,1
2017-11-26,10000042,21888,49500000,49500000,49500000,1,1
2017-11-26,10000042,21890,48500000,48500000,48500000,1,1
2017-11-26,10000042,21894,956.57,956.57,956.57,11608,2
2017-11-26,10000042,21896,747.78,747.78,747.78,64090,14
2017-11-26,10000042,21898,549.65,549.65,549.65,72738,46
2017-11-26,10000042,21902,1109.83,1109.83,1109.83,26312,6
2017-11-26,10000042,21904,888.6,888.6,888.6,67670,14
2017-11-26,10000042,21906,500,500,500,35147,15
2017-11-26,10000042,21914,778.73,778.73,778.73,5000,1
2017-11-26,10000042,21918,1339.96,1339.96,1339.96,54632,10
2017-11-26,10000042,21922,881.96,881.96,881.96,1000,1
2017-11-26,10000042,21924,592.99,592.99,592.99,41152,22
2017-11-26,10000042,21931,796.65,796.65,796.65,500,1
2017-11-26,10000042,21937,1447.08,1447.08,1447.08,3000,1
2017-11-26,10000042,21939,721.55,721.55,721.55,11583,2
2017-11-26,10000042,22043,25000000,25000000,25000000,3,3
2017-11-26,10000042,22107,33999932.3,33999898.46,34000000,3,3
2017-11-26,10000042,22108,59999999.99,59999999.98,59999999.99,2,2
2017-11-26,10000042,22109,299499999.51,299000000.01,299999999,2,2
2017-11-26,10000042,22110,317999998.99,317999998,317999999.98,2,2
2017-11-26,10000042,22111,90333333.33,90000000,90999999.99,3,3
2017-11-26,10000042,22112,498000000,498000000,498000000,1,1
2017-11-26,10000042,22117,14944990,14944990,14944990,1,1
2017-11-26,10000042,22175,49365.72,48994.99,70000,79,59
2017-11-26,10000042,22176,332640,332640,332640,1,1
2017-11-26,10000042,22177,64099.39,60780,75300,73,52
2017-11-26,10000042,22178,332640,332640,332640,1,1
2017-11-26,10000042,22229,4265333.37,3275000.27,4447999.99,12,6
2017-11-26,10000042,22242,75000000,75000000,75000000,1,1
2017-11-26,10000042,22291,1697295.94,1200000,2218982.65,93,50
2017-11-26,10000042,22440,1125000000,1125000000,1125000000,1,1
2017-11-26,10000042,22456,80146666.33,80000000,80439999,3,3
2017-11-26,10000042,22468,448800000,448800000,448800000,1,1
2017-11-26,10000042,22534,26358909.47,26358909.47,26358909.47,1,1
2017-11-26,10000042,22535,137070222.02,102000000,172140444.04,2,2
2017-11-26,10000042,22536,387955.16,369887.92,399999.98,5,5
2017-11-26,10000042,22541,9093750,9000000,9750000,8,8
2017-11-26,10000042,22542,33047.7,8505.26,59900,60,46
2017-11-26,10000042,22543,250000,250000,250000,1,1
2017-11-26,10000042,22544,383781412.68,361878027.78,415000000,7,7
2017-11-26,10000042,22546,312908927.3,287100664.29,347316865.99,7,7
2017-11-26,10000042,22548,268341860.63,238686686.68,359999999.5,9,9
2017-11-26,10000042,22551,28000000,28000000,28000000,5,5
2017-11-26,10000042,22552,2414814.28,2399999.74,2488886.99,6,6
2017-11-26,10000042,22559,69999989.96,69999989.96,69999989.96,2,2
2017-11-26,10000042,22570,14200000,14200000,14200000,1,1
2017-11-26,10000042,22571,140497815.76,140497805.75,140497825.77,2,2
2017-11-26,10000042,22576,53571.29,45000,60000,7,4
2017-11-26,10000042,22578,80888.89,80000,92000,54,54
2017-11-26,10000042,22611,28499870.99,28499870.99,28499870.99,1,1
2017-11-26,10000042,22761,32000000,32000000,32000000,2,2
2017-11-26,10000042,22778,183917.79,183917.79,183917.79,150,3
2017-11-26,10000042,22782,2500000.01,2500000.01,2500000.01,3,3
2017-11-26,10000042,22806,120000,120000,120000,14,14
2017-11-26,10000042,22807,120000,120000,120000,15,15
2017-11-26,10000042,22808,120000,120000,120000,14,14
2017-11-26,10000042,22809,120000,120000,120000,14,14
2017-11-26,10000042,22853,19000000000,19000000000,19000000000,1,1
2017-11-26,10000042,22961,484.6,484.6,484.6,2853,2
2017-11-26,10000042,22993,1299.96,1299.96,1299.96,5000,2
2017-11-26,10000042,23009,609.35,609.32,609.35,24205,17
2017-11-26,10000042,23025,773.8,768.98,773.81,54548,19
2017-11-26,10000042,23035,385,385,385,2000,1
2017-11-26,10000042,23043,44,44,44,3732,2
2017-11-26,10000042,23047,1216.55,1216.55,1216.55,2020,3
2017-11-26,10000042,23055,1200001.27,1200001.27,1200001.27,8,1
2017-11-26,10000042,23062,200013400,200013400,200013400,1,1
2017-11-26,10000042,23069,50000000,50000000,50000000,2,2
2017-11-26,10000042,23071,419998.18,419998,419998.85,40,10
2017-11-26,10000042,23075,758990.55,758990.55,758990.55,15,1
2017-11-26,10000042,23077,569999.41,569999.41,569999.41,15,1
2017-11-26,10000042,23079,699990,699990,699990,9,3
2017-11-26,10000042,23087,7250,1000.02,8999.99,4,4
2017-11-26,10000042,23089,737942.79,730000,739899,15,5
2017-11-26,10000042,23103,31000,31000,31000,5,1
2017-11-26,10000042,23105,1199999.49,1199999.49,1199999.49,10,1
2017-11-26,10000042,23107,1143696.55,1143696.55,1143696.55,16,2
2017-11-26,10000042,23117,1339889.92,1339889.9,1339889.93,21,4
2017-11-26,10000042,23121,204999.59,10000.17,399999,2,2
2017-11-26,10000042,23124,176124.98,150000.01,189999.96,8,5
2017-11-26,10000042,23130,392500,392500,392500,1,1
2017-11-26,10000042,23134,7877999.6,7794999.5,9000000,5,4
2017-11-26,10000042,23139,90000.01,90000.01,90000.01,1,1
2017-11-26,10000042,23142,9455.77,9455.77,9455.77,1,1
2017-11-26,10000042,23147,15000.01,15000.01,15000.01,2,2
2017-11-26,10000042,23158,2.11,2.11,2.11,147,3
2017-11-26,10000042,23159,42.01,42.01,42.01,467,5
2017-11-26,10000042,23160,1.41,1.41,1.41,38,1
2017-11-26,10000042,23161,52.01,52.01,52.01,68,2
2017-11-26,10000042,23162,22.01,22.01,22.01,84,2
2017-11-26,10000042,23163,29.01,29.01,29.01,226,5
2017-11-26,10000042,23164,1.5,1.5,1.5,230,3
2017-11-26,10000042,23165,1.5,1.5,1.5,111,2
2017-11-26,10000042,23166,27.01,27.01,27.01,19,1
2017-11-26,10000042,23167,1.61,1.61,1.61,39,1
2017-11-26,10000042,23174,4900000,4900000,4900000,1,1
2017-11-26,10000042,23418,123999999.34,123999999.34,123999999.34,1,1
2017-11-26,10000042,23473,474999.99,474999.99,474999.99,5,1
2017-11-26,10000042,23523,579458.13,579458.13,579458.13,10,1
2017-11-26,10000042,23525,244441.92,244441.92,244441.92,4,1
2017-11-26,10000042,23527,433897.31,102336.59,440999.89,26,19
2017-11-26,10000042,23533,186247.2,186247.2,186247.2,1,1
2017-11-26,10000042,23559,269999.99,269999.99,269999.99,21,3
2017-11-26,10000042,23561,176394.91,176394.91,176394.91,5,1
2017-11-26,10000042,23563,320889.75,210011.99,499999.99,34,4
2017-11-26,10000042,23566,444444.36,400000,599999.62,9,9
2017-11-26,10000042,23594,450000,450000,450000,5,5
2017-11-26,10000042,23606,162499.97,150000,299999.68,12,12
2017-11-26,10000042,23618,50000,50000,50000,14,14
2017-11-26,10000042,23705,67277.65,51511.23,69996,34,7
2017-11-26,10000042,23707,8974.8,8974.8,8974.8,116,23
2017-11-26,10000042,23709,274999.93,274999.93,274999.93,4,1
2017-11-26,10000042,23711,6590.71,1777,6800,24,7
2017-11-26,10000042,23717,58870.19,58750,60000,52,2
2017-11-26,10000042,23719,3076.88,1777.73,5999.98,13,2
2017-11-26,10000042,23727,4996,4996,4996,2,1
2017-11-26,10000042,23731,100,100,100,5,1
2017-11-26,10000042,23803,95999999.99,95999999.98,95999999.99,2,2
2017-11-26,10000042,23821,50000000,50000000,50000000,1,1
2017-11-26,10000042,23848,55000000,55000000,55000000,3,1
2017-11-26,10000042,23950,64000000,64000000,64000000,1,1
2017-11-26,10000042,24241,53062.5,50000,98999.93,32,32
2017-11-26,10000042,24242,1301722.22,1000000,3715500,18,18
2017-11-26,10000042,24268,7500000,7500000,7500000,4,4
2017-11-26,10000042,24270,7500000,7500000,7500000,1,1
2017-11-26,10000042,24311,500000000,500000000,500000000,1,1
2017-11-26,10000042,24313,500000000,500000000,500000000,4,3
2017-11-26,10000042,24314,500000000,500000000,500000000,1,1
2017-11-26,10000042,24348,1296039.06,1200008.67,1538888.89,31,19
2017-11-26,10000042,24349,90000,90000,90000,1,1
2017-11-26,10000042,24395,274958.86,15335.55,379999.95,8,6
2017-11-26,10000042,24417,1584722.69,759986.71,1749669.89,6,5
2017-11-26,10000042,24427,2263613.92,2199971.15,2899999,22,16
2017-11-26,10000042,24438,1420999.31,350004.11,1539999,10,7
2017-11-26,10000042,24443,924699.97,434002.25,1134998.99,10,9
2017-11-26,10000042,24445,299265.93,298999,300200.2,9,5
2017-11-26,10000042,24471,13.16,13.16,13.16,8006,6
2017-11-26,10000042,24473,66.74,66.74,66.74,8712,5
2017-11-26,10000042,24475,65.75,65.75,65.75,31450,6
2017-11-26,10000042,24477,249.53,249.53,249.53,3500,1
2017-11-26,10000042,24479,119.56,119.56,119.56,2000,1
2017-11-26,10000042,24484,1150000000,1150000000,1150000000,1,1
2017-11-26,10000042,24486,112.11,112.11,112.11,39440,6
2017-11-26,10000042,24488,249.99,249.99,249.99,44419,4
2017-11-26,10000042,24490,370.94,370.94,370.94,32620,4
2017-11-26,10000042,24492,35.33,35.33,35.33,25102,6
2017-11-26,10000042,24493,207.2,207.2,207.2,21004,3
2017-11-26,10000042,24494,124.17,124.17,124.17,6558,2
2017-11-26,10000042,24495,549.09,549.09,549.09,61222,12
2017-11-26,10000042,24497,126.39,126.39,126.39,7424,7
2017-11-26,10000042,24499,199.93,199.93,199.93,13159,9
2017-11-26,10000042,24501,499.91,499.91,499.91,7000,2
2017-11-26,10000042,24505,197.68,197.68,197.68,9300,2
2017-11-26,10000042,24509,675,675,675,14490,8
2017-11-26,10000042,24513,898.83,898.83,898.83,72822,7
2017-11-26,10000042,24517,955.95,955.95,955.95,7000,1
2017-11-26,10000042,24519,1899.98,1899.98,1899.98,1950,1
2017-11-26,10000042,24521,2893.02,2893.02,2893.02,4000,2
2017-11-26,10000042,24523,2500,2500,2500,120,1
2017-11-26,10000042,24525,1799.93,1799.93,1799.93,14060,1
2017-11-26,10000042,24531,900,900,900,11472,2
2017-11-26,10000042,24533,792.47,792.47,792.47,37000,6
2017-11-26,10000042,24535,799.91,799.91,799.91,20118,9
2017-11-26,10000042,24539,699.97,699.97,699.97,500,1
2017-11-26,10000042,24541,699,699,699,29630,7
2017-11-26,10000042,24562,50000000,50000000,50000000,2,2
2017-11-26,10000042,24568,10000000,10000000,10000000,2,2
2017-11-26,10000042,24571,10000000,10000000,10000000,5,5
2017-11-26,10000042,24572,10000000,10000000,10000000,1,1
2017-11-26,10000042,24574,120000000,120000000,120000000,1,1
2017-11-26,10000042,24595,200.02,200.02,200.02,300,2
2017-11-26,10000042,24606,125000000,125000000,125000000,1,1
2017-11-26,10000042,24613,15000000,15000000,15000000,2,2
2017-11-26,10000042,24624,20000000,20000000,20000000,1,1
2017-11-26,10000042,24625,16400101.2,2000505.99,20000000,5,5
2017-11-26,10000042,24638,227069046,227069046,227069046,1,1
2017-11-26,10000042,24653,99999999.91,99999999.91,99999999.91,1,1
2017-11-26,10000042,24654,130000000,130000000,130000000,1,1
2017-11-26,10000042,24663,51500002.5,51000000,52000004.99,2,2
2017-11-26,10000042,24690,186999998,186999998,186999998,1,1
2017-11-26,10000042,24692,186191790.87,186191790.87,186191790.87,1,1
2017-11-26,10000042,24694,168949827.85,168949827.85,168949827.85,1,1
2017-11-26,10000042,24698,44826499.91,42079594.5,46199952.62,6,6
2017-11-26,10000042,24702,43788766.73,39212500.03,44444439,11,11
2017-11-26,10000042,24764,22999995,20000000,25999989.99,2,2
2017-11-26,10000042,25233,150000,150000,150000,12,4
2017-11-26,10000042,25235,150000,150000,150000,13,5
2017-11-26,10000042,25266,1921999.71,920000.03,2299999,23,14
2017-11-26,10000042,25267,16500000,16500000,16500000,1,1
2017-11-26,10000042,25530,70000000,70000000,70000000,1,1
2017-11-26,10000042,25538,170000000,170000000,170000000,1,1
2017-11-26,10000042,25544,24049061.45,24000000,25349189.99,55,7
2017-11-26,10000042,25563,1889126.8,130522,2048999.97,24,4
2017-11-26,10000042,25565,31619.22,2702.03,74995,5,3
2017-11-26,10000042,25569,21184.34,1777,59999.01,6,3
2017-11-26,10000042,25571,1777,1777,1777,4,1
2017-11-26,10000042,25588,11000,8000,13901,712,46
2017-11-26,10000042,25589,4400,4400,4400,1193,102
2017-11-26,10000042,25590,112000.01,112000,115237.6,1578,135
2017-11-26,10000042,25591,238000,238000,238000,747,66
2017-11-26,10000042,25592,12700.02,12700,12700.02,570,45
2017-11-26,10000042,25593,8000.01,8000,8000.03,3633,174
2017-11-26,10000042,25594,59119.98,59119.98,59119.98,532,38
2017-11-26,10000042,25595,18700,18700,18700,2971,128
2017-11-26,10000042,25596,34100,34100,34100,972,72
2017-11-26,10000042,25597,3500,3400.01,3500.01,3204,72
2017-11-26,10000042,25598,10500,10500,10500,6820,158
2017-11-26,10000042,25599,1112.69,1112.69,1112.69,7996,162
2017-11-26,10000042,25600,29200,29200,29200,9666,175
2017-11-26,10000042,25601,4000,3900.02,4000.01,5055,159
2017-11-26,10000042,25602,11000,11000,11000,2924,51
2017-11-26,10000042,25603,42000,42000,42000,255,24
2017-11-26,10000042,25604,11400.01,11400.01,11400.01,331,47
2017-11-26,10000042,25605,47000.05,45000,47000.09,887,108
2017-11-26,10000042,25606,80000,80000,80000,975,22
2017-11-26,10000042,25607,79999.99,79999.99,79999.99,169,10
2017-11-26,10000042,25608,614051.44,575390.92,627899.99,91,8
2017-11-26,10000042,25609,331994.58,331994.58,331994.59,17,2
2017-11-26,10000042,25610,400000,400000,400000,175,2
2017-11-26,10000042,25611,30000,30000,30000,25,3
2017-11-26,10000042,25612,900042.05,900042.01,1010041.03,161,13
2017-11-26,10000042,25613,756318.5,756318.5,756318.5,31,3
2017-11-26,10000042,25614,583943.44,583943.44,583943.44,152,12
2017-11-26,10000042,25615,3205099.2,3205099,3205099.33,11,3
2017-11-26,10000042,25616,5556.01,5556,5556.02,120,15
2017-11-26,10000042,25617,431866.92,431866.92,431866.92,324,25
2017-11-26,10000042,25618,12415,11215.66,18684.48,500,31
2017-11-26,10000042,25619,725800.01,725800,730001,349,26
2017-11-26,10000042,25620,41007.44,41007.44,41007.44,416,25
2017-11-26,10000042,25621,995866.26,901866.29,1000000,143,13
2017-11-26,10000042,25622,567309.79,126090,647099,33,5
2017-11-26,10000042,25623,30009.24,30009.24,30009.24,11,2
2017-11-26,10000042,25624,4234532.07,3650201,4310702.44,26,5
2017-11-26,10000042,25625,2798087.19,2720501.22,3200000,54,8
2017-11-26,10000042,25707,200803.16,121009.46,225961.95,33,12
2017-11-26,10000042,25709,1701.23,5,1801.01,18,8
2017-11-26,10000042,25711,1777,1777,1777,13,5
2017-11-26,10000042,25713,33740,2500.08,39987.98,6,2
2017-11-26,10000042,25715,2023989.26,2023985.99,2023997.98,33,8
2017-11-26,10000042,25718,3000000,2999999.99,3000000,6,6
2017-11-26,10000042,25719,291805.4,100000,2593470.25,13,13
2017-11-26,10000042,25739,756149.31,450000,1980746.57,5,5
2017-11-26,10000042,25810,462500,450000,550000,8,8
2017-11-26,10000042,25811,650000,450000,1250000,4,4
2017-11-26,10000042,25812,4999997.98,4999997.98,4999997.98,2,1
2017-11-26,10000042,25861,54999.99,54500,55085.31,148,83
2017-11-26,10000042,25862,332640,332640,332640,2,2
2017-11-26,10000042,25863,1000000,1000000,1000000,3,3
2017-11-26,10000042,25887,88988,88988,88988,115,2
2017-11-26,10000042,25888,13990105.6,13990105.6,13990105.6,5,5
2017-11-26,10000042,25890,13990924,13990924,13990924,2,2
2017-11-26,10000042,25892,11950929,11950929,11950929,1,1
2017-11-26,10000042,25894,10165359.01,2362013.03,13199989.99,25,12
2017-11-26,10000042,25896,17990130.2,17990130.2,17990130.2,7,5
2017-11-26,10000042,25918,13990822.98,13990822.98,13990822.98,1,1
2017-11-26,10000042,25919,1250000,1250000,1250000,1,1
2017-11-26,10000042,25920,12863646,12800000,12990937.99,3,2
2017-11-26,10000042,25948,5205200,5150000,5288000,5,4
2017-11-26,10000042,25950,6690417,6690417,6690417,1,1
2017-11-26,10000042,25956,15490145,15490144.99,15490145,4,4
2017-11-26,10000042,25957,1250000,1250000,1250000,1,1
2017-11-26,10000042,26020,7290000,7290000,7290000,3,2
2017-11-26,10000042,26030,6929000,6929000,6929000,1,1
2017-11-26,10000042,26068,7880484,7880484,7880484,4,3
2017-11-26,10000042,26070,3729000,3729000,3729000,2,1
2017-11-26,10000042,26076,1890106.96,1890106.96,1890106.96,2,2
2017-11-26,10000042,26084,9990000,9990000,9990000,3,1
2017-11-26,10000042,26086,8890714,8890714,8890714,1,1
2017-11-26,10000042,26088,8650000,8650000,8650000,3,1
2017-11-26,10000042,26089,1250000,1250000,1250000,1,1
2017-11-26,10000042,26101,1250000,1250000,1250000,1,1
2017-11-26,10000042,26106,1799999.87,1799999.87,1799999.87,1,1
2017-11-26,10000042,26224,42000000,42000000,42000000,1,1
2017-11-26,10000042,26252,52962.1,20560.5,60000,20,20
2017-11-26,10000042,26253,100000,100000,100000,4,4
2017-11-26,10000042,26254,11457.43,11000,20000,33,11
2017-11-26,10000042,26255,99545.45,95000,100000,11,11
2017-11-26,10000042,26256,111110.77,100000,199996.92,9,9
2017-11-26,10000042,26257,91250,65000,100000,8,8
2017-11-26,10000042,26258,100000,100000,100000,2,2
2017-11-26,10000042,26259,100000,100000,100000,3,3
2017-11-26,10000042,26260,100000,100000,100000,8,8
2017-11-26,10000042,26261,100000,100000,100000,10,10
2017-11-26,10000042,26328,199999168.83,199999165.49,199999175.5,6,4
2017-11-26,10000042,26364,47000000,47000000,47000000,1,1
2017-11-26,10000042,26368,66322969.97,66322969.97,66322969.97,1,1
2017-11-26,10000042,26370,113979989.99,113979989.99,113979989.99,1,1
2017-11-26,10000042,26374,40992988.98,40992988.98,40992988.98,1,1
2017-11-26,10000042,26402,25000000,25000000,25000000,5,1
2017-11-26,10000042,26414,49999995,49999989.99,50000000,2,2
2017-11-26,10000042,26430,49997667.17,49997667.17,49997667.17,1,1
2017-11-26,10000042,26436,17198479.98,17197989.99,17198969.97,2,2
2017-11-26,10000042,26442,15690998.99,15690998.99,15690998.99,1,1
2017-11-26,10000042,26448,89998733.98,89998728.97,89998738.98,2,2
2017-11-26,10000042,26450,94993989.98,94993989.98,94993989.98,2,2
2017-11-26,10000042,26759,300000,300000,300000,2,2
2017-11-26,10000042,26760,600000,600000,600000,1,1
2017-11-26,10000042,26761,600000,600000,600000,1,1
2017-11-26,10000042,26762,600000,600000,600000,1,1
2017-11-26,10000042,26912,111125,111125,111125,2,1
2017-11-26,10000042,26913,2599999,2599999,2599999,6,2
2017-11-26,10000042,26914,1015000,20000.01,3999999.98,4,2
2017-11-26,10000042,26929,130926.56,129988.71,160000,32,22
2017-11-26,10000042,26930,125000,125000,125000,1,1
2017-11-26,10000042,26931,4795321.54,4793949.99,4795998.99,9,8
2017-11-26,10000042,27015,20004.2,20000,20022.64,70,70
2017-11-26,10000042,27068,409998.96,409998.96,409998.96,1,1
2017-11-26,10000042,27081,2599989.99,2599989.99,2599989.99,1,1
2017-11-26,10000042,27108,22000000,22000000,22000000,1,1
2017-11-26,10000042,27127,1499999.99,1499999.99,1499999.99,1,1
2017-11-26,10000042,27143,1028339.68,1028009.75,1028999.53,3,3
2017-11-26,10000042,27174,219999799.82,219999799.82,219999799.82,1,1
2017-11-26,10000042,27186,43767272.67,42500000,44400909,3,3
2017-11-26,10000042,27187,47999999.69,47999999.69,47999999.69,1,1
2017-11-26,10000042,27188,34699888.18,34699881.51,34699891.52,3,3
2017-11-26,10000042,27197,33999881.77,33999881.77,33999881.77,2,2
2017-11-26,10000042,27231,1670000,1670000,1670000,1,1
2017-11-26,10000042,27260,39999346.53,39999341.74,39999351.31,2,2
2017-11-26,10000042,27315,1048.21,1048.21,1048.21,3000,1
2017-11-26,10000042,27321,1138.99,1138.99,1138.99,30631,13
2017-11-26,10000042,27325,299.98,299.98,299.98,250,1
2017-11-26,10000042,27327,1761.9,1761.9,1761.9,9830,5
2017-11-26,10000042,27333,1958.61,1958.61,1958.61,10922,10
2017-11-26,10000042,27339,2592.04,2592.04,2592.04,1888,4
2017-11-26,10000042,27345,3179.99,3179.99,3179.99,5600,3
2017-11-26,10000042,27351,2829.99,2829.99,2829.99,200,1
2017-11-26,10000042,27353,1199.91,1199.91,1199.91,1000,1
2017-11-26,10000042,27357,1999.99,1999.99,1999.99,4716,3
2017-11-26,10000042,27359,2529.96,2529.96,2529.96,1591,5
2017-11-26,10000042,27361,1153.21,1153.21,1153.21,37265,19
2017-11-26,10000042,27367,1099.99,1099.99,1099.99,2300,3
2017-11-26,10000042,27371,1319.92,1319.92,1319.92,37035,17
2017-11-26,10000042,27377,1999.06,1999.06,1999.06,6000,1
2017-11-26,10000042,27379,698.99,698.99,698.99,1500,2
2017-11-26,10000042,27381,1987.42,1987.42,1987.42,17777,11
2017-11-26,10000042,27383,599.98,599.98,599.98,1000,1
2017-11-26,10000042,27387,1110.98,1110.98,1110.98,19090,9
2017-11-26,10000042,27395,1798.97,1798.97,1798.97,6100,2
2017-11-26,10000042,27405,1323.97,1323.97,1323.97,12431,3
2017-11-26,10000042,27413,2122.73,2122.73,2122.73,34937,7
2017-11-26,10000042,27419,2299,2299,2299,4500,4
2017-11-26,10000042,27423,1031.58,1031.58,1031.58,100,1
2017-11-26,10000042,27435,2079.77,2079.77,2079.77,18000,3
2017-11-26,10000042,27441,1419.13,1419.13,1419.13,31001,10
2017-11-26,10000042,27447,2184,2184,2184,11992,9
2017-11-26,10000042,27453,1500,1500,1500,8700,3
2017-11-26,10000042,27902,100000,100000,100000,11,11
2017-11-26,10000042,27906,25000000,25000000,25000000,1,1
2017-11-26,10000042,27911,12000000,12000000,12000000,1,1
2017-11-26,10000042,27914,1914162.18,310000.13,2448887.67,4,4
2017-11-26,10000042,27916,1794989.98,1794989.98,1794989.98,2,1
2017-11-26,10000042,27920,1749973.99,1749973.99,1749973.99,2,1
2017-11-26,10000042,27936,10000000,10000000,10000000,1,1
2017-11-26,10000042,28073,8000000,8000000,8000000,3,3
2017-11-26,10000042,28164,4997500,4500000,6490000,4,4
2017-11-26,10000042,28209,2749999.96,2749999.96,2749999.96,20,4
2017-11-26,10000042,28211,985482.78,630000.16,999998.68,31,7
2017-11-26,10000042,28213,1460000,1460000,1460000,24,3
2017-11-26,10000042,28215,1928478.61,770005.62,1929881.36,28,7
2017-11-26,10000042,28262,799990.92,799990.92,799990.92,5,1
2017-11-26,10000042,28264,59999997.99,59999997.99,59999997.99,7,2
2017-11-26,10000042,28270,1399985,1399985,1399985,4,1
2017-11-26,10000042,28274,1199998.99,1199998.99,1199998.99,5,3
2017-11-26,10000042,28278,966666.49,799999,999999.99,6,2
2017-11-26,10000042,28286,5999999.84,5999999.84,5999999.84,2,1
2017-11-26,10000042,28290,3224999.98,3224999.98,3224999.98,3,1
2017-11-26,10000042,28294,757425.49,750000,1098998,47,4
2017-11-26,10000042,28296,48622714.72,48622709.71,48622719.72,2,2
2017-11-26,10000042,28298,2499989.78,2499989.78,2499989.78,1,1
2017-11-26,10000042,28302,400000,200000.01,999999.97,20,8
2017-11-26,10000042,28306,5998999,5998999,5998999,10,1
2017-11-26,10000042,28332,1298.8,1298.8,1298.8,1500,1
2017-11-26,10000042,28334,885.45,885.45,885.45,4800,3
2017-11-26,10000042,28336,685,685,685,17161,9
2017-11-26,10000042,28361,2001,2001,2001,1606,8
2017-11-26,10000042,28362,143004.36,143004.36,143004.36,467,12
2017-11-26,10000042,28363,169000.02,169000.02,169000.02,9,1
2017-11-26,10000042,28364,18100,18100,18100,37,3
2017-11-26,10000042,28366,2458352.1,1700045.03,3000000,12,2
2017-11-26,10000042,28374,500000000,500000000,500000000,2,2
2017-11-26,10000042,28409,15291.01,15291.01,15291.01,85,1
2017-11-26,10000042,28416,8000,8000,8000,3807,4
2017-11-26,10000042,28421,5999,5733,6149.99,158998,8
2017-11-26,10000042,28422,5700.05,5700.05,5700.05,83411,5
2017-11-26,10000042,28423,6199.13,6199.13,6199.13,2943,3
2017-11-26,10000042,28427,1786,1786,1786,100,1
2017-11-26,10000042,28430,1699,1699,1699,83595,2
2017-11-26,10000042,28431,1351.01,1351.01,1351.01,1322,1
2017-11-26,10000042,28432,1190,1190,1190,2380,2
2017-11-26,10000042,28438,188001.1,188001.1,188001.1,78,1
2017-11-26,10000042,28440,730000,730000,730000,110,1
2017-11-26,10000042,28576,1096393.44,751607.01,1198867.99,96,35
2017-11-26,10000042,28578,1006592.54,979998.99,1049887.94,34,14
2017-11-26,10000042,28585,25000000,25000000,25000000,3,3
2017-11-26,10000042,28606,799834772.75,730505000,834499659.13,3,3
2017-11-26,10000042,28609,32000000,32000000,32000000,2,2
2017-11-26,10000042,28615,4000000,4000000,4000000,3,3
2017-11-26,10000042,28646,4312760.48,751073.04,5499989.72,4,4
2017-11-26,10000042,28654,3491649.99,3491649.99,3491649.99,2,2
2017-11-26,10000042,28656,67397793.99,64000000,80988969.97,5,5
2017-11-26,10000042,28665,1118408025.37,1118408025.37,1118408025.37,2,2
2017-11-26,10000042,28667,64000000,64000000,64000000,1,1
2017-11-26,10000042,28668,26999.99,26000,28498.78,12560,88
2017-11-26,10000042,28756,31869409.29,27610302.79,33998989.99,21,17
2017-11-26,10000042,28758,30885028.9,26966301.01,32497850,14,14
2017-11-26,10000042,28879,1079365.06,1000000,1555555.43,7,7
2017-11-26,10000042,28880,6353826.42,5000000,9061479.25,3,3
2017-11-26,10000042,28999,14668.92,10883.99,15000,68,26
2017-11-26,10000042,29001,17200,10000,30000,46,29
2017-11-26,10000042,29003,86998,86998,86998,1,1
2017-11-26,10000042,29005,9998.99,9998.99,9998.99,8,7
2017-11-26,10000042,29007,14614.4,13277.86,14995.98,9,7
2017-11-26,10000042,29009,22366.46,500.48,33982.76,49,21
2017-11-26,10000042,29011,12257.6,11111,14999.98,65,33
2017-11-26,10000042,29013,8431,8431,8431,16,8
2017-11-26,10000042,29015,8566,8566,8566,24,8
2017-11-26,10000042,29029,100000000,100000000,100000000,1,1
2017-11-26,10000042,29248,311029.4,200000,324999.99,34,13
2017-11-26,10000042,29266,6992000.1,6992000.1,6992000.1,1,1
2017-11-26,10000042,29336,57463640.3,40131000.59,66129960.15,3,3
2017-11-26,10000042,29337,79999999.99,79999999.99,79999999.99,1,1
2017-11-26,10000042,29613,99999999.97,99999999.97,99999999.97,1,1
2017-11-26,10000042,29637,50000000,49999999.99,50000000,6,6
2017-11-26,10000042,29984,174999838.72,174999834.44,174999843,2,2
2017-11-26,10000042,29986,249000908.99,249000908.99,249000908.99,1,1
2017-11-26,10000042,29988,146480543,146480543,146480543,1,1
2017-11-26,10000042,29990,245898699.99,245898699.99,245898699.99,1,1
2017-11-26,10000042,30013,6542.64,6540,6543.73,1984,97
2017-11-26,10000042,30014,5000000,5000000,5000000,1,1
2017-11-26,10000042,30018,3560.01,3560.01,3560.01,38,1
2017-11-26,10000042,30019,463.44,463.44,463.44,465,5
2017-11-26,10000042,30021,3589.02,3589.02,3589.02,433,4
2017-11-26,10000042,30022,20627.07,20627.07,20627.07,18,3
2017-11-26,10000042,30024,4030,4030,4030,14,3
2017-11-26,10000042,30028,89989.89,89989.89,89989.89,315,17
2017-11-26,10000042,30029,5000000,5000000,5000000,1,1
2017-11-26,10000042,30248,3119.3,3119.3,3119.3,33,3
2017-11-26,10000042,30251,501,501,501,561,3
2017-11-26,10000042,30252,6017.1,6017.1,6017.1,67,1
2017-11-26,10000042,30254,620.11,620.11,620.11,975,3
2017-11-26,10000042,30258,1017.28,1017.28,1017.28,30,2
2017-11-26,10000042,30259,755005,755005,755005,34,5
2017-11-26,10000042,30268,28021.02,28021.02,28021.02,11,2
2017-11-26,10000042,30269,23018.01,23018.01,23018.01,8,1
2017-11-26,10000042,30270,25370.01,25370.01,25370.01,21,1
2017-11-26,10000042,30271,30013.05,30013.05,30013.05,24,1
2017-11-26,10000042,30324,10000000,10000000,10000000,1,1
2017-11-26,10000042,30325,10000000,10000000,10000000,1,1
2017-11-26,10000042,30327,10000000,10000000,10000000,1,1
2017-11-26,10000042,30328,24500.02,0.03,49000,2,2
2017-11-26,10000042,30371,2100,2100,2100,1400,1
2017-11-26,10000042,30373,13600,13600,13600,1580,2
2017-11-26,10000042,30374,3557.02,3557.02,3557.02,197,1
2017-11-26,10000042,30376,12565.04,12565.04,12565.04,681,1
2017-11-26,10000042,30377,30015.22,30015.22,30015.22,2252,2
2017-11-26,10000042,30378,36011.01,36011.01,36011.01,374,1
2017-11-26,10000042,30486,509995,509995,509995,160,10
2017-11-26,10000042,30488,429997,355000.43,429997.97,1131,51
2017-11-26,10000042,30497,5011.03,5011.03,5011.03,678,7
2017-11-26,10000042,30532,6498245,5000000,10992979.98,4,4
2017-11-26,10000042,30537,5799999.75,5000000,8199998.99,4,4
2017-11-26,10000042,30538,5800000,5000000,8199999.98,4,4
2017-11-26,10000042,30539,7997742.49,5000000,10995484.99,4,4
2017-11-26,10000042,30545,5000000,5000000,5000000,2,2
2017-11-26,10000042,30547,5000000,5000000,5000000,4,4
2017-11-26,10000042,30551,5000000,5000000,5000000,3,3
2017-11-26,10000042,30554,5000000,5000000,5000000,2,2
2017-11-26,10000042,30650,1998499.99,1500000,2496999.98,4,4
2017-11-26,10000042,30651,1500000,1500000,1500000,2,2
2017-11-26,10000042,30652,1500000,1500000,1500000,2,2
2017-11-26,10000042,30653,1500000,1500000,1500000,4,4
2017-11-26,10000042,30744,200000,200000,200000,12967,49
2017-11-26,10000042,30745,500000,500000,500000,12667,48
2017-11-26,10000042,30746,1500000,1500000,1500000,6582,41
2017-11-26,10000042,30747,5000000,5000000,5000000,3675,40
2017-11-26,10000042,30788,10000000,10000000,10000000,1,1
2017-11-26,10000042,30832,1495734.75,800810.46,1709998.97,9,8
2017-11-26,10000042,30834,1525992.66,1090974.34,1699999.99,7,7
2017-11-26,10000042,30836,1113333.6,817000.65,1324999.99,24,8
2017-11-26,10000042,30987,537899.93,537000,537999.93,20,11
2017-11-26,10000042,30997,479999.85,479999.85,479999.85,2,1
2017-11-26,10000042,30999,1790000,1790000,1790000,2,2
2017-11-26,10000042,31009,609519.83,609519.82,609519.85,17,16
2017-11-26,10000042,31011,2890201,2890200.99,2890201,10,9
2017-11-26,10000042,31015,9935379.5,9935000,9935759,2,2
2017-11-26,10000042,31017,39996727.46,39996000,39996969.95,4,4
2017-11-26,10000042,31021,580529.92,580529.92,580529.92,1,1
2017-11-26,10000042,31023,2890204,2890204,2890204,2,2
2017-11-26,10000042,31027,12199155,12199155,12199155,1,1
2017-11-26,10000042,31029,39795831.94,39794799.75,39796348.04,3,3
2017-11-26,10000042,31033,439999.65,439999.65,439999.65,1,1
2017-11-26,10000042,31035,3990201,3990201,3990201,2,2
2017-11-26,10000042,31039,7534854.98,100000,14969709.95,2,2
2017-11-26,10000042,31041,20997499.45,12000000,25496249.17,3,3
2017-11-26,10000042,31045,1057545.26,978999.98,1490000,11,9
2017-11-26,10000042,31047,3260839.05,2654654,3790280.53,18,10
2017-11-26,10000042,31051,10653274.5,9999988.99,10979835,6,6
2017-11-26,10000042,31053,37555959.9,37555934.82,37555969.93,5,4
2017-11-26,10000042,31055,2242800.92,2100000,2250000,43,22
2017-11-26,10000042,31057,10895638.96,10894958.97,10895978.96,3,2
2017-11-26,10000042,31059,20655537.62,20653988.99,20659689.98,14,8
2017-11-26,10000042,31063,1290708.87,1290708.87,1290708.88,8,8
2017-11-26,10000042,31069,19993410.99,19992989.99,19993831.98,2,2
2017-11-26,10000042,31071,37096943.48,37096942.95,37096944,2,2
2017-11-26,10000042,31083,700000,500000,749999.99,13,6
2017-11-26,10000042,31085,3990273,3990273,3990273,3,1
2017-11-26,10000042,31091,37799991.66,37799979.98,37800000,6,4
2017-11-26,10000042,31105,159875.65,159875.63,159875.68,6,5
2017-11-26,10000042,31106,125000,125000,125000,1,1
2017-11-26,10000042,31107,760979.99,760979.99,760979.99,1,1
2017-11-26,10000042,31108,750000,750000,750000,2,2
2017-11-26,10000042,31113,14552452,14552452,14552452,1,1
2017-11-26,10000042,31117,189259.25,187777.76,190000,3,2
2017-11-26,10000042,31118,125000,125000,125000,1,1
2017-11-26,10000042,31119,1598067.15,1590103.94,1899999.98,31,17
2017-11-26,10000042,31120,750000,750000,750000,2,2
2017-11-26,10000042,31125,10798321.09,10796850.44,10798870.44,11,6
2017-11-26,10000042,31129,99999.98,99999.98,99999.98,1,1
2017-11-26,10000042,31130,125000,125000,125000,1,1
2017-11-26,10000042,31132,750000,750000,750000,2,2
2017-11-26,10000042,31142,125000,125000,125000,1,1
2017-11-26,10000042,31143,400000,400000,400000,40,2
2017-11-26,10000042,31144,750000,750000,750000,2,2
2017-11-26,10000042,31153,467185.4,175996.99,490229.82,26,19
2017-11-26,10000042,31154,125000,125000,125000,2,2
2017-11-26,10000042,31155,2650888,2650888,2650888.01,13,8
2017-11-26,10000042,31156,750000,750000,750000,1,1
2017-11-26,10000042,31159,590269.94,590269.93,590269.95,25,11
2017-11-26,10000042,31160,125000,125000,125000,2,2
2017-11-26,10000042,31161,1506777.5,1490111,1590109.97,36,7
2017-11-26,10000042,31162,750000,750000,750000,2,2
2017-11-26,10000042,31165,4598699.98,4598683.78,4598724.8,17,9
2017-11-26,10000042,31167,14288205.94,14284589.99,14290616.58,5,4
2017-11-26,10000042,31171,6996265.99,6996258,6996269.99,9,6
2017-11-26,10000042,31177,233000,210000,234000,18,13
2017-11-26,10000042,31178,125000,125000,125000,2,2
2017-11-26,10000042,31179,2806519.97,2300000,2890939.97,7,5
2017-11-26,10000042,31180,750000,749999.99,750000,2,2
2017-11-26,10000042,31183,4460935.91,4460935.9,4460935.94,6,4
2017-11-26,10000042,31185,11692750,11692700,11692800,2,2
2017-11-26,10000042,31189,246827,246827,246827,1,1
2017-11-26,10000042,31190,125000,125000,125000,1,1
2017-11-26,10000042,31192,750000,750000,750000,2,2
2017-11-26,10000042,31201,212444.23,210096.99,250000,17,6
2017-11-26,10000042,31202,125000,125000,125000,2,2
2017-11-26,10000042,31207,3721495.74,3721494.99,3721495.99,4,3
2017-11-26,10000042,31209,6589876,6589876,6589876,1,1
2017-11-26,10000042,31213,91173.98,89865.11,96865.13,50,32
2017-11-26,10000042,31214,125000,125000,125000,1,1
2017-11-26,10000042,31220,3957401.11,1787005.65,4499999.98,5,4
2017-11-26,10000042,31229,750000,750000,750000,1,1
2017-11-26,10000042,31238,80000.01,80000.01,80000.01,7,5
2017-11-26,10000042,31239,125000,125000,125000,1,1
2017-11-26,10000042,31244,4000000,4000000,4000000,2,2
2017-11-26,10000042,31262,799999.97,799999.97,799999.97,3,2
2017-11-26,10000042,31264,450000,450000,450000,1,1
2017-11-26,10000042,31274,199999.71,199999.71,199999.71,5,2
2017-11-26,10000042,31280,10999984.99,10999979.98,10999989.99,2,2
2017-11-26,10000042,31298,120000,120000,120000,3,3
2017-11-26,10000042,31322,238992.67,238992.67,238992.67,13,5
2017-11-26,10000042,31324,1090960,1090960,1090960,1,1
2017-11-26,10000042,31346,199998.99,199998.99,199998.99,1,1
2017-11-26,10000042,31358,596599.74,593999.84,619998.88,20,14
2017-11-26,10000042,31360,4005951.63,3295000,4189000,32,26
2017-11-26,10000042,31361,750000,750000,750000,1,1
2017-11-26,10000042,31364,9999375.99,9998979,9999772.99,8,8
2017-11-26,10000042,31366,22205199.8,22199000,22228999,5,5
2017-11-26,10000042,31370,308832.72,74321.01,319999.95,22,16
2017-11-26,10000042,31372,1520098.64,1500000,1549990,25,17
2017-11-26,10000042,31373,750000,750000,750000,1,1
2017-11-26,10000042,31374,22790000,22790000,22790000,1,1
2017-11-26,10000042,31376,5988972.31,5988968.97,5988978.98,3,3
2017-11-26,10000042,31378,8594499.99,8594499.99,8594500,14,9
2017-11-26,10000042,31382,159666.52,149999.5,179000.55,3,2
2017-11-26,10000042,31385,750000,750000,750000,1,1
2017-11-26,10000042,31397,750000,750000,750000,1,1
2017-11-26,10000042,31406,781241.49,740489.99,984998.99,6,5
2017-11-26,10000042,31408,2990200,2990200,2990200,7,6
2017-11-26,10000042,31409,750000,750000,750000,1,1
2017-11-26,10000042,31412,7799999.99,7799999.99,7799999.99,3,2
2017-11-26,10000042,31414,21999966.99,21999966.99,21999966.99,1,1
2017-11-26,10000042,31442,156249.99,156249.99,156249.99,1,1
2017-11-26,10000042,31454,100000,100000,100000,1,1
2017-11-26,10000042,31478,375452,299000,490129.99,5,2
2017-11-26,10000042,31516,2880000,2880000,2880000,1,1
2017-11-26,10000042,31526,964500,949000,980000,6,3
2017-11-26,10000042,31538,998499.99,998000,999999.97,8,5
2017-11-26,10000042,31540,4990000.26,4990000.26,4990000.26,1,1
2017-11-26,10000042,31544,2859899.83,2859899.83,2859899.83,1,1
2017-11-26,10000042,31548,49999999,49999999,49999999,12,1
2017-11-26,10000042,31562,619999.98,619999.97,619999.98,2,2
2017-11-26,10000042,31586,303428.43,303000,309998.99,7,7
2017-11-26,10000042,31587,125000,125000,125000,1,1
2017-11-26,10000042,31588,1329863.44,1329863.44,1329863.44,2,2
2017-11-26,10000042,31589,750000,750000,750000,1,1
2017-11-26,10000042,31592,4499693.3,4499693.3,4499693.3,1,1
2017-11-26,10000042,31594,14900000,14900000,14900000,1,1
2017-11-26,10000042,31598,937132,937131.99,937132,5,5
2017-11-26,10000042,31599,125000,125000,125000,1,1
2017-11-26,10000042,31600,2011555.57,1990127,2140126.99,7,4
2017-11-26,10000042,31601,750000,750000,750000,1,1
2017-11-26,10000042,31604,4910966.5,4910965,4910967,4,4
2017-11-26,10000042,31606,15399999.09,15399999.09,15399999.09,1,1
2017-11-26,10000042,31608,559866.65,559866.65,559866.65,7,5
2017-11-26,10000042,31609,125000,125000,125000,1,1
2017-11-26,10000042,31610,1813461.32,1750128,1940127.95,3,3
2017-11-26,10000042,31611,750000,750000,750000,1,1
2017-11-26,10000042,31614,7799999.99,7799999.99,7799999.99,1,1
2017-11-26,10000042,31620,369797.97,369797.97,369797.97,7,7
2017-11-26,10000042,31621,125000,125000,125000,1,1
2017-11-26,10000042,31622,2170095.01,1300000.55,2750157.99,5,3
2017-11-26,10000042,31623,750000,750000,750000,1,1
2017-11-26,10000042,31626,6092842.77,6092842.77,6092842.77,1,1
2017-11-26,10000042,31628,15621300,15621300,15621300,1,1
2017-11-26,10000042,31632,220978.97,220978.96,220978.97,5,4
2017-11-26,10000042,31633,125000,125000,125000,1,1
2017-11-26,10000042,31634,1040000.69,1040000.69,1040000.69,2,2
2017-11-26,10000042,31635,750000,750000,750000,1,1
2017-11-26,10000042,31644,267916.67,265000,270000,12,8
2017-11-26,10000042,31645,125000,125000,125000,2,2
2017-11-26,10000042,31647,750000,750000,750000,1,1
2017-11-26,10000042,31652,14399994.63,14399994.63,14399994.63,1,1
2017-11-26,10000042,31656,146999.93,146999.93,146999.93,1,1
2017-11-26,10000042,31657,125000,125000,125000,1,1
2017-11-26,10000042,31658,990420,990420,990420,1,1
2017-11-26,10000042,31659,750000,750000,750000,1,1
2017-11-26,10000042,31668,98898.24,98898.24,98898.25,9,9
2017-11-26,10000042,31669,125000,125000,125000,2,2
2017-11-26,10000042,31670,290989.99,290989.99,290989.99,3,2
2017-11-26,10000042,31671,750000,750000,750000,1,1
2017-11-26,10000042,31674,5999979.97,5999979.97,5999979.97,1,1
2017-11-26,10000042,31680,178976.65,178976.39,178976.79,14,14
2017-11-26,10000042,31681,125000,125000,125000,2,2
2017-11-26,10000042,31682,377991.48,300000.33,390990,7,6
2017-11-26,10000042,31683,750000,750000,750000,1,1
2017-11-26,10000042,31686,5099988.33,5099986.99,5099995,6,4
2017-11-26,10000042,31688,14032177.66,10100000,15998266.5,3,3
2017-11-26,10000042,31692,118518.5,95555.55,129999.97,3,2
2017-11-26,10000042,31693,125000,125000,125000,1,1
2017-11-26,10000042,31694,690470,690470,690470,1,1
2017-11-26,10000042,31695,750000,750000,750000,1,1
2017-11-26,10000042,31704,67850.97,67850.97,67850.97,2,2
2017-11-26,10000042,31705,125000,125000,125000,1,1
2017-11-26,10000042,31706,990470,990470,990470,1,1
2017-11-26,10000042,31707,750000,750000,750000,1,1
2017-11-26,10000042,31716,97274.91,89994.98,177777.77,40,32
2017-11-26,10000042,31717,125000,125000,125000,2,2
2017-11-26,10000042,31718,431169.62,279950,480319.91,32,26
2017-11-26,10000042,31719,750000,750000,750000,2,2
2017-11-26,10000042,31722,3198999,3198999,3198999,3,3
2017-11-26,10000042,31724,4306262.26,4306254.38,4306279.98,26,16
2017-11-26,10000042,31728,132136.26,119999.5,277777.77,13,8
2017-11-26,10000042,31729,125000,125000,125000,1,1
2017-11-26,10000042,31730,350000,349999.99,350000,4,4
2017-11-26,10000042,31731,750000,750000,750000,3,3
2017-11-26,10000042,31734,2499984.98,2499984.98,2499984.98,1,1
2017-11-26,10000042,31736,4399999.98,4399999.98,4399999.98,1,1
2017-11-26,10000042,31740,117999.96,117999.95,117999.98,12,8
2017-11-26,10000042,31741,125000,125000,125000,1,1
2017-11-26,10000042,31742,470754.55,470330,475000,11,9
2017-11-26,10000042,31743,750000,750000,750000,1,1
2017-11-26,10000042,31746,4999999.98,4999999.98,4999999.98,1,1
2017-11-26,10000042,31748,4399998.94,4399998.94,4399998.94,3,3
2017-11-26,10000042,31752,152323.15,148970,177777.77,27,23
2017-11-26,10000042,31753,125000,125000,125000,2,2
2017-11-26,10000042,31754,565174.95,188000.01,590319.94,16,13
2017-11-26,10000042,31755,750000,750000,750000,2,2
2017-11-26,10000042,31758,4949450,4949450,4949450,1,1
2017-11-26,10000042,31760,4269302.45,4269302.45,4269302.45,2,2
2017-11-26,10000042,31764,119000,119000,119000,2,1
2017-11-26,10000042,31765,125000,125000,125000,1,1
2017-11-26,10000042,31766,230000,230000,230000,1,1
2017-11-26,10000042,31772,9990799.92,9990799.92,9990799.92,1,1
2017-11-26,10000042,31788,422021.13,399999.99,440370.7,22,20
2017-11-26,10000042,31789,125000,125000,125000,4,4
2017-11-26,10000042,31790,2500000,2499990,2549973.78,121,49
2017-11-26,10000042,31791,750000,750000,750000,2,2
2017-11-26,10000042,31794,7999933.4,7999930.61,7999939,6,6
2017-11-26,10000042,31796,20728315.77,20697000,21300000,19,13
2017-11-26,10000042,31800,505286.85,335000.55,590430,6,3
2017-11-26,10000042,31802,2690105.97,2690049.5,2690146.91,29,13
2017-11-26,10000042,31810,10899985.83,10899975,10900000,6,5
2017-11-26,10000042,31812,22720729.98,22688969.97,22779989.99,8,4
2017-11-26,10000042,31870,12777721.37,12777721.37,12777721.37,4,1
2017-11-26,10000042,31872,2949999.02,2890000.01,3249994.06,6,2
2017-11-26,10000042,31874,3999290.73,3999290.72,3999290.73,9,4
2017-11-26,10000042,31880,1313231.1,901078.82,1400000,23,5
2017-11-26,10000042,31882,2361700.24,1250034.24,2479962.27,52,15
2017-11-26,10000042,31884,2121666.1,1230000.02,2299999.91,30,7
2017-11-26,10000042,31886,1180583.74,1180583.74,1180583.74,5,1
2017-11-26,10000042,31888,1733633.27,1308801.25,1946000,21,6
2017-11-26,10000042,31890,2255996.66,2083995,2599999.98,15,3
2017-11-26,10000042,31894,3486460.24,3469769.78,3499766,9,3
2017-11-26,10000042,31900,57999942.91,57999934.53,57999959.69,3,3
2017-11-26,10000042,31902,49998769.96,49998769.96,49998769.96,1,1
2017-11-26,10000042,31906,28799967.93,28799967.93,28799967.93,1,1
2017-11-26,10000042,31916,64898281.09,64898281.09,64898281.09,1,1
2017-11-26,10000042,31926,17099999.98,17099999.98,17099999.98,1,1
2017-11-26,10000042,31928,12142707.71,11999988.99,12999000,7,4
2017-11-26,10000042,31930,103998391,103998391,103998391,1,1
2017-11-26,10000042,31932,37999996.66,37999989.99,38000000,3,3
2017-11-26,10000042,31990,26503.34,26503.34,26503.34,210,2
2017-11-26,10000042,31998,60029.97,58000,60029.98,240,7
2017-11-26,10000042,32006,98000,98000,98000,4330,30
2017-11-26,10000042,32014,199000,199000,199000,621,17
2017-11-26,10000042,32025,268000,268000,268000,1,1
2017-11-26,10000042,32035,1810000,1810000,1810000,1,1
2017-11-26,10000042,32039,35990990,35990990,35990990,2,1
2017-11-26,10000042,32043,2379337.71,2375000,2390182,7,2
2017-11-26,10000042,32063,35990990,35990990,35990990,1,1
2017-11-26,10000042,32081,459999.99,459999.99,459999.99,1,1
2017-11-26,10000042,32083,2070000,2070000,2070000,7,3
2017-11-26,10000042,32339,100000000,100000000,100000000,1,1
2017-11-26,10000042,32435,15000000,15000000,15000000,1,1
2017-11-26,10000042,32459,3552.41,3552.41,3552.41,1,1
2017-11-26,10000042,32772,758522.25,367449.03,888879.99,12,7
2017-11-26,10000042,32774,170166.5,135999,177000,6,4
2017-11-26,10000042,32780,7533333.33,3600000,9500000,3,2
2017-11-26,10000042,32782,1.01,1.01,1.01,1100,4
2017-11-26,10000042,32787,18500,18500,18500,252,36
2017-11-26,10000042,32797,749999.65,500000,1249998.94,3,3
2017-11-26,10000042,32819,1068499.95,829999.89,1250000,20,13
2017-11-26,10000042,32858,180000,180000,180000,1,1
2017-11-26,10000042,32868,180000,180000,180000,21,1
2017-11-26,10000042,32872,1140755.3,1100000,1149998.99,6,6
2017-11-26,10000042,32874,1109975,999999.99,1219950,2,2
2017-11-26,10000042,32876,826414.71,611000.07,1172607.99,7,5
2017-11-26,10000042,32878,946018.65,397119.02,999992.99,6,6
2017-11-26,10000042,32879,7837500,7837500,7837500,1,1
2017-11-26,10000042,32880,161215.42,159500,205997,89,58
2017-11-26,10000042,32881,5824777.77,5824777.77,5824777.77,1,1
2017-11-26,10000042,32918,48666.44,40000,78999,9,9
2017-11-26,10000042,32999,200000,200000,200000,10,10
2017-11-26,10000042,33000,286717.16,200000,893737.29,8,8
2017-11-26,10000042,33001,227272.73,200000,499999.99,11,11
2017-11-26,10000042,33002,388888.89,200000,1899999.99,9,9
2017-11-26,10000042,33003,69999.5,5555,650000,10,2
2017-11-26,10000042,33007,289999.98,289999.98,289999.99,9,3
2017-11-26,10000042,33009,234999.99,234999.99,234999.99,1,1
2017-11-26,10000042,33062,2256002,2256002,2256002,1,1
2017-11-26,10000042,33063,750000,750000,750000,1,1
2017-11-26,10000042,33076,249401.06,210001.12,263499.5,48,35
2017-11-26,10000042,33078,1000000,1000000,1000000,17,17
2017-11-26,10000042,33091,216666.66,100000,1149999.98,9,9
2017-11-26,10000042,33092,428571.41,100000,1249999.95,7,7
2017-11-26,10000042,33093,158333,100000,449997.99,12,12
2017-11-26,10000042,33094,57743.04,600.38,100000,14,14
2017-11-26,10000042,33095,1000000,1000000,1000000,8,8
2017-11-26,10000042,33096,1321428.4,1000000,1749999.61,7,7
2017-11-26,10000042,33097,1198500,1000000,2984999.99,10,10
2017-11-26,10000042,33098,1000000,1000000,1000000,7,7
2017-11-26,10000042,33101,648996.4,648993,648999,10,10
2017-11-26,10000042,33103,135000,135000,135000,3,3
2017-11-26,10000042,33139,6652905.26,3742100,12000000,19,4
2017-11-26,10000042,33140,23469565.17,20399999.92,27000000,23,8
2017-11-26,10000042,33141,22207382.85,17901009.37,27999999.94,21,6
2017-11-26,10000042,33153,242222222,242222222,242222222,1,1
2017-11-26,10000042,33176,87332.91,69000,90999.49,6,6
2017-11-26,10000042,33178,220999.93,39999.99,261999.85,6,4
2017-11-26,10000042,33180,124076.33,109998.99,126766,17,16
2017-11-26,10000042,33181,600000,600000,600000,1,1
2017-11-26,10000042,33195,14800,14800,14800,297,22
2017-11-26,10000042,33199,1489998,1489998,1489998,2,1
2017-11-26,10000042,33201,1499998.99,1499998.99,1499998.99,2,1
2017-11-26,10000042,33270,178000,178000,178000,1,1
2017-11-26,10000042,33272,2750000,2750000,2750000,1,1
2017-11-26,10000042,33330,7500,7500,7500,109,2
2017-11-26,10000042,33332,16949.96,16949.96,16949.96,20,1
2017-11-26,10000042,33334,10000.01,10000.01,10000.01,200,1
2017-11-26,10000042,33359,23233.55,21556.56,23400,45460,13
2017-11-26,10000042,33361,20501.01,20501.01,20501.01,4000,1
2017-11-26,10000042,33399,6415085.88,5000000,8537714.7,5,5
2017-11-26,10000042,33400,2000088.98,2000088.98,2000088.98,1,1
2017-11-26,10000042,33407,36000000,36000000,36000000,6,2
2017-11-26,10000042,33440,69754.53,1500.01,159900,22,8
2017-11-26,10000042,33441,107.08,107.08,107.08,5,1
2017-11-26,10000042,33442,2400,2400,2400,9,2
2017-11-26,10000042,33448,199000,198999.99,199000,6,2
2017-11-26,10000042,33450,2207828.87,1400295.89,2900000,13,7
2017-11-26,10000042,33466,5,5,5,3,2
2017-11-26,10000042,33467,3372499.87,3000000,5979998.99,8,8
2017-11-26,10000042,33468,56476441.8,51557003.06,58150000,34,25
2017-11-26,10000042,33470,198367270.09,176095892.12,201994999.87,7,7
2017-11-26,10000042,33472,411999989.98,411999989.98,411999989.98,2,2
2017-11-26,10000042,33474,3378851.6,1008385.66,3497490.39,36,25
2017-11-26,10000042,33475,9210611.16,9000000,9628979.93,66,45
2017-11-26,10000042,33539,1300104.27,1300104.27,1300104.27,244,6
2017-11-26,10000042,33569,1.43,1.43,1.43,200,1
2017-11-26,10000042,33571,38.15,38.15,38.15,200,1
2017-11-26,10000042,33572,20.05,20.05,20.05,200,1
2017-11-26,10000042,33573,27.08,27.08,27.08,200,1
2017-11-26,10000042,33577,378250.14,375000.39,380000.01,20,4
2017-11-26,10000042,33608,28500000,28500000,28500000,1,1
2017-11-26,10000042,33618,47258927.39,43214283.82,54000000,8,4
2017-11-26,10000042,33681,85409340.74,79350001,92983522.95,9,4
2017-11-26,10000042,33697,31630000.05,23000000.17,35944999.99,3,3
2017-11-26,10000042,33699,115384.58,100000,199999.76,13,13
2017-11-26,10000042,33700,21864940,21864940,21864940,2,2
2017-11-26,10000042,33720,7250000,7250000,7250000,1,1
2017-11-26,10000042,33775,4000000,4000000,4000000,1,1
2017-11-26,10000042,33778,1000000,1000000,1000000,1,1
2017-11-26,10000042,33816,63423297.41,50272050.3,69998920.97,3,3
2017-11-26,10000042,33818,235000000,235000000,235000000,1,1
2017-11-26,10000042,33824,2999999.99,2999999.99,2999999.99,4,3
2017-11-26,10000042,33826,57777000,57777000,57777000,1,1
2017-11-26,10000042,33828,30101101,30101101,30101101,1,1
2017-11-26,10000042,33842,124994611.95,124994603.94,124994613.95,5,4
2017-11-26,10000042,33844,126997953.95,126997948.94,126997958.95,2,2
2017-11-26,10000042,33856,4685396,4000000,7426979.98,5,5
2017-11-26,10000042,33890,1304491.77,700000,1590829.97,28,7
2017-11-26,10000042,33891,2499999.99,2499999.99,2499999.99,1,1
2017-11-26,10000042,33892,4371999.99,4371999.98,4372000,12,5
2017-11-26,10000042,33894,4990088.75,4990000,4990355,4,2
2017-11-26,10000042,33895,7500000,7500000,7500000,1,1
2017-11-26,10000042,33896,9999979.98,9999979.98,9999979.98,3,1
2017-11-26,10000042,33898,23990178.39,23990178.39,23990178.39,2,1
2017-11-26,10000042,33900,37990000,37990000,37990000,3,2
2017-11-26,10000042,33915,561120.06,355654.01,749879.65,6,4
2017-11-26,10000042,33928,190000000,190000000,190000000,1,1
2017-11-26,10000042,33983,44999959.93,44999959.93,44999959.93,1,1
2017-11-26,10000042,34042,7700000,7700000,7700000,1,1
2017-11-26,10000042,34162,1000000,1000000,1000000,1,1
2017-11-26,10000042,34164,123456,123456,123456,1,1
2017-11-26,10000042,34165,599999,599999,599999,1,1
2017-11-26,10000042,34167,2999998,2999998,2999998,1,1
2017-11-26,10000042,34175,1698999.98,1698999.98,1698999.98,1,1
2017-11-26,10000042,34201,326713.98,325000.03,327449,67,22
2017-11-26,10000042,34202,2098278.58,2009025.98,2269025.97,12,9
2017-11-26,10000042,34203,586163.06,530023.04,600000,84,29
2017-11-26,10000042,34204,986645.19,950000.02,1188999.99,62,17
2017-11-26,10000042,34205,219404.39,100085,250000,46,17
2017-11-26,10000042,34206,231200.44,231200.44,231200.44,103,25
2017-11-26,10000042,34208,3700001.06,3700000,3700001.41,4,4
2017-11-26,10000042,34266,550210,550210,550210,1,1
2017-11-26,10000042,34267,125000,125000,125000,1,1
2017-11-26,10000042,34268,1990910,1990910,1990910,3,2
2017-11-26,10000042,34269,750000,750000,750000,2,2
2017-11-26,10000042,34288,8718874,8718873.99,8718874,15,3
2017-11-26,10000042,34290,21999973.31,21999969.97,21999979.98,3,2
2017-11-26,10000042,34317,60333333,60333333,60333333,1,1
2017-11-26,10000042,34327,35000000,35000000,35000000,3,3
2017-11-26,10000042,34354,950000,900000,1000000,2,2
2017-11-26,10000042,34360,1000000,1000000,1000000,1,1
2017-11-26,10000042,34363,4880000,4880000,4880000,1,1
2017-11-26,10000042,34390,1000000,1000000,1000000,3,3
2017-11-26,10000042,34393,2299000,2299000,2299000,1,1
2017-11-26,10000042,34394,1000000,1000000,1000000,1,1
2017-11-26,10000042,34416,6299999.98,6299999.98,6299999.99,8,2
2017-11-26,10000042,34496,1665670.66,1508506,1979999.99,3,3
2017-11-26,10000042,34533,1000000,1000000,1000000,5,5
2017-11-26,10000042,34562,59868877.95,59868877.95,59868877.95,2,2
2017-11-26,10000042,34575,24000,24000,24000,1,1
2017-11-26,10000042,34590,123333333.17,120000000,139999999,6,3
2017-11-26,10000042,34828,50000000,50000000,50000000,2,1
2017-11-26,10000042,35656,63281.68,8000.01,344999.67,71,26
2017-11-26,10000042,35657,111775.6,103000,139870.55,48,21
2017-11-26,10000042,35658,35975.56,16600,89800.01,45,31
2017-11-26,10000042,35659,69287.63,21000,134000,59,37
2017-11-26,10000042,35660,34244.75,5602.17,70000,48,26
2017-11-26,10000042,35661,401751.74,361034,798499.54,43,19
2017-11-26,10000042,35662,393864.86,392000,415000,37,17
2017-11-26,10000042,35680,1000000,1000000,1000000,4,4
2017-11-26,10000042,35683,74999959.96,74999959.96,74999959.96,1,1
2017-11-26,10000042,35685,1000000,1000000,1000000,4,4
2017-11-26,10000042,35770,50000,50000,50000,1,1
2017-11-26,10000042,35771,1968856.72,1899999,1998000.01,7,6
2017-11-26,10000042,35774,384259.6,14779.27,568999.77,3,3
2017-11-26,10000042,35788,15499.99,15499.99,15499.99,1,1
2017-11-26,10000042,35789,2249994.49,1999999,2499989.98,2,2
2017-11-26,10000042,35790,1930665.89,1688000,1999999,9,7
2017-11-26,10000042,35794,35742.8,100.03,49999.89,7,5
2017-11-26,10000042,35795,84945.52,84945.52,84945.53,4,4
2017-11-26,10000042,35825,713737103.64,713737103.64,713737103.64,1,1
2017-11-26,10000042,35832,975000000,975000000,975000000,1,1
2017-11-26,10000042,35835,1027999999,1027999999,1027999999,1,1
2017-11-26,10000042,35886,249899998,249899998,249899998,1,1
2017-11-26,10000042,35891,223999919.87,223999919.87,223999919.87,1,1
2017-11-26,10000042,35899,43978999.99,43978999.99,43978999.99,1,1
2017-11-26,10000042,35922,43399997,41000000.01,44999994.99,5,3
2017-11-26,10000042,35925,128999746.5,128999746,128999747,2,2
2017-11-26,10000042,35945,29949999.97,29949999.97,29949999.97,1,1
2017-11-26,10000042,36411,10000000,10000000,10000000,1,1
2017-11-26,10000042,36425,12449999.98,12449999.98,12449999.98,1,1
2017-11-26,10000042,36446,3199999,3199999,3199999,1,1
2017-11-26,10000042,36448,1000000,1000000,1000000,1,1
2017-11-26,10000042,36908,6509995,6509995,6509995,1,1
2017-11-26,10000042,36909,7895869.96,7895869.96,7895869.96,3,3
2017-11-26,10000042,36910,9865589.79,7299899.74,14996969.9,3,3
2017-11-26,10000042,36912,8762989.76,8762989.76,8762989.76,1,1
2017-11-26,10000042,37135,45932996.66,45899995,45999000,3,3
2017-11-26,10000042,37451,1349998.75,1349998,1349999,4,3
2017-11-26,10000042,37454,12500000,12499999.99,12500000,6,5
2017-11-26,10000042,37479,1498888.03,1498888.03,1498888.03,2,1
2017-11-26,10000042,37544,3009,3009,3009,19,10
2017-11-26,10000042,37545,1491.75,1001,6890,12,6
2017-11-26,10000042,37546,1219999,1219999,1219999,3,2
2017-11-26,10000042,37605,868868868,868868868,868868868,1,1
2017-11-26,10000042,37608,1496669.23,750007.01,1510002.87,45,35
2017-11-26,10000042,37610,1526598.43,750007,1600002.29,47,37
2017-11-26,10000042,37611,1520007.18,1000000,1610008.37,68,42
2017-11-26,10000042,37615,21997629.96,20000000,31985779.78,6,6
2017-11-26,10000042,37796,5000000,5000000,5000000,1,1
2017-11-26,10000042,37797,5000000,5000000,5000000,1,1
2017-11-26,10000042,37798,5000000,5000000,5000000,1,1
2017-11-26,10000042,37799,5000000,5000000,5000000,2,2
2017-11-26,10000042,37816,2499000,2499000,2499000,1,1
2017-11-26,10000042,37817,324674.51,324674.51,324674.51,1,1
2017-11-26,10000042,37820,23999999.5,23999999,24000000,2,2
2017-11-26,10000042,37821,800000,800000,800000,1,1
2017-11-26,10000042,37823,800000,800000,800000,1,1
2017-11-26,10000042,37824,840000.01,840000.01,840000.01,1,1
2017-11-26,10000042,37846,13999.86,13999.86,13999.86,2000,2
2017-11-26,10000042,37847,11998,11998,11998,2500,2
2017-11-26,10000042,37848,13298.99,13298.99,13298.99,3500,2
2017-11-26,10000042,37852,10000000,10000000,10000000,1,1
2017-11-26,10000042,37865,699000,699000,699000,1,1
2017-11-26,10000042,37866,170999,170999,170999,1,1
2017-11-26,10000042,40328,4000000,4000000,4000000,5,5
2017-11-26,10000042,40334,77891.8,46229.49,99000,5,3
2017-11-26,10000042,40335,62419.14,34983.5,99000,14,3
2017-11-26,10000042,40361,3599999.99,3599999.99,3599999.99,10,1
2017-11-26,10000042,40519,366360482.34,365887380.97,382999746.45,46,18
2017-11-26,10000042,40520,785845311.97,750001026,805900000,66,46
2017-11-26,10000042,40559,10399999.98,10399999.98,10399999.98,27,1
2017-11-26,10000042,40572,100000000,100000000,100000000,2,2
2017-11-26,10000042,40573,100000000,100000000,100000000,1,1
2017-11-26,10000042,41032,12517.38,20,99999,16,7
2017-11-26,10000042,41033,101.01,101.01,101.01,8,3
2017-11-26,10000042,41034,136569.33,24711.52,248665.01,14,7
2017-11-26,10000042,41054,455055.18,455055.18,455055.18,22,14
2017-11-26,10000042,41055,444873.23,290000.01,465074.09,26,15
2017-11-26,10000042,41056,455056.47,455056.47,455056.47,11,4
2017-11-26,10000042,41057,3999998,3999998,3999998,2,2
2017-11-26,10000042,41155,150000,150000,150000,8,7
2017-11-26,10000042,41202,495000000,495000000,495000000,1,1
2017-11-26,10000042,41215,28900276.99,28900276.99,28900276.99,1,1
2017-11-26,10000042,41218,32124592.11,28359184.21,35890000,8,7
2017-11-26,10000042,41220,50660694.05,45593906.92,70999979.95,5,5
2017-11-26,10000042,41489,13499.99,13499.99,13499.99,129,3
2017-11-26,10000042,41490,700025.01,700025.01,700025.01,1019,20
2017-11-26,10000042,41517,50000,50000,50000,10,1
2017-11-26,10000042,41525,35000000,35000000,35000000,1,1
2017-11-26,10000042,41533,69999986.32,69999986.32,69999986.32,1,1
2017-11-26,10000042,41534,35000000,35000000,35000000,1,1
2017-11-26,10000042,41537,250000000,250000000,250000000,1,1
2017-11-26,10000042,41592,5000000,5000000,5000000,1,1
2017-11-26,10000042,42226,2097999.91,2097999.9,2098000,51,5
2017-11-26,10000042,42244,58715999.5,55032000,62399998.99,2,2
2017-11-26,10000042,42526,659781.61,30000.02,1289563.19,2,2
2017-11-26,10000042,42528,899999.01,899999.01,899999.01,1,1
2017-11-26,10000042,42529,3146999,3146999,3146999,2,2
2017-11-26,10000042,42530,2984998.98,2984998.98,2984998.98,7,4
2017-11-26,10000042,42685,21605774.5,16611000.01,26600549,4,4
2017-11-26,10000042,42694,739.86,739.86,739.86,2000,2
2017-11-26,10000042,42695,1015,1015,1015,8050,5
2017-11-26,10000042,42696,1298.99,1298.99,1298.99,10099,6
2017-11-26,10000042,42700,999999.99,999999.99,999999.99,1,1
2017-11-26,10000042,42702,2850000,2850000,2850000,1,1
2017-11-26,10000042,42703,1500000,1500000,1500000,1,1
2017-11-26,10000042,42704,5200000,5200000,5200000,1,1
2017-11-26,10000042,42705,3999999.99,3999999.99,3999999.99,1,1
2017-11-26,10000042,42706,2000000,2000000,2000000,1,1
2017-11-26,10000042,42707,4499999.99,4499999.99,4499999.99,1,1
2017-11-26,10000042,42708,5999000,5999000,5999000,1,1
2017-11-26,10000042,42718,2000000,2000000,2000000,1,1
2017-11-26,10000042,42726,995000,995000,995000,1,1
2017-11-26,10000042,42733,4999999.99,4999999.99,4999999.99,1,1
2017-11-26,10000042,42829,894,894,894,19605,11
2017-11-26,10000042,42830,799.97,799.96,999,21934,13
2017-11-26,10000042,42831,1199.88,1199.88,1199.88,9710,6
2017-11-26,10000042,42832,1020,1020,1020,2300,3
2017-11-26,10000042,42833,1020,1020,1020,1010,2
2017-11-26,10000042,42834,1020,1020,1020,1556,3
2017-11-26,10000042,42835,1190,1190,1190,1000,1
2017-11-26,10000042,42836,738.99,738.99,738.99,1000,1
2017-11-26,10000042,42837,868.99,868.99,868.99,1000,1
2017-11-26,10000042,42838,1249.97,1249.97,1249.97,2100,3
2017-11-26,10000042,42839,1749.99,1749.99,1749.99,1400,3
2017-11-26,10000042,42840,1240.97,1240.97,1240.97,1500,3
2017-11-26,10000042,42880,18999998.85,18999998.85,18999998.85,1,1
2017-11-26,10000042,42881,23999997.53,23999997.53,23999997.53,1,1
2017-11-26,10000042,42882,27999992.3,27999992.3,27999992.3,1,1
2017-11-26,10000042,42906,5549999.67,850000,7899999.5,3,3
2017-11-26,10000042,43551,7409927.45,7399999.94,7444764.99,8,5
2017-11-26,10000042,43552,4499963.71,4499944.94,4499969.96,4,3
2017-11-26,10000042,43554,3997836.72,3997836.72,3997836.72,2,1
2017-11-26,10000042,43555,7559562.79,7559529.98,7559585,5,3
2017-11-26,10000042,43556,9994609,9994609,9994609,2,2
2017-11-26,10000042,43694,94999984,94999979,95000000,15,5
2017-11-26,10000042,43699,58625,20000,70999.99,8,4
2017-11-26,10000042,43700,3907335.4,1000009.31,4738000,18,3
2017-11-26,10000042,43702,80000,80000,80000,7,7
2017-11-26,10000042,43703,18124974.37,18000000,18999794.99,8,8
2017-11-26,10000042,43898,8660500,8660500,8660500,2,1
2017-11-26,10000042,43904,750000,750000,750000,2,2
2017-11-26,10000042,44067,250000000,250000000,250000000,2,2
2017-11-26,10000042,44121,4999999,4999999,4999999,1,1
2017-11-26,10000042,44122,99499.5,98999,100000,2,2
2017-11-26,10000042,44123,479000,479000,479000,1,1
2017-11-26,10000042,44124,297998.99,297998.99,297998.99,1,1
2017-11-26,10000042,44125,500000,500000,500000,1,1
2017-11-26,10000042,44931,15000000,15000000,15000000,2,2
2017-11-26,10000042,44992,3095091.01,3085017.05,3199999.72,29693,108
2017-11-26,10000042,45482,12500000,12500000,12500000,1,1
2017-11-26,10000042,45586,77997631.04,77997631.04,77997631.04,1,1
2017-11-26,10000042,45589,93099755.38,93099750.36,93099760.39,2,2
2017-11-26,10000042,45590,20999508.01,20999486.84,20999529.17,2,2
2017-11-26,10000042,45591,47998696.41,47998696.41,47998696.41,1,1
2017-11-26,10000042,45592,59700000,59700000,59700000,2,2
2017-11-26,10000042,45595,64987019.3,64987019.3,64987019.3,1,1
2017-11-26,10000042,45599,48789077.44,48789077.44,48789077.44,1,1
2017-11-26,10000042,45601,38988920.26,38988916.92,38988926.93,3,3
2017-11-26,10000042,45605,59999953.29,59999939.94,59999959.96,3,3
2017-11-26,10000042,45608,97799959.96,97799959.96,97799959.96,1,1
2017-11-26,10000042,45610,81100000,81100000,81100000,1,1
2017-11-26,10000042,45611,32000000.67,31999999.91,32000001.63,9,3
2017-11-26,10000042,45613,46879652.44,46879652.44,46879652.44,1,1
2017-11-26,10000042,45614,123989028,123989022.99,123989033,2,2
2017-11-26,10000042,45615,39999999.99,39999999.99,39999999.99,1,1
2017-11-26,10000042,45616,45000000,45000000,45000000,1,1
2017-11-26,10000042,45617,70486911.78,70466210.43,70528314.47,3,3
2017-11-26,10000042,45621,42498269.46,42498269.46,42498269.46,1,1
2017-11-26,10000042,45624,57349990,57349990,57349990,1,1
2017-11-26,10000042,45626,47299961.98,47299956.97,47299966.98,2,2
2017-11-26,10000042,45628,13999999.99,13999999.99,13999999.99,1,1
2017-11-26,10000042,45629,27079613,27079613,27079613,2,2
2017-11-26,10000042,45631,47999905.34,47999905.34,47999905.34,1,1
2017-11-26,10000042,45635,164026406.7,161699500,174499999.5,22,17
2017-11-26,10000042,45660,2236.08,2236.08,2236.08,32,3
2017-11-26,10000042,45661,2276.07,2276.07,2276.07,94,2
2017-11-26,10000042,45662,2128.33,2101.01,2140.04,10,3
2017-11-26,10000042,45663,48005.01,48005.01,48005.01,30,2
2017-11-26,10000042,45734,2200000,2200000,2200000,1,1
2017-11-26,10000042,45735,15000000,15000000,15000000,1,1
2017-11-26,10000042,45738,9999999.99,9999999.99,9999999.99,1,1
2017-11-26,10000042,45739,118750,100000,137500,4,4
2017-11-26,10000042,45740,196491.26,178947.58,200000,6,5
2017-11-26,10000042,45742,12000000,12000000,12000000,1,1
2017-11-26,10000042,45743,220000,220000,220000,1,1
2017-11-26,10000042,45746,1000000,1000000,1000000,13,13
2017-11-26,10000042,45748,5000000,5000000,5000000,3,3
2017-11-26,10000042,45749,34331333,25000000,52993999,3,3
2017-11-26,10000042,45750,15000000,15000000,15000000,2,2
2017-11-26,10000042,45758,180000,180000,180000,1,1
2017-11-26,10000042,45762,1000000,1000000,1000000,1,1
2017-11-26,10000042,45768,50000,50000,50000,1,1
2017-11-26,10000042,45815,262500,262500,262500,1,1
2017-11-26,10000042,45829,5000,5000,5000,1,1
2017-11-26,10000042,45834,3601005.79,3601005.79,3601005.79,1,1
2017-11-26,10000042,45847,5000,5000,5000,1,1
2017-11-26,10000042,45871,2032995.45,75000,3990990.9,2,2
2017-11-26,10000042,45887,150000,150000,150000,1,1
2017-11-26,10000042,45894,10499999.5,10499999.5,10499999.5,1,1
2017-11-26,10000042,45902,35000000,35000000,35000000,1,1
2017-11-26,10000042,45909,3000000,3000000,3000000,1,1
2017-11-26,10000042,45911,125000,125000,125000,1,1
2017-11-26,10000042,45931,35000,35000,35000,1,1
2017-11-26,10000042,45936,1649997.48,1149989.94,4000000,4,4
2017-11-26,10000042,45947,2000000,2000000,2000000,1,1
2017-11-26,10000042,45955,649999.99,649999.99,649999.99,1,1
2017-11-26,10000042,45966,50000,50000,50000,1,1
2017-11-26,10000042,45969,50000,50000,50000,1,1
2017-11-26,10000042,45986,1001666.66,5000,1499999.99,3,3
2017-11-26,10000042,45999,9501002.24,6008018,10000000,8,8
2017-11-26,10000042,46000,38888000,38888000,38888000,5,2
2017-11-26,10000042,46001,400002.09,400002.09,400002.09,2,2
2017-11-26,10000042,46002,4599999.33,4599999,4600000,9,3
2017-11-26,10000042,46003,17352888.49,13515109.7,18888000,7,5
2017-11-26,10000042,46004,580058.4,255354.91,799999.99,42,6
2017-11-26,10000042,46005,6000000,6000000,6000000,6,4
2017-11-26,10000042,46008,7799999.99,6000000,7899999.98,142,78
2017-11-26,10000042,46050,1000000,1000000,1000000,1,1
2017-11-26,10000042,46152,10000000,10000000,10000000,6,5
2017-11-26,10000042,46153,15000000,15000000,15000000,6,5
2017-11-26,10000042,46154,20000000,20000000,20000000,6,5
2017-11-26,10000042,46155,25000000,25000000,25000000,6,5
2017-11-26,10000042,46156,29500000,25000000,30000000,10,9
2017-11-26,10000042,46164,15000000,15000000,15000000,2,1
2017-11-26,10000042,46205,20000000,20000000,20000000,1,1
2017-11-26,10000042,46209,20000000,20000000,20000000,1,1
2017-11-26,10000042,46210,20000000,20000000,20000000,1,1
2017-11-26,10000042,46211,20000000,20000000,20000000,1,1
2017-11-26,10000042,46212,20000000,20000000,20000000,1,1
2017-11-26,10000042,46213,20000000,20000000,20000000,1,1
2017-11-26,10000042,46214,20000000,20000000,20000000,1,1
2017-11-26,10000042,46217,20000000,20000000,20000000,1,1
2017-11-26,10000042,46350,10000000,10000000,10000000,1,1
2017-11-26,10000042,46352,10000000,10000000,10000000,1,1
2017-11-26,10000042,46357,10000000,10000000,10000000,1,1
2017-11-26,10000042,46359,10000000,10000000,10000000,1,1
2017-11-26,10000042,46371,399999,399999,399999,10,1
2017-11-26,10000042,46713,13550000,13500000,13600000,2,2
2017-11-26,10000042,46717,18000000,18000000,18000000,1,1
2017-11-26,10000042,46718,31500000,31500000,31500000,1,1
2017-11-26,10000042,46723,9999999.99,9999999.99,9999999.99,1,1
2017-11-26,10000042,46756,5000002.03,5000002.03,5000002.03,1,1
2017-11-26,10000042,47029,150000001,150000001,150000001,1,1
2017-11-26,10000042,47030,125000001.01,125000001.01,125000001.01,1,1
2017-11-26,10000043,18,56.48,56.48,56.48,164712,7
2017-11-26,10000043,19,1200.81,1200.81,1200.81,129,4
2017-11-26,10000043,20,185,181,213.29,4660852,169
2017-11-26,10000043,21,456.2,456.2,456.2,633,6
2017-11-26,10000043,22,3500,3500,3500,8805,16
2017-11-26,10000043,34,4.88,4.59,4.98,2389427699,873
2017-11-26,10000043,35,5.5,5.5,5.5,1205441992,625
2017-11-26,10000043,36,64.32,63.02,65.5,195837235,557
2017-11-26,10000043,37,39.56,37.74,41.89,102702633,501
2017-11-26,10000043,38,323,295.31,323.07,8982204,428
2017-11-26,10000043,39,1071.99,969.92,1073,4277432,363
2017-11-26,10000043,40,1147,1105.01,1149,2135645,341
2017-11-26,10000043,41,26.69,26.66,26.9,227228,15
2017-11-26,10000043,42,1696,1696,1696,2400,14
2017-11-26,10000043,43,321.13,321.13,321.13,47936,19
2017-11-26,10000043,44,11106.35,11106,11109.02,194199,34
2017-11-26,10000043,45,2.01,2.01,2.01,240,21
2017-11-26,10000043,178,3.99,3.99,3.99,35275,49
2017-11-26,10000043,179,3.07,3.07,3.07,24110,29
2017-11-26,10000043,180,2,2,2,21589,41
2017-11-26,10000043,181,2.4,2.4,2.4,16700,35
2017-11-26,10000043,182,4.12,4.11,14.94,33612,44
2017-11-26,10000043,183,7.07,7.07,11.46,59163,43
2017-11-26,10000043,184,11.26,11.26,15,43923,50
2017-11-26,10000043,185,15.64,15.64,15.67,171521,59
2017-11-26,10000043,186,8.93,8.93,8.93,102900,18
2017-11-26,10000043,187,3.52,3.52,3.52,1810,12
2017-11-26,10000043,188,4.27,4.27,4.27,2100,13
2017-11-26,10000043,189,20.61,20.61,20.61,7000,22
2017-11-26,10000043,190,39.46,39.46,39.46,17300,21
2017-11-26,10000043,191,34.75,34.75,34.75,34093,31
2017-11-26,10000043,192,50.83,49.97,50.83,56941,26
2017-11-26,10000043,193,104.96,104.88,104.98,73707,28
2017-11-26,10000043,194,8.33,8.33,8.33,6800,11
2017-11-26,10000043,195,11.73,11.73,11.73,3000,8
2017-11-26,10000043,196,4.65,4.65,4.65,2600,10
2017-11-26,10000043,197,31.93,31.93,31.93,3700,15
2017-11-26,10000043,198,40.7,40.7,40.7,3510,13
2017-11-26,10000043,199,168.9,168.9,168.9,57899,19
2017-11-26,10000043,200,178,178,178,118321,20
2017-11-26,10000043,201,201.92,163.09,201.93,47224,20
2017-11-26,10000043,202,324.44,111.67,324.5,24403,21
2017-11-26,10000043,203,214.32,214.3,237.99,274334,47
2017-11-26,10000043,204,183,183,200,158320,33
2017-11-26,10000043,205,109.09,109.09,109.09,29408,27
2017-11-26,10000043,206,17.09,17.08,17.09,536075,68
2017-11-26,10000043,207,37.2,37.2,44,339356,88
2017-11-26,10000043,208,60,50,62.98,963243,85
2017-11-26,10000043,209,44.9,44.89,45,1115117,97
2017-11-26,10000043,210,10.44,10.44,11.84,1148838,93
2017-11-26,10000043,211,39.99,39.99,49.27,75081,90
2017-11-26,10000043,212,15.32,15.32,15.32,298118,92
2017-11-26,10000043,213,7.14,7.14,7.14,129977,67
2017-11-26,10000043,215,1.74,1.74,1.74,132623,38
2017-11-26,10000043,216,2,1.99,6.49,129476,44
2017-11-26,10000043,217,5.93,5.93,5.93,84058,39
2017-11-26,10000043,218,1.62,1.62,1.62,24002,36
2017-11-26,10000043,219,2.29,2.29,2.29,19598,30
2017-11-26,10000043,220,2.02,2.02,2.02,87710,42
2017-11-26,10000043,221,2.28,2.28,2.28,91420,46
2017-11-26,10000043,222,16.93,8.53,18.27,640505,85
2017-11-26,10000043,223,19.87,19.87,19.87,127948,34
2017-11-26,10000043,224,10.13,10.13,10.13,66572,42
2017-11-26,10000043,225,27,10.64,29.98,12204,32
2017-11-26,10000043,226,5.93,5.93,5.93,11780,32
2017-11-26,10000043,227,59.95,59.95,59.95,19156,34
2017-11-26,10000043,228,11.22,11.22,11.22,19727,35
2017-11-26,10000043,229,27.03,27.03,27.03,27851,35
2017-11-26,10000043,230,53.53,50.62,53.83,164557,57
2017-11-26,10000043,231,11.04,11.04,11.04,2704,9
2017-11-26,10000043,232,21.3,21.3,21.3,1200,7
2017-11-26,10000043,233,21.18,21.18,21.18,2900,17
2017-11-26,10000043,234,49.9,49.9,49.9,2220,8
2017-11-26,10000043,235,104.8,104.8,104.8,10600,14
2017-11-26,10000043,236,51.99,51.99,51.99,3000,10
2017-11-26,10000043,237,71.81,71.81,71.81,3173,13
2017-11-26,10000043,238,139.47,1.06,155.42,143729,24
2017-11-26,10000043,239,628.82,628.82,628.82,320,90
2017-11-26,10000043,240,155.08,155.08,155.08,333,90
2017-11-26,10000043,241,900.4,888.99,1889.98,1201,93
2017-11-26,10000043,242,2999.99,396.68,3161.36,584,158
2017-11-26,10000043,243,284.18,284.18,284.18,372,73
2017-11-26,10000043,244,988.08,988.08,988.08,221,69
2017-11-26,10000043,245,1798.98,1798.98,1798.98,579,93
2017-11-26,10000043,246,4244.42,4000,4244.43,1089,220
2017-11-26,10000043,247,4899.17,4899.15,10980,186,69
2017-11-26,10000043,248,2002.65,2002.65,2002.65,332,47
2017-11-26,10000043,249,1299.89,1299.89,1299.89,158,41
2017-11-26,10000043,250,3002.11,3002.1,15333.91,197,60
2017-11-26,10000043,251,1996.89,563.02,1996.9,124,35
2017-11-26,10000043,252,6666.79,6666.79,6666.79,101,34
2017-11-26,10000043,253,10945.16,10945.16,10945.16,108,41
2017-11-26,10000043,254,14999.99,14500,14999.99,321,82
2017-11-26,10000043,255,26778.88,26778.88,26778.88,117,28
2017-11-26,10000043,256,12677.96,12677.96,12677.96,113,24
2017-11-26,10000043,257,15442.21,15442.21,15442.21,3467,26
2017-11-26,10000043,258,13779.98,13779.98,13779.98,146,22
2017-11-26,10000043,259,11133.34,11133.34,11133.34,120,26
2017-11-26,10000043,260,5055,5055,5055,110,19
2017-11-26,10000043,261,18779.78,18779.78,18779.78,126,30
2017-11-26,10000043,262,60103,60103,60103,255,40
2017-11-26,10000043,263,117.4,117.4,117.4,837,24
2017-11-26,10000043,264,2991.16,201.65,2991.23,272,12
2017-11-26,10000043,266,3.23,3.23,3.23,47959,54
2017-11-26,10000043,267,400,400,400,36854,22
2017-11-26,10000043,269,11.07,11.07,11.07,28831,27
2017-11-26,10000043,377,15458.26,3150.5,18750.07,37,35
2017-11-26,10000043,380,589998.96,589998.95,589998.96,129,62
2017-11-26,10000043,393,4516.65,1300,6149.97,9,8
2017-11-26,10000043,394,188001.11,188001.02,249925,127,32
2017-11-26,10000043,399,6208.11,1050.01,12199.99,37,18
2017-11-26,10000043,400,521912.59,266889.95,644324.32,37,26
2017-11-26,10000043,421,5400000,5400000,5400000,1,1
2017-11-26,10000043,434,85899.06,85899.06,85899.06,177,122
2017-11-26,10000043,438,3400000,3400000,3999998.99,124,75
2017-11-26,10000043,439,4000.22,4000.22,4000.22,1032,135
2017-11-26,10000043,440,5199983.97,4151006.07,5229878.31,182,117
2017-11-26,10000043,442,7641.45,145.01,10199.98,19,17
2017-11-26,10000043,444,13988.96,13988.96,13988.96,173,34
2017-11-26,10000043,447,66799,59998.99,84999,565,42
2017-11-26,10000043,448,1799998.99,1769899.88,2009988.72,1022,320
2017-11-26,10000043,450,6498.41,122,6799.86,21,12
2017-11-26,10000043,451,27053.15,19398.39,58500,89,34
2017-11-26,10000043,452,25000,24500,43250,248,108
2017-11-26,10000043,453,48962.58,12299.85,48999.99,91,32
2017-11-26,10000043,454,26770.39,15799.79,35000,80,32
2017-11-26,10000043,455,39243.2,12000.01,45000,10,6
2017-11-26,10000043,456,119999.89,119999.86,119999.99,26,6
2017-11-26,10000043,457,163567.51,97999,197999,18,13
2017-11-26,10000043,458,205478.55,82000.01,249998,36,19
2017-11-26,10000043,459,274587.97,128999.84,297000,35,15
2017-11-26,10000043,460,424368.54,424368.54,424368.54,8,1
2017-11-26,10000043,461,432919.18,12111,475000,11,4
2017-11-26,10000043,462,1053333.31,650000,1199999.97,30,6
2017-11-26,10000043,463,150301.13,150036,150334.27,9,2
2017-11-26,10000043,482,989999,989999,989999,356,94
2017-11-26,10000043,483,12480.87,7980,12480.9,269,62
2017-11-26,10000043,484,5396.84,5396.84,5396.84,518,10
2017-11-26,10000043,485,6916.76,978.79,7300,31,6
2017-11-26,10000043,486,44080.77,14876.87,84334.31,52,10
2017-11-26,10000043,487,25896.51,18779.96,33143.1,12,4
2017-11-26,10000043,488,108875.31,26887.79,144799.99,100,10
2017-11-26,10000043,491,187867.15,95014.01,420000,14,2
2017-11-26,10000043,492,402.33,402.33,402.33,16,2
2017-11-26,10000043,493,369000,369000,369000,5,1
2017-11-26,10000043,496,184788.33,184788.33,184788.33,9,8
2017-11-26,10000043,498,2000000,2000000,2000000,8,1
2017-11-26,10000043,499,6250,6000,6549,279,18
2017-11-26,10000043,501,22836.45,3003.87,29855,58,17
2017-11-26,10000043,503,82895.91,82895.91,82895.91,3,1
2017-11-26,10000043,509,5000000,5000000,5000000,4,1
2017-11-26,10000043,519,1342197.97,1201100.01,1349991.98,947,177
2017-11-26,10000043,520,45331.19,45331.19,45331.19,232,14
2017-11-26,10000043,521,4999939.8,4999939.8,4999939.8,1,1
2017-11-26,10000043,522,3885001.74,655005.21,5500000,3,3
2017-11-26,10000043,523,19914.4,16899,49997.77,68,59
2017-11-26,10000043,524,25899.28,25000,30495.69,6,4
2017-11-26,10000043,526,42998.99,42998.99,42998.99,276,59
2017-11-26,10000043,527,1049999,1049998.95,1049999,325,183
2017-11-26,10000043,530,65158.57,8138.63,69999.99,7,6
2017-11-26,10000043,533,114995.38,114995.36,114995.38,20,8
2017-11-26,10000043,561,6143.48,1698.78,14477.28,23,10
2017-11-26,10000043,562,5509.24,4688.8,11248,24,4
2017-11-26,10000043,563,14930.82,13668.78,19978.95,25,3
2017-11-26,10000043,564,50000,50000,50000,501,13
2017-11-26,10000043,565,24156.56,14887.9,31108.05,7,3
2017-11-26,10000043,566,73281.41,46201.62,74999.97,59,8
2017-11-26,10000043,567,68999.98,68999.98,68999.98,3,1
2017-11-26,10000043,568,160508.47,80000,175000,59,3
2017-11-26,10000043,569,136642.5,46138,227968,14,4
2017-11-26,10000043,570,315806.08,300000,497998,31,5
2017-11-26,10000043,573,1480000,1480000,1480000,6,1
2017-11-26,10000043,577,58779.11,58299.95,59497.84,5,5
2017-11-26,10000043,578,86999.96,86988.88,86999.98,126,83
2017-11-26,10000043,580,164897.26,164486.37,164999.98,5,3
2017-11-26,10000043,581,60981.43,39999,102946.28,3,3
2017-11-26,10000043,582,145050,145050,145050,1,1
2017-11-26,10000043,583,311953.8,250156.23,320156.23,21,20
2017-11-26,10000043,584,325549.14,295200.17,334999.49,8,7
2017-11-26,10000043,585,320633.59,173327.26,327998.91,21,13
2017-11-26,10000043,586,404737.09,180001.56,500000,19,19
2017-11-26,10000043,587,292045.12,251007.05,296998.5,27,20
2017-11-26,10000043,588,13838.11,4500.04,46521.38,9,8
2017-11-26,10000043,589,297323.69,261100.01,333998.94,53,50
2017-11-26,10000043,590,373666.12,336654.51,373999.99,4,4
2017-11-26,10000043,591,437156,345026.09,479998,89,49
2017-11-26,10000043,592,220673.22,150039.31,225000,6,6
2017-11-26,10000043,593,429710.18,365000.19,436989.41,57,29
2017-11-26,10000043,594,416000.35,310001.94,439999.99,11,11
2017-11-26,10000043,596,4999,2500,28685.25,109,58
2017-11-26,10000043,597,437996.9,331001.15,439000,117,82
2017-11-26,10000043,598,393265.57,91500.04,443158.99,16,10
2017-11-26,10000043,599,239999.99,239999.99,239999.99,12,3
2017-11-26,10000043,601,16138.61,6025,48865.12,14,13
2017-11-26,10000043,602,335999.94,335999.93,335999.97,17,13
2017-11-26,10000043,603,278133.77,161001.05,424997.97,97,25
2017-11-26,10000043,605,452516.09,339000,494999.77,62,41
2017-11-26,10000043,606,9375.23,3001.08,28965.25,29,24
2017-11-26,10000043,607,431893.08,430000,447990,49,36
2017-11-26,10000043,608,408645.43,270384.53,439979.83,29,26
2017-11-26,10000043,609,279218.18,221700.01,288000,11,9
2017-11-26,10000043,620,7571801.42,5400556.03,7949409.89,27,22
2017-11-26,10000043,621,10700873.12,8212389.97,12106524.56,41,32
2017-11-26,10000043,622,10057364.39,9351555.91,10099999.99,14,14
2017-11-26,10000043,623,8938643.14,8081000.09,9820000,14,12
2017-11-26,10000043,624,9349144.03,5625002,9699999.78,30,28
2017-11-26,10000043,625,7149223.91,7149223.91,7149223.92,7,6
2017-11-26,10000043,626,9124257.32,8800000,9299985.11,55,42
2017-11-26,10000043,627,8490459.69,7601000.23,8900993.9,19,16
2017-11-26,10000043,628,8424479.18,6000003.64,8700000,37,34
2017-11-26,10000043,629,7177054.77,4125001,7756520.04,46,14
2017-11-26,10000043,630,8099996.99,8099996.99,8099996.99,1,1
2017-11-26,10000043,631,6701613.02,6500004.05,6903221.98,2,2
2017-11-26,10000043,632,7733011.12,6209126.07,8410293.44,13,10
2017-11-26,10000043,633,7749998,7499996,7999999.99,4,4
2017-11-26,10000043,634,7628522.79,7125013.11,7712441.07,7,7
2017-11-26,10000043,638,156125258.19,141563153.51,167499998.98,10,10
2017-11-26,10000043,639,158587306.95,146012002.03,164874959.41,3,3
2017-11-26,10000043,640,146604802.4,135708004.01,162949999,5,5
2017-11-26,10000043,641,188749949.06,121000102,208999905.98,16,16
2017-11-26,10000043,642,161222590.05,143000800.22,163000800.14,9,9
2017-11-26,10000043,643,182637637.16,173001001.52,183002000.96,11,11
2017-11-26,10000043,644,141004711.2,101023560.04,150999998.99,5,5
2017-11-26,10000043,645,161491432.76,155007000.03,165006999.98,21,20
2017-11-26,10000043,648,823677.43,819999.5,824494.96,11,11
2017-11-26,10000043,649,1273985.46,961817.06,1299999.5,26,21
2017-11-26,10000043,650,898076.98,500008.93,999998.98,26,26
2017-11-26,10000043,651,813742.72,398105.16,999997.93,7,7
2017-11-26,10000043,652,1462714.51,776003.15,1649999.37,14,13
2017-11-26,10000043,653,1137104.18,1100000,1298936.96,8,8
2017-11-26,10000043,654,1148748.31,1000000.5,1199996.87,8,8
2017-11-26,10000043,655,1358766.93,930120,1449995.9,33,28
2017-11-26,10000043,656,1228199.57,888898.63,1304999.95,33,32
2017-11-26,10000043,657,1629528.26,1200200.15,1740000,45,40
2017-11-26,10000043,672,10000,10000,11499.98,283,81
2017-11-26,10000043,683,2800000,2800000,2800000,1,1
2017-11-26,10000043,684,3100000,3100000,3100000,4,4
2017-11-26,10000043,685,3300000,3300000,3300000,1,1
2017-11-26,10000043,687,99998856,99998856,99998856,1,1
2017-11-26,10000043,690,3100000,3100000,3100000,2,2
2017-11-26,10000043,691,3300000,3300000,3300000,4,4
2017-11-26,10000043,692,82000000,82000000,82000000,1,1
2017-11-26,10000043,786,60000,60000,60000,3,3
2017-11-26,10000043,790,999960,999960,999960,1,1
2017-11-26,10000043,803,5000000,5000000,5000000,5,1
2017-11-26,10000043,804,3000000,3000000,3000000,1,1
2017-11-26,10000043,805,4000000,4000000,4000000,1,1
2017-11-26,10000043,808,2499999.92,2499999.92,2499999.92,2,2
2017-11-26,10000043,809,1499993.6,1499993.6,1499993.6,1,1
2017-11-26,10000043,810,1798996.47,1798996.47,1798996.47,2,2
2017-11-26,10000043,811,266666.66,150000,499999.97,3,3
2017-11-26,10000043,812,386666.63,160000,499999.95,3,3
2017-11-26,10000043,813,339999.98,180000,499999.95,2,2
2017-11-26,10000043,814,319999.98,140000,499999.95,2,2
2017-11-26,10000043,819,20000,20000,20000,1,1
2017-11-26,10000043,820,60000,60000,60000,1,1
2017-11-26,10000043,821,140000,90000,190000,2,2
2017-11-26,10000043,822,555000,555000,555000,2,2
2017-11-26,10000043,825,600000,600000,600000,1,1
2017-11-26,10000043,827,1800000,1800000,1800000,2,2
2017-11-26,10000043,828,3000000,3000000,3000000,2,2
2017-11-26,10000043,831,10900000,10900000,10900000,1,1
2017-11-26,10000043,836,90000,90000,90000,1,1
2017-11-26,10000043,838,150000,150000,150000,1,1
2017-11-26,10000043,839,185280,185280,185280,3,3
2017-11-26,10000043,840,600000,600000,600000,3,3
2017-11-26,10000043,841,900000,900000,900000,2,2
2017-11-26,10000043,842,1200000,1200000,1200000,3,3
2017-11-26,10000043,843,1500000,1500000,1500000,2,2
2017-11-26,10000043,844,2000000,2000000,2000000,1,1
2017-11-26,10000043,845,6000000,6000000,6000000,1,1
2017-11-26,10000043,846,9000000,9000000,9000000,1,1
2017-11-26,10000043,847,12000000,12000000,12000000,1,1
2017-11-26,10000043,848,15000000,15000000,15000000,1,1
2017-11-26,10000043,879,20000,20000,20000,1,1
2017-11-26,10000043,880,30000,30000,30000,1,1
2017-11-26,10000043,881,40000,40000,40000,1,1
2017-11-26,10000043,882,50000,50000,50000,2,2
2017-11-26,10000043,883,60000,60000,60000,2,2
2017-11-26,10000043,884,74166.67,70000,120000,12,4
2017-11-26,10000043,885,80000,80000,80000,1,1
2017-11-26,10000043,886,100000,100000,100000,2,2
2017-11-26,10000043,887,80000,80000,80000,1,1
2017-11-26,10000043,889,165000,165000,165000,1,1
2017-11-26,10000043,890,205000,205000,205000,1,1
2017-11-26,10000043,891,235000,235000,235000,1,1
2017-11-26,10000043,892,275000,275000,275000,1,1
2017-11-26,10000043,893,325000,325000,325000,1,1
2017-11-26,10000043,936,2365000,2175000,2554999.99,2,2
2017-11-26,10000043,937,2679166.67,2575000,3200000,6,6
2017-11-26,10000043,938,3083333.33,2875000,3500000,3,3
2017-11-26,10000043,939,3100000,3100000,3100000,1,1
2017-11-26,10000043,940,3444000,3444000,3444000,6,6
2017-11-26,10000043,941,3200000,3200000,3200000,1,1
2017-11-26,10000043,944,3215000,2875000,3555000,2,2
2017-11-26,10000043,945,2950000,2950000,2950000,2,2
2017-11-26,10000043,946,2780000,2780000,2780000,1,1
2017-11-26,10000043,949,3400000,3400000,3400000,2,2
2017-11-26,10000043,950,3150000,3150000,3150000,2,2
2017-11-26,10000043,952,2895000,2895000,2895000,3,3
2017-11-26,10000043,954,2999900,2999900,2999900,1,1
2017-11-26,10000043,955,2793120.55,2793120.55,2793120.55,3,3
2017-11-26,10000043,956,3400000,3400000,3400000,3,2
2017-11-26,10000043,969,87488510,87488510,87488510,1,1
2017-11-26,10000043,971,88999991.01,88999991.01,88999991.01,1,1
2017-11-26,10000043,973,81750000,81750000,81750000,2,2
2017-11-26,10000043,983,4600000,4600000,4600000,2,2
2017-11-26,10000043,984,8200000,8200000,8200000,2,2
2017-11-26,10000043,985,3599991,3599991,3599991,2,2
2017-11-26,10000043,986,5200000,5200000,5200000,1,1
2017-11-26,10000043,987,11200000,11200000,11200000,1,1
2017-11-26,10000043,988,3334443.99,3334443.99,3334443.99,2,2
2017-11-26,10000043,989,3999998,3999998,3999998,2,2
2017-11-26,10000043,990,6899999.25,6899999,6899999.99,4,4
2017-11-26,10000043,991,5800000,5800000,5800000,4,4
2017-11-26,10000043,992,12677000,12677000,12677000,2,2
2017-11-26,10000043,1010,49920,49920,49920,1,1
2017-11-26,10000043,1026,87360,87360,87360,1,1
2017-11-26,10000043,1067,316360,316360,316360,2,2
2017-11-26,10000043,1072,110700,64500,180000,5,4
2017-11-26,10000043,1076,20000,20000,20000,2,2
2017-11-26,10000043,1079,999999.84,999999.84,999999.84,2,2
2017-11-26,10000043,1096,266600,243200,290000,2,2
2017-11-26,10000043,1099,200000,200000,200000,3,3
2017-11-26,10000043,1109,199680,199680,199680,1,1
2017-11-26,10000043,1115,189999.99,189999.99,189999.99,8,3
2017-11-26,10000043,1121,1790000,1790000,1790000,2,2
2017-11-26,10000043,1123,2666000,2666000,2666000,2,2
2017-11-26,10000043,1128,281240,281240,281240,1,1
2017-11-26,10000043,1129,874500,750000,999000,2,2
2017-11-26,10000043,1131,30000,30000,30000,2,2
2017-11-26,10000043,1137,100000,100000,100000,1,1
2017-11-26,10000043,1138,80000,80000,80000,3,3
2017-11-26,10000043,1139,110000,110000,110000,2,2
2017-11-26,10000043,1143,275000,275000,275000,1,1
2017-11-26,10000043,1144,325000,325000,325000,2,1
2017-11-26,10000043,1145,400000,400000,400000,4,3
2017-11-26,10000043,1146,200000,200000,200000,1,1
2017-11-26,10000043,1147,300000,300000,300000,1,1
2017-11-26,10000043,1148,400000,400000,400000,2,2
2017-11-26,10000043,1149,500000,500000,500000,1,1
2017-11-26,10000043,1150,600000,600000,600000,1,1
2017-11-26,10000043,1151,700000,700000,700000,1,1
2017-11-26,10000043,1152,800000,800000,800000,1,1
2017-11-26,10000043,1154,30000,30000,30000,2,2
2017-11-26,10000043,1155,20000,20000,20000,2,2
2017-11-26,10000043,1156,10000,10000,10000,3,3
2017-11-26,10000043,1158,15000,15000,15000,1,1
2017-11-26,10000043,1159,25000,25000,25000,4,4
2017-11-26,10000043,1160,109230.77,35000,1000000,13,13
2017-11-26,10000043,1161,40000,40000,40000,3,3
2017-11-26,10000043,1165,125000,125000,125000,1,1
2017-11-26,10000043,1170,3000000,3000000,3000000,2,2
2017-11-26,10000043,1171,2000000,2000000,2000000,1,1
2017-11-26,10000043,1172,1000000,1000000,1000000,1,1
2017-11-26,10000043,1173,1250000,1250000,1250000,1,1
2017-11-26,10000043,1174,1500000,1500000,1500000,1,1
2017-11-26,10000043,1175,2500000,2500000,2500000,1,1
2017-11-26,10000043,1176,3500000,3500000,3500000,1,1
2017-11-26,10000043,1177,4000000,4000000,4000000,2,2
2017-11-26,10000043,1178,100000,100000,100000,1,1
2017-11-26,10000043,1179,250000,250000,250000,3,2
2017-11-26,10000043,1182,57920.16,6998.79,59998.44,51,35
2017-11-26,10000043,1183,690342.82,690342.8,690342.83,134,92
2017-11-26,10000043,1185,19641.73,6006.24,24999.98,18,14
2017-11-26,10000043,1195,46723.87,18777.51,47499.92,64,41
2017-11-26,10000043,1196,237500,237500,237500,2,2
2017-11-26,10000043,1197,14397.83,14397.83,14397.83,1,1
2017-11-26,10000043,1198,689997.44,689996.7,689997.81,3,3
2017-11-26,10000043,1201,35876.7,35876.7,35876.7,142,28
2017-11-26,10000043,1208,29440,29440,29440,1,1
2017-11-26,10000043,1214,5800000,5000000,6600000,2,2
2017-11-26,10000043,1220,45000,45000,45000,3,3
2017-11-26,10000043,1221,9000000,9000000,9000000,3,3
2017-11-26,10000043,1223,4801.01,4801.01,4801.01,3303,6
2017-11-26,10000043,1224,43.05,40.01,43.07,5062537,137
2017-11-26,10000043,1225,3260.04,3260.04,3260.04,2053,8
2017-11-26,10000043,1226,385.01,385.01,385.01,44368,13
2017-11-26,10000043,1227,99.99,77.24,115,301617,39
2017-11-26,10000043,1228,16.61,16.61,16.61,13822264,129
2017-11-26,10000043,1229,550.15,550.15,550.15,12532,13
2017-11-26,10000043,1230,11.19,11.19,11.23,33932194,255
2017-11-26,10000043,1231,521.33,521.33,521.33,14130,10
2017-11-26,10000043,1232,911.04,911.04,911.04,254,3
2017-11-26,10000043,1236,749998.9,470000.24,749998.99,212,122
2017-11-26,10000043,1244,9498.75,4046.65,14333.99,71,42
2017-11-26,10000043,1246,15844.02,886.87,16994.57,14,8
2017-11-26,10000043,1248,683090.95,549999.99,759997.94,87,37
2017-11-26,10000043,1256,534241.89,459897.79,589999.97,14,8
2017-11-26,10000043,1264,174546.01,174546.01,174546.01,1,1
2017-11-26,10000043,1266,241726.87,240910.49,241998.99,4,4
2017-11-26,10000043,1274,16634.81,105.26,24899.58,3,3
2017-11-26,10000043,1276,457435.48,93001.93,479998.94,55,6
2017-11-26,10000043,1286,109999.71,109999.71,109999.71,103,5
2017-11-26,10000043,1294,29999.95,29999.95,29999.95,1,1
2017-11-26,10000043,1296,131250.25,1,175000,8,8
2017-11-26,10000043,1304,13998.01,13500,15979.93,18,14
2017-11-26,10000043,1305,74680,74680,74680,1,1
2017-11-26,10000043,1306,289998.99,289998.96,289999,326,140
2017-11-26,10000043,1315,3000000,3000000,3000000,3,1
2017-11-26,10000043,1317,1724,438,2690,152,69
2017-11-26,10000043,1318,16640,16640,16640,13,3
2017-11-26,10000043,1319,528890,490000,528897.91,1038,296
2017-11-26,10000043,1333,21998.99,21998.99,21999,6,5
2017-11-26,10000043,1335,539994.85,309999.99,539999.98,339,79
2017-11-26,10000043,1353,14168.83,999,16994.89,11,10
2017-11-26,10000043,1355,772033.1,680082.04,899998.89,77,41
2017-11-26,10000043,1403,25153.55,12800.47,26663.86,100,54
2017-11-26,10000043,1404,54380,54380,54380,11,7
2017-11-26,10000043,1405,569950,519997.95,944987.55,1738,366
2017-11-26,10000043,1419,50011.28,50011.28,50011.28,1,1
2017-11-26,10000043,1422,899996.95,716788.71,899996.98,131,42
2017-11-26,10000043,1436,1072450.65,478001.09,1121987.88,26,15
2017-11-26,10000043,1445,27286.73,1000,30999.98,24,14
2017-11-26,10000043,1447,729997.99,719999,729999,337,93
2017-11-26,10000043,1539,16999.99,16999.99,16999.99,612,11
2017-11-26,10000043,1540,320000,320000,320000,1,1
2017-11-26,10000043,1541,1499995.91,864112.64,1499997.79,163,97
2017-11-26,10000043,1549,102021.54,102021.54,102021.54,2,2
2017-11-26,10000043,1551,44999.99,44999.99,44999.99,1,1
2017-11-26,10000043,1553,502354.74,10000.15,508000,93,4
2017-11-26,10000043,1559,999998.99,999998.99,999998.99,167,5
2017-11-26,10000043,1563,44900,44900,44900,2,1
2017-11-26,10000043,1564,650000,650000,650000,2,2
2017-11-26,10000043,1565,999999,999999,999999,1,1
2017-11-26,10000043,1808,51756.01,18879.88,53879.85,33,25
2017-11-26,10000043,1810,35,10.48,53.95,4830,27
2017-11-26,10000043,1814,1.53,1.53,1.53,2600,19
2017-11-26,10000043,1816,6.02,6.02,6.02,27040,30
2017-11-26,10000043,1818,139.9,139.9,139.9,279662,35
2017-11-26,10000043,1820,124.9,124.9,124.9,49899,30
2017-11-26,10000043,1822,76.99,76.99,76.99,16800,35
2017-11-26,10000043,1824,7.23,7.23,7.23,56714,37
2017-11-26,10000043,1826,155.65,155.65,155.65,3000,12
2017-11-26,10000043,1828,302,302,302,4705,9
2017-11-26,10000043,1830,98.31,98.31,98.31,2400,10
2017-11-26,10000043,1832,150.28,150.28,150.28,8116,11
2017-11-26,10000043,1855,1062173.52,740000.18,1429999,23,15
2017-11-26,10000043,1875,123794.62,11111.58,149999.98,53,12
2017-11-26,10000043,1877,1287999.95,1150013.08,1287999.97,399,91
2017-11-26,10000043,1944,1157276.4,900012.25,1199999.98,53,48
2017-11-26,10000043,1945,5800000,5800000,5800000,1,1
2017-11-26,10000043,1948,27000.68,1002.09,39999.98,9,4
2017-11-26,10000043,1949,83247.27,48000.02,188989,4,2
2017-11-26,10000043,1951,9166666.33,8000000,9749999.5,3,3
2017-11-26,10000043,1952,1433229.88,1423228.9,1433229.91,294,160
2017-11-26,10000043,1955,24679.98,24679.98,24679.98,5,2
2017-11-26,10000043,1956,74900,74900,74900,4,1
2017-11-26,10000043,1957,25265.35,24998.72,28997.99,15,8
2017-11-26,10000043,1958,43298.99,43298.99,43298.99,8,4
2017-11-26,10000043,1964,1124089.15,826362.81,1433224.31,39,14
2017-11-26,10000043,1968,53999.95,53999.94,53999.95,12,6
2017-11-26,10000043,1969,1797782.95,1460000.78,2154330.82,37,15
2017-11-26,10000043,1973,11110.85,899.96,17999.96,59,30
2017-11-26,10000043,1977,19402.84,19298,22411.22,52,43
2017-11-26,10000043,1978,1389995.93,1106778.78,1389995.96,209,117
2017-11-26,10000043,1986,8291.63,500.06,30000,12,6
2017-11-26,10000043,1987,1123830.49,876000.02,1798999.96,89,34
2017-11-26,10000043,1998,74616.46,25001,81144.32,11,8
2017-11-26,10000043,1999,1249999.98,1199998.92,1250000,281,109
2017-11-26,10000043,2006,8701100.37,6000980.25,9417000.13,44,38
2017-11-26,10000043,2007,88500000,82750000,100000000,3,3
2017-11-26,10000043,2018,198499.92,198499.92,198499.92,184,9
2017-11-26,10000043,2020,319989.7,319989.7,319989.7,6,4
2017-11-26,10000043,2024,1379987.98,1379986.95,1379988,129,65
2017-11-26,10000043,2026,140000000,140000000,140000000,1,1
2017-11-26,10000043,2032,524289.39,524289.15,524289.4,587,234
2017-11-26,10000043,2038,905084.33,680100.43,974298.98,34,30
2017-11-26,10000043,2040,116999946.99,116999946.99,116999946.99,1,1
2017-11-26,10000043,2046,9999.84,9999.84,9999.84,898,185
2017-11-26,10000043,2047,65384.62,50000,250000,13,4
2017-11-26,10000043,2048,509131.3,509131.3,509135,3122,978
2017-11-26,10000043,2050,275751717.6,240150013.61,289992000,7,6
2017-11-26,10000043,2073,1,1,1,397637,2
2017-11-26,10000043,2078,33500000.03,33500000.03,33500000.03,1,1
2017-11-26,10000043,2082,175425299.69,150086001,179998998.8,10,10
2017-11-26,10000043,2104,729554.8,379111.03,1079998.9,10,5
2017-11-26,10000043,2108,27973.33,9920.02,36999.99,6,5
2017-11-26,10000043,2109,1270616.58,1110110.81,1499910.94,34,13
2017-11-26,10000043,2117,2027081.98,1800000.53,2199996.02,24,20
2017-11-26,10000043,2161,406936.42,250002,489540.54,14,9
2017-11-26,10000043,2162,2439125,2375000,2888000,8,8
2017-11-26,10000043,2173,20800,20791.21,22441.21,303,76
2017-11-26,10000043,2174,1700000,1700000,1700000,10,2
2017-11-26,10000043,2175,998999.76,975000.99,998999.97,562,100
2017-11-26,10000043,2183,26424.26,26424.26,26424.26,2045,118
2017-11-26,10000043,2184,1800000,1800000,1800000,1,1
2017-11-26,10000043,2185,1000203.6,1000203.56,1000203.61,1489,246
2017-11-26,10000043,2193,97879.89,97879.89,97879.89,1454,40
2017-11-26,10000043,2194,6000000,6000000,6000000,5,2
2017-11-26,10000043,2195,2023999.99,2000000,2024334.26,516,53
2017-11-26,10000043,2203,2944.23,2944.23,2944.23,3705,141
2017-11-26,10000043,2204,259333.33,227500,323000,9,8
2017-11-26,10000043,2205,444326.79,399999.98,444329.8,2079,240
2017-11-26,10000043,2254,81000.01,81000.01,81000.01,105,27
2017-11-26,10000043,2267,2.43,2.43,2.43,10683674,4
2017-11-26,10000043,2268,2,2,2,6289879,6
2017-11-26,10000043,2270,4.49,4.49,4.49,737627,1
2017-11-26,10000043,2272,1,1,1,2413488,4
2017-11-26,10000043,2281,2817944.76,2600090.4,2817947.25,1110,417
2017-11-26,10000043,2288,0.5,0.5,0.5,3759394,2
2017-11-26,10000043,2289,48885.3,48885.3,48885.3,1,1
2017-11-26,10000043,2291,143224.31,143224.31,143224.32,3,3
2017-11-26,10000043,2293,126634.8,66679.01,131678.98,38,15
2017-11-26,10000043,2295,110898.82,58997.78,144324.32,7,7
2017-11-26,10000043,2297,1135478.57,666889.1,1812424,22,14
2017-11-26,10000043,2299,1975678.59,1700892.33,2084224.3,47,28
2017-11-26,10000043,2301,2376999.94,2000019.35,2376999.96,159,92
2017-11-26,10000043,2303,2090388.53,1698771.15,2399997.99,66,39
2017-11-26,10000043,2305,6.32,6.32,6.32,2318,1
2017-11-26,10000043,2306,6.01,6.01,6.01,1165440,3
2017-11-26,10000043,2307,6,6,6,1182243,1
2017-11-26,10000043,2308,2.47,2.47,2.47,2825915,4
2017-11-26,10000043,2309,4.27,4.27,4.27,1829359,5
2017-11-26,10000043,2310,0.77,0.77,0.77,157022,2
2017-11-26,10000043,2311,3.1,3.1,3.1,3,1
2017-11-26,10000043,2312,11001.16,11001.16,11001.16,19685,5
2017-11-26,10000043,2317,10100.13,10100.13,10100.13,13771,5
2017-11-26,10000043,2319,8000,7043.05,8999.92,33668,26
2017-11-26,10000043,2321,14999,14999,14999,7920,1
2017-11-26,10000043,2327,14201.55,14201.55,14201.55,5310,2
2017-11-26,10000043,2328,10144.23,9999,10144.32,45422,8
2017-11-26,10000043,2329,9497.74,9400.01,9497.74,12189,9
2017-11-26,10000043,2331,7512.47,966.78,13999.89,16,9
2017-11-26,10000043,2333,2299991.99,1887330.17,2299994,113,79
2017-11-26,10000043,2341,652770.55,110100.05,944977.98,20,7
2017-11-26,10000043,2344,65000,65000,65000,655,4
2017-11-26,10000043,2346,88999.89,88993,88999.89,2712,12
2017-11-26,10000043,2348,111698.78,108998.87,119999.99,7062,12
2017-11-26,10000043,2349,101103,101103,101103,204,3
2017-11-26,10000043,2351,149887.96,72400.57,149887.99,125,12
2017-11-26,10000043,2352,113344.92,97850,113898.25,29,8
2017-11-26,10000043,2354,92000,92000,92000,1272,4
2017-11-26,10000043,2355,706011.71,120015.68,2463999.85,4,3
2017-11-26,10000043,2358,104996,104995.99,104997.99,2601,6
2017-11-26,10000043,2360,67500,67500,67500,23,1
2017-11-26,10000043,2361,122000,122000,122000,1229,3
2017-11-26,10000043,2363,44341,44341,44341,244,35
2017-11-26,10000043,2364,1306888.77,1306886,1319993.79,570,236
2017-11-26,10000043,2366,116004,116004,116004,10,1
2017-11-26,10000043,2367,149998.98,149998.96,149999.49,1409,5
2017-11-26,10000043,2389,474.99,400.05,475,213680,17
2017-11-26,10000043,2390,575,575,575,549228,18
2017-11-26,10000043,2392,774,774,774,148793,15
2017-11-26,10000043,2393,350.15,350.15,380.94,490817,24
2017-11-26,10000043,2395,814,814,814,125471,8
2017-11-26,10000043,2396,350.03,350.03,350.03,294024,19
2017-11-26,10000043,2397,879.92,879.92,879.92,208413,8
2017-11-26,10000043,2398,420.2,420.18,480.18,521900,27
2017-11-26,10000043,2399,643.08,643,643.22,604212,37
2017-11-26,10000043,2400,416.03,415.02,488.9,454290,25
2017-11-26,10000043,2401,918.99,850.02,919.98,423225,26
2017-11-26,10000043,2403,7999984.9,7500000,8999957.89,31,19
2017-11-26,10000043,2404,1299998,1009115.07,1400000,300,70
2017-11-26,10000043,2406,1172844.77,1000000,1999965.09,53,31
2017-11-26,10000043,2410,1119997.96,1000012.61,1119998.92,181,40
2017-11-26,10000043,2420,4724523.64,4357684.82,5099991.89,80,31
2017-11-26,10000043,2436,1921058.92,1640471.87,2399997.98,53,15
2017-11-26,10000043,2444,39000,39000,39000,903,47
2017-11-26,10000043,2445,7000000,7000000,7000000,1,1
2017-11-26,10000043,2446,2090000,1600011.29,2100000,459,99
2017-11-26,10000043,2454,2799.99,2720,2800,4054,297
2017-11-26,10000043,2455,255571.43,250000,266000,14,5
2017-11-26,10000043,2456,399986.98,399984.98,399986.99,3302,454
2017-11-26,10000043,2463,6483.99,6050,6485.78,116785,18
2017-11-26,10000043,2464,2744.32,2744.32,2744.32,3579,83
2017-11-26,10000043,2465,309777.5,300000,319555,2,2
2017-11-26,10000043,2466,353003.35,353003.35,353003.35,417,24
2017-11-26,10000043,2476,22224.11,22224.05,39999.99,163,30
2017-11-26,10000043,2477,4000000,4000000,4000000,1,1
2017-11-26,10000043,2478,1558913.06,1558913.06,1558913.06,190,24
2017-11-26,10000043,2486,6499.97,5377.91,6899.95,1336,113
2017-11-26,10000043,2487,432500,400000,465000,2,2
2017-11-26,10000043,2488,409998.99,409998.89,410000,2531,329
2017-11-26,10000043,2495,543101.44,500000,549989,48,31
2017-11-26,10000043,2505,1058135.1,500000,2499986,43,30
2017-11-26,10000043,2506,101.3,101.3,101.3,34392,22
2017-11-26,10000043,2507,7000000,7000000,7000000,3,3
2017-11-26,10000043,2508,193,193,193,4808,13
2017-11-26,10000043,2509,10000000,10000000,10000000,1,1
2017-11-26,10000043,2510,188.91,188.91,188.91,16058,23
2017-11-26,10000043,2511,8000000,8000000,8000000,3,3
2017-11-26,10000043,2512,5,5,5,53638,40
2017-11-26,10000043,2513,35000,35000,35000,2,2
2017-11-26,10000043,2514,3.44,3.44,3.44,34822,43
2017-11-26,10000043,2515,40000,40000,40000,2,2
2017-11-26,10000043,2516,3.21,3.21,3.21,21744,45
2017-11-26,10000043,2517,50000,50000,50000,2,2
2017-11-26,10000043,2524,81000.02,81000.02,81000.02,146,37
2017-11-26,10000043,2525,91346.2,81000,274989.99,75,16
2017-11-26,10000043,2529,14143.32,14143.32,14143.32,1,1
2017-11-26,10000043,2531,498280.83,446987.8,601213,21,10
2017-11-26,10000043,2533,81000.01,81000,81000.01,118,22
2017-11-26,10000043,2534,81000.01,81000.01,81000.01,203,34
2017-11-26,10000043,2537,28620.49,6877.79,32077,19,15
2017-11-26,10000043,2539,1271662.18,829890.05,1587999.98,96,56
2017-11-26,10000043,2545,66991.99,66991.99,66991.99,1,1
2017-11-26,10000043,2547,735277.18,616798.8,972233.94,33,19
2017-11-26,10000043,2549,81000,81000,81000,105,25
2017-11-26,10000043,2550,81000.01,81000.01,81000.01,101,19
2017-11-26,10000043,2551,126377.22,81000,349994.82,82,19
2017-11-26,10000043,2553,1144795.75,893891.05,1144796,191,114
2017-11-26,10000043,2559,1481955.7,1325002.17,1549968.88,86,23
2017-11-26,10000043,2563,1736066.77,1253001,1819997.8,73,23
2017-11-26,10000043,2567,1949989,1629778.77,1949989.97,109,31
2017-11-26,10000043,2571,1619999,1619999,1619999,106,25
2017-11-26,10000043,2575,1539282.58,1200006.56,1608996.85,88,22
2017-11-26,10000043,2589,191282498.02,155630198.83,204999914.22,8,8
2017-11-26,10000043,2603,7504.93,3947.37,7998.96,82,44
2017-11-26,10000043,2605,304332.21,260007.24,319994.85,943,391
2017-11-26,10000043,2613,191.93,180,191.93,201314,48
2017-11-26,10000043,2621,581.29,581.29,581.31,210298,23
2017-11-26,10000043,2629,537.47,519.95,537.48,525967,41
2017-11-26,10000043,2637,663.95,663.95,663.95,231111,4
2017-11-26,10000043,2647,98.4,98.4,98.4,50268,11
2017-11-26,10000043,2655,256.78,256.78,256.78,46174,8
2017-11-26,10000043,2679,169.99,106.68,174.98,1067332,46
2017-11-26,10000043,2739,50000000,50000000,50000000,4,3
2017-11-26,10000043,2801,1066.87,1066.87,1066.87,4443,3
2017-11-26,10000043,2811,1246.92,1246.92,1246.92,49335,12
2017-11-26,10000043,2817,103.93,103.92,103.96,50104,21
2017-11-26,10000043,2865,3701165,3701165,3701165,8,1
2017-11-26,10000043,2867,2110000.41,2110000,2195000.12,638,14
2017-11-26,10000043,2868,2861998.99,2861998.89,2862001.42,280,10
2017-11-26,10000043,2869,1051002.34,1051000,1051002.36,1572,21
2017-11-26,10000043,2870,1159999,970006.08,1160000,824,25
2017-11-26,10000043,2871,1400771.85,1400770.71,1685995.99,313,15
2017-11-26,10000043,2872,2294999.98,2294999.48,2299000,361,17
2017-11-26,10000043,2873,683223.1,683223.1,683223.1,335,48
2017-11-26,10000043,2875,1479999.99,1450000,1499999.98,1605,15
2017-11-26,10000043,2876,2437000,2437000,2437000,1421,21
2017-11-26,10000043,2881,544332.21,539999.99,544332.24,213,33
2017-11-26,10000043,2889,844134.25,605995.94,844134.28,347,52
2017-11-26,10000043,2897,1983433.99,1983433.98,1983433.99,170,22
2017-11-26,10000043,2905,752817.83,686879.89,794334.32,44,12
2017-11-26,10000043,2913,2048899.4,1699000.58,2048899.45,208,41
2017-11-26,10000043,2921,1584070.93,1006711,1750000,93,23
2017-11-26,10000043,2929,3455881.72,3000414.11,3999912,79,23
2017-11-26,10000043,2937,1550000,1550000,1550000,113,23
2017-11-26,10000043,2945,1500110.16,1500110.16,1500110.17,14,4
2017-11-26,10000043,2948,740000000,740000000,740000000,1,1
2017-11-26,10000043,2953,509555,509555,509555,16,1
2017-11-26,10000043,2961,4910095.24,4500002.88,5289869.11,77,22
2017-11-26,10000043,2969,2344111.99,1851113.13,2344112,179,30
2017-11-26,10000043,2977,1120000,1119999,1120000,255,37
2017-11-26,10000043,2993,534916.24,466877.79,544113.32,67,18
2017-11-26,10000043,2998,67454302.14,58000013.55,69999999.98,15,15
2017-11-26,10000043,3001,410000,406887.79,503877.78,230,32
2017-11-26,10000043,3009,1780741.73,1509010.48,1801123.99,43,6
2017-11-26,10000043,3017,659246.85,599999,839899.96,41,21
2017-11-26,10000043,3025,1799977.94,1799977.94,1799977.94,107,31
2017-11-26,10000043,3033,949999,949999,949999,264,49
2017-11-26,10000043,3039,498000060.7,498000060.7,498000060.7,1,1
2017-11-26,10000043,3041,683244.32,683244.32,683442.21,227,51
2017-11-26,10000043,3049,1732972.54,1000002.03,2319348.96,36,15
2017-11-26,10000043,3057,4606500,4412501.22,5182497,142,29
2017-11-26,10000043,3065,4601816.6,4316729.79,4776722.98,91,21
2017-11-26,10000043,3074,1224232,1224232,1224232,143,30
2017-11-26,10000043,3082,1992001.54,1592001.63,2098999.96,275,53
2017-11-26,10000043,3088,9499999.88,9499999.88,9499999.88,1,1
2017-11-26,10000043,3090,4909299.98,4909299.98,5488878.98,139,17
2017-11-26,10000043,3095,700000000,700000000,700000000,1,1
2017-11-26,10000043,3098,549452.37,366877.79,594334.31,72,16
2017-11-26,10000043,3106,1844322.34,1844322.34,1844322.34,1,1
2017-11-26,10000043,3114,2266142.02,1656034.8,2799986,15,6
2017-11-26,10000043,3117,18499676.99,18499671.98,18499681.99,2,2
2017-11-26,10000043,3118,114999567.11,114999567,114999567.34,3,3
2017-11-26,10000043,3119,648000000,648000000,648000000,1,1
2017-11-26,10000043,3122,2439990.81,2439990.81,2439990.81,2,1
2017-11-26,10000043,3125,12367999.99,12367999.99,12367999.99,1,1
2017-11-26,10000043,3130,1714798.99,1669998.78,1799998.96,50,11
2017-11-26,10000043,3136,10299997.85,10299997.85,10299997.85,3,2
2017-11-26,10000043,3138,1830087.79,1830087.79,1830087.79,132,21
2017-11-26,10000043,3141,10299698.15,10299698.15,10299698.15,1,1
2017-11-26,10000043,3144,30000000,30000000,30000000,1,1
2017-11-26,10000043,3146,2168781.99,1688779.98,2300778,231,46
2017-11-26,10000043,3154,4363003.82,3019921.39,4809921.37,75,13
2017-11-26,10000043,3162,569099.02,488778.76,594324.29,63,22
2017-11-26,10000043,3170,700000,699999.99,700000,157,40
2017-11-26,10000043,3178,963423.18,819879.33,963423.28,268,62
2017-11-26,10000043,3184,2874986.84,1600000,4999966.68,16,16
2017-11-26,10000043,3186,4399999.98,3412001.85,4499989.94,220,34
2017-11-26,10000043,3190,9999995.96,9999995.96,9999995.96,3,3
2017-11-26,10000043,3204,11199998.22,11199998.22,11199998.22,1,1
2017-11-26,10000043,3236,9200000,9200000,9200000,1,1
2017-11-26,10000043,3237,10999999.97,10999999.97,10999999.97,1,1
2017-11-26,10000043,3238,117999389.91,117999384.9,117999394.91,2,2
2017-11-26,10000043,3242,47007.85,17783.54,49999.99,62,12
2017-11-26,10000043,3243,999995.41,999995.41,999995.41,3,3
2017-11-26,10000043,3244,1799999.96,1450068.09,2199996.79,563,296
2017-11-26,10000043,3247,12997239.36,12997239.36,12997239.36,1,1
2017-11-26,10000043,3253,11200000,11200000,11200000,1,1
2017-11-26,10000043,3256,6999999.2,6999999,6999999.98,15,15
2017-11-26,10000043,3257,99999969.97,99999969.97,99999969.97,1,1
2017-11-26,10000043,3265,6832002.93,4748885.55,7048576.99,24,18
2017-11-26,10000043,3266,129995474.89,129995474.59,129995475.18,2,2
2017-11-26,10000043,3285,1512406.52,1286668.88,1521434.23,26,6
2017-11-26,10000043,3293,66187.45,64999.94,72000,16,13
2017-11-26,10000043,3296,103807.94,152.61,300000,27,14
2017-11-26,10000043,3297,22554.18,100.17,43221.23,31,14
2017-11-26,10000043,3301,61622.92,20000,93996,16,16
2017-11-26,10000043,3302,72091.2,20000,349909,38,19
2017-11-26,10000043,3303,21196.93,20000,22000,51,49
2017-11-26,10000043,3304,111167.14,100000,118898.09,22,22
2017-11-26,10000043,3305,111630,100000,118898.74,13,13
2017-11-26,10000043,3306,106296.18,100000,116999.68,54,52
2017-11-26,10000043,3307,2246214.29,2000000,5000000,42,20
2017-11-26,10000043,3308,2833317.83,2000000,6999907,18,9
2017-11-26,10000043,3309,3483896.28,2000000,4999976,31,29
2017-11-26,10000043,3310,42449.99,40000,44899.98,10,10
2017-11-26,10000043,3311,60013.98,59998.95,80000,7,7
2017-11-26,10000043,3312,60059.99,60000,60099.98,5,5
2017-11-26,10000043,3315,1499924.31,1000000,2499767.99,15,15
2017-11-26,10000043,3316,70000,70000,70000,5,5
2017-11-26,10000043,3317,442835.96,100000,899936.37,7,7
2017-11-26,10000043,3318,67256.08,1005.01,74899.96,9,7
2017-11-26,10000043,3319,20600,20000,21000,10,10
2017-11-26,10000043,3320,49873.04,10000,89736.31,22,22
2017-11-26,10000043,3321,28026.18,20000,31000,32,29
2017-11-26,10000043,3322,46248.39,25000,54997.73,24,21
2017-11-26,10000043,3323,119906.85,30000,299717.83,30,27
2017-11-26,10000043,3324,112947.36,100000,119886.98,28,25
2017-11-26,10000043,3325,549401.16,400000,719968.33,17,16
2017-11-26,10000043,3326,383514.97,350000,398899.31,26,22
2017-11-26,10000043,3328,49617.09,40000,80848.78,47,36
2017-11-26,10000043,3329,50225.77,43000,300000,31,30
2017-11-26,10000043,3330,40287.94,40100,47989.97,34,25
2017-11-26,10000043,3331,41850.99,40000,47989.97,69,67
2017-11-26,10000043,3332,490028.48,36000.46,500000,52,43
2017-11-26,10000043,3333,531956.52,500000,549000,23,22
2017-11-26,10000043,3334,503535.92,500000,539900,39,29
2017-11-26,10000043,3335,516255.73,500000,545799.99,61,60
2017-11-26,10000043,3336,4079589.85,4000000,4344889,39,29
2017-11-26,10000043,3337,4188176.36,4000000,4344989.99,22,21
2017-11-26,10000043,3338,3969048.07,2000003.28,4345828.95,35,34
2017-11-26,10000043,3339,4165433.69,4000000,4345990,32,32
2017-11-26,10000043,3340,319191.49,300000,339000,47,36
2017-11-26,10000043,3341,318750,300000,325000,16,16
2017-11-26,10000043,3342,321749.76,300000,328999.68,16,16
2017-11-26,10000043,3343,303446.87,300000,329498.93,19,19
2017-11-26,10000043,3348,28146.14,20000,33245.79,43,43
2017-11-26,10000043,3349,84999.99,75000,94999.97,6,6
2017-11-26,10000043,3350,112999.99,100000,119999.99,20,20
2017-11-26,10000043,3351,1566595.54,400000,2399878.17,12,10
2017-11-26,10000043,3352,1299966.01,400000,3999864.04,8,8
2017-11-26,10000043,3354,3760844.52,2500000,6597994.87,13,13
2017-11-26,10000043,3355,96079.04,20000,198875.58,61,49
2017-11-26,10000043,3356,60732.77,60000,61989.28,34,31
2017-11-26,10000043,3357,365119.45,180000,1799797.92,35,32
2017-11-26,10000043,3358,105527.78,100000,119899.99,18,15
2017-11-26,10000043,3359,201747.21,200000,204989.85,40,36
2017-11-26,10000043,3361,434718.19,200000,1999504,23,21
2017-11-26,10000043,3363,24380.67,21000,199199.19,47,47
2017-11-26,10000043,3368,69499.99,40000,98999.98,6,6
2017-11-26,10000043,3373,1000000,1000000,1000000,3,3
2017-11-26,10000043,3380,64999.69,20000,199998.78,8,8
2017-11-26,10000043,3385,47259.48,100.02,50000,27,27
2017-11-26,10000043,3386,19999.99,19999.99,20000,21,2
2017-11-26,10000043,3387,162392.14,150000,396989.94,28,28
2017-11-26,10000043,3388,219113.74,172249.5,250000,14,14
2017-11-26,10000043,3389,276895.02,50002.08,315000,21,21
2017-11-26,10000043,3392,31111.09,19999.99,42222.18,2,2
2017-11-26,10000043,3393,28862.58,200.06,29979.78,22,22
2017-11-26,10000043,3394,62249.25,60000,62999,8,8
2017-11-26,10000043,3395,377737.05,80000,749903.09,9,9
2017-11-26,10000043,3396,2044499.9,2000000,2148000,10,10
2017-11-26,10000043,3397,1204272.45,1000000,1748999,11,7
2017-11-26,10000043,3398,25269407.94,25000000,26885855.6,7,5
2017-11-26,10000043,3400,103495000,100000000,106990000,2,2
2017-11-26,10000043,3403,387618.4,300000,989999,63,25
2017-11-26,10000043,3405,56295.46,25000,1400000,44,40
2017-11-26,10000043,3406,315984.05,300000,329836.9,28,25
2017-11-26,10000043,3408,15000000,15000000,15000000,2,2
2017-11-26,10000043,3409,369568,350000,399900,25,25
2017-11-26,10000043,3410,656525.19,450000,1178957.16,65,35
2017-11-26,10000043,3411,431507.47,75000,1894999.81,10,9
2017-11-26,10000043,3412,467142.89,450000,490000.12,7,7
2017-11-26,10000043,3413,19999.99,19999.98,20000,2,2
2017-11-26,10000043,3415,169877955.98,169877955.98,169877955.98,1,1
2017-11-26,10000043,3416,100343.67,35000,389924.38,70,51
2017-11-26,10000043,3417,42000,40000,45999.99,6,6
2017-11-26,10000043,3418,170883.68,170000,171988.27,9,9
2017-11-26,10000043,3419,156625.44,134953,170000,34,15
2017-11-26,10000043,3420,204193.97,210.06,210000,32,13
2017-11-26,10000043,3421,130753.41,130000,131989.67,37,36
2017-11-26,10000043,3422,168002.2,80000,599926.14,70,25
2017-11-26,10000043,3423,80310,75000,89665,69,60
2017-11-26,10000043,3424,80411.11,79000,81000,13,13
2017-11-26,10000043,3425,81732.43,100.02,84000,37,18
2017-11-26,10000043,3426,19999.99,19999.98,19999.99,2,2
2017-11-26,10000043,3427,129949.17,120000,139898.34,8,8
2017-11-26,10000043,3428,93950,88000,99899.99,8,8
2017-11-26,10000043,3429,108559.83,100000,114979.7,7,7
2017-11-26,10000043,3430,492595.71,500.06,505000,31,27
2017-11-26,10000043,3431,75664.41,75000,77989.83,9,9
2017-11-26,10000043,3432,100449.99,100000,100899.98,6,6
2017-11-26,10000043,3433,112735.98,100000,119899.96,25,25
2017-11-26,10000043,3434,79427.76,23013.12,80000,28,28
2017-11-26,10000043,3435,57335.57,116.85,67776.99,11,11
2017-11-26,10000043,3436,20939.24,20000,24998.99,33,14
2017-11-26,10000043,3437,68876.22,40000,449809.01,27,8
2017-11-26,10000043,3438,48485.18,40000,399962.78,43,32
2017-11-26,10000043,3439,213598.93,200000,228897.7,34,34
2017-11-26,10000043,3440,233181.36,220000,248999,22,22
2017-11-26,10000043,3441,381672.57,380000,382989.81,34,34
2017-11-26,10000043,3442,492226.95,100535,500000,88,58
2017-11-26,10000043,3443,171599.99,20000,398999.97,5,5
2017-11-26,10000043,3444,111529.16,100000,119899.99,24,24
2017-11-26,10000043,3446,99050,75000,100000,40,40
2017-11-26,10000043,3447,9749916.21,7500000,11999832.41,4,4
2017-11-26,10000043,3449,24999.95,24999.95,24999.95,1,1
2017-11-26,10000043,3450,22693.55,22500,23999.99,31,12
2017-11-26,10000043,3451,49750,30500,300000,28,28
2017-11-26,10000043,3452,40926.06,40000,42999,68,48
2017-11-26,10000043,3453,25000,25000,25000,27,9
2017-11-26,10000043,3454,346541.69,340000,398875.34,27,8
2017-11-26,10000043,3455,71153.76,30000,389999.28,26,7
2017-11-26,10000043,3456,9818406.39,5508017.07,10000000,21,21
2017-11-26,10000043,3465,88087.87,88087.87,88087.87,4,2
2017-11-26,10000043,3466,36276.29,36219.11,37133.95,16,11
2017-11-26,10000043,3467,7741.25,7675,8999.99,80,25
2017-11-26,10000043,3482,783999987.29,783999987.29,783999987.29,1,1
2017-11-26,10000043,3488,961954.57,444444.04,999999,25,13
2017-11-26,10000043,3496,1733377.74,1597984.79,1749988.98,70,51
2017-11-26,10000043,3504,2634580.97,1940242.4,2799995,62,46
2017-11-26,10000043,3512,1423442.21,1420887.81,1423442.21,114,22
2017-11-26,10000043,3520,2036877.13,1606877.05,2046877.1,232,55
2017-11-26,10000043,3528,57337.4,31053,73248.88,35,26
2017-11-26,10000043,3530,1379998.96,1199999,1379998.97,197,125
2017-11-26,10000043,3532,10000000.02,10000000.01,10000000.02,2,2
2017-11-26,10000043,3538,63986.93,31001.11,85977.48,5,5
2017-11-26,10000043,3540,1635725.15,1536890.03,1709175.97,40,22
2017-11-26,10000043,3542,400999748.33,400999723.27,400999798.46,3,3
2017-11-26,10000043,3551,35665.3,35345.92,36000,6,6
2017-11-26,10000043,3552,573.15,530.79,658.76,34,3
2017-11-26,10000043,3553,500000,500000,500000,3,2
2017-11-26,10000043,3554,1998.99,1998.99,1998.99,2011,19
2017-11-26,10000043,3555,1000000,1000000,1000000,3,2
2017-11-26,10000043,3566,20998.9,20998.9,20998.9,230,12
2017-11-26,10000043,3567,112500,112500,112500,1,1
2017-11-26,10000043,3568,1029995,800265.78,1029995.95,188,113
2017-11-26,10000043,3576,15010.68,15010.68,15010.68,3,1
2017-11-26,10000043,3577,702580,702580,702580,1,1
2017-11-26,10000043,3578,2053988,2019999,2053999.98,223,59
2017-11-26,10000043,3581,4206059.84,4206059.84,4206059.84,1,1
2017-11-26,10000043,3588,1206758.6,466898,1699999,5,2
2017-11-26,10000043,3596,18149.24,2788.78,21221.33,6,4
2017-11-26,10000043,3598,3877884.2,1024330,4499998.22,40,8
2017-11-26,10000043,3608,1155664.63,1006789.78,1197186.89,37,18
2017-11-26,10000043,3616,29999999.99,29999999.99,29999999.99,2,2
2017-11-26,10000043,3617,34659510,34659510,34659510,1,1
2017-11-26,10000043,3618,142999999.98,142999999.98,142999999.98,4,2
2017-11-26,10000043,3643,67.88,67.88,67.88,875,10
2017-11-26,10000043,3645,448.94,348.95,450,651284,100
2017-11-26,10000043,3647,3.55,3.55,3.55,141,9
2017-11-26,10000043,3651,103.01,103.01,103.01,135,66
2017-11-26,10000043,3653,32108.01,1003.04,94476.95,9,5
2017-11-26,10000043,3655,4704769.04,4115017.25,4999644.94,3,3
2017-11-26,10000043,3663,11913,11913,11913,2,1
2017-11-26,10000043,3665,663854.9,486003,2086665.96,9,4
2017-11-26,10000043,3673,119.74,119.74,119.74,13525,19
2017-11-26,10000043,3683,359.99,327.51,369,964972,52
2017-11-26,10000043,3685,560,560,560,198300,13
2017-11-26,10000043,3687,780,780,780,471001,50
2017-11-26,10000043,3689,9499,9199,9500,369066,71
2017-11-26,10000043,3691,9050,9000,9648.99,17552,13
2017-11-26,10000043,3693,12949.7,12000.72,12949.75,42223,12
2017-11-26,10000043,3695,7501.03,7501.03,7501.03,34439,12
2017-11-26,10000043,3697,21999,21999,21999,3110,2
2017-11-26,10000043,3699,45,45,45,305172,13
2017-11-26,10000043,3703,45.01,45.01,45.01,130,13
2017-11-26,10000043,3705,242,242,242,230,14
2017-11-26,10000043,3707,13405,13405,13405,200,17
2017-11-26,10000043,3709,61.01,61.01,61.01,200,16
2017-11-26,10000043,3711,47.01,47.01,47.01,80,6
2017-11-26,10000043,3713,8339.98,8262.38,8345.09,25511,30
2017-11-26,10000043,3715,21.25,21.25,21.25,507,33
2017-11-26,10000043,3717,47.82,47.82,47.82,495,25
2017-11-26,10000043,3719,1080,1080,1080,326,15
2017-11-26,10000043,3721,710.51,709.67,710.51,7352,14
2017-11-26,10000043,3723,2896.48,2806.3,3364.36,40656,44
2017-11-26,10000043,3725,12887.99,8430,12888,36980,16
2017-11-26,10000043,3731,412999.56,400000,438998.68,3,3
2017-11-26,10000043,3732,8172499.75,8000000,8689999,4,4
2017-11-26,10000043,3756,52561146.44,48126000.93,56999989.56,42,38
2017-11-26,10000043,3766,365000,365000,365000,7,2
2017-11-26,10000043,3767,2666000,2666000,2666000,2,2
2017-11-26,10000043,3771,25.94,25.94,25.94,161,20
2017-11-26,10000043,3773,602.28,602.25,602.28,310300,20
2017-11-26,10000043,3775,11200.17,11200.17,11200.17,6660,3
2017-11-26,10000043,3777,2552.22,2538.71,2816.98,1149,24
2017-11-26,10000043,3779,854.3,854.3,854.3,36345,5
2017-11-26,10000043,3806,1510,1510,1510,10,1
2017-11-26,10000043,3810,4202,4202,4202,504,10
2017-11-26,10000043,3812,70.06,70.06,70.06,20647,26
2017-11-26,10000043,3814,10.15,10.15,10.15,120,9
2017-11-26,10000043,3818,84.01,84.01,84.01,30,3
2017-11-26,10000043,3820,41.01,41.01,41.01,40,4
2017-11-26,10000043,3822,55.01,55.01,55.01,160,13
2017-11-26,10000043,3824,112,112,112,50,5
2017-11-26,10000043,3826,55.01,55.01,55.01,150,12
2017-11-26,10000043,3828,11111,11110.99,11111,135260,48
2017-11-26,10000043,3829,40495.99,40495.98,40496,170,83
2017-11-26,10000043,3831,766500.21,766500,939985.98,723,193
2017-11-26,10000043,3839,68703.32,16999.37,69931.13,70,28
2017-11-26,10000043,3841,1299999.89,1103102.26,1299999.94,636,256
2017-11-26,10000043,3887,47778.74,47778.74,47778.74,107,35
2017-11-26,10000043,3888,1180633,981639.48,1180633.92,184,103
2017-11-26,10000043,3893,31999989.99,31999989.99,31999989.99,5,5
2017-11-26,10000043,3894,28399745.82,22007211,33800334.95,12,9
2017-11-26,10000043,3895,29713898.71,27999989.99,29999525,7,7
2017-11-26,10000043,3898,15265566.07,15200000,17389999.52,90,26
2017-11-26,10000043,3913,989999,989999,989999,1,1
2017-11-26,10000043,3937,96945.68,96945.68,96945.68,1,1
2017-11-26,10000043,3939,1363424.31,1363424.31,1363424.31,1,1
2017-11-26,10000043,3943,21432.96,21432.96,21432.96,4,1
2017-11-26,10000043,3947,78769.87,78769.87,78769.87,1,1
2017-11-26,10000043,3949,1789999.89,1789999.89,1789999.89,2,1
2017-11-26,10000043,3953,86779.89,86779.89,86779.89,1,1
2017-11-26,10000043,3955,1449998.99,1449998.99,1449998.99,1,1
2017-11-26,10000043,3962,108000000,108000000,108000000,5,3
2017-11-26,10000043,3978,3000000,3000000,3000000,1,1
2017-11-26,10000043,3982,3200000,3200000,3200000,1,1
2017-11-26,10000043,3983,200001.33,200001.33,200001.33,8,1
2017-11-26,10000043,3988,3400000,3400000,3400000,1,1
2017-11-26,10000043,3989,19995.23,19995.23,19995.23,7,1
2017-11-26,10000043,3993,173960.5,11921,336000,2,2
2017-11-26,10000043,3994,3600000,3600000,3600000,1,1
2017-11-26,10000043,3995,2656484.01,300000.04,3000000.02,30,4
2017-11-26,10000043,4003,316999999.99,316999999.99,316999999.99,1,1
2017-11-26,10000043,4020,462497.47,25005.06,899989.87,2,2
2017-11-26,10000043,4025,41949,30020.18,41950,474,219
2017-11-26,10000043,4027,83999.92,54000.99,84997,587,234
2017-11-26,10000043,4051,20499.89,20499.8,23338.82,159678,38
2017-11-26,10000043,4062,54000000,54000000,54000000,1,1
2017-11-26,10000043,4147,1986391.79,1301005.81,2269999.78,41,4
2017-11-26,10000043,4166,2999999.95,2999999.95,2999999.95,1,1
2017-11-26,10000043,4170,10445,10445,10445,1,1
2017-11-26,10000043,4171,26000,26000,26000,2,2
2017-11-26,10000043,4172,1000000,1000000,1000000,1,1
2017-11-26,10000043,4198,7.01,7.01,7.01,1,1
2017-11-26,10000043,4225,575376.24,752.54,1149999.95,4,4
2017-11-26,10000043,4233,859999.88,859999.88,859999.88,1,1
2017-11-26,10000043,4242,604572.12,300002.24,901499.53,7,4
2017-11-26,10000043,4246,21498.97,21498.97,21499.88,123011,38
2017-11-26,10000043,4247,20198.94,19995,20198.98,538674,84
2017-11-26,10000043,4248,5989950.61,5939998.02,6399662,10,5
2017-11-26,10000043,4250,2014048.95,1999989,2329900,81,41
2017-11-26,10000043,4254,994568.82,890101.09,1034218.99,55,34
2017-11-26,10000043,4256,5124916.58,5100000,6499000,12,3
2017-11-26,10000043,4258,1860058.79,1517887.86,1979998.93,62,51
2017-11-26,10000043,4260,1291229.46,986880.04,1379997.93,31,31
2017-11-26,10000043,4292,106999964.94,99999989.99,113999939.89,2,2
2017-11-26,10000043,4294,94885698.25,92999979.95,100542863.15,4,4
2017-11-26,10000043,4296,128006,128006,128006,4,1
2017-11-26,10000043,4302,71250488.41,60004009.52,71999991.99,16,13
2017-11-26,10000043,4306,58006495.49,56999999,61999981,6,6
2017-11-26,10000043,4308,67160831.17,57465000.5,68999997,12,11
2017-11-26,10000043,4310,58953905.49,36990003.25,62332966.97,15,14
2017-11-26,10000043,4312,20991.98,20991.98,20991.98,76345,32
2017-11-26,10000043,4313,12899999,12899999,12899999,1,1
2017-11-26,10000043,4314,10599891,10599891,10599891,2,2
2017-11-26,10000043,4315,12666000,12666000,12666000,3,3
2017-11-26,10000043,4316,12700000,12700000,12700000,5,5
2017-11-26,10000043,4345,419749969.95,419749969.95,419749969.95,2,2
2017-11-26,10000043,4346,625111192.06,625111192.04,625111192.08,2,2
2017-11-26,10000043,4347,1098988909.39,1098988909.38,1098988909.39,2,2
2017-11-26,10000043,4348,545761663.81,505142500.75,626999989.94,3,3
2017-11-26,10000043,4349,373637384.22,336999977.68,389999987.98,20,19
2017-11-26,10000043,4358,15505.02,15505.02,15505.02,225,12
2017-11-26,10000043,4383,1495008.5,1400000,1875005.95,186,82
2017-11-26,10000043,4385,4821930.85,4500000,4982894.94,30,30
2017-11-26,10000043,4391,128758.01,111258.01,131258.01,24,12
2017-11-26,10000043,4393,61234.29,60234.31,61234.3,171,58
2017-11-26,10000043,4395,416683.6,200006.92,444687.49,70,46
2017-11-26,10000043,4397,4357648.72,200002.69,4690162,12,12
2017-11-26,10000043,4399,6806720,5025002.04,6925002,26,23
2017-11-26,10000043,4403,750000,750000,750000,830,104
2017-11-26,10000043,4405,1309888.7,1309888.68,1309889.93,830,310
2017-11-26,10000043,4409,65091,65091,65091,133,10
2017-11-26,10000043,4411,629497.88,600000,658995.76,8,8
2017-11-26,10000043,4435,1000.2,1000.2,1000.2,196,81
2017-11-26,10000043,4471,34821.31,4001.42,198000,74,51
2017-11-26,10000043,4477,44438.99,11007.17,45579.99,189,98
2017-11-26,10000043,4529,888.22,503.06,5000,69,50
2017-11-26,10000043,4531,14377.28,1777.79,39000,48,33
2017-11-26,10000043,4533,98492.35,56677,124999,86,50
2017-11-26,10000043,4535,3918.9,2999.85,17750,79,31
2017-11-26,10000043,4569,5894.57,3000,15000,38,22
2017-11-26,10000043,4571,13008.01,9801.35,28999.98,29,18
2017-11-26,10000043,4573,129149.06,45560.8,199998,66,55
2017-11-26,10000043,4575,38917.43,13001.07,105799.99,21,16
2017-11-26,10000043,4609,14604.06,14603.16,14604.24,69,21
2017-11-26,10000043,4611,25562.03,25562.02,25562.03,65,16
2017-11-26,10000043,4613,14701.53,12115.16,42000,57,22
2017-11-26,10000043,4615,13058.51,11141.89,23599.99,65,20
2017-11-26,10000043,4787,4600.01,4600.01,4700,133,90
2017-11-26,10000043,4829,1989.9,1250,8799,10,6
2017-11-26,10000043,4831,1310.01,1310.01,1310.01,29,17
2017-11-26,10000043,4833,249998.99,82004.13,249999.96,104,76
2017-11-26,10000043,4835,1801.23,1280.01,17997.96,31,18
2017-11-26,10000043,4871,33001.06,33001.06,33001.06,126,49
2017-11-26,10000043,5007,3199.98,3199.98,3199.98,176,38
2017-11-26,10000043,5009,2088.15,2015,2111.01,57,37
2017-11-26,10000043,5011,246949,246949,246949,159,60
2017-11-26,10000043,5013,2031.12,50.01,2250.01,45,33
2017-11-26,10000043,5047,35335.55,35335.34,35335.71,72,18
2017-11-26,10000043,5049,50121.07,50121.06,50121.07,84,24
2017-11-26,10000043,5051,40049.09,35235.06,74332,67,26
2017-11-26,10000043,5053,41538.72,1008.93,42010,87,23
2017-11-26,10000043,5087,1806,1670.26,2199.78,76,49
2017-11-26,10000043,5089,255.21,255.21,255.21,110,61
2017-11-26,10000043,5091,507.12,101,1198.99,55,32
2017-11-26,10000043,5093,111.46,111.43,111.48,162,90
2017-11-26,10000043,5137,3001.08,3001.05,14998,270,91
2017-11-26,10000043,5141,6000.02,6000.02,6000.02,155,90
2017-11-26,10000043,5175,10444.42,1000,29999.91,18,11
2017-11-26,10000043,5177,1229.77,499.97,10749.95,24,17
2017-11-26,10000043,5179,424110,424059.62,424167.9,196,25
2017-11-26,10000043,5181,9592.75,9126.24,9826,9,9
2017-11-26,10000043,5215,6500.17,6000.19,16000.19,20,16
2017-11-26,10000043,5217,21781.96,1470,177777.77,37,23
2017-11-26,10000043,5219,222987.69,121555.01,243554.86,83,23
2017-11-26,10000043,5221,88193,44444,157777,42,18
2017-11-26,10000043,5239,3525.87,3525.87,3525.87,253,111
2017-11-26,10000043,5245,1000.01,120.11,1000.01,159,77
2017-11-26,10000043,5279,1469,1010,11999,47,27
2017-11-26,10000043,5281,2439.9,2100.01,4000.09,33,24
2017-11-26,10000043,5282,7965.05,3000.01,24887.99,51,22
2017-11-26,10000043,5299,6218.76,5190.12,15000,15,13
2017-11-26,10000043,5301,3708.75,1000.01,9499,49,31
2017-11-26,10000043,5302,35116.73,16501.9,53998.95,97,46
2017-11-26,10000043,5319,60665.5,421.02,249749.5,26,21
2017-11-26,10000043,5320,9994.55,2517.69,18508.43,54,41
2017-11-26,10000043,5321,2517.2,1017.26,5204.7,50,27
2017-11-26,10000043,5322,5739.2,5006.54,14989.96,34,23
2017-11-26,10000043,5339,3122,3122,3122,21,15
2017-11-26,10000043,5340,3605.61,2806.05,14000,14,10
2017-11-26,10000043,5342,4011,4011,4011,12,8
2017-11-26,10000043,5361,19676.41,2010.28,187504.6,21,18
2017-11-26,10000043,5363,131372.96,6010.26,400010.23,22,17
2017-11-26,10000043,5365,14926.32,8020.01,17996.9,13,8
2017-11-26,10000043,5399,7000.01,7000.01,7000.01,225,103
2017-11-26,10000043,5403,33000.46,11000.92,38888,122,69
2017-11-26,10000043,5405,921.17,921.01,49984.86,248,108
2017-11-26,10000043,5439,8700.07,8700.05,17999.97,377,158
2017-11-26,10000043,5443,99988.9,99988.9,99988.9,191,117
2017-11-26,10000043,5445,16998.99,12071.79,22999.93,281,128
2017-11-26,10000043,5493,41632.27,25000.08,49989.75,80,42
2017-11-26,10000043,5533,74218.98,73000,74219.99,145,80
2017-11-26,10000043,5599,38000,9000,38000,102,58
2017-11-26,10000043,5631,57998,57998,57998,136,43
2017-11-26,10000043,5647,5418.86,100.02,11749,26,13
2017-11-26,10000043,5649,113.45,50,115.8,29,11
2017-11-26,10000043,5683,97775.76,95124.24,134000,33,20
2017-11-26,10000043,5693,1601.8,1600,1602.01,29,20
2017-11-26,10000043,5697,79073.44,77205,100000,61,23
2017-11-26,10000043,5719,96811.61,78108.3,109998.99,51,14
2017-11-26,10000043,5721,129952.16,120000,131893.01,75,41
2017-11-26,10000043,5723,33264.54,11859.19,99999,48,26
2017-11-26,10000043,5743,1150.33,1000.05,2999.98,35,25
2017-11-26,10000043,5745,337.31,200.01,1983.69,62,41
2017-11-26,10000043,5747,1127.73,801.29,2199.57,35,28
2017-11-26,10000043,5755,79049.15,79049,79049.27,64,26
2017-11-26,10000043,5757,109470.66,109470.66,109470.66,105,36
2017-11-26,10000043,5759,102898.87,92501.64,119999,98,32
2017-11-26,10000043,5839,1599999.89,1235666.01,1649982.89,292,175
2017-11-26,10000043,5849,74001.28,34001.25,149889.97,148,87
2017-11-26,10000043,5865,744.13,0.22,3000.22,23,18
2017-11-26,10000043,5867,1147.06,500,11500,17,14
2017-11-26,10000043,5869,106.58,106.58,106.58,102,50
2017-11-26,10000043,5871,1475.83,4.38,4979.94,17,12
2017-11-26,10000043,5933,40146.23,12032.22,99873.35,84,38
2017-11-26,10000043,5945,347023.01,347023.01,347023.01,182,78
2017-11-26,10000043,5955,47001,47001,47001,191,62
2017-11-26,10000043,5971,29999,25591.31,30224.23,455,203
2017-11-26,10000043,5973,449992.89,362000.09,449993,1173,472
2017-11-26,10000043,5975,6103.64,6103.64,6103.66,325,164
2017-11-26,10000043,6001,44990.9,7457.51,44990.92,301,209
2017-11-26,10000043,6003,5349.54,5201.11,22000,216,139
2017-11-26,10000043,6005,3600.06,3600.06,3600.06,172,98
2017-11-26,10000043,6073,13533.05,9399.05,19999,94,62
2017-11-26,10000043,6131,428.65,428.65,428.67,141,81
2017-11-26,10000043,6135,24842.12,600.13,64134.31,24,19
2017-11-26,10000043,6159,11407.89,2299.98,28984.98,96,52
2017-11-26,10000043,6160,11500.01,1500.01,18999,374,143
2017-11-26,10000043,6173,46975.24,46975.24,46975.24,147,63
2017-11-26,10000043,6176,4783.78,1000,71000,37,30
2017-11-26,10000043,6296,2200.15,2200.14,38975.08,130,64
2017-11-26,10000043,6325,11251.66,4701,18998,50,29
2017-11-26,10000043,6437,132720.42,7687.79,215779.98,15,14
2017-11-26,10000043,6439,3121.43,50.02,20994.99,14,13
2017-11-26,10000043,6441,288361.57,1234,1000000,15,9
2017-11-26,10000043,6443,2182.64,411,40383.88,50,31
2017-11-26,10000043,6485,2230.03,2230.03,2230.03,105,66
2017-11-26,10000043,6527,301.75,301.74,301.76,120,62
2017-11-26,10000043,6569,1052.06,1052.06,1052.06,144,80
2017-11-26,10000043,6631,33504.12,11601.2,89999,54,20
2017-11-26,10000043,6633,14916.9,1100.01,29989,57,36
2017-11-26,10000043,6635,547166.55,266879.88,996998.95,41,26
2017-11-26,10000043,6637,109878.21,15000,139998.96,63,24
2017-11-26,10000043,6671,71345.38,13598.85,99880,60,40
2017-11-26,10000043,6673,18013.88,15299.99,20000,77,38
2017-11-26,10000043,6675,647692.48,506778.87,734999.92,93,52
2017-11-26,10000043,6677,179828.56,40000,449998.89,49,25
2017-11-26,10000043,6715,53804.82,15559.01,71997,86,33
2017-11-26,10000043,6717,8251.28,7777.01,26999,56,22
2017-11-26,10000043,6719,1026977.96,808700.01,1098998,95,53
2017-11-26,10000043,6721,253889.31,40070.91,599997.77,67,33
2017-11-26,10000043,6757,99183.39,2550.19,147499.99,6,2
2017-11-26,10000043,6759,18226.87,1290.34,29996.84,15,9
2017-11-26,10000043,6761,2691698.9,2088933.78,4499994.24,12,6
2017-11-26,10000043,6763,226840.45,175680.9,278000,2,2
2017-11-26,10000043,6805,321548.83,206000,426776.68,11,7
2017-11-26,10000043,6807,20118.79,5678.19,48999.99,3,3
2017-11-26,10000043,6809,9650433.77,4257565.05,10998600,15,7
2017-11-26,10000043,6811,978333.14,978333.12,978333.15,3,3
2017-11-26,10000043,6859,492330.65,38883.87,686664.99,10,5
2017-11-26,10000043,6861,1840.02,0.01,1999.99,11,10
2017-11-26,10000043,6863,5511003.17,3688779.87,14999988,50,8
2017-11-26,10000043,6865,699974.07,508666,719000,48,15
2017-11-26,10000043,6919,40737.51,0.01,41500.01,40,16
2017-11-26,10000043,6921,40193.46,22000,46452.01,31,12
2017-11-26,10000043,6923,370750.09,268779.87,494775.9,75,31
2017-11-26,10000043,6925,78702.26,58998.99,199998.99,28,8
2017-11-26,10000043,6959,44884.28,35000.03,84898,39,21
2017-11-26,10000043,6961,50974.64,50970.01,50980,41,26
2017-11-26,10000043,6963,398999.95,398999.95,398999.95,293,55
2017-11-26,10000043,6965,47789.83,26202.34,91955.32,62,22
2017-11-26,10000043,6999,69653.74,69653.74,69653.74,25,11
2017-11-26,10000043,7001,58800.03,58800.03,58800.03,25,12
2017-11-26,10000043,7003,55424.18,35005.68,83499,38,15
2017-11-26,10000043,7005,56271.76,56271.73,56272.12,24,11
2017-11-26,10000043,7043,117637.51,100000.3,136435.68,29,16
2017-11-26,10000043,7045,55008.58,50009.01,140000,18,12
2017-11-26,10000043,7047,15767.23,15767,15767.55,22,15
2017-11-26,10000043,7049,153495.96,153340.23,157233.59,25,14
2017-11-26,10000043,7085,144868.61,50003,190002.05,76,19
2017-11-26,10000043,7087,1287881,262666.21,1287881.99,129,26
2017-11-26,10000043,7089,1317482.91,213437.64,1489989.98,37,5
2017-11-26,10000043,7123,335491.75,326628.57,335877.11,24,17
2017-11-26,10000043,7125,274001.08,274001.07,274001.15,71,27
2017-11-26,10000043,7127,724898.44,299066.22,1097500,30,14
2017-11-26,10000043,7131,40613.44,6566,187786.05,44,23
2017-11-26,10000043,7167,363710.11,363710.11,363710.11,45,23
2017-11-26,10000043,7169,356699.13,352001.01,361795,72,35
2017-11-26,10000043,7171,224426.49,60017.5,460001.08,34,20
2017-11-26,10000043,7173,235108.5,201000.72,359000,37,16
2017-11-26,10000043,7247,969589.15,637698.79,1743999.98,10,8
2017-11-26,10000043,7249,109999.99,109999.99,109999.99,2,1
2017-11-26,10000043,7251,11.99,11.88,12,23,13
2017-11-26,10000043,7253,148230.78,1000.12,174999.99,13,5
2017-11-26,10000043,7287,623886.99,623555,623887,135,42
2017-11-26,10000043,7289,4123.54,31.13,62000,46,17
2017-11-26,10000043,7291,636.58,105.02,17105.01,32,18
2017-11-26,10000043,7293,34013.66,3445.14,133999.98,21,14
2017-11-26,10000043,7327,544779.65,367967.86,674999.96,35,18
2017-11-26,10000043,7329,1111333.32,500,1999999.98,9,6
2017-11-26,10000043,7331,180.88,180.88,180.88,3,3
2017-11-26,10000043,7333,70400,10000.01,236499.98,15,10
2017-11-26,10000043,7367,1745997.98,1434999.97,1745998.67,193,46
2017-11-26,10000043,7369,43260.03,25001.01,99000,54,29
2017-11-26,10000043,7371,30327.87,30000,50000,61,31
2017-11-26,10000043,7373,22276.98,16092.56,111950,31,18
2017-11-26,10000043,7407,47861.37,47861.37,47861.37,10,8
2017-11-26,10000043,7409,23191.91,23190.01,23194,11,9
2017-11-26,10000043,7411,52368.24,29804,77752.84,17,12
2017-11-26,10000043,7413,49014.02,49014.02,49014.02,5,5
2017-11-26,10000043,7447,510492.45,396999.02,594999.99,14,9
2017-11-26,10000043,7449,303000.1,303000.01,303001,11,6
2017-11-26,10000043,7451,350651.64,347011,351334.32,19,4
2017-11-26,10000043,7453,298011.71,298011,298012,7,6
2017-11-26,10000043,7487,608165.2,438883.8,849996.98,17,10
2017-11-26,10000043,7489,50101.02,202.03,100000,2,2
2017-11-26,10000043,7491,0.01,0.01,0.01,7,7
2017-11-26,10000043,7493,27007.89,10009.86,95000,5,5
2017-11-26,10000043,7535,311448.53,178899.08,443998,32,17
2017-11-26,10000043,7537,66733.4,100.19,199999.98,18,13
2017-11-26,10000043,7539,500,500,500,7,6
2017-11-26,10000043,7541,62727.33,30000.08,150000,11,8
2017-11-26,10000043,7579,1387392.82,1330556.01,1748888,37,19
2017-11-26,10000043,7581,70000.43,70000.43,70000.43,14,11
2017-11-26,10000043,7583,71111.1,20000,250000,9,6
2017-11-26,10000043,7585,189173.39,69998.79,384332.11,21,14
2017-11-26,10000043,7619,1556913.3,1556909.65,1556913.9,7,6
2017-11-26,10000043,7621,20686.48,2507.18,42500,11,6
2017-11-26,10000043,7623,12322.56,12322.55,12322.56,2,2
2017-11-26,10000043,7625,40001.22,40001.22,40001.23,7,7
2017-11-26,10000043,7663,403799.66,306666.01,449999.97,90,14
2017-11-26,10000043,7665,18902.48,18901,18903.22,3,3
2017-11-26,10000043,7667,13033.86,13033.2,13034.52,4,4
2017-11-26,10000043,7669,35027.15,15000,61730.01,7,5
2017-11-26,10000043,7703,493671.69,266110.9,580000,36,14
2017-11-26,10000043,7705,11341.31,11341.08,11342,4,3
2017-11-26,10000043,7707,12719.69,7018.93,15000,7,6
2017-11-26,10000043,7709,70128.9,33445.2,180180,4,4
2017-11-26,10000043,7743,200800.46,104601.02,296999.9,12,9
2017-11-26,10000043,7745,108001.14,108001.13,108001.14,11,7
2017-11-26,10000043,7747,106835.03,106835.02,106835.03,4,3
2017-11-26,10000043,7749,107899.19,107899.18,107899.2,6,5
2017-11-26,10000043,7783,1288391.13,371666.4,1689989.96,87,22
2017-11-26,10000043,7785,203001.24,203001.22,203001.28,17,11
2017-11-26,10000043,7787,281604.81,281604.03,281605,10,7
2017-11-26,10000043,7789,118885.72,118048,120004,7,6
2017-11-26,10000043,7827,353851.77,204000.21,399989.81,55,10
2017-11-26,10000043,7829,112719.25,112719.01,112719.48,2,2
2017-11-26,10000043,7831,178000,178000,178000,8,7
2017-11-26,10000043,7997,594705.74,7343.79,887989.98,18,11
2017-11-26,10000043,8001,2100,2100,2100,12,8
2017-11-26,10000043,8007,109996.69,109996.68,169399.99,364,35
2017-11-26,10000043,8023,11967.45,10000,17750,31,13
2017-11-26,10000043,8025,4954.46,1502.05,18997.94,30,20
2017-11-26,10000043,8027,1187885.97,971555,1187887,140,56
2017-11-26,10000043,8089,475000,306555,484554.99,294,92
2017-11-26,10000043,8091,94984.64,80003.7,119799.92,85,37
2017-11-26,10000043,8101,5212.88,1008.14,18506.97,39,19
2017-11-26,10000043,8103,4538.34,534.08,18152.86,22,8
2017-11-26,10000043,8105,1900000,1339003.81,1997999.95,145,54
2017-11-26,10000043,8113,16999.96,16999.96,19999,238,18
2017-11-26,10000043,8115,2000,2000,2000,21,10
2017-11-26,10000043,8117,145994,145994,145994,202,64
2017-11-26,10000043,8133,9421.91,3000,24965.91,35,21
2017-11-26,10000043,8135,11622.16,5500,35000,45,21
2017-11-26,10000043,8175,1511.01,1511,1511.01,140,61
2017-11-26,10000043,8177,2801.37,2801.37,5998,190,53
2017-11-26,10000043,8225,1000.06,1000.06,1000.06,132,54
2017-11-26,10000043,8263,29998,3727.76,29999,142,67
2017-11-26,10000043,8295,3500.18,3500.18,3500.18,11,6
2017-11-26,10000043,8297,9443.7,1760.02,147749.98,19,13
2017-11-26,10000043,8335,92499.7,10002.12,171998.93,52,30
2017-11-26,10000043,8337,71191.86,4008.02,98006.47,27,16
2017-11-26,10000043,8419,37737.5,13780.89,46888,55,27
2017-11-26,10000043,8427,57297.66,9919.01,69885,43,32
2017-11-26,10000043,8433,599949.99,599949.99,599949.99,189,81
2017-11-26,10000043,8517,3488995.9,3099001.85,3488996.85,180,114
2017-11-26,10000043,8521,225304.27,60000.01,244999,79,62
2017-11-26,10000043,8529,120443.31,78668.89,120443.32,183,92
2017-11-26,10000043,8531,12240.74,11790.8,13000,58,32
2017-11-26,10000043,8535,6221.29,3450,12750,54,31
2017-11-26,10000043,8537,15509.94,1720.2,29999.99,71,35
2017-11-26,10000043,8579,24362.69,6014.05,99846.95,58,32
2017-11-26,10000043,8583,2459.97,2200.08,5000,51,34
2017-11-26,10000043,8585,36070.39,5140.11,96999,70,39
2017-11-26,10000043,8635,126927.7,125032.26,195000,41,18
2017-11-26,10000043,8639,118080.32,114012.54,172999.98,29,21
2017-11-26,10000043,8641,164217.65,130001.03,459996.78,48,25
2017-11-26,10000043,8748,13274.94,5000.02,24994,62,42
2017-11-26,10000043,8759,8085804.46,4396877.79,9779999.99,12,10
2017-11-26,10000043,8785,10085.25,10085.25,10085.25,5,3
2017-11-26,10000043,8787,114112.1,18604.46,187990,9,9
2017-11-26,10000043,8789,272940.55,0.01,300235.59,11,8
2017-11-26,10000043,8815,253790.19,108888.01,404334.31,63,28
2017-11-26,10000043,8817,3845.37,1000,13994.91,13,9
2017-11-26,10000043,8819,1000,1000,1000,11,8
2017-11-26,10000043,8821,8000.01,8000.01,8000.01,13,10
2017-11-26,10000043,8863,797999,797999,799998.99,131,27
2017-11-26,10000043,8865,5100,5100,5100,14,9
2017-11-26,10000043,8867,32111.59,1777.9,50000.98,37,16
2017-11-26,10000043,8869,74669.01,40253.9,174000,27,14
2017-11-26,10000043,8903,228507.46,166879.87,344998.94,23,14
2017-11-26,10000043,8905,2200,2200,2200,18,14
2017-11-26,10000043,8907,101625.16,29999.99,150000,56,25
2017-11-26,10000043,8909,85714.29,40000.01,199999.99,14,13
2017-11-26,10000043,9071,624232.71,624232.71,624232.71,197,5
2017-11-26,10000043,9073,1010.5,1010.5,1010.5,7,4
2017-11-26,10000043,9091,71666.67,25000.01,95000,6,3
2017-11-26,10000043,9093,1800,1800,1800,3,2
2017-11-26,10000043,9127,2656438.07,2606795.01,2667555,11,8
2017-11-26,10000043,9129,2200,2200,2200,12,6
2017-11-26,10000043,9131,114.57,114.55,114.58,4,3
2017-11-26,10000043,9133,99999.76,60000,139999.5,17,11
2017-11-26,10000043,9135,570125.09,466879.87,1742999,48,10
2017-11-26,10000043,9137,193673.98,11348,375999.96,8,3
2017-11-26,10000043,9139,17040.83,17040,17041,13,7
2017-11-26,10000043,9141,50504.91,9009.83,92499.99,8,7
2017-11-26,10000043,9207,206027.83,89901,223414.32,39,10
2017-11-26,10000043,9209,58610.09,12004.6,78999.99,46,12
2017-11-26,10000043,9211,76165.47,12228.75,98999.99,38,8
2017-11-26,10000043,9213,700.19,700.19,700.19,5,4
2017-11-26,10000043,9247,66382.85,66382.85,66382.85,9,4
2017-11-26,10000043,9249,5297.13,1416.06,15000,7,6
2017-11-26,10000043,9251,21918.04,21918.03,21918.04,10,9
2017-11-26,10000043,9253,20644.36,20644.36,20644.37,9,8
2017-11-26,10000043,9287,145657.75,128969.16,245788,14,7
2017-11-26,10000043,9289,98501.64,98501.28,98502,14,7
2017-11-26,10000043,9291,84910.17,84910.17,84910.18,7,5
2017-11-26,10000043,9293,100037.35,100002.17,100041.26,10,6
2017-11-26,10000043,9327,523677.92,379996.87,769986.33,19,4
2017-11-26,10000043,9329,127827.18,122111.13,225000,18,11
2017-11-26,10000043,9331,202998.44,170006.11,224999.99,25,11
2017-11-26,10000043,9333,162361.93,47283.29,212899.46,42,15
2017-11-26,10000043,9367,329032.97,329032.97,329032.97,9,6
2017-11-26,10000043,9369,277700.22,277700.22,277700.22,16,14
2017-11-26,10000043,9371,289344.24,285101.34,292095.99,22,16
2017-11-26,10000043,9377,217008.25,217008,217010,8,6
2017-11-26,10000043,9411,1535037.47,1286877.86,1754241.78,28,15
2017-11-26,10000043,9413,75000,75000,75000,9,8
2017-11-26,10000043,9415,120000.02,120000.02,120000.02,8,7
2017-11-26,10000043,9417,507423.32,488009.12,633615.62,15,9
2017-11-26,10000043,9451,1546560.41,1054566.17,1739222,23,11
2017-11-26,10000043,9453,30016.77,30016.73,30017.14,11,7
2017-11-26,10000043,9455,29252,29252,29252,9,5
2017-11-26,10000043,9457,457690.62,199111,617940,29,10
2017-11-26,10000043,9491,5481943.4,4999908.98,6198777,73,20
2017-11-26,10000043,9493,382146.85,382146.85,382146.85,10,8
2017-11-26,10000043,9495,357102.98,354001.44,357499.98,71,16
2017-11-26,10000043,9497,1176039.24,439222.51,1498392.5,92,24
2017-11-26,10000043,9521,29467.39,1026.74,104124.41,29,19
2017-11-26,10000043,9556,411.46,237.91,498.24,3,3
2017-11-26,10000043,9566,7900868.88,7900868.88,7900868.88,1,1
2017-11-26,10000043,9568,35101.81,6000.26,50000,37,27
2017-11-26,10000043,9580,33061.74,21199.84,41199.86,62,48
2017-11-26,10000043,9582,24425.92,1777.77,138999.99,18,11
2017-11-26,10000043,9608,5399.61,2529.01,20000,40,17
2017-11-26,10000043,9622,8255.01,8255,17998,189,87
2017-11-26,10000043,9632,236798,188999.11,236798.96,251,133
2017-11-26,10000043,9646,15522.8,15498.17,16000,98,39
2017-11-26,10000043,9660,18310.3,12021.92,28999,70,40
2017-11-26,10000043,9668,135003.06,135003.01,229997.99,337,52
2017-11-26,10000043,9670,2741.2,2600.39,3980,68,48
2017-11-26,10000043,9678,268893.57,268893.57,268893.57,103,39
2017-11-26,10000043,9680,55537.03,8827.77,118999.99,66,39
2017-11-26,10000043,9728,144052.4,142001.02,192000,78,47
2017-11-26,10000043,9734,211530.77,208001.01,268001.01,34,26
2017-11-26,10000043,9744,2074.46,2012.55,2817.38,26,19
2017-11-26,10000043,9762,126907.59,51086,210998,62,32
2017-11-26,10000043,9772,182005.35,182005.35,182005.35,164,53
2017-11-26,10000043,9784,7425.61,1861,39999.99,46,36
2017-11-26,10000043,9800,91520.12,70006.22,120000,66,41
2017-11-26,10000043,9808,168001.12,168001.12,168001.12,108,33
2017-11-26,10000043,9826,202.03,202.03,202.03,3305,237
2017-11-26,10000043,9828,910.63,910.61,910.67,294804,15
2017-11-26,10000043,9830,11998.18,11500,11998.3,121597,28
2017-11-26,10000043,9832,8997,8989,8997,476018,60
2017-11-26,10000043,9834,93149.49,93125,93200,14542,37
2017-11-26,10000043,9836,10558.13,10512.05,11597.38,153415,29
2017-11-26,10000043,9838,11180,11177.96,11184,161412,38
2017-11-26,10000043,9840,11999,11999,12489.99,39958,34
2017-11-26,10000043,9842,18784.96,18784.96,18784.96,41935,38
2017-11-26,10000043,9846,120002.87,120002.87,120002.87,111,2
2017-11-26,10000043,9848,88002,87602.24,92199.85,47515,77
2017-11-26,10000043,9850,429.08,428.52,429.45,72745,35
2017-11-26,10000043,9852,56.92,56.9,56.94,1217013,34
2017-11-26,10000043,9899,10235364.01,9999989.99,10799867.92,48,45
2017-11-26,10000043,9941,10554783.54,8500012.9,10596103.99,47,44
2017-11-26,10000043,9942,10509784.9,10259888.79,10796403,48,44
2017-11-26,10000043,9943,10592427.63,8400519.02,10748005.78,50,45
2017-11-26,10000043,9944,54899.96,54899.96,54899.96,300,21
2017-11-26,10000043,9945,249940,249940,249940,2,1
2017-11-26,10000043,9950,2250250.84,2249022.23,2250279.32,122,22
2017-11-26,10000043,9956,8554283.61,7814006.01,8998215.92,51,36
2017-11-26,10000043,9957,20333188.27,15000001.82,22999939.81,9,8
2017-11-26,10000043,10039,421.14,2.4,898.98,32,17
2017-11-26,10000043,10040,3360,3360,3360,1,1
2017-11-26,10000043,10151,8792918.21,4582128.8,9996000.9,9,5
2017-11-26,10000043,10155,9203401.92,4414760.86,10115524.97,25,16
2017-11-26,10000043,10156,24406577.83,18013399,24987775,12,5
2017-11-26,10000043,10190,1219997.95,1219022.04,1219997.96,591,216
2017-11-26,10000043,10204,3499999.45,3499999.45,3499999.45,1,1
2017-11-26,10000043,10208,23274985.99,19500008.43,23816422.93,49,41
2017-11-26,10000043,10209,120295895.92,110006001.88,127498798,17,15
2017-11-26,10000043,10212,22236450.94,19000437.15,22799306.78,49,44
2017-11-26,10000043,10213,123419076.88,107685955.8,128999999.96,15,14
2017-11-26,10000043,10216,23077599.63,22000501.99,23999879.3,63,49
2017-11-26,10000043,10217,121145970.49,104840574.88,127949999.98,17,15
2017-11-26,10000043,10221,23763496.71,21500000.02,24499999.99,52,45
2017-11-26,10000043,10222,116145200.89,105222524.13,120999785,13,12
2017-11-26,10000043,10225,21950610.1,20450631.79,22450597.77,35,26
2017-11-26,10000043,10226,121470220.36,106411007.39,128999826.88,12,9
2017-11-26,10000043,10228,15362317.57,7987963.72,19049494.5,3,3
2017-11-26,10000043,10244,38003567.05,38003562.32,38003576.5,3,3
2017-11-26,10000043,10246,6943.38,6943.38,6943.38,417,66
2017-11-26,10000043,10250,947900,947900,947900,533,69
2017-11-26,10000043,10629,11966.57,11000,12000,30,6
2017-11-26,10000043,10630,30000,30000,30000,1,1
2017-11-26,10000043,10631,500888,500887.97,500889,286,66
2017-11-26,10000043,10678,16644.56,16644.56,16644.56,9,2
2017-11-26,10000043,10679,1001.85,1001.85,1001.85,1,1
2017-11-26,10000043,10680,686345.84,546887.79,744134.32,76,16
2017-11-26,10000043,10688,1800.9,41.17,5000,26,9
2017-11-26,10000043,10690,4840.12,3000.14,25999.95,25,21
2017-11-26,10000043,10692,45.96,13.5,50.02,9,9
2017-11-26,10000043,10694,327615.69,120555.01,435665.95,29,14
2017-11-26,10000043,10836,27029.79,19999.99,28794.99,5,5
2017-11-26,10000043,10838,48999,48999,48999,1,1
2017-11-26,10000043,10840,226437.85,78001.1,374874.59,2,2
2017-11-26,10000043,10842,1705078.82,1300132.11,2379990,8,7
2017-11-26,10000043,10850,644293.55,568878.78,717991.95,68,40
2017-11-26,10000043,10858,1204507.79,1018668.05,1542398,31,18
2017-11-26,10000043,10866,4497.89,4497.89,4497.89,21,16
2017-11-26,10000043,10868,9829.45,225,15750,31,18
2017-11-26,10000043,10870,4571.35,4571.34,4571.35,24,15
2017-11-26,10000043,10872,15187.24,4571.08,42749.99,28,21
2017-11-26,10000043,10874,14580.21,14580.2,14580.22,20,13
2017-11-26,10000043,10876,23877.59,22373.12,31399.92,12,9
2017-11-26,10000043,10878,12075.03,12075.03,12075.03,17,11
2017-11-26,10000043,10880,20091.17,20022.26,21745.07,25,18
2017-11-26,10000043,10882,19002.47,19002.43,19002.48,17,9
2017-11-26,10000043,10884,26448.26,24650.09,74998.99,28,14
2017-11-26,10000043,10886,36001.16,36001.15,36001.16,23,14
2017-11-26,10000043,10888,69193.07,53392.3,211400,20,15
2017-11-26,10000043,10998,18723.95,18723.95,18723.95,690,160
2017-11-26,10000043,11082,1532055.72,275001.02,3799340,31,15
2017-11-26,10000043,11083,1154979.35,1000000,1588921.67,19,19
2017-11-26,10000043,11084,976803.44,270450.03,1069912.54,11,10
2017-11-26,10000043,11105,318190.06,109122.08,399997.95,64,40
2017-11-26,10000043,11129,15999.99,15999.99,15999.99,199,47
2017-11-26,10000043,11132,33515.13,14950,900000,47,32
2017-11-26,10000043,11133,50000,50000,50000,1,1
2017-11-26,10000043,11134,18500,6500.02,19800.01,395,125
2017-11-26,10000043,11135,50000.02,50000,50000.13,8,8
2017-11-26,10000043,11172,50330495.39,46162994.5,89999999.5,10,10
2017-11-26,10000043,11174,44839999,44839999,44839999,2,1
2017-11-26,10000043,11176,34311120.98,32011133.46,35999978.99,13,13
2017-11-26,10000043,11178,48999623.81,48999615.33,48999685,13,10
2017-11-26,10000043,11182,29999966.87,29999958.5,29999983.62,6,6
2017-11-26,10000043,11184,34217459.65,27112015,34849989.98,15,15
2017-11-26,10000043,11186,39956962.38,39053610.42,42287101.45,42,36
2017-11-26,10000043,11188,33666726.8,28500521,34999967,24,21
2017-11-26,10000043,11190,21890014.12,21120120.02,21999998.99,8,6
2017-11-26,10000043,11192,39244984.18,34677879.92,39834301.29,18,14
2017-11-26,10000043,11194,39983230.49,39983225.98,39983235,2,2
2017-11-26,10000043,11196,38519268.54,37500000.3,41888919.98,31,21
2017-11-26,10000043,11198,36421039.74,32000833.82,36788999.97,42,25
2017-11-26,10000043,11200,30411589.16,29000112.95,32000000,10,10
2017-11-26,10000043,11202,34062837.84,30102000.39,36009999,22,21
2017-11-26,10000043,11207,496661.91,150000.41,500000,39,39
2017-11-26,10000043,11217,52834,502.01,78999.99,3,3
2017-11-26,10000043,11219,620392.68,400302.23,748777.95,19,7
2017-11-26,10000043,11227,99999.95,99999.95,99999.95,2,2
2017-11-26,10000043,11229,1021929.7,661009.8,1199999,55,39
2017-11-26,10000043,11237,71440,100.12,118999.92,5,4
2017-11-26,10000043,11239,378904.01,311130.02,649999.97,20,6
2017-11-26,10000043,11247,65000,65000,65000,1,1
2017-11-26,10000043,11249,686750.51,396002.31,979998.44,32,15
2017-11-26,10000043,11255,105.01,105.01,105.01,1,1
2017-11-26,10000043,11257,74999.72,74999.72,74999.72,2,2
2017-11-26,10000043,11259,654894.16,407801.53,929995.75,38,17
2017-11-26,10000043,11267,166177.54,109750,181749.72,39,27
2017-11-26,10000043,11268,1000000,1000000,1000000,2,2
2017-11-26,10000043,11269,941999,941997.88,942996.94,636,320
2017-11-26,10000043,11277,115000,115000,115000,5,4
2017-11-26,10000043,11278,2500000,2500000,2500000,1,1
2017-11-26,10000043,11279,1027948.18,768888.01,1249999.74,13,7
2017-11-26,10000043,11280,7000000,7000000,7000000,3,3
2017-11-26,10000043,11283,2380,2380,2380,3471,19
2017-11-26,10000043,11284,1750000,1750000,1750000,3,2
2017-11-26,10000043,11285,3099.9,2844.32,3099.9,634,27
2017-11-26,10000043,11286,2500000,2500000,2500000,5,4
2017-11-26,10000043,11287,7150.15,7150.15,7150.15,5804,24
2017-11-26,10000043,11288,3750000,3750000,3750000,3,2
2017-11-26,10000043,11289,4949.95,4949.95,4949.95,6312,61
2017-11-26,10000043,11290,5000000,5000000,5000000,2,2
2017-11-26,10000043,11293,33914.99,33394.76,35995.96,10,7
2017-11-26,10000043,11295,416664.53,399996.8,450000,3,3
2017-11-26,10000043,11297,167032.41,29980.07,282999.86,48,17
2017-11-26,10000043,11299,380106,380106,380106,4,4
2017-11-26,10000043,11300,4000000,4000000,4000000,1,1
2017-11-26,10000043,11301,51788.13,15503.79,66649.77,4,4
2017-11-26,10000043,11302,2000000,2000000,2000000,1,1
2017-11-26,10000043,11303,130765,128229.99,133300,4,4
2017-11-26,10000043,11305,146631.32,146631.31,146631.32,2,2
2017-11-26,10000043,11309,154332.2,154332.2,159999.99,532,132
2017-11-26,10000043,11311,58100.16,58100.16,58100.17,180,59
2017-11-26,10000043,11317,157999.02,156667,294888.04,141,62
2017-11-26,10000043,11319,268667.35,268667.33,268667.35,108,32
2017-11-26,10000043,11325,489897,334000.1,491999,361,105
2017-11-26,10000043,11327,483999.98,471201.54,485999,257,53
2017-11-26,10000043,11341,111.11,100.1,9999.5,176,79
2017-11-26,10000043,11343,7029.83,7029.83,7029.83,152,76
2017-11-26,10000043,11349,71000,70000.04,250000,118,75
2017-11-26,10000043,11351,36577.3,34000.23,44895.97,85,40
2017-11-26,10000043,11355,1267.5,977.68,8995.98,83,4
2017-11-26,10000043,11356,49960,49960,49960,1,1
2017-11-26,10000043,11357,20328.43,12668.87,27987.99,6,3
2017-11-26,10000043,11358,124700,124700,124700,1,1
2017-11-26,10000043,11359,26887.79,26887.79,26887.79,23,2
2017-11-26,10000043,11360,312440,312440,312440,1,1
2017-11-26,10000043,11365,37010499.66,36899999,37120999.98,6,6
2017-11-26,10000043,11370,1763985.99,1763970.89,1763987.6,317,184
2017-11-26,10000043,11371,38999662.73,38999657.71,38999677.76,6,6
2017-11-26,10000043,11377,44121203.31,30031962,44949979.94,18,17
2017-11-26,10000043,11379,35082804.73,28412000,36988748.99,9,7
2017-11-26,10000043,11381,40791995.58,39000000,41989989.97,5,4
2017-11-26,10000043,11387,30614405.84,19000147,35728738.17,4,3
2017-11-26,10000043,11393,30999840.44,27000002.01,32999755.99,9,9
2017-11-26,10000043,11395,532785.97,500000,999968.8,61,12
2017-11-26,10000043,11399,9499.89,9499.88,9499.92,77842,65
2017-11-26,10000043,11400,24579311,23000623,26157999,2,2
2017-11-26,10000043,11433,9891258.73,7250552.43,10698999.99,12,8
2017-11-26,10000043,11441,7499577.03,5249995.04,9498947.53,5,5
2017-11-26,10000043,11442,10369999.75,10000000,10500000,8,8
2017-11-26,10000043,11443,9246230.77,7000103.64,9994939.49,8,8
2017-11-26,10000043,11444,5249751.25,3999989.99,10000000,4,4
2017-11-26,10000043,11445,3716666.55,2075000.32,6999999,3,3
2017-11-26,10000043,11446,10503431.67,10000000,10894989.8,16,12
2017-11-26,10000043,11447,9554748.67,6250000.21,10000000,14,13
2017-11-26,10000043,11448,10015425.07,10000000,10499000,12,8
2017-11-26,10000043,11449,10571053.39,10000000,11998686.87,7,7
2017-11-26,10000043,11450,3004997.03,1010004.06,4999989.99,4,4
2017-11-26,10000043,11451,6098572.51,2000002.07,8970000,7,7
2017-11-26,10000043,11452,10536813.09,10000000,10737992,11,8
2017-11-26,10000043,11453,10558215.97,10000000,10697769.96,10,6
2017-11-26,10000043,11454,6233338.43,2300056.38,8199979.46,3,3
2017-11-26,10000043,11455,10168088,9999999.99,10699989.99,11,9
2017-11-26,10000043,11462,220.03,220.03,220.03,200,1
2017-11-26,10000043,11463,700,700,700,160,2
2017-11-26,10000043,11466,776.99,776.99,776.99,160,2
2017-11-26,10000043,11467,220,220,220,100,1
2017-11-26,10000043,11475,299.81,299.81,299.81,6129,7
2017-11-26,10000043,11476,166.25,166.25,166.25,3387,6
2017-11-26,10000043,11478,198,198,198,1423,14
2017-11-26,10000043,11481,272.08,272.08,272.08,10822,13
2017-11-26,10000043,11482,282.99,282.99,283,2586,16
2017-11-26,10000043,11483,262.1,262.1,262.1,2292,26
2017-11-26,10000043,11484,439,439,439,1353,6
2017-11-26,10000043,11486,385.87,385.87,385.87,14368,5
2017-11-26,10000043,11488,786749.97,450000,898999.94,4,3
2017-11-26,10000043,11489,283969.96,247998,500000,17,7
2017-11-26,10000043,11496,12298.9,12298.9,12298.9,778,10
2017-11-26,10000043,11529,9713713.15,6400012.05,10000000,7,7
2017-11-26,10000043,11530,69267.01,2000,74498.89,97,4
2017-11-26,10000043,11531,84987.89,84987.89,84987.89,550,9
2017-11-26,10000043,11534,69793.55,69793.55,69793.55,3332,7
2017-11-26,10000043,11535,54998,54998,54998,2167,9
2017-11-26,10000043,11538,86204,86204,86204,6695,12
2017-11-26,10000043,11539,79990,79990,79990,8488,16
2017-11-26,10000043,11540,80784.98,80784.98,80784.98,14481,7
2017-11-26,10000043,11541,89000,89000,89000,14238,31
2017-11-26,10000043,11542,13498,13498,13498,750,2
2017-11-26,10000043,11543,16369.97,16369.97,16369.97,2639,8
2017-11-26,10000043,11544,15000,15000,15000,250,2
2017-11-26,10000043,11545,18235.97,18235.97,18235.97,29200,19
2017-11-26,10000043,11547,199999.01,199999.01,199999.01,306,10
2017-11-26,10000043,11549,200.01,200.01,200.01,2,1
2017-11-26,10000043,11550,19993.9,19993.9,19993.9,1959,2
2017-11-26,10000043,11553,94999.99,94999.99,94999.99,3911,9
2017-11-26,10000043,11554,124993,124993,124993,2558,16
2017-11-26,10000043,11555,63434.32,63434.32,63434.32,480,6
2017-11-26,10000043,11556,64851,64851,64851,2616,15
2017-11-26,10000043,11557,77341.33,77341.33,77341.33,472,6
2017-11-26,10000043,11558,85824,85824,85824,2152,12
2017-11-26,10000043,11561,204373.15,39009.41,227995.97,8,7
2017-11-26,10000043,11563,187500.05,187500.05,187500.05,292,79
2017-11-26,10000043,11564,1500000,1500000,1500000,1,1
2017-11-26,10000043,11566,391284.87,120000,999934.52,23,23
2017-11-26,10000043,11568,75000000000,75000000000,75000000000,1,1
2017-11-26,10000043,11569,1126885.5,400000,1748935,11,11
2017-11-26,10000043,11572,401663.33,400000,404989.99,6,6
2017-11-26,10000043,11574,2044700,2000000,2149000,10,10
2017-11-26,10000043,11577,4150000,4150000,4150000,173,125
2017-11-26,10000043,11578,6989227,6988999.98,6989227.83,364,294
2017-11-26,10000043,11579,4055506.4,3500000,5249846.9,63,42
2017-11-26,10000043,11584,114973.72,75000,899999.86,38,36
2017-11-26,10000043,11585,2705.51,215.56,3328,5,3
2017-11-26,10000043,11588,2.01,2.01,2.01,6,1
2017-11-26,10000043,11612,249600,249600,249600,1,1
2017-11-26,10000043,11619,149960,149960,149960,1,1
2017-11-26,10000043,11620,24749025,98700,98700000,4,2
2017-11-26,10000043,11621,99000,99000,99000,3,3
2017-11-26,10000043,11629,296960,296960,296960,1,1
2017-11-26,10000043,11632,200000,200000,200000,1,1
2017-11-26,10000043,11640,774999.98,650000.07,779999.93,216,89
2017-11-26,10000043,11642,1336170.27,1295880.41,1364333.99,63,31
2017-11-26,10000043,11644,2032097.89,1683723.8,2229991.39,73,45
2017-11-26,10000043,11646,1895290.77,1699116.54,1978997.68,84,52
2017-11-26,10000043,11648,2148928.76,1550666.44,2439999.94,85,41
2017-11-26,10000043,11688,50994.99,50994.99,50994.99,15316,13
2017-11-26,10000043,11689,59994.77,55000,59994.81,1372,20
2017-11-26,10000043,11690,55099.62,2189.29,63918.01,70,3
2017-11-26,10000043,11691,41000,41000,41000,16797,7
2017-11-26,10000043,11693,47998.33,47998.33,47998.33,999,4
2017-11-26,10000043,11694,25253.44,25253.44,25253.44,1,1
2017-11-26,10000043,11695,39131.2,39131.2,39131.2,500,2
2017-11-26,10000043,11725,13513.96,13513.9,13514.02,2,2
2017-11-26,10000043,11732,1309.18,1.5,1472.64,9,8
2017-11-26,10000043,11733,717.09,717.07,717.1,4,4
2017-11-26,10000043,11734,7504.29,7504.29,7504.29,2,2
2017-11-26,10000043,11735,1360.7,1360.7,1360.7,3,3
2017-11-26,10000043,11736,6811.02,6811.02,6811.02,4,2
2017-11-26,10000043,11737,146.83,146.83,146.83,3,3
2017-11-26,10000043,11738,832.35,832.35,832.35,5,4
2017-11-26,10000043,11739,818.33,818.33,818.33,12,1
2017-11-26,10000043,11740,1001.27,1001.27,1001.27,9,5
2017-11-26,10000043,11741,622.16,622.16,622.16,8,4
2017-11-26,10000043,11798,399680,399680,399680,1,1
2017-11-26,10000043,11878,586240,586240,586240,1,1
2017-11-26,10000043,11885,586240,586240,586240,1,1
2017-11-26,10000043,11890,282640,282640,282640,1,1
2017-11-26,10000043,11944,63889.51,222.78,191222.98,30,3
2017-11-26,10000043,11957,285008251.24,250033043.98,299999984.99,8,8
2017-11-26,10000043,11959,249000000,249000000,249000000,1,1
2017-11-26,10000043,11961,285000155.02,280000310.04,290000000,2,2
2017-11-26,10000043,11963,292666663,289999999.5,297999989.99,3,3
2017-11-26,10000043,11965,264547166.77,220141000.64,273999999.99,6,6
2017-11-26,10000043,11969,264866622.8,260000000,267299934.2,3,3
2017-11-26,10000043,11978,307371007.49,306999963.98,307742050.99,2,2
2017-11-26,10000043,11985,255981769.87,251002005,268425186.05,7,6
2017-11-26,10000043,11987,248105407.01,233421660.85,254999998.7,8,8
2017-11-26,10000043,11989,262499999.77,262499999.77,262499999.77,1,1
2017-11-26,10000043,11993,256001333.74,230005001.27,268999499.98,3,3
2017-11-26,10000043,11995,325306248.53,275919100.01,349999822.8,3,3
2017-11-26,10000043,11999,262889621.22,254889614.48,266889624.6,3,3
2017-11-26,10000043,12003,140000487,140000487,140000487,1,1
2017-11-26,10000043,12005,314999741.09,314999713.06,314999797.16,3,3
2017-11-26,10000043,12011,220100000,220099999.99,220100000,2,2
2017-11-26,10000043,12013,466499999.33,399500000,499999999,3,3
2017-11-26,10000043,12015,173202775.98,162405902.03,183999649.92,2,2
2017-11-26,10000043,12017,397534994.99,397069989.99,397999999.98,2,2
2017-11-26,10000043,12019,243850978.28,220106001.24,249999940.19,6,6
2017-11-26,10000043,12021,397135556.16,281468600.01,420268953,6,6
2017-11-26,10000043,12023,290609398.6,284998998,293830000.19,7,7
2017-11-26,10000043,12032,35245430.48,32000318.09,35999998.75,12,12
2017-11-26,10000043,12034,35995421.87,23000078.8,38994959.92,16,16
2017-11-26,10000043,12038,39506746.92,30799562.01,41993999.9,9,8
2017-11-26,10000043,12042,26104176.5,22208353,30000000,2,2
2017-11-26,10000043,12044,37239727.35,35012000.2,37843323.32,5,5
2017-11-26,10000043,12049,25000,25000,25000,140,7
2017-11-26,10000043,12052,121548.46,67015.14,194999.99,50,32
2017-11-26,10000043,12053,1581880,1581880,1581880,2,2
2017-11-26,10000043,12054,1105413.91,632666,1500000,11,11
2017-11-26,10000043,12055,7909400,7909400,7909400,1,1
2017-11-26,10000043,12056,38304.3,31224.32,102998.5,56,42
2017-11-26,10000043,12057,322560,322560,322560,2,2
2017-11-26,10000043,12058,3179998.9,2991993.05,3179998.98,207,165
2017-11-26,10000043,12066,169377.35,137130.82,249993.98,35,12
2017-11-26,10000043,12067,1612800,1612800,1612800,1,1
2017-11-26,10000043,12068,4593784.44,4250112.2,4799998.94,32,30
2017-11-26,10000043,12076,5698208.59,5167101.81,6024331.18,87,65
2017-11-26,10000043,12084,8878094.15,7419133.01,9949997.99,26,22
2017-11-26,10000043,12092,1145833.33,1000000,2499999.99,72,20
2017-11-26,10000043,12093,4081523.79,4000000,4428000,42,13
2017-11-26,10000043,12095,6166616.41,4000000,16999698.46,6,6
2017-11-26,10000043,12096,29553750,28000000,30486000,8,8
2017-11-26,10000043,12098,19856003,10550110.03,20000000,14,14
2017-11-26,10000043,12102,4077013.05,3098000.31,4390999.07,74,26
2017-11-26,10000043,12108,711808.29,517369.99,789583.6,7,3
2017-11-26,10000043,12109,3500000,3500000,3500000,1,1
2017-11-26,10000043,12110,5006,5006,5006,20,2
2017-11-26,10000043,12179,41918000,40000000,42877000,3,3
2017-11-26,10000043,12180,737495.48,375000,3999954.78,10,10
2017-11-26,10000043,12181,757680.93,350000,2999926.06,13,13
2017-11-26,10000043,12182,592493.48,325000,2999934.81,10,10
2017-11-26,10000043,12183,664276.27,275000,2999933.91,7,7
2017-11-26,10000043,12184,266633.33,250000,299900,12,10
2017-11-26,10000043,12185,234424.59,225000,243849.18,10,10
2017-11-26,10000043,12186,221107.62,200000,239900,13,13
2017-11-26,10000043,12187,187450,175000,199899.99,16,16
2017-11-26,10000043,12188,170047.62,150000,189000,21,21
2017-11-26,10000043,12189,408866.67,400000,439900,9,9
2017-11-26,10000043,12190,244146.39,125000,1199984.86,17,17
2017-11-26,10000043,12191,93064.83,75000,99839.14,11,11
2017-11-26,10000043,12192,108362.54,100000,119899.09,19,19
2017-11-26,10000043,12193,359347.07,50000,599944.89,16,16
2017-11-26,10000043,12194,321428.57,300000,450000,7,7
2017-11-26,10000043,12195,97035.32,25000,149985.67,14,14
2017-11-26,10000043,12196,299999.64,299999,300000,11,11
2017-11-26,10000043,12198,948000,948000,948000,205,22
2017-11-26,10000043,12199,2871917.02,509002.06,3344500.01,24,6
2017-11-26,10000043,12201,3249999,3249999,3249999,8,8
2017-11-26,10000043,12202,4073326.21,3993900.11,4092979,10,10
2017-11-26,10000043,12203,8222221.18,8000000.08,9999989.95,9,9
2017-11-26,10000043,12204,3247945.17,3000000,4350905.77,25,25
2017-11-26,10000043,12205,8986808.52,5531589.64,9000000,35,16
2017-11-26,10000043,12206,5972703.78,5497997.04,5999094.99,19,19
2017-11-26,10000043,12207,5824368.14,2250250.01,6500000,21,13
2017-11-26,10000043,12208,3799669.01,3799661.33,3799868.65,27,8
2017-11-26,10000043,12209,8522009.14,5022009.37,9022009,8,8
2017-11-26,10000043,12210,3669793.65,403001.03,3999950.99,23,22
2017-11-26,10000043,12211,4289264.77,2500050.43,4299094.99,20,20
2017-11-26,10000043,12212,9935163.63,5769478.79,17000000,9,7
2017-11-26,10000043,12213,1035001.21,1000000,1250000,20,20
2017-11-26,10000043,12214,3013391.53,3000000,3729977.86,46,27
2017-11-26,10000043,12215,9009406.1,9000000,9797979.24,24,17
2017-11-26,10000043,12217,224396.69,224396.69,224396.69,2,1
2017-11-26,10000043,12219,24999949.98,24999949.98,24999949.99,3,3
2017-11-26,10000043,12221,3228460.53,2989999,3299998.99,13,6
2017-11-26,10000043,12225,774683.61,774683.61,774683.61,3,1
2017-11-26,10000043,12237,9999855.94,9999819.93,10000000,5,5
2017-11-26,10000043,12239,29939999.75,29939999.75,29939999.75,1,1
2017-11-26,10000043,12241,541666666.67,500000000,625000000,3,3
2017-11-26,10000043,12257,11131.03,11131.03,11131.03,2,2
2017-11-26,10000043,12259,4083808.03,3425860.77,4499884.97,31,25
2017-11-26,10000043,12261,117017.29,117017.29,117017.29,2,2
2017-11-26,10000043,12263,4249895.49,2000002.92,6499788.09,8,6
2017-11-26,10000043,12265,17936.38,10001.53,89349.88,10,6
2017-11-26,10000043,12266,998400,998400,998400,1,1
2017-11-26,10000043,12267,3650323.16,3245033.8,3999997.96,97,53
2017-11-26,10000043,12269,379866.3,100003.03,419732,10,5
2017-11-26,10000043,12270,4996740,4996740,4996740,1,1
2017-11-26,10000043,12271,6354351.3,5634005.6,6799998.99,40,24
2017-11-26,10000043,12274,54101.85,701.51,67000,58,29
2017-11-26,10000043,12297,9400000,9400000,9400000,1,1
2017-11-26,10000043,12305,106736.51,100000,119999,95,64
2017-11-26,10000043,12345,1002.25,1002.25,1002.25,1,1
2017-11-26,10000043,12346,1777450.47,1468784.08,1989442.18,50,18
2017-11-26,10000043,12354,1352999.99,1352999.99,1352999.99,10,4
2017-11-26,10000043,12356,2613257.93,821114.25,3499989.52,31,5
2017-11-26,10000043,12365,127160,120000,139900,25,25
2017-11-26,10000043,12366,126119.19,120000,139900,26,26
2017-11-26,10000043,12367,434633.64,120000,999912.78,28,28
2017-11-26,10000043,12441,490999.85,229799.01,599403,27,24
2017-11-26,10000043,12442,498216.62,250000,599923,29,26
2017-11-26,10000043,12484,5014919.39,3000000,9000000,36,27
2017-11-26,10000043,12485,4437954.55,4373000,5000000,29,20
2017-11-26,10000043,12486,3877177.03,3499999.37,3894186.88,27,26
2017-11-26,10000043,12487,4759906.54,4757776.74,5000000,24,24
2017-11-26,10000043,12528,5700.07,5700.07,5700.07,2,1
2017-11-26,10000043,12529,1400000.79,1400000.79,1400000.79,1,1
2017-11-26,10000043,12530,1795,1795,1795,4,3
2017-11-26,10000043,12531,2499.99,2499.99,2499.99,4,4
2017-11-26,10000043,12532,4596297.86,4000011.95,5478997.99,48,14
2017-11-26,10000043,12533,254827.62,125015.9,312498,57,15
2017-11-26,10000043,12535,5000.79,5000.79,5000.79,12,2
2017-11-26,10000043,12536,685999.8,151001.79,899999,7,3
2017-11-26,10000043,12537,200000.79,200000.79,200000.79,2,2
2017-11-26,10000043,12538,3201.79,3201.79,3201.79,4,4
2017-11-26,10000043,12539,50.79,50.79,50.79,4,1
2017-11-26,10000043,12540,126.79,126.79,126.79,9,3
2017-11-26,10000043,12541,101.13,101.13,101.13,1,1
2017-11-26,10000043,12542,600000.4,200000.79,1000000,2,2
2017-11-26,10000043,12544,171000.79,171000.79,171000.79,1,1
2017-11-26,10000043,12545,10010,10010,10010,3,3
2017-11-26,10000043,12546,10511.79,10511.79,10511.79,1,1
2017-11-26,10000043,12547,4516759.2,2000000,5020109.79,6,4
2017-11-26,10000043,12548,91835.33,25010.79,347996,29,11
2017-11-26,10000043,12549,606778.77,265007.79,699989,14,5
2017-11-26,10000043,12550,11402.6,7002.79,94999,20,5
2017-11-26,10000043,12551,360870.66,100002.79,699998.9,23,6
2017-11-26,10000043,12557,133441.17,131224.32,150000,374,40
2017-11-26,10000043,12559,204334.32,204334.32,204334.32,348,40
2017-11-26,10000043,12563,88897.98,88897.98,88897.98,389,52
2017-11-26,10000043,12565,179997.99,179997.99,179997.99,848,51
2017-11-26,10000043,12608,69.43,69.43,69.43,231331,59
2017-11-26,10000043,12612,82.8,82.79,82.8,601187,99
2017-11-26,10000043,12614,91.73,91.67,91.76,212163,69
2017-11-26,10000043,12618,46.87,46.87,46.87,108619,32
2017-11-26,10000043,12620,31.71,31.71,31.71,14114,10
2017-11-26,10000043,12625,93.09,92,93.16,234606,56
2017-11-26,10000043,12631,45.12,45.12,45.12,172199,23
2017-11-26,10000043,12633,39.97,39.97,39.97,153575,24
2017-11-26,10000043,12709,71010.46,14555.86,84998.99,10,10
2017-11-26,10000043,12710,5000000,5000000,5000000,1,1
2017-11-26,10000043,12729,199199976.39,180000013,203999966.5,5,5
2017-11-26,10000043,12731,285573288.45,225000000,299716610.42,5,5
2017-11-26,10000043,12733,191991684,162000812,197989878.99,6,6
2017-11-26,10000043,12735,191000001.08,175000003.29,198999999.98,3,3
2017-11-26,10000043,12743,227880180.19,185021020,249999884,8,8
2017-11-26,10000043,12745,305480017.14,265120056.01,348999996,7,7
2017-11-26,10000043,12747,272099605.21,272099587.64,272099607.73,4,4
2017-11-26,10000043,12753,265209985.31,218630000.01,288499977.96,3,3
2017-11-26,10000043,12761,649.99,649.99,649.99,126677,15
2017-11-26,10000043,12765,599.97,480.05,599.99,31236,10
2017-11-26,10000043,12767,270.9,270.9,270.92,100552,19
2017-11-26,10000043,12771,264.22,264.22,264.22,63276,21
2017-11-26,10000043,12773,204.27,129.05,204.29,129518,32
2017-11-26,10000043,12775,499.17,499.17,499.17,20834,10
2017-11-26,10000043,12777,204.3,204.3,204.3,106776,36
2017-11-26,10000043,12779,728,728,728,56525,10
2017-11-26,10000043,12785,85.98,85.98,85.98,469881,36
2017-11-26,10000043,12787,319.85,319.84,319.86,421582,52
2017-11-26,10000043,12789,84.1,84.09,139.98,338961,63
2017-11-26,10000043,12791,336.98,336.96,337.12,1017411,61
2017-11-26,10000043,12801,196.96,140.31,196.97,163362,36
2017-11-26,10000043,12803,237.99,237.99,237.99,53187,7
2017-11-26,10000043,12805,198.96,86.14,198.97,179791,42
2017-11-26,10000043,12807,345,345,345,71330,10
2017-11-26,10000043,12814,264333.98,264333.98,264333.98,400,43
2017-11-26,10000043,12816,398473.94,398473.92,398473.95,238,18
2017-11-26,10000043,12818,244990.76,244990.76,244990.76,474,56
2017-11-26,10000043,12820,514324.2,514323.94,514324.31,369,33
2017-11-26,10000043,12822,474333.96,444334.32,499997.18,201,27
2017-11-26,10000043,12824,499998.98,499998.98,499998.98,139,11
2017-11-26,10000043,12826,272421.32,272421.32,272421.32,124,24
2017-11-26,10000043,12828,424112.94,424112.93,424112.98,320,18
2017-11-26,10000043,12836,76998.8,76998.79,82500,6384,13
2017-11-26,10000043,12865,72.8,72.8,72.8,10,1
2017-11-26,10000043,13000,100000000,100000000,100000000,1,1
2017-11-26,10000043,13001,1800075.3,1800075.29,2299999.93,107,44
2017-11-26,10000043,13003,2300040.86,2289999,2300040.86,129,77
2017-11-26,10000043,13119,103.97,103.97,103.97,7500,5
2017-11-26,10000043,13166,24997683.38,24997683.38,24997683.38,1,1
2017-11-26,10000043,13209,56000000,56000000,56000000,2,2
2017-11-26,10000043,13216,22042767.03,21999989,22499989.99,34,28
2017-11-26,10000043,13217,27500000,27500000,27500000,10,2
2017-11-26,10000043,13220,11999815.88,11999804.98,11999826.78,2,2
2017-11-26,10000043,13222,52000004.99,52000004.99,52000004.99,1,1
2017-11-26,10000043,13223,949574.67,521008,3999998.93,7,6
2017-11-26,10000043,13224,900711.6,601186,1350000,5,5
2017-11-26,10000043,13225,1230500.16,1122000,1499999.99,10,9
2017-11-26,10000043,13226,26495549.99,26495549.99,26495549.99,1,1
2017-11-26,10000043,13229,20720117,20720117,20720117,1,1
2017-11-26,10000043,13231,25500000,25500000,25500000,1,1
2017-11-26,10000043,13237,14501000.03,14501000.03,14501000.03,3,1
2017-11-26,10000043,13240,17883173.1,11100003.18,19999211.99,6,6
2017-11-26,10000043,13242,34700000,34500000,34900000,2,2
2017-11-26,10000043,13243,2000000,2000000,2000000,1,1
2017-11-26,10000043,13244,22321968.53,17146803.25,23472008.6,11,11
2017-11-26,10000043,13245,17895979.97,17895979.97,17895979.97,1,1
2017-11-26,10000043,13247,25699959.92,25699959.92,25699959.92,1,1
2017-11-26,10000043,13248,20000000,20000000,20000000,1,1
2017-11-26,10000043,13249,26997373.17,26997360.05,26997396.75,7,7
2017-11-26,10000043,13250,23499998.93,23499998.91,23499998.94,2,2
2017-11-26,10000043,13252,5500000,5500000,5500000,4,3
2017-11-26,10000043,13253,223499.5,199000,247999,2,2
2017-11-26,10000043,13255,31989999.96,31989999.95,31989999.96,3,2
2017-11-26,10000043,13256,18357724.43,17031497.84,24988847.33,12,9
2017-11-26,10000043,13257,4394967.06,4289999.4,4499934.71,2,2
2017-11-26,10000043,13258,2659988.73,1239989.64,3795000,9,9
2017-11-26,10000043,13259,24920671.32,17372429.7,27979953.29,7,6
2017-11-26,10000043,13260,26404714.57,16810030.74,35999405.07,6,4
2017-11-26,10000043,13261,22557107.28,22485556.28,23622968.91,32,23
2017-11-26,10000043,13262,6000.03,6000.03,6000.03,1,1
2017-11-26,10000043,13263,19250000,16999999.99,21500000,2,2
2017-11-26,10000043,13267,11111.12,11111.12,11111.12,171,13
2017-11-26,10000043,13278,110680,100000,117800,5,5
2017-11-26,10000043,13279,272097.6,250000,298998.99,51,29
2017-11-26,10000043,13283,21238.78,1000,25001.25,13,13
2017-11-26,10000043,13284,1100277.92,650000.16,1437986.48,7,7
2017-11-26,10000043,13285,1419999.3,1000000,1839998.59,2,2
2017-11-26,10000043,13286,50714.62,11600.01,89829.22,2,2
2017-11-26,10000043,13287,1875000,1850000,1900000,2,2
2017-11-26,10000043,13320,5000.01,5000.01,5000.01,8,2
2017-11-26,10000043,13321,1003.89,1003.89,1003.89,1,1
2017-11-26,10000043,13793,3999994.9,3999994.9,3999994.9,8,4
2017-11-26,10000043,13815,15966666.49,13999999.99,19899999.5,6,3
2017-11-26,10000043,13820,2633332.83,2499998,2800000,6,4
2017-11-26,10000043,13823,8599990.51,8599990.51,8599990.51,3,2
2017-11-26,10000043,13827,1239386.31,1239386.31,1239386.31,1,1
2017-11-26,10000043,13829,50999998,50999998,50999998,4,3
2017-11-26,10000043,13832,50999872.47,50999869.97,50999879.98,4,2
2017-11-26,10000043,13834,70098846.79,70098846.79,70098846.79,4,3
2017-11-26,10000043,13856,67.87,67.87,67.87,10490,4
2017-11-26,10000043,13866,8000000,8000000,8000000,1,1
2017-11-26,10000043,13888,61700999.49,61700999.49,61700999.49,1,1
2017-11-26,10000043,13923,20100031.93,20100031.93,20100031.93,3,1
2017-11-26,10000043,13924,16799736.16,16799736.16,16799736.16,6,4
2017-11-26,10000043,13927,42999998.78,42999998,42999998.97,5,4
2017-11-26,10000043,13929,48993524.24,48990009.07,48998796.99,5,2
2017-11-26,10000043,13935,105493937.47,99999995,110987879.94,4,4
2017-11-26,10000043,13937,103981485.15,89200028.13,109666033.81,11,9
2017-11-26,10000043,13939,65013120.23,65013120.03,65013120.3,4,2
2017-11-26,10000043,13941,67800693.68,61202900.89,69999957.94,4,4
2017-11-26,10000043,13943,69625605.34,62000807.57,71000807.03,8,6
2017-11-26,10000043,13947,1505717.73,1505717.73,1505717.73,2,2
2017-11-26,10000043,13948,3000299.04,3000299.04,3000299.04,1,1
2017-11-26,10000043,13953,9000000,9000000,9000000,2,2
2017-11-26,10000043,13955,9482046.32,9446140.96,9499999,3,3
2017-11-26,10000043,13956,29999997.71,29999997.71,29999997.72,3,3
2017-11-26,10000043,13957,22600270.01,14201000,30999540.02,4,4
2017-11-26,10000043,13959,104994798.41,99989999.96,109999596.86,4,4
2017-11-26,10000043,13965,24508346.5,11010028.71,31007662.77,4,4
2017-11-26,10000043,13966,12743530.84,12501072.69,12985988.99,2,2
2017-11-26,10000043,13969,255269649.51,233078608.09,262999989.97,8,7
2017-11-26,10000043,13970,2699809.05,2699793.03,2699813.06,5,4
2017-11-26,10000043,13972,2800000,1600000,3400000,3,3
2017-11-26,10000043,13974,11958749.14,6050001.01,27000000,8,7
2017-11-26,10000043,13976,2571948.67,1339008.4,2982928.69,4,4
2017-11-26,10000043,13978,3838446.13,1369123,4250000,7,6
2017-11-26,10000043,13980,2019334.04,1258002.15,2399999.99,3,2
2017-11-26,10000043,13982,3412057.63,1350008.09,3939817.92,28,11
2017-11-26,10000043,13984,3166666.67,1100000.01,4200000,3,3
2017-11-26,10000043,14001,6887094.5,6699999.98,7393482.92,36,26
2017-11-26,10000043,14003,5726495.04,5071600.63,6999926.95,27,18
2017-11-26,10000043,14007,57666.85,25006.58,73996.99,3,2
2017-11-26,10000043,14009,50200.47,50200.47,50200.47,1,1
2017-11-26,10000043,14015,33780.73,25671.1,50000,3,3
2017-11-26,10000043,14019,1000,1000,1000,1,1
2017-11-26,10000043,14021,161066.86,10100.3,462999.98,6,5
2017-11-26,10000043,14025,5500,5500,5500,4,4
2017-11-26,10000043,14027,89525,30550,148500,4,4
2017-11-26,10000043,14033,31999998.14,31999998.14,31999998.14,1,1
2017-11-26,10000043,14043,7533487.4,1400898.22,10599781.99,3,3
2017-11-26,10000043,14045,32131193.14,29164001.45,43999959.9,5,2
2017-11-26,10000043,14047,42252768.68,40011316.18,42999910.44,8,8
2017-11-26,10000043,14049,2369999.5,2369999.5,2369999.5,1,1
2017-11-26,10000043,14051,1589,1589,1589,2,1
2017-11-26,10000043,14057,18000.5,18000.5,18000.5,4,1
2017-11-26,10000043,14061,4389990,4389990,4389990,1,1
2017-11-26,10000043,14063,5999999,5999999,5999999,6,6
2017-11-26,10000043,14065,7099998.33,7099989.99,7100000,6,6
2017-11-26,10000043,14067,39749999.98,39749999.98,39749999.98,1,1
2017-11-26,10000043,14070,32513103.71,25539313.42,35999998.85,12,11
2017-11-26,10000043,14072,33382476.85,27057811.87,38989998,14,12
2017-11-26,10000043,14074,12069067.18,10388134.37,13750000,6,5
2017-11-26,10000043,14076,300920,300920,300920,1,1
2017-11-26,10000043,14078,678531.85,400200.29,696998.26,48,16
2017-11-26,10000043,14080,497600.26,350000.36,866600,7,4
2017-11-26,10000043,14082,1300000.02,500000.05,1700000,3,3
2017-11-26,10000043,14084,2099829.74,1400010.05,2399999.78,13,9
2017-11-26,10000043,14086,312000,312000,312000,4,2
2017-11-26,10000043,14090,420849.53,343999.91,549999,32,17
2017-11-26,10000043,14094,1199499.75,400000.51,1998998.99,2,2
2017-11-26,10000043,14096,1614490.24,309100.02,1687999.65,75,11
2017-11-26,10000043,14098,410000.04,410000.04,410000.04,2,1
2017-11-26,10000043,14100,61999998.19,54000014.62,67249979.96,6,6
2017-11-26,10000043,14108,34031186.37,34031186.37,34031186.37,1,1
2017-11-26,10000043,14112,29799626.55,29799626.55,29799626.55,1,1
2017-11-26,10000043,14114,60799260.97,22100053.88,79998989.99,4,4
2017-11-26,10000043,14116,99999995.98,99999995.78,99999996.18,2,2
2017-11-26,10000043,14127,34999916.32,34999916.32,34999916.32,1,1
2017-11-26,10000043,14128,4960000,4960000,4960000,3,2
2017-11-26,10000043,14130,7213081.73,5213103.01,8713065.79,7,7
2017-11-26,10000043,14134,48401924.74,45000000,48968908.79,7,5
2017-11-26,10000043,14136,44502621.47,39013107.66,45999999.9,5,5
2017-11-26,10000043,14140,21115069.73,20999975,21172617.09,3,3
2017-11-26,10000043,14142,18999899.98,18999899.98,18999899.98,2,1
2017-11-26,10000043,14144,39233707.51,39233707,39233708.03,4,4
2017-11-26,10000043,14146,37272127.85,25313002.64,42999979.97,6,6
2017-11-26,10000043,14150,17555046.4,10110200,24999892.8,2,2
2017-11-26,10000043,14152,5033659.69,2701000.05,9698978.99,3,3
2017-11-26,10000043,14154,5555523.94,5555523.94,5555523.94,4,2
2017-11-26,10000043,14158,18334073.31,11200993.51,18998999.99,10,10
2017-11-26,10000043,14162,24502804.45,15314022.27,26800000,5,4
2017-11-26,10000043,14164,75839384,75000000,76398960,5,5
2017-11-26,10000043,14166,67142477.74,65000000,67857000,4,4
2017-11-26,10000043,14168,30050011.35,29100012,31000010.7,2,2
2017-11-26,10000043,14170,38958662.11,30851434.75,45444444,9,7
2017-11-26,10000043,14172,17009443.84,17009440.99,17009446.69,2,2
2017-11-26,10000043,14174,11835591.64,9809043.48,15888687.96,3,2
2017-11-26,10000043,14178,23780323.59,19100945.58,26899908.89,5,5
2017-11-26,10000043,14190,143602290.97,117204602,169999979.94,2,2
2017-11-26,10000043,14194,29000000,29000000,29000000,2,2
2017-11-26,10000043,14202,14082296.33,12000000,16456778,9,7
2017-11-26,10000043,14230,42641628.92,17208933.28,48999802.79,5,4
2017-11-26,10000043,14234,15839999.99,13500000.05,17009999.96,3,3
2017-11-26,10000043,14236,41532110.37,35724150.93,43467803.56,4,4
2017-11-26,10000043,14238,155505186.51,135007000.12,176003372.91,4,4
2017-11-26,10000043,14240,10691499.97,8999999.92,12000000,12,9
2017-11-26,10000043,14242,115333333.33,111000000.01,123999999.98,3,3
2017-11-26,10000043,14244,118987995,118987989.99,118988000,2,2
2017-11-26,10000043,14246,59615553.53,53685101.43,61987726.37,7,7
2017-11-26,10000043,14248,118822500,118770000,118875000,2,2
2017-11-26,10000043,14250,99944983.99,99944983.99,99944983.99,1,1
2017-11-26,10000043,14252,96499995,88000000,104999989.99,2,2
2017-11-26,10000043,14254,100999999.98,100999999.98,100999999.98,1,1
2017-11-26,10000043,14256,56499807.36,55999970.49,58999278.44,4,4
2017-11-26,10000043,14258,101600004.17,92000021.05,103999999.95,5,4
2017-11-26,10000043,14260,62929933.17,62929928.5,62929935.5,3,3
2017-11-26,10000043,14262,82365085.03,65000017.6,89888885.98,7,5
2017-11-26,10000043,14264,78194807.52,73999909.73,81919080.87,12,11
2017-11-26,10000043,14266,49542233.74,49539999.03,49548936.88,4,4
2017-11-26,10000043,14268,98306611.98,86100001.27,106444373.69,5,5
2017-11-26,10000043,14270,67999999.99,67999999.99,67999999.99,1,1
2017-11-26,10000043,14272,42791.15,42791.15,42791.15,16,11
2017-11-26,10000043,14274,131803.53,20001.89,249995.62,20,14
2017-11-26,10000043,14276,91117.96,32652.08,149998.99,31,16
2017-11-26,10000043,14278,925710.54,705555,1198777,37,16
2017-11-26,10000043,14280,431003.17,431003.17,431003.17,1,1
2017-11-26,10000043,14282,93028.5,93028,93029,2,2
2017-11-26,10000043,14284,184003.76,120003.45,440003.45,5,4
2017-11-26,10000043,14286,131015.4,130029.79,132001,2,2
2017-11-26,10000043,14292,0.01,0.01,0.01,26,22
2017-11-26,10000043,14295,4533238.54,3700005.31,4949855,6,6
2017-11-26,10000043,14296,4542826.36,3900003.3,4799925.98,7,7
2017-11-26,10000043,14297,4831873.24,3901003.3,5749989.97,8,8
2017-11-26,10000043,14298,4545457.09,3700005.79,5000000,11,11
2017-11-26,10000043,14299,5317652.78,2701002.82,6625977.77,3,3
2017-11-26,10000043,14343,2999999.99,2999999.98,3000000,25,3
2017-11-26,10000043,14358,20.02,20.02,20.02,25,1
2017-11-26,10000043,15316,11.24,11.24,11.24,67,1
2017-11-26,10000043,15317,14284,14283.07,14284,42490,9
2017-11-26,10000043,15331,1261.07,1261.07,1261.07,28490,796
2017-11-26,10000043,15457,1999999.4,1999999.4,1999999.4,2,1
2017-11-26,10000043,15458,10999990.64,10999990.64,10999990.64,1,1
2017-11-26,10000043,15460,1699988.8,1699988.8,1699988.8,49,3
2017-11-26,10000043,15461,9749999.57,8000000,11499999.13,2,2
2017-11-26,10000043,15463,4748011.71,1100336.56,4899998,25,7
2017-11-26,10000043,15464,8373097.06,5120001.25,9999644.96,3,2
2017-11-26,10000043,15466,3890196.93,2500409.14,3989467.53,15,8
2017-11-26,10000043,15477,7000003.75,7000003.75,7000003.75,1,1
2017-11-26,10000043,15479,6343485.81,6119999.19,8000000,46,22
2017-11-26,10000043,15480,17932998.7,17200547.2,17999529.77,12,8
2017-11-26,10000043,15508,31242.09,31242.09,31242.1,232,31
2017-11-26,10000043,15509,1660000,1600000,1720000,2,2
2017-11-26,10000043,15510,29443.23,29443.23,29443.23,168,30
2017-11-26,10000043,15511,1500000,1500000,1500000,1,1
2017-11-26,10000043,15587,3000,3000,3000,349,77
2017-11-26,10000043,15588,3000.11,3000.11,3000.11,133,49
2017-11-26,10000043,15589,6255.18,6255.18,6255.18,199,61
2017-11-26,10000043,15590,15023.16,15023.16,15023.16,440,96
2017-11-26,10000043,15591,21434.24,20006.61,30000,28,21
2017-11-26,10000043,15592,839852.52,839852.52,839852.76,418,79
2017-11-26,10000043,15593,90103.75,90103.75,90103.75,597,75
2017-11-26,10000043,15594,1101079.58,1101075.01,1601075.01,104,27
2017-11-26,10000043,15596,150.07,150.01,150.1,64,33
2017-11-26,10000043,15597,2501.06,2501.06,2501.06,22,22
2017-11-26,10000043,15598,6300.74,6300.73,6300.74,23,10
2017-11-26,10000043,15599,5260.87,5000,11000,23,9
2017-11-26,10000043,15600,259581.32,259581.16,259581.36,25,3
2017-11-26,10000043,15601,366298.25,366298.25,366298.25,4,2
2017-11-26,10000043,15602,101051.08,101051.08,101051.08,205,7
2017-11-26,10000043,15604,2200059.69,2200059.69,2200059.69,94,2
2017-11-26,10000043,15605,1645631.75,1250011.57,2199499.99,72,3
2017-11-26,10000043,15607,1503.33,1500,1510,42,16
2017-11-26,10000043,15608,2000,2000,2000,25,20
2017-11-26,10000043,15610,439992.98,439992.98,439992.98,144,11
2017-11-26,10000043,15612,12501.05,12501.05,12501.05,1,1
2017-11-26,10000043,15613,326700,326700,326700,9,4
2017-11-26,10000043,15614,110000,110000,110000,51,13
2017-11-26,10000043,15615,2068152.17,1970000,2099000,46,3
2017-11-26,10000043,15622,2009.22,2009.22,2009.22,6,1
2017-11-26,10000043,15625,1510,1500,1510,265,54
2017-11-26,10000043,15626,3000,3000,3000,284,39
2017-11-26,10000043,15627,12441.68,12015.29,15000,35,16
2017-11-26,10000043,15628,15000.27,15000.27,15000.27,225,53
2017-11-26,10000043,15629,21273.6,21245.54,25000,94,29
2017-11-26,10000043,15630,420406.99,420406.72,420409.69,254,33
2017-11-26,10000043,15631,337860.05,337860.05,337860.05,347,40
2017-11-26,10000043,15632,2000000,2000000,2000000,202,14
2017-11-26,10000043,15646,40042.39,40042.39,40042.39,104,24
2017-11-26,10000043,15656,71091.59,71090.52,71091.6,185,8
2017-11-26,10000043,15660,23000,3004,30000,241,34
2017-11-26,10000043,15661,1834000.03,1600000,2017888.95,144,17
2017-11-26,10000043,15669,2223750,1900000,2270000,16,3
2017-11-26,10000043,15673,702200.01,702199.2,750000,190,15
2017-11-26,10000043,15674,13684.34,1520,15041.25,91,17
2017-11-26,10000043,15675,76979318.14,76979318.14,76979318.14,1,1
2017-11-26,10000043,15681,99506315.51,86037102.56,104999989.98,40,28
2017-11-26,10000043,15683,113332498.91,109998929.91,139999899.87,9,8
2017-11-26,10000043,15693,16749781.37,16749774.7,16749784.71,3,3
2017-11-26,10000043,15721,48000000,48000000,48000000,1,1
2017-11-26,10000043,15729,32017774.4,31200081.34,35999837.86,76,51
2017-11-26,10000043,15739,17974749.43,13950962.79,21998536.06,4,3
2017-11-26,10000043,15753,41999998,41999998,41999998,1,1
2017-11-26,10000043,15757,29200534.14,29200534.14,29200534.14,1,1
2017-11-26,10000043,15764,89688205.4,75068000,150055143.66,14,10
2017-11-26,10000043,15766,28042802.97,27999989.99,29499905.12,14,13
2017-11-26,10000043,15770,74999996.63,74999989.94,74999999.97,3,3
2017-11-26,10000043,15784,14015005.98,14015005.98,14015005.98,1,1
2017-11-26,10000043,15786,20111058.44,20111058.44,20111058.44,1,1
2017-11-26,10000043,15788,19029047.69,19029047.69,19029047.69,5,2
2017-11-26,10000043,15790,21406365.66,19999989.99,24219117,3,3
2017-11-26,10000043,15792,168599999.88,168599999.88,168599999.88,1,1
2017-11-26,10000043,15806,93096567.02,82153804.68,100488996.43,23,15
2017-11-26,10000043,15810,81971007.24,81966881.91,82964956,21,16
2017-11-26,10000043,15860,21275602.65,21275602.65,21275602.65,4,1
2017-11-26,10000043,15887,52018234.82,50999989.99,53029723.89,24,23
2017-11-26,10000043,15889,49572149.9,45318000,50000000,22,21
2017-11-26,10000043,15891,117784613.33,110000000.01,119399997.74,13,12
2017-11-26,10000043,15893,111677991.98,111197995,111997989.97,5,5
2017-11-26,10000043,15895,92285477.31,87003291.9,100999999.98,14,10
2017-11-26,10000043,15900,199499999.88,199499999.88,199499999.88,1,1
2017-11-26,10000043,15902,18899999.95,18899999.95,18899999.95,1,1
2017-11-26,10000043,15909,13056163.55,13056163.55,13056163.55,1,1
2017-11-26,10000043,15963,110053409.82,107000101,116995977.18,46,20
2017-11-26,10000043,15965,73999879.48,73999879.48,73999879.48,3,1
2017-11-26,10000043,15992,28000,24900,43650,130,11
2017-11-26,10000043,15994,5007.01,5007.01,5007.01,261,57
2017-11-26,10000043,15996,7502.49,7502.49,7502.49,19,8
2017-11-26,10000043,15997,23688.95,22006,30000,19,14
2017-11-26,10000043,15998,41258.15,30330.83,50000,27,5
2017-11-26,10000043,15999,12500.08,12500.08,12500.08,7,2
2017-11-26,10000043,16000,112866.41,32000.05,150000,45,7
2017-11-26,10000043,16001,1000.01,1000.01,1000.01,9,1
2017-11-26,10000043,16002,55001.83,30000,56001.9,52,17
2017-11-26,10000043,16004,199893369.88,199893359.85,199893379.9,2,2
2017-11-26,10000043,16008,5500000,5500000,5500000,3,1
2017-11-26,10000043,16062,49823999.97,49471999.9,50000000,6,2
2017-11-26,10000043,16069,104362.07,85000,199998.7,69,43
2017-11-26,10000043,16118,9654.6,1000,10000.78,78,7
2017-11-26,10000043,16119,504.36,502.15,505.04,34,7
2017-11-26,10000043,16120,10000.85,10000.85,10000.85,20,2
2017-11-26,10000043,16121,20000.85,20000.85,20000.85,32,2
2017-11-26,10000043,16122,15001.6,15001.6,15001.6,16,2
2017-11-26,10000043,16123,45000.02,45000.02,45000.02,12,1
2017-11-26,10000043,16124,21000.12,21000.11,21000.15,60,2
2017-11-26,10000043,16125,206250.01,206000.01,207000,20,2
2017-11-26,10000043,16179,1509.49,1509.47,1509.5,8,2
2017-11-26,10000043,16227,43869856.97,41012001.16,44999993,15,14
2017-11-26,10000043,16229,50531794.17,49000000,51499962.46,16,13
2017-11-26,10000043,16231,35333533,33000300,39999999,3,3
2017-11-26,10000043,16233,49038634.34,45600000.32,50249989.98,14,14
2017-11-26,10000043,16234,555000000,555000000,555000000,2,1
2017-11-26,10000043,16236,1086606.26,990000.07,1129999.73,89,73
2017-11-26,10000043,16237,8656087.69,8635240,8781173.85,7,4
2017-11-26,10000043,16238,1329314.1,673548.28,1422994.95,16,6
2017-11-26,10000043,16239,9990000,9990000,9990000,1,1
2017-11-26,10000043,16240,999999.95,999999.93,1028919.79,109,24
2017-11-26,10000043,16241,9700000,9700000,9700000,1,1
2017-11-26,10000043,16242,1216360.88,1199999.85,1680000,59,38
2017-11-26,10000043,16243,9500000,9500000,9500000,4,4
2017-11-26,10000043,16246,159899996.97,159899996.97,159899996.97,2,2
2017-11-26,10000043,16248,160499990.07,144999989.99,168249990.11,3,3
2017-11-26,10000043,16262,195601.01,187001,208800,2759,25
2017-11-26,10000043,16269,500000.02,500000.02,500000.02,40,5
2017-11-26,10000043,16272,568.33,568.32,568.43,7967646,67
2017-11-26,10000043,16273,113.58,113.56,115.99,7803282,133
2017-11-26,10000043,16274,639.96,625,639.98,19193233,59
2017-11-26,10000043,16275,3849.95,3600.05,3850,1052154,70
2017-11-26,10000043,16278,1949888,1013555.01,1949999.56,206,32
2017-11-26,10000043,16279,15003680,15003680,15003680,1,1
2017-11-26,10000043,16281,460832.49,375000,799398.27,84,31
2017-11-26,10000043,16297,51241.47,6699.96,113896.99,21,16
2017-11-26,10000043,16299,52789.93,6699.86,99449.99,28,17
2017-11-26,10000043,16301,79748.77,17500,125000,41,30
2017-11-26,10000043,16303,338493.59,328000.8,338498.74,174,82
2017-11-26,10000043,16305,22729.54,1777.77,167777.77,18,13
2017-11-26,10000043,16307,40455.27,9930.27,217777.77,26,19
2017-11-26,10000043,16309,104866.99,104866.99,104866.99,214,18
2017-11-26,10000043,16311,338722.12,241234.03,439997,79,55
2017-11-26,10000043,16313,741.3,741.3,741.3,12,5
2017-11-26,10000043,16315,1368.08,100,2399.99,38,16
2017-11-26,10000043,16317,40,40,40,14,6
2017-11-26,10000043,16321,5,5,5,16,11
2017-11-26,10000043,16323,1275.14,750.16,6000,10,8
2017-11-26,10000043,16325,350.29,40.33,5000,16,14
2017-11-26,10000043,16327,1269.57,100.13,1999.98,30,14
2017-11-26,10000043,16329,191.82,11,2000,11,10
2017-11-26,10000043,16331,207.08,207.08,207.09,12,11
2017-11-26,10000043,16333,500.64,500.54,500.65,21,10
2017-11-26,10000043,16335,401.04,401.04,401.04,12,8
2017-11-26,10000043,16337,507.78,40.12,1800,23,14
2017-11-26,10000043,16339,1133.29,1000,1785.92,17,15
2017-11-26,10000043,16341,28376.39,152.28,142398,16,14
2017-11-26,10000043,16343,1226.11,30.01,23951.98,20,11
2017-11-26,10000043,16345,208.39,100,1834.28,16,9
2017-11-26,10000043,16347,1005.17,1004.09,1026.67,21,9
2017-11-26,10000043,16349,150.63,120.01,242.5,4,4
2017-11-26,10000043,16351,5138.27,105.25,49979,10,7
2017-11-26,10000043,16353,93608.03,93608.03,93608.03,235,38
2017-11-26,10000043,16355,42455.38,1006.33,99005.76,93,24
2017-11-26,10000043,16357,92599.19,91885.07,109500,74,28
2017-11-26,10000043,16359,95803.79,95803.14,95803.79,179,42
2017-11-26,10000043,16361,108860.3,108860.3,108860.3,189,34
2017-11-26,10000043,16363,142678,10000,144629.15,69,22
2017-11-26,10000043,16365,163800.12,163800.12,163800.13,74,26
2017-11-26,10000043,16367,85002.01,85002.01,85002.01,167,40
2017-11-26,10000043,16369,130000,55402.53,140402.49,155,33
2017-11-26,10000043,16371,120102.3,120102.3,120102.3,117,32
2017-11-26,10000043,16373,148701.15,148701.15,148701.15,199,39
2017-11-26,10000043,16375,59001,59001,59001,151,43
2017-11-26,10000043,16377,50000.47,50000.46,123887.99,179,32
2017-11-26,10000043,16379,100000,41000.59,130699.98,238,40
2017-11-26,10000043,16381,50000.13,50000.12,110000.11,211,44
2017-11-26,10000043,16383,59001,59001,59001,114,32
2017-11-26,10000043,16385,94478.31,38824.99,179999.99,34,25
2017-11-26,10000043,16387,59900.26,59900.26,59900.26,169,20
2017-11-26,10000043,16389,176876.56,82970.14,298994,67,27
2017-11-26,10000043,16391,560194.74,234088.36,799999.36,91,57
2017-11-26,10000043,16393,21205.17,100,22016.91,27,16
2017-11-26,10000043,16395,13266.13,10607.22,29999.99,20,10
2017-11-26,10000043,16397,33400.82,33134.29,35000,14,10
2017-11-26,10000043,16399,13184.41,10553,39498.49,22,14
2017-11-26,10000043,16401,15898.41,14079.57,44999.9,17,11
2017-11-26,10000043,16403,9899.8,9899.79,9899.8,23,10
2017-11-26,10000043,16405,14061.1,102.01,34999.99,40,11
2017-11-26,10000043,16407,37457.75,26372.04,76998,32,22
2017-11-26,10000043,16409,34005.88,33985.02,34235.34,12,8
2017-11-26,10000043,16411,2220.94,102.37,33999.99,16,10
2017-11-26,10000043,16413,11419.27,10394.02,35000,24,13
2017-11-26,10000043,16415,21272.46,17359.01,48999.98,24,13
2017-11-26,10000043,16417,33469.98,30000,33717.84,15,12
2017-11-26,10000043,16419,34877.94,34357.06,47900,26,15
2017-11-26,10000043,16421,34096.41,34068.58,34458.25,42,14
2017-11-26,10000043,16423,28467.86,20777.1,64999,23,17
2017-11-26,10000043,16425,10216.03,10058,11796.38,11,8
2017-11-26,10000043,16427,12119.07,9897.81,31000,19,12
2017-11-26,10000043,16429,26734.55,100,28002.86,22,13
2017-11-26,10000043,16431,28349.94,9802.05,91700,31,21
2017-11-26,10000043,16433,3132.35,2570.09,20000,31,16
2017-11-26,10000043,16435,733.83,409.66,6893.29,40,32
2017-11-26,10000043,16439,40618.76,121.33,120000,46,33
2017-11-26,10000043,16441,30290.4,1001.14,74224.31,35,16
2017-11-26,10000043,16443,62010.48,35000,112112.15,33,19
2017-11-26,10000043,16447,28911.11,5215.82,99996.99,28,20
2017-11-26,10000043,16449,20000.14,20000.12,20000.15,2,2
2017-11-26,10000043,16451,67357.14,10003.66,82999,14,6
2017-11-26,10000043,16455,672658.49,198000,1449997.87,17,10
2017-11-26,10000043,16457,3139885.16,2500046.79,3148882.89,42,26
2017-11-26,10000043,16467,74998.99,36276.8,74999,114,49
2017-11-26,10000043,16469,78091.14,31101.1,118921.95,58,35
2017-11-26,10000043,16475,84001.79,84001.79,92000.9,110,47
2017-11-26,10000043,16477,81023.01,81023.01,81023.01,113,35
2017-11-26,10000043,16481,25100.02,25100.02,25100.02,71,17
2017-11-26,10000043,16483,20068.5,15903.04,41999.5,65,18
2017-11-26,10000043,16485,31741.47,30035.03,99999,41,14
2017-11-26,10000043,16487,145572.82,16004,500000.01,67,22
2017-11-26,10000043,16489,4500,3500,14999.99,23,16
2017-11-26,10000043,16491,16003.23,16003,16007.11,18,12
2017-11-26,10000043,16493,16555.87,14011.01,25989.95,19,16
2017-11-26,10000043,16495,59305.55,1101.01,104995,91,38
2017-11-26,10000043,16497,143000.13,143000.13,143000.13,104,33
2017-11-26,10000043,16499,158999,81001.66,161001.63,156,33
2017-11-26,10000043,16505,74886,74886,74887.98,181,31
2017-11-26,10000043,16507,118260.31,99999.99,275000,67,23
2017-11-26,10000043,16513,5512.07,4001.05,10296.99,25,13
2017-11-26,10000043,16515,6000.88,6000.88,6000.88,17,9
2017-11-26,10000043,16517,6000.05,6000.05,6000.05,8,8
2017-11-26,10000043,16519,37133.12,22854.11,59989.91,91,24
2017-11-26,10000043,16521,1000.01,1000.01,1000.01,51,32
2017-11-26,10000043,16523,633.97,101.18,2942.88,32,23
2017-11-26,10000043,16525,32963.62,7200.14,97993.66,17,13
2017-11-26,10000043,16527,392743.36,332000.1,461999.98,86,43
2017-11-26,10000043,16529,78012.8,78012.8,78012.8,1,1
2017-11-26,10000043,16531,1050418,1050418,1050418,1,1
2017-11-26,10000043,16533,2799998.83,2799998.83,2799998.83,2,1
2017-11-26,10000043,16535,13720358.71,6148429,16366530,4,4
2017-11-26,10000043,16537,10195750.04,9200000,11450000,24,23
2017-11-26,10000043,16591,31439498.02,8000001.01,34878995.88,12,11
2017-11-26,10000043,16594,1599500,1500000,1699000,8,8
2017-11-26,10000043,16595,12916666.67,12500000,13250000,9,9
2017-11-26,10000043,16596,37298520.62,35000000,38447780.93,6,6
2017-11-26,10000043,16597,22908646.49,20000000,23999358.58,11,11
2017-11-26,10000043,16598,3723689.21,3500000,3998999,29,29
2017-11-26,10000043,16622,5256752.94,5000000,5396800,17,17
2017-11-26,10000043,16631,700000.01,700000.01,700000.01,4,1
2017-11-26,10000043,16633,3350,3350,3350,1747,3
2017-11-26,10000043,16634,2850,2850,2850,100000,1
2017-11-26,10000043,16635,3299.4,3299.36,6799.99,1134,4
2017-11-26,10000043,16636,1726.01,1726.01,1726.01,63323,3
2017-11-26,10000043,16637,3890,3890,3890,440,2
2017-11-26,10000043,16638,3653.02,3653.02,3653.02,55642,5
2017-11-26,10000043,16639,2400,2400,2400,261,1
2017-11-26,10000043,16640,4750,4750,4750,136806,13
2017-11-26,10000043,16641,4000.03,4000.03,4000.03,2946,2
2017-11-26,10000043,16642,4900,4900,4900,3538,4
2017-11-26,10000043,16643,8999,8998.57,8999,108693,37
2017-11-26,10000043,16644,6038.96,6038.96,6038.96,635,2
2017-11-26,10000043,16646,10999.83,10999.83,11098.5,43764,8
2017-11-26,10000043,16647,10699.25,10496.75,10699.25,307231,11
2017-11-26,10000043,16648,9999.96,9999.96,9999.96,11500,3
2017-11-26,10000043,16652,49500,49500,49500,287,1
2017-11-26,10000043,16653,49000,49000,49000,15603,5
2017-11-26,10000043,16655,3200,3200,3200,2800,1
2017-11-26,10000043,16659,3400,3400,3400,99001,2
2017-11-26,10000043,16660,4700,4700,4700,6310,1
2017-11-26,10000043,16665,9487.94,9487.94,9487.94,500,1
2017-11-26,10000043,16668,49998.97,49998.97,49998.97,300,1
2017-11-26,10000043,16669,49999.15,49999.15,49999.15,400,1
2017-11-26,10000043,16670,225,225,225,3605470,22
2017-11-26,10000043,16671,235.1,235.1,235.1,2192306,9
2017-11-26,10000043,16672,270.66,270.62,270.66,1045248,17
2017-11-26,10000043,16673,284.93,284.93,284.93,197137,8
2017-11-26,10000043,16678,420,420,420,3473932,17
2017-11-26,10000043,16679,1294.94,1294.94,1294.94,375640,22
2017-11-26,10000043,16680,2314,2314,2314,692418,30
2017-11-26,10000043,16681,4923.16,4923.16,4923.16,1637911,46
2017-11-26,10000043,16682,12889.81,12889.72,12889.96,26872,31
2017-11-26,10000043,16683,49983.89,49983.83,49983.89,4376,13
2017-11-26,10000043,16688,1500000.02,1500000.02,1500000.02,3,1
2017-11-26,10000043,17136,65000.01,65000.01,65000.01,1023,10
2017-11-26,10000043,17167,4000000,4000000,4000000,3,2
2017-11-26,10000043,17177,600000,600000,600000,1,1
2017-11-26,10000043,17181,2999596.38,2999000,2999993.96,5,2
2017-11-26,10000043,17184,2799999.99,1500000,3449999.99,3,2
2017-11-26,10000043,17186,5262436.32,3043750,9699808.96,6,3
2017-11-26,10000043,17187,3199969.64,3099954.96,3399999,6,4
2017-11-26,10000043,17190,20000,20000,20000,1,1
2017-11-26,10000043,17194,255.79,255.79,255.79,1,1
2017-11-26,10000043,17199,2402.07,20.09,2520,43,11
2017-11-26,10000043,17200,158917.51,100225,259999,49,13
2017-11-26,10000043,17201,35998.98,35998.98,35998.98,236,7
2017-11-26,10000043,17202,168333.69,5001.09,249999.99,30,6
2017-11-26,10000043,17203,349565.47,20002.01,398999.99,23,5
2017-11-26,10000043,17204,200009.99,200009.99,200009.99,4,3
2017-11-26,10000043,17206,2500.03,2500.03,2500.03,1,1
2017-11-26,10000043,17207,2000000.79,2000000.79,2000000.79,1,1
2017-11-26,10000043,17208,5070.03,5070.03,5070.03,1,1
2017-11-26,10000043,17209,1021.47,1021.47,1021.47,4,1
2017-11-26,10000043,17210,406598.02,250110,469996,67,32
2017-11-26,10000043,17211,4001.43,4001.43,4001.43,59,8
2017-11-26,10000043,17212,5020040.81,5020040.79,5020040.9,6,5
2017-11-26,10000043,17213,5000.56,5000.56,5000.56,28,6
2017-11-26,10000043,17214,4007.35,4007.35,4007.35,14,10
2017-11-26,10000043,17215,20.79,20.79,20.79,4,1
2017-11-26,10000043,17216,20.79,20.79,20.79,56,3
2017-11-26,10000043,17218,125,125,125,26,3
2017-11-26,10000043,17220,20,20,20,3,1
2017-11-26,10000043,17231,5010.21,5010.21,5010.21,6,6
2017-11-26,10000043,17233,5000,5000,5000,21,17
2017-11-26,10000043,17234,6000,6000,6000,1,1
2017-11-26,10000043,17239,1201.32,1201.32,1201.32,4,4
2017-11-26,10000043,17243,2400,2400,2400,3,2
2017-11-26,10000043,17244,6299.98,6299.98,6299.98,4,2
2017-11-26,10000043,17245,200.02,200.02,200.02,1,1
2017-11-26,10000043,17252,2500.25,2500.25,2500.25,14,7
2017-11-26,10000043,17254,2898.13,2787.5,9000,40,25
2017-11-26,10000043,17255,50001,50001,50001,6,4
2017-11-26,10000043,17256,1000.01,1000.01,1000.01,2,2
2017-11-26,10000043,17258,496143.04,161160.08,831126,8,4
2017-11-26,10000043,17261,6000,6000,6000,1,1
2017-11-26,10000043,17262,132.01,132.01,132.01,3,2
2017-11-26,10000043,17264,125.13,125.13,125.13,5,3
2017-11-26,10000043,17270,290004.39,290004.39,290004.39,2,1
2017-11-26,10000043,17272,501.14,501.14,501.14,1,1
2017-11-26,10000043,17317,89998.3,89998.2,89998.36,5686,11
2017-11-26,10000043,17322,5000000,5000000,5000000,3,2
2017-11-26,10000043,17323,5000000,5000000,5000000,3,2
2017-11-26,10000043,17324,5000000,5000000,5000000,2,1
2017-11-26,10000043,17325,5000000,5000000,5000000,2,1
2017-11-26,10000043,17326,5000000,5000000,5000000,2,1
2017-11-26,10000043,17327,5000000,5000000,5000000,3,2
2017-11-26,10000043,17328,5000000,5000000,5000000,3,2
2017-11-26,10000043,17329,5000000,5000000,5000000,2,1
2017-11-26,10000043,17330,5000000,5000000,5000000,3,2
2017-11-26,10000043,17331,5000000,5000000,5000000,3,2
2017-11-26,10000043,17332,5000000,5000000,5000000,3,2
2017-11-26,10000043,17333,5000000,5000000,5000000,3,2
2017-11-26,10000043,17334,5000000,5000000,5000000,5,4
2017-11-26,10000043,17335,5000000,5000000,5000000,3,2
2017-11-26,10000043,17336,5000000,5000000,5000000,4,3
2017-11-26,10000043,17337,5000000,5000000,5000000,4,4
2017-11-26,10000043,17338,5000000,5000000,5000000,8,3
2017-11-26,10000043,17339,5000000,5000000,5000000,4,3
2017-11-26,10000043,17340,5000000,5000000,5000000,3,2
2017-11-26,10000043,17341,5000000,5000000,5000000,3,2
2017-11-26,10000043,17342,5000000,5000000,5000000,3,2
2017-11-26,10000043,17344,5000000,5000000,5000000,2,1
2017-11-26,10000043,17345,5000000,5000000,5000000,4,3
2017-11-26,10000043,17346,5000000,5000000,5000000,3,2
2017-11-26,10000043,17347,5000000,5000000,5000000,2,2
2017-11-26,10000043,17348,5000000,5000000,5000000,14,4
2017-11-26,10000043,17349,5000000,5000000,5000000,4,3
2017-11-26,10000043,17350,5000000,5000000,5000000,4,3
2017-11-26,10000043,17351,5000000,5000000,5000000,3,2
2017-11-26,10000043,17352,5000000,5000000,5000000,2,1
2017-11-26,10000043,17353,5000000,5000000,5000000,3,2
2017-11-26,10000043,17354,5000000,5000000,5000000,2,1
2017-11-26,10000043,17355,5000000,5000000,5000000,6,5
2017-11-26,10000043,17356,5000000,5000000,5000000,3,2
2017-11-26,10000043,17357,5000000,5000000,5000000,2,1
2017-11-26,10000043,17359,5000000,5000000,5000000,5,4
2017-11-26,10000043,17363,176774.62,174252.83,180977.61,8,3
2017-11-26,10000043,17364,300049.99,300049.99,300049.99,1,1
2017-11-26,10000043,17365,600000,600000,600000,2,1
2017-11-26,10000043,17366,22188.71,22188.71,22188.71,157,48
2017-11-26,10000043,17367,450000,450000,450000,1,1
2017-11-26,10000043,17368,2470000,2450000,2489999.99,2,2
2017-11-26,10000043,17392,90000,89999.99,90000,8659,8
2017-11-26,10000043,17408,3999333.35,3000000,4499000.02,3,2
2017-11-26,10000043,17425,2000,2000,2000,79,2
2017-11-26,10000043,17426,3200,3200,3200,17,1
2017-11-26,10000043,17428,1200.11,1200.11,1200.11,135,3
2017-11-26,10000043,17429,1200.41,1200.41,1200.41,53,1
2017-11-26,10000043,17432,0.12,0.12,0.12,74,1
2017-11-26,10000043,17436,4.85,4.85,4.85,63,1
2017-11-26,10000043,17437,4.85,4.85,4.85,62,1
2017-11-26,10000043,17440,379.98,379.98,379.98,1909,6
2017-11-26,10000043,17441,455.13,455.13,455.13,5795,2
2017-11-26,10000043,17444,432.13,432.13,432.13,8251,10
2017-11-26,10000043,17445,490.13,490.13,490.13,9424,13
2017-11-26,10000043,17448,391.44,391.44,391.44,5472,11
2017-11-26,10000043,17449,250.21,250.21,250.21,5381,9
2017-11-26,10000043,17452,160.16,160.14,167.99,764988,77
2017-11-26,10000043,17453,183.24,175,183.28,542223,71
2017-11-26,10000043,17455,51.03,51.03,51.03,260,3
2017-11-26,10000043,17456,55.11,55.11,55.12,218,3
2017-11-26,10000043,17459,43.33,42.16,43.4,4859362,167
2017-11-26,10000043,17460,44.89,44.82,44.9,3355279,86
2017-11-26,10000043,17463,17.56,17.56,17.56,6386354,130
2017-11-26,10000043,17464,20.5,20.5,20.51,3213720,102
2017-11-26,10000043,17466,1500.07,1500.07,1500.07,185,2
2017-11-26,10000043,17467,1.13,1.13,1.13,32,1
2017-11-26,10000043,17470,12.57,12.53,12.67,19896896,143
2017-11-26,10000043,17471,13.61,13.61,13.61,14025338,113
2017-11-26,10000043,17478,21958398.38,19400000.02,22040000.02,39,37
2017-11-26,10000043,17480,17694441.38,15102005.19,18000000,34,31
2017-11-26,10000043,17482,1998996.95,1701001.85,1999998.84,265,99
2017-11-26,10000043,17483,16130080,16130080,16130080,3,3
2017-11-26,10000043,17500,44816167.3,40033263.03,45499443.99,16,15
2017-11-26,10000043,17520,198000000,198000000,198000000,2,2
2017-11-26,10000043,17526,16486000,16486000,16486000,2,2
2017-11-26,10000043,17548,31122000,31122000,31122000,1,1
2017-11-26,10000043,17559,60823227.89,58999788.96,63313897.77,35,30
2017-11-26,10000043,17619,20988574.5,20988574.31,20988574.88,3,3
2017-11-26,10000043,17624,565.64,0.01,905.01,8,8
2017-11-26,10000043,17634,78286654.91,77999982.36,78860000.01,3,3
2017-11-26,10000043,17636,492000000,490000000,494000000,2,2
2017-11-26,10000043,17646,1250000.01,500000.02,2000000,2,2
2017-11-26,10000043,17652,309.99,20,599.98,8000,2
2017-11-26,10000043,17703,25423846.97,24701004.75,26499999.83,39,34
2017-11-26,10000043,17709,106090000.33,100000002.03,109134999.48,6,4
2017-11-26,10000043,17713,58705949.8,58705919.62,58705979.98,4,4
2017-11-26,10000043,17715,220797339.71,204998967.62,228989997.69,20,20
2017-11-26,10000043,17718,109553989.51,104999979.97,119995998.88,9,9
2017-11-26,10000043,17720,168332994.71,167999999.99,169997968.26,6,5
2017-11-26,10000043,17722,229999938.34,229999938.34,229999938.34,1,1
2017-11-26,10000043,17726,390114002.02,370076003.19,410152000.84,4,4
2017-11-26,10000043,17728,423507683.5,389015367.5,498999999,4,4
2017-11-26,10000043,17732,334999859.97,334999800,334999889.96,3,3
2017-11-26,10000043,17736,433900257.86,402901041.5,444199999.95,8,8
2017-11-26,10000043,17738,525428014.34,511499025.2,542999024.99,7,7
2017-11-26,10000043,17740,492324964.46,442901009.61,508799619.93,8,8
2017-11-26,10000043,17743,1,1,1,2,2
2017-11-26,10000043,17765,35000.53,35000.53,35000.53,192,19
2017-11-26,10000043,17771,1725000.02,1300000.02,3000000.01,4,2
2017-11-26,10000043,17772,700000.01,700000.01,700000.01,4,1
2017-11-26,10000043,17791,1000,1000,1000,112,4
2017-11-26,10000043,17793,1319974.84,1319974.84,1319974.84,1,1
2017-11-26,10000043,17794,5499999.99,4500000,5999999.98,3,2
2017-11-26,10000043,17795,744118.51,743993.4,748997.92,40,6
2017-11-26,10000043,17796,80004.05,80004.05,80004.05,2,1
2017-11-26,10000043,17812,17779871.42,13990999.99,111500014.65,25,16
2017-11-26,10000043,17840,345.05,1.01,603.08,7,6
2017-11-26,10000043,17841,15623278.91,12800001.07,16989232.82,46,31
2017-11-26,10000043,17843,65499830.55,59599211.69,65996499,59,48
2017-11-26,10000043,17859,101.3,101.3,101.3,500,1
2017-11-26,10000043,17865,475.18,475.18,475.18,164,2
2017-11-26,10000043,17867,5.25,5.25,5.25,86931,17
2017-11-26,10000043,17868,66.4,65.05,70,132054,14
2017-11-26,10000043,17870,1.13,1.13,1.13,40,1
2017-11-26,10000043,17871,849847.62,800000,899695.24,2,2
2017-11-26,10000043,17887,997.21,997.21,997.21,2480381,36
2017-11-26,10000043,17888,754.97,754.97,754.97,1516215,30
2017-11-26,10000043,17889,775.77,775.54,800,5998856,39
2017-11-26,10000043,17893,192854.49,192854.49,192854.49,229,64
2017-11-26,10000043,17894,236887.79,236887.79,236887.79,183,76
2017-11-26,10000043,17895,538899.76,538899.76,538899.76,136,51
2017-11-26,10000043,17897,610,610,610,2164,3
2017-11-26,10000043,17898,60300.52,60300.52,60300.52,289,10
2017-11-26,10000043,17912,3909996.99,3550500.04,3909997,204,77
2017-11-26,10000043,17918,462274478.73,431103001.05,479999999.99,34,31
2017-11-26,10000043,17920,282161598.23,250405000.09,289999993.39,5,5
2017-11-26,10000043,17922,86750010.78,78000066,88499999.9,6,6
2017-11-26,10000043,17924,47521616.78,43450914.01,50000000,9,9
2017-11-26,10000043,17926,48932669.01,42000019.02,52398994,3,3
2017-11-26,10000043,17928,63999999.94,63999999.94,63999999.94,1,1
2017-11-26,10000043,17930,58403381.86,56006000,61999904.56,5,5
2017-11-26,10000043,17932,44200020.25,42000327.33,45299866.72,3,3
2017-11-26,10000043,17938,14007.41,14007.38,14007.45,423,313
2017-11-26,10000043,17939,60000,60000,60000,3,3
2017-11-26,10000043,17940,1021087.26,500000,3496984.13,56,35
2017-11-26,10000043,18025,362001.17,100007,400000,12,11
2017-11-26,10000043,18029,2500.93,2500.93,2500.93,400,9
2017-11-26,10000043,18036,78977.68,78977.67,78977.68,187,10
2017-11-26,10000043,18037,800000,800000,800000,3,3
2017-11-26,10000043,18038,28687.79,28687.79,28687.79,108,4
2017-11-26,10000043,18039,750000,750000,750000,3,3
2017-11-26,10000043,18040,66475.04,59888.21,132343,88,4
2017-11-26,10000043,18041,700000,700000,700000,3,3
2017-11-26,10000043,18042,46887.79,46887.79,46887.79,114,7
2017-11-26,10000043,18043,600000,600000,600000,2,2
2017-11-26,10000043,18044,547575.34,57887.79,669996.99,10,5
2017-11-26,10000043,18045,550000,550000,550000,3,3
2017-11-26,10000043,18046,27887.79,27887.79,27887.79,106,7
2017-11-26,10000043,18047,500000,500000,500000,3,3
2017-11-26,10000043,18048,28595.96,28595.96,28595.96,106,5
2017-11-26,10000043,18049,450000,450000,450000,3,3
2017-11-26,10000043,18050,42000,42000,42000,190,10
2017-11-26,10000043,18051,400000,400000,400000,4,4
2017-11-26,10000043,18052,47120.99,47120.99,47120.99,218,15
2017-11-26,10000043,18053,350000,350000,350000,10,9
2017-11-26,10000043,18054,245475.88,244113.21,245999.99,36,6
2017-11-26,10000043,18055,1000000,1000000,1000000,4,4
2017-11-26,10000043,18056,23266.61,18987.99,34999.99,58,8
2017-11-26,10000043,18057,300000,300000,300000,3,3
2017-11-26,10000043,18059,250000,250000,250000,7,3
2017-11-26,10000043,18060,14244.18,977.87,15997.9,214,12
2017-11-26,10000043,18061,200000,200000,200000,8,6
2017-11-26,10000043,18062,11433.31,11433.31,11433.31,191,14
2017-11-26,10000043,18063,150000,150000,150000,6,4
2017-11-26,10000043,18064,194998.07,194996.9,194998.65,3,2
2017-11-26,10000043,18065,650000,650000,650000,2,2
2017-11-26,10000043,18066,7124.28,7124.28,7124.3,475,14
2017-11-26,10000043,18067,100000,100000,100000,6,4
2017-11-26,10000043,18068,1840973.82,1810101.02,1900000,39,9
2017-11-26,10000043,18580,106877974.99,106877974.99,106877974.99,2,2
2017-11-26,10000043,18590,1344223.2,1344223.2,1344223.2,114,10
2017-11-26,10000043,18592,844342.91,844342.91,844342.91,148,14
2017-11-26,10000043,18594,884332.21,884332.21,884332.21,101,9
2017-11-26,10000043,18596,411131.28,411131.28,643334.32,102,8
2017-11-26,10000043,18598,734334.32,734334.32,734334.32,165,14
2017-11-26,10000043,18600,457989.98,418700,457989.98,178,13
2017-11-26,10000043,18602,260000,260000,260000,231,15
2017-11-26,10000043,18604,224222.99,224222.99,224222.99,326,12
2017-11-26,10000043,18606,389898.96,389898.96,390000,370,36
2017-11-26,10000043,18608,929036.58,924224.32,931223.98,64,7
2017-11-26,10000043,18610,805059.45,559700,895980.97,84,13
2017-11-26,10000043,18612,267000,267000,267000,110,9
2017-11-26,10000043,18614,225000,225000,225000,644,32
2017-11-26,10000043,18616,137888.24,134332.21,137998.21,374,33
2017-11-26,10000043,18618,119443.31,119443.29,120989.97,509,31
2017-11-26,10000043,18624,914332.32,914332.32,914332.32,125,10
2017-11-26,10000043,18635,111012.99,100900,111013,1035,19
2017-11-26,10000043,18637,149997.87,149994.97,149997.88,274,4
2017-11-26,10000043,18639,31997.91,31997.9,31997.95,186,96
2017-11-26,10000043,18640,60000,60000,60000,1,1
2017-11-26,10000043,18655,1.1,1.1,1.1,2,2
2017-11-26,10000043,18660,53445787.54,42837362.63,59999999.99,6,6
2017-11-26,10000043,18662,67149936.5,67149936.5,67149936.5,1,1
2017-11-26,10000043,18666,100500000,99999999.99,101000000,2,2
2017-11-26,10000043,18672,280000000,280000000,280000000,2,2
2017-11-26,10000043,18676,48999978.97,48999978.96,48999978.98,2,2
2017-11-26,10000043,18680,20830908.3,19999989.96,29971000,12,5
2017-11-26,10000043,18682,61945421.58,59900000,62456776.97,5,5
2017-11-26,10000043,18684,92008000,92008000,92008000,1,1
2017-11-26,10000043,18692,32682334.92,25023014.8,36020494.99,6,6
2017-11-26,10000043,18698,160127656.01,160127656.01,160127656.01,1,1
2017-11-26,10000043,18702,48184413.81,48184413.81,48184413.81,2,2
2017-11-26,10000043,18708,71879593.46,64199024.07,77999989.99,5,5
2017-11-26,10000043,18710,61977221.71,59999223.44,63997989.99,23,19
2017-11-26,10000043,18716,50000,50000,50000,2,1
2017-11-26,10000043,18718,12000,12000,12000,1,1
2017-11-26,10000043,18722,643000,643000,643000,1,1
2017-11-26,10000043,18726,630,630,630,1,1
2017-11-26,10000043,18752,775989.01,700000,851978.01,2,2
2017-11-26,10000043,18754,198999,198999,198999,1,1
2017-11-26,10000043,18756,375962,375962,375962,1,1
2017-11-26,10000043,18758,189516.61,160059.42,542999.99,13,9
2017-11-26,10000043,18760,83333.35,25000.03,200000,3,3
2017-11-26,10000043,18762,184328.57,25100,300000,14,7
2017-11-26,10000043,18764,175100,175100,175100,1,1
2017-11-26,10000043,18766,192956.25,176100,269000,16,10
2017-11-26,10000043,18768,36179800,36179800,36179800,2,2
2017-11-26,10000043,18779,13243700.01,13243700.01,13243700.01,1,1
2017-11-26,10000043,18787,0.01,0.01,0.01,1,1
2017-11-26,10000043,18789,54869239.77,40979990.67,59498975.46,8,4
2017-11-26,10000043,18791,152000,152000,152000,1,1
2017-11-26,10000043,18793,545009.51,545009.01,545010,2,2
2017-11-26,10000043,18797,345000.44,345000.44,345000.44,1,1
2017-11-26,10000043,18799,109650619.93,103081039.52,119499989.94,10,10
2017-11-26,10000043,18803,15084046.34,7088073.71,17083034.33,5,4
2017-11-26,10000043,18805,1004999.99,1004999.99,1004999.99,1,1
2017-11-26,10000043,18807,8499959.95,8499959.95,8499959.95,1,1
2017-11-26,10000043,18809,265741884.69,265741884.69,265741884.69,1,1
2017-11-26,10000043,18811,48699348.25,48699348.25,48699348.25,1,1
2017-11-26,10000043,18813,49997683.88,49997683.88,49997683.88,1,1
2017-11-26,10000043,18817,4000156.27,4000156.27,4000156.27,1,1
2017-11-26,10000043,18829,103199601.24,80030006.25,108989999.98,5,4
2017-11-26,10000043,18831,96502538.02,85006000.66,99003990.55,23,19
2017-11-26,10000043,18835,1604337.03,750005.54,3590000,9,6
2017-11-26,10000043,18837,4581247.26,4581247.26,4581247.26,1,1
2017-11-26,10000043,18839,9782221.65,5528000.44,10996999,9,8
2017-11-26,10000043,18841,999899,999899,999899,1,1
2017-11-26,10000043,18843,500000,500000,500000,6,4
2017-11-26,10000043,18845,7729197.04,7705596.05,7799999.99,4,2
2017-11-26,10000043,18847,3333345.27,2600017.92,4799999.96,6,5
2017-11-26,10000043,18849,166811000,166811000,166811000,1,1
2017-11-26,10000043,18853,1091038.35,1091038.35,1091038.35,1,1
2017-11-26,10000043,18855,12000000,11999999.99,12000000,2,2
2017-11-26,10000043,18857,29015479.97,22039000,35991959.94,2,2
2017-11-26,10000043,18859,15841000,15841000,15841000,1,1
2017-11-26,10000043,18861,1000205.65,1000205.55,1000205.74,2,2
2017-11-26,10000043,18863,15999927.94,15999927.94,15999927.94,1,1
2017-11-26,10000043,18865,33013107.63,33013107.63,33013107.63,1,1
2017-11-26,10000043,18867,33113106.9,33113106.9,33113106.9,1,1
2017-11-26,10000043,18871,13998085.42,13998085.42,13998085.42,1,1
2017-11-26,10000043,18873,58814445.19,44350000,63653890,4,4
2017-11-26,10000043,18875,57999229.57,46999000.02,68999459.11,2,2
2017-11-26,10000043,18877,21885801.52,21885801.52,21885801.52,1,1
2017-11-26,10000043,18881,796705493.33,700300000,844908240,3,3
2017-11-26,10000043,18883,834391108.96,834391108.96,834391108.96,1,1
2017-11-26,10000043,18895,1500000,1500000,1500000,1,1
2017-11-26,10000043,18917,42000000,42000000,42000000,2,1
2017-11-26,10000043,18933,52599993.67,46499989.86,57999999.34,5,5
2017-11-26,10000043,18937,59953523.44,59949258.46,59957788.41,2,2
2017-11-26,10000043,18941,38989888.99,38989888.99,38989888.99,1,1
2017-11-26,10000043,18943,32999999.99,32999999.99,32999999.99,1,1
2017-11-26,10000043,18945,84979292.79,84979292.79,84979292.79,1,1
2017-11-26,10000043,18947,62013104.77,62013104.76,62013104.79,4,4
2017-11-26,10000043,18981,9999999,9999999,9999999,3,1
2017-11-26,10000043,18985,7519510.61,3075105.07,8075063.18,9,5
2017-11-26,10000043,19001,36900505.57,12602022.32,44999999.99,4,3
2017-11-26,10000043,19003,49064556.78,41223000.04,53103002.99,9,9
2017-11-26,10000043,19005,34009865.8,34009865.8,34009865.8,1,1
2017-11-26,10000043,19009,46842044.25,42426002.28,51922000,19,19
2017-11-26,10000043,19011,22728416.94,18308002.96,35989653.83,4,4
2017-11-26,10000043,19015,33974963.93,33974959.93,33974969.93,5,4
2017-11-26,10000043,19017,107142867.47,96000026.03,114500010.39,7,7
2017-11-26,10000043,19019,170044996.29,170044996.29,170044996.29,1,1
2017-11-26,10000043,19021,245319333.35,233091000,306469000,6,6
2017-11-26,10000043,19023,113134341.36,100242881.57,117449900,15,14
2017-11-26,10000043,19027,299908999.96,299908999.96,299908999.96,1,1
2017-11-26,10000043,19029,93333334,83000002.51,98499999.73,6,6
2017-11-26,10000043,19035,40014004.5,40014004.5,40014004.5,2,1
2017-11-26,10000043,19038,107763598.87,107763598.87,107763598.87,1,1
2017-11-26,10000043,19042,81548999.99,81548999.99,81548999.99,2,2
2017-11-26,10000043,19045,115654828.28,114969999.53,138983937.47,9,9
2017-11-26,10000043,19046,113845901.2,103079229.18,116537569.32,5,5
2017-11-26,10000043,19047,1100000.01,1100000.01,1100000.01,1,1
2017-11-26,10000043,19049,5882999.95,5882999.95,5882999.95,1,1
2017-11-26,10000043,19051,5421675.72,3900330.03,7450139.94,14,12
2017-11-26,10000043,19053,12722228.23,9822610.83,13400000,19,15
2017-11-26,10000043,19055,24999999.99,24999999.99,24999999.99,1,1
2017-11-26,10000043,19057,48988918.02,48988918.02,48988918.02,1,1
2017-11-26,10000043,19075,50000,50000,50000,5,3
2017-11-26,10000043,19077,185250.08,20500.16,350000,2,2
2017-11-26,10000043,19081,1008670,1008670,1008670,1,1
2017-11-26,10000043,19087,1000000,1000000,1000000,1,1
2017-11-26,10000043,19103,22000147.02,22000147.02,22000147.02,1,1
2017-11-26,10000043,19105,25299989.99,25299989.99,25299989.99,1,1
2017-11-26,10000043,19107,7924989.2,5000010.92,8899982,4,3
2017-11-26,10000043,19111,30149991.45,30000000,30299982.89,2,2
2017-11-26,10000043,19115,18499999.5,18499999.5,18499999.5,1,1
2017-11-26,10000043,19119,15139922.96,13020001.25,21499683.74,4,3
2017-11-26,10000043,19133,12999510.87,12999510.87,12999510.87,1,1
2017-11-26,10000043,19137,439200.04,439200.04,439200.05,3,2
2017-11-26,10000043,19139,5511978.18,4000001,5889969.97,5,3
2017-11-26,10000043,19147,7943372.24,2074344.36,9899714.87,8,3
2017-11-26,10000043,19171,45000025.72,45000025.72,45000025.72,1,1
2017-11-26,10000043,19173,74999989.99,74999989.99,74999989.99,1,1
2017-11-26,10000043,19175,27206693.51,20310040.26,41000000,3,2
2017-11-26,10000043,19179,45104208.58,45104208.58,45104208.58,1,1
2017-11-26,10000043,19187,34798915.57,30000000.63,37999000,15,15
2017-11-26,10000043,19189,129999989.99,129999989.99,129999989.99,1,1
2017-11-26,10000043,19191,245991639.96,240000000,248989954.94,6,6
2017-11-26,10000043,19194,216492960.58,200000000,232985921.15,2,2
2017-11-26,10000043,19196,235990000.01,235990000.01,235990000.01,1,1
2017-11-26,10000043,19198,537199964.73,524999999.5,549399929.96,4,4
2017-11-26,10000043,19200,215328307.1,200010115.22,230646498.99,4,4
2017-11-26,10000043,19201,91999999.97,91999999.97,91999999.97,1,1
2017-11-26,10000043,19202,56998915.84,56998909.17,56998919.18,3,3
2017-11-26,10000043,19203,84964000.03,74912000.11,89989999.99,3,3
2017-11-26,10000043,19204,51974000,51974000,51974000,1,1
2017-11-26,10000043,19205,124444373.76,124444373.76,124444373.76,1,1
2017-11-26,10000043,19207,159005978.68,136250008.27,166999767.85,14,14
2017-11-26,10000043,19208,83930813.08,76023722.41,84999859.46,28,19
2017-11-26,10000043,19209,169010.23,169010.23,169010.23,3,3
2017-11-26,10000043,19211,379999.4,200000,1099997,5,5
2017-11-26,10000043,19213,970497.38,382007.75,1199990.4,4,4
2017-11-26,10000043,19215,11624606.93,9000001.21,11999973.99,28,26
2017-11-26,10000043,19219,15561912.04,15561880.31,15561975.5,3,3
2017-11-26,10000043,19223,60499989.99,60499989.99,60499989.99,2,2
2017-11-26,10000043,19225,3999988.4,3999987.83,3999988.64,6,5
2017-11-26,10000043,19227,28605028.84,21459729.35,30986796.74,8,8
2017-11-26,10000043,19229,18334774.7,15000000,19001731.64,6,5
2017-11-26,10000043,19231,85654853.01,65169000.48,89049459.42,7,7
2017-11-26,10000043,19235,2399999.99,2399999.99,2399999.99,2,1
2017-11-26,10000043,19239,12798565.17,12798565.17,12798565.17,1,1
2017-11-26,10000043,19243,12999998.73,12999998.73,12999998.73,1,1
2017-11-26,10000043,19245,18019961.86,18019961.86,18019961.86,1,1
2017-11-26,10000043,19247,27924952.79,21899997.39,33949908.18,2,2
2017-11-26,10000043,19258,24999999.97,24999999.97,24999999.97,1,1
2017-11-26,10000043,19262,50000000.07,50000000.07,50000000.07,1,1
2017-11-26,10000043,19265,49999995,49999989.99,50000000,2,2
2017-11-26,10000043,19280,88125873.75,85000000,89999000,8,7
2017-11-26,10000043,19281,73259387.99,72443979.5,74889977.97,6,6
2017-11-26,10000043,19282,104989249.99,99999999.95,112499999.96,12,11
2017-11-26,10000043,19283,10445769.52,4615064.82,11614878,6,5
2017-11-26,10000043,19284,31868666.71,29999989.99,32000000,8,8
2017-11-26,10000043,19285,3999985.54,3999985.54,3999985.54,2,1
2017-11-26,10000043,19286,9266095.97,9199932.73,9398422.45,3,3
2017-11-26,10000043,19287,14999998.99,14999998.99,14999998.99,2,1
2017-11-26,10000043,19288,31494969.96,31489959.94,31499979.97,2,2
2017-11-26,10000043,19289,128299872.99,128299872.99,128299872.99,1,1
2017-11-26,10000043,19295,211080981.34,190550007.53,224479963.96,13,13
2017-11-26,10000043,19297,47363202.44,47363202.44,47363202.44,1,1
2017-11-26,10000043,19301,146205105.41,121231005.73,158995439.35,7,7
2017-11-26,10000043,19303,179444372.28,179444372.28,179444372.28,2,2
2017-11-26,10000043,19311,135901758.5,71803517,200000000,4,4
2017-11-26,10000043,19313,31503000.51,23006001.1,39999999.92,4,4
2017-11-26,10000043,19315,149387623.67,136552827.08,153665889.18,8,7
2017-11-26,10000043,19321,159918100,159918100,159918100,1,1
2017-11-26,10000043,19325,34900109.82,32699113.65,35699806.54,13,12
2017-11-26,10000043,19329,198000000,198000000,198000000,1,1
2017-11-26,10000043,19339,124799994,124799988,124800000,2,2
2017-11-26,10000043,19343,49999989.99,49999989.99,49999989.99,2,2
2017-11-26,10000043,19345,115812750.01,114999000,123123999.99,4,4
2017-11-26,10000043,19347,149999794.86,149999789.26,149999800.45,2,2
2017-11-26,10000043,19349,99999858.84,99999858.84,99999858.84,1,1
2017-11-26,10000043,19359,205224946.54,171800007.03,209999938.95,8,8
2017-11-26,10000043,19361,1900999.99,1900999.99,1900999.99,1,1
2017-11-26,10000043,19400,10993.19,3600.2,10999.97,259,31
2017-11-26,10000043,19401,10000.27,10000.27,10000.27,1,1
2017-11-26,10000043,19402,40000,40000,40000,2,1
2017-11-26,10000043,19404,180000,180000,180000,598,71
2017-11-26,10000043,19405,360000,360000,360000,343,47
2017-11-26,10000043,19406,600000,600000,600000,535,59
2017-11-26,10000043,19407,1200000,1200000,1200000,227,34
2017-11-26,10000043,19408,1950009.07,1900012.09,2100000,8,6
2017-11-26,10000043,19409,5870068.49,5010205.46,6300000,3,3
2017-11-26,10000043,19410,9225001.45,9000002.25,9900000,4,4
2017-11-26,10000043,19411,5000000.01,5000000.01,5000000.01,1,1
2017-11-26,10000043,19412,15409333.97,13300000.89,16464000.52,3,3
2017-11-26,10000043,19413,19420002.38,17000004.76,21840000,2,2
2017-11-26,10000043,19416,41887800.8,40200687.54,43200000,16,11
2017-11-26,10000043,19417,48694297.09,47500015.93,51680000,14,9
2017-11-26,10000043,19418,59440086.86,59000108.58,61200000,5,4
2017-11-26,10000043,19419,78333338.58,77000009.46,80000000,9,6
2017-11-26,10000043,19421,131127750.2,123000000.8,133837000,12,5
2017-11-26,10000043,19422,2752014.78,2600018.46,3360000,5,5
2017-11-26,10000043,19500,4084.41,2001.18,27000,48,14
2017-11-26,10000043,19534,29949979,29949979,29949979,1,1
2017-11-26,10000043,19660,5552.12,2121.23,28995,38,20
2017-11-26,10000043,19684,27999488.36,27999483.36,27999493.37,4,4
2017-11-26,10000043,19687,169925445.48,169894964.96,169986406.54,3,3
2017-11-26,10000043,19688,157499268.62,155000000,159998537.24,2,2
2017-11-26,10000043,19693,159999988,159999988,159999988,1,1
2017-11-26,10000043,19694,179988771.21,179988771.02,179988771.39,2,2
2017-11-26,10000043,19695,39437163.33,38545994.99,41219500.01,3,3
2017-11-26,10000043,19699,14343624.38,13687248.76,15000000,2,2
2017-11-26,10000043,19719,30713928.21,30000000,31998998.99,14,13
2017-11-26,10000043,19721,2000000000,2000000000,2000000000,2,1
2017-11-26,10000043,19739,3459999.91,2800000.05,3519999.9,200,43
2017-11-26,10000043,19744,658574.38,599999.55,778999.94,32,31
2017-11-26,10000043,19745,5400000,5400000,5400000,1,1
2017-11-26,10000043,19759,949966.1,200000,1999914.32,12,12
2017-11-26,10000043,19760,177223.77,160000,187988.62,13,13
2017-11-26,10000043,19761,1030035.91,1000000,1249998.96,12,12
2017-11-26,10000043,19766,828000,800000,868000,14,14
2017-11-26,10000043,19767,542832.52,400000,799933.15,14,14
2017-11-26,10000043,19806,1057615.23,960000.26,1124326.44,70,56
2017-11-26,10000043,19810,139826.85,1801.02,218989.82,48,38
2017-11-26,10000043,19812,2536.33,502.3,18898.99,35,17
2017-11-26,10000043,19814,17946.44,6711.64,24697.98,83,55
2017-11-26,10000043,19921,96434.78,90000,99899.66,20,20
2017-11-26,10000043,19922,631935.64,600000,659879.33,15,15
2017-11-26,10000043,19923,33864.38,1134.2,148420,9,8
2017-11-26,10000043,19925,17264.75,4084.9,79798.99,17,15
2017-11-26,10000043,19927,34249.23,12660.45,69999.99,37,21
2017-11-26,10000043,19929,31458.83,3642.83,100999,21,18
2017-11-26,10000043,19931,45879.89,4613.71,137449.98,29,23
2017-11-26,10000043,19935,7757.23,7757.23,7757.23,180,48
2017-11-26,10000043,19937,3110.85,56.06,8355.64,87,44
2017-11-26,10000043,19939,7425.9,7304.82,16997,142,50
2017-11-26,10000043,19942,56490.62,1203.69,249994.9,9,9
2017-11-26,10000043,19944,45544.89,11999.99,134998,11,10
2017-11-26,10000043,19946,28212.99,28212.99,28212.99,346,29
2017-11-26,10000043,19948,9672.12,7002.01,24679.95,27,17
2017-11-26,10000043,19950,11799.17,4831.87,43359.5,22,15
2017-11-26,10000043,19952,28811.65,12659.29,74443.31,73,28
2017-11-26,10000043,19962,1.6,1.6,1.6,1000,1
2017-11-26,10000043,19970,30.82,30.82,30.82,9740,3
2017-11-26,10000043,19972,94.94,94.94,94.94,3000,2
2017-11-26,10000043,19974,195.99,195.99,195.99,5314,3
2017-11-26,10000043,19978,6054,2066,16066,11,11
2017-11-26,10000043,19980,36998,36998,36998,553,10
2017-11-26,10000043,19982,3021.01,3021,3021.01,5,5
2017-11-26,10000043,19984,62999.33,20000,128998,6,5
2017-11-26,10000043,19986,1988.99,1988.99,1988.99,200,1
2017-11-26,10000043,19988,2995.93,2995.93,2995.93,1000,1
2017-11-26,10000043,19992,2197.96,2197.96,2197.96,1000,1
2017-11-26,10000043,19994,8.04,8.04,8.04,7000,1
2017-11-26,10000043,19996,3.55,3.55,3.55,3000,1
2017-11-26,10000043,19998,3.21,3.21,3.21,1000,1
2017-11-26,10000043,20002,2998.98,2998.98,2998.98,3000,1
2017-11-26,10000043,20004,4899.26,4899.26,4899.26,1000,1
2017-11-26,10000043,20006,4000,4000,4497.98,3130,4
2017-11-26,10000043,20008,206.37,206.37,206.37,2356,1
2017-11-26,10000043,20010,21111.22,21111.22,21111.22,11,4
2017-11-26,10000043,20012,11666.67,11000,12000,3,2
2017-11-26,10000043,20016,798999,798999,798999,6,2
2017-11-26,10000043,20018,197.81,197.81,197.81,3,3
2017-11-26,10000043,20020,5193.03,5193.03,5193.03,2,1
2017-11-26,10000043,20043,10.01,10.01,10.01,2000,2
2017-11-26,10000043,20045,3.31,3.31,3.31,1000,1
2017-11-26,10000043,20060,59999917.89,59999917.89,59999917.89,1,1
2017-11-26,10000043,20061,28001105.02,28001105.02,28001105.02,1,1
2017-11-26,10000043,20110,190000.12,190000.12,190000.12,2,1
2017-11-26,10000043,20114,15999.92,15999.92,15999.92,686,15
2017-11-26,10000043,20115,11499,3100.01,11500,646,20
2017-11-26,10000043,20121,117999948.99,117999948.99,117999948.99,1,1
2017-11-26,10000043,20125,265219693.75,255444443.5,274994944,4,4
2017-11-26,10000043,20138,49000.18,49000.18,49000.18,1,1
2017-11-26,10000043,20157,259999987.99,259999987.99,259999987.99,1,1
2017-11-26,10000043,20158,219989978.99,219989978.99,219989978.99,1,1
2017-11-26,10000043,20159,300999966.99,300999966.99,300999966.99,1,1
2017-11-26,10000043,20160,700000000,700000000,700000000,1,1
2017-11-26,10000043,20161,1100000000,1100000000,1100000000,1,1
2017-11-26,10000043,20171,93000,93000,93000,7449,58
2017-11-26,10000043,20172,76889.87,76889.87,76889.87,534,29
2017-11-26,10000043,20183,1120300033.28,1000300043,1480299978.99,4,4
2017-11-26,10000043,20184,1900000000,1900000000,1900000000,3,3
2017-11-26,10000043,20185,1149792090.43,1104872312,1199399999.98,7,7
2017-11-26,10000043,20187,1093286202.85,1019215507.83,1138999999.9,5,5
2017-11-26,10000043,20189,1128109776.06,1005529328.53,1189399999.82,3,3
2017-11-26,10000043,20199,32498667.28,32498667.28,32498667.28,5,2
2017-11-26,10000043,20209,1199764.81,1099746.7,2500000,14,14
2017-11-26,10000043,20210,1017495.92,999900,1043999.99,28,26
2017-11-26,10000043,20211,3490700.33,1640507.01,3775309.98,15,15
2017-11-26,10000043,20212,16299743.14,16299739.96,16299749.97,12,11
2017-11-26,10000043,20213,12799954.9,12799929.79,12799979.97,12,12
2017-11-26,10000043,20280,69999919.86,69999919.86,69999919.86,1,1
2017-11-26,10000043,20306,100,100,100,24100,2
2017-11-26,10000043,20307,51.99,51.99,51.99,24310,7
2017-11-26,10000043,20308,62.82,60.92,81.08,64477,5
2017-11-26,10000043,20312,1230777.41,999799.37,1296756.81,18,15
2017-11-26,10000043,20314,517194.62,192498.65,649346.97,29,26
2017-11-26,10000043,20315,1886511.62,1779555.96,1892740.8,21,18
2017-11-26,10000043,20327,15363613.69,15000000,15999937.65,11,9
2017-11-26,10000043,20342,51748687.5,50000000,53997000,32,30
2017-11-26,10000043,20345,106863.51,1779.7,119998.99,9,6
2017-11-26,10000043,20347,433185.75,88000.02,584329,46,31
2017-11-26,10000043,20349,879624.53,755021,989998.99,52,24
2017-11-26,10000043,20351,1872529.93,1252006.08,1939978,51,29
2017-11-26,10000043,20353,3519993,3200221,3519993.75,174,113
2017-11-26,10000043,20410,117141.99,117141.99,117142,4311,38
2017-11-26,10000043,20411,164334.28,164334,164334.29,3447,64
2017-11-26,10000043,20412,120443.23,120443.23,121392.9,1653,34
2017-11-26,10000043,20413,144992.47,144334.28,149996,12625,79
2017-11-26,10000043,20414,219998.99,204332.21,219999.99,2670,58
2017-11-26,10000043,20415,119443.27,89668.89,119443.32,1675,67
2017-11-26,10000043,20416,145925.05,145225.01,145925.22,4404,64
2017-11-26,10000043,20417,119140.99,119140.99,119140.99,1661,30
2017-11-26,10000043,20418,119443.23,100000.56,139999.99,8595,55
2017-11-26,10000043,20419,214334.28,180000.02,214334.29,4045,43
2017-11-26,10000043,20420,114999.98,114999.98,114999.98,3278,38
2017-11-26,10000043,20421,43499.23,43499.23,43499.23,1411,62
2017-11-26,10000043,20423,128344,128344,128344,2163,34
2017-11-26,10000043,20424,40988.99,39500,40999,9472,128
2017-11-26,10000043,20425,12333,12333,12333,483,15
2017-11-26,10000043,20433,499999.99,499999.99,499999.99,3,3
2017-11-26,10000043,20443,122080907.18,122080138.98,122081159.9,4,4
2017-11-26,10000043,20444,48999719.79,48999719.79,48999719.79,2,1
2017-11-26,10000043,20445,43006260,43006260,43006260,5,1
2017-11-26,10000043,20447,48404274,48404274,48404274,3,1
2017-11-26,10000043,20450,41648800,41648800,41648800,1,1
2017-11-26,10000043,20453,36499999.99,36499999.99,36499999.99,1,1
2017-11-26,10000043,20455,41899999.99,41899999.99,41899999.99,1,1
2017-11-26,10000043,20494,125714.25,100000,129999.96,7,7
2017-11-26,10000043,20495,111938.97,100000,119898.28,5,5
2017-11-26,10000043,20499,87786108.25,84444444.01,88899999,4,4
2017-11-26,10000043,20501,112444440.65,112444434,112444443.98,3,3
2017-11-26,10000043,20503,258999889.32,258999888.99,258999889.99,3,3
2017-11-26,10000043,20505,478999994.66,478999987.99,478999997.99,3,3
2017-11-26,10000043,20506,50000000,50000000,50000000,1,1
2017-11-26,10000043,20507,163992641.32,155000000,168488961.98,3,3
2017-11-26,10000043,20509,999999995,999999989.99,1000000000,2,2
2017-11-26,10000043,20524,75203632.65,75000000,79989000,49,16
2017-11-26,10000043,20525,100917733,100000000,106882997.5,15,11
2017-11-26,10000043,20526,84898755.33,84898133,84900000,3,3
2017-11-26,10000043,20530,113799903.49,113799867.98,113800000,4,4
2017-11-26,10000043,20531,113299999.99,113299999.99,113299999.99,1,1
2017-11-26,10000043,20532,133499785.91,133499785.91,133499785.91,1,1
2017-11-26,10000043,20533,406249992.56,400000000,424999969,16,12
2017-11-26,10000043,20539,59000000,59000000,59000000,3,2
2017-11-26,10000043,20557,25999766.05,25999766.05,25999766.05,1,1
2017-11-26,10000043,20559,129999890.95,129999890.95,129999890.95,1,1
2017-11-26,10000043,20563,121000000.01,121000000.01,121000000.01,1,1
2017-11-26,10000043,20567,19899993.33,19899989.99,19900000,3,3
2017-11-26,10000043,20569,21959967.56,20000000,24899918.89,5,3
2017-11-26,10000043,20595,14999999.97,14999999.97,14999999.97,1,1
2017-11-26,10000043,20601,20831649.83,20000000,24989898.99,6,2
2017-11-26,10000043,20611,22998999,22998999,22998999,1,1
2017-11-26,10000043,20621,11600497.99,11600497.99,11600497.99,1,1
2017-11-26,10000043,20631,26989451.44,26989451.44,26989451.44,1,1
2017-11-26,10000043,20701,46748814.81,39360002.34,50443221.05,3,3
2017-11-26,10000043,20702,47022756,47022756,47022756,3,2
2017-11-26,10000043,20703,48833332.65,28500000.01,58999998.98,3,3
2017-11-26,10000043,20721,11.23,11.23,11.23,1000,1
2017-11-26,10000043,20723,26.01,26.01,26.01,2000,1
2017-11-26,10000043,20725,25.31,25.31,25.31,6,1
2017-11-26,10000043,20727,1659.99,1659.99,1659.99,2500,1
2017-11-26,10000043,20729,1799,1799,1799,3000,2
2017-11-26,10000043,20739,1351,1351,1351,1000,1
2017-11-26,10000043,20741,9214.96,9214.96,9214.96,15000,5
2017-11-26,10000043,20743,5710.85,5710.85,5710.85,6072,3
2017-11-26,10000043,20747,9199,9199,9199,15637,3
2017-11-26,10000043,20749,1401,1401,1401,3470,1
2017-11-26,10000043,20753,269.98,269.98,269.98,400,2
2017-11-26,10000043,20757,539.57,539.57,539.57,1000,1
2017-11-26,10000043,20767,277999.98,277999.98,277999.98,7,1
2017-11-26,10000043,20769,1.07,1.07,1.07,4000,1
2017-11-26,10000043,20771,858.8,858.8,858.8,2256,1
2017-11-26,10000043,20777,2176.96,2176.96,2176.96,2000,1
2017-11-26,10000043,20817,100000,99999.99,100000,2,2
2017-11-26,10000043,20819,45008,45008,45008,1,1
2017-11-26,10000043,20821,100,100,100,1,1
2017-11-26,10000043,20831,152726.29,149999,300000,55,2
2017-11-26,10000043,20849,42000.01,42000.01,42000.01,11,9
2017-11-26,10000043,20851,35108,35108,35108,3,3
2017-11-26,10000043,20853,20017.04,20017.04,20017.04,1,1
2017-11-26,10000043,20857,340529.47,340529.45,340529.49,2,2
2017-11-26,10000043,20863,42498999,42498999,42498999,8,1
2017-11-26,10000043,20865,826005.01,552010.01,1100000,2,2
2017-11-26,10000043,20871,2177777,2177777,2177777,1,1
2017-11-26,10000043,20913,4,4,4,5274,2
2017-11-26,10000043,20915,504,504,504,1999,2
2017-11-26,10000043,20945,1,1,1,1997,1
2017-11-26,10000043,20947,4.24,4.24,4.24,1000,1
2017-11-26,10000043,20949,1950,1900,2000,1210,3
2017-11-26,10000043,20977,26.08,26.08,26.08,1000,1
2017-11-26,10000043,21009,6250038.53,5500078.07,6999998.98,14,2
2017-11-26,10000043,21011,3500091.6,3500085.21,3500096.4,35,3
2017-11-26,10000043,21012,1462602000,1462602000,1462602000,1,1
2017-11-26,10000043,21013,8363692.12,5500079.53,16000000.54,22,4
2017-11-26,10000043,21017,6072753.23,4800020.29,7600034.06,77,9
2017-11-26,10000043,21018,1291210800,1291210800,1291210800,12,5
2017-11-26,10000043,21019,7572649.87,6000300.06,9144999.68,14,3
2017-11-26,10000043,21020,1146936000,1146936000,1146936000,8,4
2017-11-26,10000043,21021,7734754.96,4252366.21,12500131.38,45,5
2017-11-26,10000043,21022,1360063200,1360063200,1360063200,6,2
2017-11-26,10000043,21023,7720058.69,5440124.39,9999992.99,14,3
2017-11-26,10000043,21025,8345032.05,5700068.1,10989995.99,18,5
2017-11-26,10000043,21027,6322841.92,700000,7139997.99,96,9
2017-11-26,10000043,21035,8438466.98,6900010.1,10899997.99,26,6
2017-11-26,10000043,21037,6229422.41,5000034.91,6899997.43,34,4
2017-11-26,10000043,21039,8000066.92,4000135.49,11999999.93,52,5
2017-11-26,10000043,21059,378045.56,120000,999936.28,31,30
2017-11-26,10000043,21071,132793.09,131895.62,150000.01,27,24
2017-11-26,10000043,21073,25111.12,15000.05,166666,15,8
2017-11-26,10000043,21074,253011.58,253011.58,253011.58,1,1
2017-11-26,10000043,21075,101.07,101.07,101.08,7,7
2017-11-26,10000043,21076,16222.27,10000.06,38000,9,4
2017-11-26,10000043,21077,15885.79,8002,69850,73,16
2017-11-26,10000043,21078,8230.98,8000.01,113000,58,13
2017-11-26,10000043,21079,10013.51,5018.01,25000,4,4
2017-11-26,10000043,21080,81482.26,1,449999,27,11
2017-11-26,10000043,21081,53395.26,501.11,134500,19,16
2017-11-26,10000043,21082,130514.04,100001.57,191538.98,6,4
2017-11-26,10000043,21084,42587.5,20100,200000,8,6
2017-11-26,10000043,21085,372938.17,0.01,522113,14,6
2017-11-26,10000043,21086,329008.53,1002.96,480000,13,13
2017-11-26,10000043,21087,1500.13,1500.12,1500.13,9,7
2017-11-26,10000043,21088,1010416.68,1010416.68,1010416.68,2,1
2017-11-26,10000043,21089,10000,10000,10000,4,4
2017-11-26,10000043,21096,1674999.99,1674999.89,1675000,191,76
2017-11-26,10000043,21194,70182.64,200,136999.88,10,7
2017-11-26,10000043,21196,89555.67,10001,367997,9,8
2017-11-26,10000043,21198,444223.5,88449,799998,4,3
2017-11-26,10000043,21200,520000.07,520000.07,520000.07,12,4
2017-11-26,10000043,21202,350000,350000,350000,1,1
2017-11-26,10000043,21204,30008.06,30008.06,30008.06,1,1
2017-11-26,10000043,21208,1488331.9,1485998.88,1499997,24,4
2017-11-26,10000043,21210,94001,94001,94001,1,1
2017-11-26,10000043,21212,1,1,1,1,1
2017-11-26,10000043,21214,358449,358449,358449,1,1
2017-11-26,10000043,21224,200187.8,44999,238985,10,3
2017-11-26,10000043,21238,2687643.14,2687643.09,2687643.24,32,4
2017-11-26,10000043,21256,115028.01,10112.03,150000,20,7
2017-11-26,10000043,21258,150000,149999.99,150000,2,2
2017-11-26,10000043,21260,979999.99,979999.99,979999.99,4,1
2017-11-26,10000043,21272,1099999.98,1099999.98,1099999.98,1,1
2017-11-26,10000043,21274,2200000,2200000,2200000,4,2
2017-11-26,10000043,21278,1030000.02,1030000.02,1030000.02,1,1
2017-11-26,10000043,21336,40,40,40,2170,2
2017-11-26,10000043,21384,1500,1500,1500,326,2
2017-11-26,10000043,21386,399.92,399.92,399.92,2640,4
2017-11-26,10000043,21394,8498.84,8498.84,8498.84,1000,1
2017-11-26,10000043,21400,212.01,212.01,212.01,420,1
2017-11-26,10000043,21404,142,142,142,1000,1
2017-11-26,10000043,21416,144.02,144.02,144.02,1000,1
2017-11-26,10000043,21450,65449.01,65449.01,65449.01,9,7
2017-11-26,10000043,21476,250999998.89,250999998.89,250999998.89,1,1
2017-11-26,10000043,21540,50237999.98,50237999.98,50237999.98,1,1
2017-11-26,10000043,21568,40011,40011,40011,2,2
2017-11-26,10000043,21569,51000001.65,51000001.65,51000001.65,2,2
2017-11-26,10000043,21570,180653.35,140000.01,221306.69,2,2
2017-11-26,10000043,21571,93513.5,37027,150000,4,2
2017-11-26,10000043,21572,34080,34080,34080,4,4
2017-11-26,10000043,21584,91000.01,91000.01,91000.01,2,2
2017-11-26,10000043,21585,100100,100100,100100,1,1
2017-11-26,10000043,21586,100003.01,100003.01,100003.01,1,1
2017-11-26,10000043,21587,120.2,120.2,120.2,1853,18
2017-11-26,10000043,21588,17.02,17.02,17.02,2284,22
2017-11-26,10000043,21589,100.14,100.14,100.14,2958,18
2017-11-26,10000043,21590,100,100,100,985,16
2017-11-26,10000043,21591,1.07,1.07,1.07,283,6
2017-11-26,10000043,21592,100.1,100.1,100.1,2900,28
2017-11-26,10000043,21593,1,1,1,2698,34
2017-11-26,10000043,21594,100.18,100.18,100.18,3245,40
2017-11-26,10000043,21595,56.02,56.02,56.02,2159,27
2017-11-26,10000043,21596,250.15,250.15,250.15,1028,16
2017-11-26,10000043,21603,10147980,10000000,10739900,25,17
2017-11-26,10000043,21604,31372640,31372640,31372640,3,2
2017-11-26,10000043,21610,20299799.79,20000000,21498998.96,10,10
2017-11-26,10000043,21611,30368906.62,30000000,32397893,26,14
2017-11-26,10000043,21638,967599.98,960000,967600,227,40
2017-11-26,10000043,21640,999000,900030.13,999999.99,467,78
2017-11-26,10000043,21666,21198879.96,21198879.96,21198879.96,1,1
2017-11-26,10000043,21667,18976998.99,18976998.99,18976998.99,1,1
2017-11-26,10000043,21668,20263295,19899986,20989913,3,3
2017-11-26,10000043,21718,107111.06,89999.99,118799.91,9,9
2017-11-26,10000043,21719,250001.2,250001.2,250001.2,1,1
2017-11-26,10000043,21720,4196427.71,4175000,4199999,7,3
2017-11-26,10000043,21722,470000.34,470000.31,470000.43,4,4
2017-11-26,10000043,21723,4200.34,4200.34,4200.34,1,1
2017-11-26,10000043,21724,10000,10000,10000,1,1
2017-11-26,10000043,21725,1240024.52,1000024.67,2200023.91,5,4
2017-11-26,10000043,21726,100000,100000,100000,9,7
2017-11-26,10000043,21727,16003,16003,16003,1,1
2017-11-26,10000043,21728,80000.03,80000.03,80000.03,8,7
2017-11-26,10000043,21729,6999.99,6999.99,6999.99,1,1
2017-11-26,10000043,21730,212,212,212,2,2
2017-11-26,10000043,21731,27509,27509,27509,1,1
2017-11-26,10000043,21732,399999.5,399999,400000,2,2
2017-11-26,10000043,21733,12030000.92,12030000.92,12030000.92,1,1
2017-11-26,10000043,21740,1299.79,1299.76,1299.8,493697,56
2017-11-26,10000043,21789,778988,778988,778988,3,3
2017-11-26,10000043,21790,25428.02,8500,47999.94,21,10
2017-11-26,10000043,21791,48392.41,11500,584999.99,14,8
2017-11-26,10000043,21802,32899048.55,31898889.97,34198889.97,7,7
2017-11-26,10000043,21803,18445432.15,17500000,19390875,6,6
2017-11-26,10000043,21815,7800000.03,7702000,8208998.9,565,91
2017-11-26,10000043,21841,34247.36,12000.07,70000,38,17
2017-11-26,10000043,21853,19116.54,1617.94,63999.99,35,29
2017-11-26,10000043,21855,261.9,25,5000,21,18
2017-11-26,10000043,21857,500.03,500.03,500.03,223,105
2017-11-26,10000043,21888,58999905.68,58999900.37,58999910.98,2,2
2017-11-26,10000043,21889,28570989.99,28570989.99,28570989.99,1,1
2017-11-26,10000043,21890,63774999.97,32100000,74999999.94,4,4
2017-11-26,10000043,21894,1098.76,1098.72,1098.83,111508,47
2017-11-26,10000043,21896,713.92,713.92,713.92,408403,83
2017-11-26,10000043,21898,504.18,504.18,504.18,384066,114
2017-11-26,10000043,21902,1085.27,1085.27,1085.27,78403,29
2017-11-26,10000043,21904,750,666.93,789.2,270171,42
2017-11-26,10000043,21906,479.97,479.97,479.97,246957,58
2017-11-26,10000043,21910,1999,1999,1999,31000,11
2017-11-26,10000043,21912,782,782,782,22520,6
2017-11-26,10000043,21914,560,560,560,17766,5
2017-11-26,10000043,21918,1161.86,1161.86,1161.86,62912,21
2017-11-26,10000043,21922,693.99,693.99,693.99,182581,52
2017-11-26,10000043,21924,467.91,467.91,467.91,142747,67
2017-11-26,10000043,21926,1800,1800,1800,34982,9
2017-11-26,10000043,21928,1098.42,1098.42,1098.42,44252,8
2017-11-26,10000043,21931,550,550,550,21500,5
2017-11-26,10000043,21935,1131,1131,1131,26159,5
2017-11-26,10000043,21937,642.93,642.93,642.93,64236,13
2017-11-26,10000043,21939,482.12,482.12,482.12,56158,17
2017-11-26,10000043,21947,59000000,59000000,59000000,1,1
2017-11-26,10000043,21949,87999998.99,87999998.99,87999998.99,1,1
2017-11-26,10000043,21951,46368942.46,42500007.38,50237877.54,2,2
2017-11-26,10000043,21957,61000800.01,61000800.01,61000800.01,1,1
2017-11-26,10000043,21959,109999995.02,109999994.68,109999995.69,3,2
2017-11-26,10000043,21960,200000000,200000000,200000000,1,1
2017-11-26,10000043,21961,90000000,90000000,90000000,1,1
2017-11-26,10000043,22043,25805485.31,25000000,27899745.84,18,10
2017-11-26,10000043,22107,24499989.98,24499984.98,24499994.99,4,4
2017-11-26,10000043,22108,47999979.98,47999964.97,47999995,4,4
2017-11-26,10000043,22109,107769988.99,107769983.99,107769994,3,3
2017-11-26,10000043,22110,399999999.98,399999999.98,399999999.98,1,1
2017-11-26,10000043,22111,73489989.96,72989989.95,73989989.96,2,2
2017-11-26,10000043,22112,323275002.99,279850028,366699977.97,2,2
2017-11-26,10000043,22114,13999999,13999999,13999999,1,1
2017-11-26,10000043,22115,40999999,40999999,40999999,1,1
2017-11-26,10000043,22119,22674994.99,22350000,22999989.97,2,2
2017-11-26,10000043,22120,25999985.17,10000010.79,31999949.93,4,4
2017-11-26,10000043,22121,77499989.99,77499989.99,77499989.99,1,1
2017-11-26,10000043,22122,149999066.05,149999066.05,149999066.05,1,1
2017-11-26,10000043,22123,46499999.96,46499999.96,46499999.96,1,1
2017-11-26,10000043,22124,312989962.99,305030100.99,316969894,3,3
2017-11-26,10000043,22128,250000000,250000000,250000000,1,1
2017-11-26,10000043,22131,7798504.98,7500011.01,8096998.95,2,2
2017-11-26,10000043,22133,10450010.5,10400031.01,10499989.98,2,2
2017-11-26,10000043,22134,20049525.51,20000000,20099051.01,2,2
2017-11-26,10000043,22135,42999999,42999999,42999999,1,1
2017-11-26,10000043,22136,8999968.03,5999904.08,10500000,3,3
2017-11-26,10000043,22137,119888998.5,119888998.5,119888998.5,1,1
2017-11-26,10000043,22175,64998.89,63900,64998.98,232,168
2017-11-26,10000043,22176,332640,332640,332640,4,4
2017-11-26,10000043,22177,55887.03,55887.02,55887.06,235,168
2017-11-26,10000043,22178,332640,332640,332640,4,4
2017-11-26,10000043,22229,4525115.27,2500000.08,4881997.63,85,25
2017-11-26,10000043,22242,76995600,75000000,79989000,5,5
2017-11-26,10000043,22291,1074998.9,1074998.88,1074998.9,699,258
2017-11-26,10000043,22428,1165002497.99,1153340000.98,1199999989.99,4,4
2017-11-26,10000043,22430,1299999988.99,1299999988.99,1299999988.99,1,1
2017-11-26,10000043,22436,1021065000.16,1190001,1248299999.99,6,6
2017-11-26,10000043,22442,371272862.7,331909800.05,449998988,3,3
2017-11-26,10000043,22444,470118916.24,465499988.5,474737843.99,4,4
2017-11-26,10000043,22446,600699969.98,600699969.98,600699969.98,1,1
2017-11-26,10000043,22448,473559197.99,473559197.99,473559197.99,1,1
2017-11-26,10000043,22452,73583165.33,72000000,73899997.99,6,5
2017-11-26,10000043,22456,67654218.73,65000000,71000986.8,36,23
2017-11-26,10000043,22460,66899899.88,66899899.88,66899899.88,1,1
2017-11-26,10000043,22464,83985719.22,83985000,83985988.93,11,7
2017-11-26,10000043,22470,369699989.99,369699989.99,369699989.99,1,1
2017-11-26,10000043,22474,461165000.22,403830000.35,518500000.08,2,2
2017-11-26,10000043,22534,20938302.3,20900000,21000000,13,10
2017-11-26,10000043,22535,119874961.67,119799998.99,119899955.9,4,3
2017-11-26,10000043,22536,174944.31,150000,259221.36,76,18
2017-11-26,10000043,22541,9564073.65,9000000,10999888.63,39,27
2017-11-26,10000043,22542,39892.95,39892.94,39893,174,101
2017-11-26,10000043,22543,250000,250000,250000,1,1
2017-11-26,10000043,22544,405922209.69,382604003.45,417899995.98,19,17
2017-11-26,10000043,22546,294085580.23,274133019.19,308999789.99,17,16
2017-11-26,10000043,22548,308499781.5,267000087.51,349999475.5,4,4
2017-11-26,10000043,22551,29196761.15,28000000,30386755.7,24,20
2017-11-26,10000043,22552,803555.34,572500.01,809617.22,39,27
2017-11-26,10000043,22559,58274740.48,56999988.99,59549304.91,8,8
2017-11-26,10000043,22570,18162659.98,17895999.99,18295989.98,3,2
2017-11-26,10000043,22571,154009589.99,154009589.99,154009589.99,1,1
2017-11-26,10000043,22573,6000000,6000000,6000000,2,2
2017-11-26,10000043,22576,28038.2,2513.94,28997.47,87,13
2017-11-26,10000043,22577,250000,250000,250000,1,1
2017-11-26,10000043,22578,80000,80000,80000,101,79
2017-11-26,10000043,22611,18450000,17000000,19900000,4,3
2017-11-26,10000043,22619,49444444.75,5555556.26,60000000,6,4
2017-11-26,10000043,22761,33898030,32000000,34846854,9,9
2017-11-26,10000043,22765,98999.99,98999.99,98999.99,5,1
2017-11-26,10000043,22778,148960.84,148960.83,148960.84,3022,54
2017-11-26,10000043,22779,2344200,2344200,2344200,1,1
2017-11-26,10000043,22782,1524333.91,1290277.66,1594991.97,69,39
2017-11-26,10000043,22806,129117.99,120000,139888.49,48,41
2017-11-26,10000043,22807,129741.63,120000,139878.39,50,43
2017-11-26,10000043,22808,130356.81,120000,139899.35,49,42
2017-11-26,10000043,22809,129305.14,120000,138980,54,47
2017-11-26,10000043,22901,10000000,10000000,10000000,2,1
2017-11-26,10000043,22919,69999999.99,69999999.99,69999999.99,1,1
2017-11-26,10000043,22929,41624966.26,41624960,41624978.78,3,3
2017-11-26,10000043,22961,455.01,455.01,455.01,99141,28
2017-11-26,10000043,22967,894.6,894.6,894.6,500,1
2017-11-26,10000043,22969,315.58,315.58,315.58,618,1
2017-11-26,10000043,22973,499.98,499.98,499.98,5067,2
2017-11-26,10000043,22977,844.94,843.99,844.96,55315,21
2017-11-26,10000043,22981,435.7,435.7,435.7,15213,4
2017-11-26,10000043,22983,428.88,428.88,428.88,1900,2
2017-11-26,10000043,22985,995.81,995.81,995.81,5572,3
2017-11-26,10000043,22987,425.88,425.88,425.88,14951,7
2017-11-26,10000043,22991,828.7,828.7,828.7,3500,5
2017-11-26,10000043,22993,1249,1249,1249,117047,19
2017-11-26,10000043,23009,525.01,525.01,525.01,781937,96
2017-11-26,10000043,23011,761.98,761.98,761.98,12098,4
2017-11-26,10000043,23013,796.95,796.95,796.95,18560,6
2017-11-26,10000043,23015,789.92,789.92,789.92,18795,6
2017-11-26,10000043,23017,781,781,781,29779,14
2017-11-26,10000043,23019,798.95,798.95,798.95,22351,13
2017-11-26,10000043,23021,740,740,740,12136,6
2017-11-26,10000043,23023,697,697,697,20629,10
2017-11-26,10000043,23025,754.98,753.99,754.99,377344,94
2017-11-26,10000043,23027,997.82,997.82,997.82,20480,5
2017-11-26,10000043,23029,205.03,205.03,205.03,6875,4
2017-11-26,10000043,23031,1000,1000,1000,63269,16
2017-11-26,10000043,23033,1599.99,1599.99,1599.99,32331,8
2017-11-26,10000043,23035,1449,1449,1449,52660,11
2017-11-26,10000043,23037,976.25,976.25,976.25,22865,7
2017-11-26,10000043,23039,690.18,690.18,690.18,135735,23
2017-11-26,10000043,23041,1370,1370,1370,15901,8
2017-11-26,10000043,23043,1100,1100,1100,21000,2
2017-11-26,10000043,23045,2349.36,2349.36,2349.36,33001,6
2017-11-26,10000043,23047,1253.75,1253.75,1253.75,10000,1
2017-11-26,10000043,23049,1099.98,1099.98,1099.98,17992,4
2017-11-26,10000043,23051,1849.44,1849.44,1849.44,101788,13
2017-11-26,10000043,23053,1002,1002,1002,20000,4
2017-11-26,10000043,23055,3389999.82,3389999.82,3389999.82,132,7
2017-11-26,10000043,23056,212473400,200473400,240473400,10,7
2017-11-26,10000043,23057,2297100.79,2297100.76,3489884.92,115,7
2017-11-26,10000043,23058,203363320,203363320,203363320,1,1
2017-11-26,10000043,23059,3799977.67,3799977.58,3799977.72,61,6
2017-11-26,10000043,23060,213949920,213949920,213949920,1,1
2017-11-26,10000043,23061,2663500,2400000,2820000,60,4
2017-11-26,10000043,23062,213346733.33,200013400,240013400,3,3
2017-11-26,10000043,23069,52098800,50000000,53498000,5,5
2017-11-26,10000043,23071,306017,306017,306017,677,73
2017-11-26,10000043,23073,291988.24,226887.8,361223.41,39,7
2017-11-26,10000043,23075,222921.88,189887.79,257666.66,43,8
2017-11-26,10000043,23077,247551.22,194668.91,330000,58,9
2017-11-26,10000043,23079,339998.99,339998.99,339998.99,548,32
2017-11-26,10000043,23081,290998.99,290998.99,290998.99,170,12
2017-11-26,10000043,23083,256615.33,216887.79,274423.43,63,9
2017-11-26,10000043,23085,282336.24,206977.79,364999.99,46,6
2017-11-26,10000043,23087,15467.34,2000,584999.99,47,26
2017-11-26,10000043,23089,513833.9,500000.01,513833.91,448,64
2017-11-26,10000043,23091,404398.94,388449.01,484000,54,6
2017-11-26,10000043,23093,502122.92,501000,503332.24,27,4
2017-11-26,10000043,23095,592424.87,584332.41,598999.99,29,5
2017-11-26,10000043,23097,491332.24,491332.24,491332.24,131,24
2017-11-26,10000043,23099,490000,490000,490000,8,3
2017-11-26,10000043,23101,391209.72,206887.8,464224.31,35,7
2017-11-26,10000043,23103,594118.48,366888.8,600324.32,39,11
2017-11-26,10000043,23105,999998.99,999998.99,999998.99,483,49
2017-11-26,10000043,23107,849680,849000,850000,50,9
2017-11-26,10000043,23109,998218.08,698967.8,1035998.99,72,9
2017-11-26,10000043,23111,924555.71,758998.78,964000,56,10
2017-11-26,10000043,23113,764377.73,688789.87,814332.12,83,11
2017-11-26,10000043,23115,697618.04,526987.81,739999,58,10
2017-11-26,10000043,23117,774334.32,774334.32,774334.32,12,3
2017-11-26,10000043,23119,798643.16,576889.87,834324.3,72,10
2017-11-26,10000043,23121,52044.77,39998.89,584999.99,22,17
2017-11-26,10000043,23123,999999.02,999999.02,999999.02,4,4
2017-11-26,10000043,23124,1479496.15,268999.3,2689993,4,3
2017-11-26,10000043,23128,4000000.52,4000000.52,4000000.52,2,2
2017-11-26,10000043,23129,31000.23,31000.23,31000.23,2,2
2017-11-26,10000043,23130,380000,100000,800000,5,5
2017-11-26,10000043,23131,11000.91,11000.91,11000.91,4,1
2017-11-26,10000043,23132,11010128.31,11010128.31,11010128.31,1,1
2017-11-26,10000043,23133,576902.54,89000.92,750000,41,23
2017-11-26,10000043,23134,6074083.53,2662001.39,7725498,12,12
2017-11-26,10000043,23135,272350.95,1759.01,339998.99,25,8
2017-11-26,10000043,23136,192003.99,192003.99,192003.99,2,1
2017-11-26,10000043,23139,63001.05,63001.05,63001.05,3,3
2017-11-26,10000043,23140,17300.76,17300.76,17300.76,2,2
2017-11-26,10000043,23141,35999.99,35999.99,35999.99,5,3
2017-11-26,10000043,23142,8118.01,8118.01,8118.01,1,1
2017-11-26,10000043,23143,52111,1500,80000,18,16
2017-11-26,10000043,23144,555.33,555.33,555.33,12,10
2017-11-26,10000043,23145,213715.13,1000.99,1489999.99,7,7
2017-11-26,10000043,23146,10289.96,100,10733,24,22
2017-11-26,10000043,23147,25000.89,25000.89,25000.89,19,14
2017-11-26,10000043,23148,5005.24,5005.23,5005.24,2,2
2017-11-26,10000043,23150,1501000,1501000,1501000,2,2
2017-11-26,10000043,23151,297061.14,55889.99,899989,7,7
2017-11-26,10000043,23152,14900025.02,10100100.1,16499999.99,4,4
2017-11-26,10000043,23153,59999.99,59999.99,59999.99,1,1
2017-11-26,10000043,23154,3386928.16,3386878.16,3386978.16,2,2
2017-11-26,10000043,23155,20.78,20.78,20.78,1,1
2017-11-26,10000043,23157,33.22,33.22,33.22,1,1
2017-11-26,10000043,23158,7.02,7.02,7.02,8960,96
2017-11-26,10000043,23159,9.02,9.02,9.02,9214,90
2017-11-26,10000043,23160,29.02,29.02,29.02,6899,59
2017-11-26,10000043,23161,100.14,100.14,100.14,2671,39
2017-11-26,10000043,23162,120.2,120.2,120.2,1627,26
2017-11-26,10000043,23163,8.04,8.04,8.05,1804,21
2017-11-26,10000043,23164,15.02,15.02,15.02,2734,24
2017-11-26,10000043,23165,120.12,120.12,120.12,2171,30
2017-11-26,10000043,23166,8,8,8,727,17
2017-11-26,10000043,23167,35.02,35.02,35.02,864,20
2017-11-26,10000043,23168,227500.17,70000.23,700000,4,4
2017-11-26,10000043,23169,10000.04,10000.04,10000.04,1,1
2017-11-26,10000043,23170,88000.69,88000.69,88000.69,2,2
2017-11-26,10000043,23171,148000.01,148000.01,148000.01,2,2
2017-11-26,10000043,23172,15000003.15,15000003.15,15000003.15,1,1
2017-11-26,10000043,23173,6294.74,3699.99,16997.49,20,14
2017-11-26,10000043,23174,1901002.42,1901002.42,1901002.42,1,1
2017-11-26,10000043,23175,245631.07,63089.01,320000.06,38,14
2017-11-26,10000043,23176,41750.01,500,50000.01,6,6
2017-11-26,10000043,23177,2500000.91,2500000.91,2500000.91,2,2
2017-11-26,10000043,23416,229000000,175000000,247000000,4,2
2017-11-26,10000043,23418,127999999,127999999,127999999,1,1
2017-11-26,10000043,23473,35650.34,397.49,39750,95,14
2017-11-26,10000043,23474,5000000,5000000,5000000,2,2
2017-11-26,10000043,23507,7000000,7000000,7000000,1,1
2017-11-26,10000043,23511,6000000,6000000,6000000,1,1
2017-11-26,10000043,23512,1002.01,1002.01,1002.01,2,1
2017-11-26,10000043,23513,4000000,4000000,4000000,1,1
2017-11-26,10000043,23523,139998.89,139998,139998.96,27,3
2017-11-26,10000043,23525,85716.68,55000.19,89749.98,60,11
2017-11-26,10000043,23526,14000000,14000000,14000000,1,1
2017-11-26,10000043,23527,259999.92,259999.92,259999.92,514,159
2017-11-26,10000043,23528,2415000,2130000,2700000,2,2
2017-11-26,10000043,23533,11152.17,2005.77,15234.23,14,10
2017-11-26,10000043,23534,99000,99000,99000,1,1
2017-11-26,10000043,23537,4000000,4000000,4000000,1,1
2017-11-26,10000043,23559,129639.23,30559.01,139547.25,22,5
2017-11-26,10000043,23561,68128.43,25027.49,69999.99,40,10
2017-11-26,10000043,23563,40000.01,40000.01,40000.01,4,1
2017-11-26,10000043,23566,384450.52,115169.02,409999,39,39
2017-11-26,10000043,23594,469919.8,450000,499799.51,25,24
2017-11-26,10000043,23606,446078.56,150000,1449655.56,78,48
2017-11-26,10000043,23618,56831.13,50000,68999.08,89,59
2017-11-26,10000043,23659,2215.8,2215.8,2215.8,20,4
2017-11-26,10000043,23660,200000,200000,200000,3,3
2017-11-26,10000043,23702,23399.43,200.03,34999.13,15,3
2017-11-26,10000043,23703,1700000,1700000,1700000,2,2
2017-11-26,10000043,23705,41437.99,35999.99,41438,313,45
2017-11-26,10000043,23706,1600000,1600000,1600000,2,2
2017-11-26,10000043,23707,9994.9,5050.05,9994.94,1730,199
2017-11-26,10000043,23708,300000,300000,300000,2,2
2017-11-26,10000043,23709,23193.55,22998.93,24750,36,10
2017-11-26,10000043,23710,2500000,2500000,2500000,1,1
2017-11-26,10000043,23711,5344,5344,5344,149,15
2017-11-26,10000043,23712,500000,500000,500000,1,1
2017-11-26,10000043,23714,1800000,1800000,1800000,1,1
2017-11-26,10000043,23716,250000,250000,250000,1,1
2017-11-26,10000043,23717,24072.34,20000,36995.98,12,3
2017-11-26,10000043,23718,2500000,2500000,2500000,1,1
2017-11-26,10000043,23719,2719.32,2719.32,2719.32,117,14
2017-11-26,10000043,23720,500000,500000,500000,2,2
2017-11-26,10000043,23722,1500000,1500000,1500000,2,2
2017-11-26,10000043,23723,4878.42,4878.42,4878.44,11,2
2017-11-26,10000043,23724,400000,400000,400000,2,2
2017-11-26,10000043,23725,17799.99,17799.99,17799.99,2,1
2017-11-26,10000043,23726,1700000,1700000,1700000,1,1
2017-11-26,10000043,23727,6637.95,6637.95,6637.95,3,1
2017-11-26,10000043,23728,200000,200000,200000,2,2
2017-11-26,10000043,23729,44959,44959,44959,3,3
2017-11-26,10000043,23730,1500000,1500000,1500000,1,1
2017-11-26,10000043,23731,5707.8,1500,8499.98,38,8
2017-11-26,10000043,23732,400000,400000,400000,1,1
2017-11-26,10000043,23735,47997977,47997977,47997977,1,1
2017-11-26,10000043,23795,5999995,5999995,5999995,2,2
2017-11-26,10000043,23797,38332665.99,36998000,38999998.99,3,2
2017-11-26,10000043,23803,49884969.97,49884969.97,49884969.97,1,1
2017-11-26,10000043,23805,223986579.36,223986579.36,223986579.36,3,3
2017-11-26,10000043,23815,29666999,29666999,29666999,1,1
2017-11-26,10000043,23817,85505406.96,75001411.04,96009402.87,2,2
2017-11-26,10000043,23821,38599499.88,20000000.98,57198998.77,2,2
2017-11-26,10000043,23844,23799999.99,23799999.97,23800000,6,4
2017-11-26,10000043,23894,122995995.95,122995995.95,122995995.95,1,1
2017-11-26,10000043,23911,1499999999.99,1499999999.99,1499999999.99,1,1
2017-11-26,10000043,23950,64957394,64000000,68786970,5,5
2017-11-26,10000043,24241,50000,50000,50000,108,69
2017-11-26,10000043,24242,1000000,1000000,1000000,149,50
2017-11-26,10000043,24268,8249954.17,7500000,11999725,6,6
2017-11-26,10000043,24270,7500000,7500000,7500000,9,7
2017-11-26,10000043,24283,48409330.81,48330014.95,84700000,10,8
2017-11-26,10000043,24305,3811627.66,3000087.78,3848998.81,24,9
2017-11-26,10000043,24311,500000000,500000000,500000000,2,2
2017-11-26,10000043,24312,507222500,500000000,528890000,4,4
2017-11-26,10000043,24313,519332665.33,500000000,528998997.99,3,3
2017-11-26,10000043,24314,500000000,500000000,500000000,4,4
2017-11-26,10000043,24348,1387999.99,1387999.99,1388000,163,78
2017-11-26,10000043,24349,137500,90000,375000,6,2
2017-11-26,10000043,24395,319880.98,185991.17,352224.29,57,38
2017-11-26,10000043,24396,1533000,1400000,1666000,2,2
2017-11-26,10000043,24417,1411523.67,1066889.48,1614321.98,60,41
2017-11-26,10000043,24427,1399989.98,1000332.05,1399994.08,190,93
2017-11-26,10000043,24438,1073487.5,1002706.57,1139998.9,79,37
2017-11-26,10000043,24443,888846.99,802789.01,933590.99,38,32
2017-11-26,10000043,24445,332101.86,299994.97,400000,29,11
2017-11-26,10000043,24471,94.2,37.8,94.21,88088,29
2017-11-26,10000043,24473,56.43,56.43,56.43,52558,20
2017-11-26,10000043,24475,68.9,35.01,68.91,80168,21
2017-11-26,10000043,24477,144,144,144,37020,18
2017-11-26,10000043,24478,114.33,114.33,114.33,83868,10
2017-11-26,10000043,24479,102.33,102.33,102.33,69536,8
2017-11-26,10000043,24486,88.77,88.77,88.77,140780,19
2017-11-26,10000043,24488,96,96,96,28064,13
2017-11-26,10000043,24490,140.45,140.44,173.23,877674,35
2017-11-26,10000043,24492,119.89,119.89,119.89,315955,19
2017-11-26,10000043,24493,109,109,109,47790,12
2017-11-26,10000043,24494,94,94,94,27832,8
2017-11-26,10000043,24495,137.91,120.37,137.99,191150,63
2017-11-26,10000043,24497,143.99,143.99,143.99,80006,38
2017-11-26,10000043,24499,150.24,150.24,150.24,190981,53
2017-11-26,10000043,24501,73.33,73.33,73.33,26896,14
2017-11-26,10000043,24503,121.2,121.2,121.2,17000,7
2017-11-26,10000043,24505,174.28,174.28,174.28,50649,7
2017-11-26,10000043,24507,553.06,553.06,553.06,41296,14
2017-11-26,10000043,24509,598.98,598.98,598.98,135416,26
2017-11-26,10000043,24511,390.84,390.84,390.84,166043,23
2017-11-26,10000043,24513,723.19,723.18,723.19,59507,16
2017-11-26,10000043,24515,417.68,417.68,417.68,23695,8
2017-11-26,10000043,24517,456.78,456.78,456.78,23226,13
2017-11-26,10000043,24519,917.84,917.84,917.84,43140,7
2017-11-26,10000043,24521,1801.2,1801.2,1801.2,25753,13
2017-11-26,10000043,24523,1396.87,1396.87,1396.87,31054,12
2017-11-26,10000043,24525,1844.22,1844.22,1844.22,1200,2
2017-11-26,10000043,24527,968.79,968.79,968.79,6053,2
2017-11-26,10000043,24529,1059.99,1059.99,1059.99,9408,5
2017-11-26,10000043,24531,487.04,487.04,487.04,143457,8
2017-11-26,10000043,24533,529.99,529.99,529.99,922559,30
2017-11-26,10000043,24535,583.88,583.85,583.89,179585,22
2017-11-26,10000043,24537,456.87,456.87,456.87,47614,3
2017-11-26,10000043,24539,590.97,590.97,590.97,81611,7
2017-11-26,10000043,24541,764.29,764.29,764.29,38978,8
2017-11-26,10000043,24558,10610433.35,8640273.68,13499996.39,37,3
2017-11-26,10000043,24560,8084350.68,7200202.69,9999999,19,5
2017-11-26,10000043,24561,1670784800,1670784800,1670784800,1,1
2017-11-26,10000043,24562,51359186.78,50000000,53397966.96,5,5
2017-11-26,10000043,24563,250000000,250000000,250000000,1,1
2017-11-26,10000043,24568,10000000,10000000,10000000,6,6
2017-11-26,10000043,24569,21499999.32,20000000,26499997.07,13,5
2017-11-26,10000043,24571,10044758.59,10000000,10648999.5,29,11
2017-11-26,10000043,24572,11285714.29,10000000,13000000,7,7
2017-11-26,10000043,24597,2,2,2,48,1
2017-11-26,10000043,24606,127986966,125000000,136947864,4,3
2017-11-26,10000043,24613,15178199.85,15000000,16187999,20,5
2017-11-26,10000043,24624,20271000,20000000,21490499.99,11,11
2017-11-26,10000043,24625,20610750,20000000,21395999.99,16,16
2017-11-26,10000043,24632,26328219.55,24000000,27492329.32,3,3
2017-11-26,10000043,24638,178799129.99,178799110,178799149.97,2,2
2017-11-26,10000043,24660,2300811.34,2300811.34,2300811.34,3,1
2017-11-26,10000043,24663,49252355.53,35139971.03,61899684.84,12,10
2017-11-26,10000043,24688,199785713.98,184999999.99,219000000,14,14
2017-11-26,10000043,24690,176460328.59,169206100.01,187199997.99,7,7
2017-11-26,10000043,24692,172419344.49,157109121,174995852,15,15
2017-11-26,10000043,24693,1800000000,1800000000,1800000000,1,1
2017-11-26,10000043,24694,169963083.5,159929179,179996987.99,2,2
2017-11-26,10000043,24696,47293294.72,40000039.01,48998816.99,17,17
2017-11-26,10000043,24697,585000000,585000000,585000000,2,1
2017-11-26,10000043,24698,41032576.25,31003001.27,44000000,25,25
2017-11-26,10000043,24700,46641511.23,39110023.01,47999993.92,20,20
2017-11-26,10000043,24701,626900000,626900000,626900000,1,1
2017-11-26,10000043,24702,41853543.53,40000040.17,43499995.99,17,15
2017-11-26,10000043,24703,593999999.99,593999999.99,593999999.99,1,1
2017-11-26,10000043,24764,20232801.96,20000000,21396811.76,6,6
2017-11-26,10000043,25233,689963.12,150000,1499907.79,5,5
2017-11-26,10000043,25235,237492.77,150000,299987.64,24,23
2017-11-26,10000043,25239,716630.31,250010.79,994933,33,6
2017-11-26,10000043,25266,2158981.93,2073996.5,2207921.98,82,48
2017-11-26,10000043,25268,89999.99,89999.99,89999.99,800,1
2017-11-26,10000043,25270,4000000.01,4000000.01,4000000.01,1,1
2017-11-26,10000043,25278,85000,85000,85000,1,1
2017-11-26,10000043,25349,30480978.48,30480977.97,30480978.98,2,2
2017-11-26,10000043,25530,67700066.89,60500175.25,74899958.53,4,4
2017-11-26,10000043,25538,145615594.39,125026001,176499984.99,5,5
2017-11-26,10000043,25544,27983051.74,27980000,27988986.46,18,17
2017-11-26,10000043,25545,672000.01,33000.03,1949999.97,9,4
2017-11-26,10000043,25547,3773999.54,48000.08,7499998.99,2,2
2017-11-26,10000043,25561,122989.83,122989.83,122989.83,8,1
2017-11-26,10000043,25562,249600,249600,249600,1,1
2017-11-26,10000043,25563,2921546.91,1615240.04,5499993.65,57,29
2017-11-26,10000043,25565,125000,125000,125000,161,29
2017-11-26,10000043,25567,8431.13,8005.68,10345.66,11,9
2017-11-26,10000043,25569,6878.5,1000,8005,10,9
2017-11-26,10000043,25571,4000.46,4000.44,4000.46,8,6
2017-11-26,10000043,25588,15600,15600,15600,11238,223
2017-11-26,10000043,25589,7000,7000,7000,40812,273
2017-11-26,10000043,25590,114000.38,113022.22,114999.76,27641,441
2017-11-26,10000043,25591,262260.05,262250.19,282999,48242,302
2017-11-26,10000043,25592,18499.57,18499.57,18499.57,56183,386
2017-11-26,10000043,25593,9750,9750,9750,9898,197
2017-11-26,10000043,25594,60289.75,56265.77,71500,32218,412
2017-11-26,10000043,25595,19004.73,19000.15,27294.99,13400,199
2017-11-26,10000043,25596,37500.02,37500.02,37500.02,8002,261
2017-11-26,10000043,25597,4500,4500,4500,53158,354
2017-11-26,10000043,25598,11001.03,11000,12623.98,64429,567
2017-11-26,10000043,25599,1100.06,1100,1101,301503,546
2017-11-26,10000043,25600,28700.22,28300.03,29501.15,75421,546
2017-11-26,10000043,25601,4500.01,4500.01,4500.01,105711,560
2017-11-26,10000043,25602,15250,15250,15250,9928,103
2017-11-26,10000043,25603,59998.96,50001.52,78989.97,20882,322
2017-11-26,10000043,25604,14025.01,14025.01,14025.01,6310,226
2017-11-26,10000043,25605,54501.25,48301.45,54501.3,53737,466
2017-11-26,10000043,25606,92003.19,92003.18,92100,24974,131
2017-11-26,10000043,25607,67505.09,67505.09,67505.09,7646,60
2017-11-26,10000043,25608,608091.1,608091,608091.1,915,72
2017-11-26,10000043,25609,311003.62,311003.41,311003.76,1956,101
2017-11-26,10000043,25610,550135.08,550135.06,550136.4,307,39
2017-11-26,10000043,25611,70998.85,59999.98,70999.98,3133,81
2017-11-26,10000043,25612,1021001.28,1021001.25,1021001.38,608,43
2017-11-26,10000043,25613,920000,910000,920000.01,2728,70
2017-11-26,10000043,25614,695022.27,695022.23,739999.8,841,54
2017-11-26,10000043,25615,3196779.25,3196779.25,3196779.26,1814,70
2017-11-26,10000043,25616,9831.73,9831.62,9831.79,3434,157
2017-11-26,10000043,25617,412943.02,412943,412972.03,4430,226
2017-11-26,10000043,25618,18203.85,18203.85,18203.85,14776,194
2017-11-26,10000043,25619,702671.63,702671.6,702979.91,5423,222
2017-11-26,10000043,25620,41928.09,41926.98,41928.17,5036,203
2017-11-26,10000043,25621,1040013,1040012.01,1040013,784,58
2017-11-26,10000043,25622,653914.26,653914.25,653914.26,598,63
2017-11-26,10000043,25623,48506.52,48506.52,48506.52,489,55
2017-11-26,10000043,25624,4499000,4361212.38,4500000,2799,113
2017-11-26,10000043,25625,3012062.75,3012005.07,3012062.76,1018,74
2017-11-26,10000043,25707,182233.34,125222.85,244221.98,58,28
2017-11-26,10000043,25709,3501.92,3501.61,3502,28,16
2017-11-26,10000043,25711,3003.43,0.01,3504,21,13
2017-11-26,10000043,25713,4800.69,0.01,5600.8,7,7
2017-11-26,10000043,25715,1540999.99,900004.1,1549997.48,245,57
2017-11-26,10000043,25718,3246756.45,2998998.3,3322989.73,17,17
2017-11-26,10000043,25719,306662.2,299933.76,399722.41,17,17
2017-11-26,10000043,25736,10989999.84,10989999.84,10989999.84,2,2
2017-11-26,10000043,25737,1250000,1250000,1250000,3,3
2017-11-26,10000043,25739,466266.32,450000,498798.96,12,12
2017-11-26,10000043,25810,479468.64,450000,499870,22,22
2017-11-26,10000043,25811,442613.45,109000.7,450000,13,13
2017-11-26,10000043,25812,4745069.6,4300000.84,4899998.85,71,23
2017-11-26,10000043,25861,59678.95,59669.99,59696.97,587,204
2017-11-26,10000043,25862,332640,332640,332640,1,1
2017-11-26,10000043,25863,1094999.99,1094999.99,1094999.99,1,1
2017-11-26,10000043,25887,120442.23,120442.23,120442.23,997,27
2017-11-26,10000043,25888,8929997.67,8929997.26,8929999.49,25,20
2017-11-26,10000043,25889,1250000,1250000,1250000,4,4
2017-11-26,10000043,25890,12902615.61,12889989.98,12990975,8,8
2017-11-26,10000043,25891,1250000,1250000,1250000,5,5
2017-11-26,10000043,25892,10350000,2100000.06,11999999.98,6,6
2017-11-26,10000043,25893,1250000,1250000,1250000,2,2
2017-11-26,10000043,25894,10000000,10000000,10000000,294,51
2017-11-26,10000043,25895,1250000,1250000,1250000,6,5
2017-11-26,10000043,25896,15336947.65,13000000,15960133.7,19,16
2017-11-26,10000043,25897,1250000,1250000,1250000,3,3
2017-11-26,10000043,25898,19986743.13,19979989.98,19990131.09,12,11
2017-11-26,10000043,25899,3250000,1250000,11250000,5,5
2017-11-26,10000043,25900,17779999.32,17779998.99,17779999.99,3,2
2017-11-26,10000043,25901,1250000,1250000,1250000,2,2
2017-11-26,10000043,25903,1250000,1250000,1250000,3,3
2017-11-26,10000043,25906,1990100,1990100,1990100,2,1
2017-11-26,10000043,25907,1250000,1250000,1250000,2,2
2017-11-26,10000043,25908,8990484.5,8990476.99,8990487,4,3
2017-11-26,10000043,25912,50000.01,50000.01,50000.01,1,1
2017-11-26,10000043,25914,9950668,9950668,9950668,1,1
2017-11-26,10000043,25918,9863526.84,5522555.01,10439999.6,23,18
2017-11-26,10000043,25919,1250000,1250000,1250000,2,2
2017-11-26,10000043,25920,14990903.2,14990903,14990903.99,5,5
2017-11-26,10000043,25921,1250000,1250000,1250000,1,1
2017-11-26,10000043,25924,100000,100000,100000,2,1
2017-11-26,10000043,25929,1250000,1250000,1250000,1,1
2017-11-26,10000043,25931,1250000,1250000,1250000,1,1
2017-11-26,10000043,25933,1250000,1250000,1250000,1,1
2017-11-26,10000043,25934,3999989.2,3999989.2,3999989.2,1,1
2017-11-26,10000043,25935,1250000,1250000,1250000,1,1
2017-11-26,10000043,25937,1250000,1250000,1250000,1,1
2017-11-26,10000043,25948,5486023.03,3765555,5490462,56,33
2017-11-26,10000043,25949,1250000,1250000,1250000,2,2
2017-11-26,10000043,25950,7890417.99,7890411.98,7890421.99,5,5
2017-11-26,10000043,25951,1250000,1250000,1250000,1,1
2017-11-26,10000043,25952,2784500,2250000.01,3318999.99,2,2
2017-11-26,10000043,25953,1250000,1250000,1250000,1,1
2017-11-26,10000043,25954,11676766.26,9000030.14,11899827.6,13,6
2017-11-26,10000043,25955,1250000,1250000,1250000,1,1
2017-11-26,10000043,25956,16339097.31,16328899.83,16390084.69,6,3
2017-11-26,10000043,25957,1250000,1250000,1250000,1,1
2017-11-26,10000043,25968,2850109,2850109,2850109,1,1
2017-11-26,10000043,25972,4990232,4990232,4990232,1,1
2017-11-26,10000043,25974,1248166.87,1248166.87,1248166.87,1,1
2017-11-26,10000043,25978,2659999.93,2659999.91,2659999.93,5,5
2017-11-26,10000043,25980,5291903.33,1800000,5990284,6,6
2017-11-26,10000043,25998,100000.01,100000.01,100000.01,2,1
2017-11-26,10000043,26002,9045084.55,200000,17890169.1,2,2
2017-11-26,10000043,26006,250000,250000,250000,1,1
2017-11-26,10000043,26017,1250000,1250000,1250000,1,1
2017-11-26,10000043,26020,9690571.96,9690571.92,9690571.97,4,4
2017-11-26,10000043,26021,1250000,1250000,1250000,1,1
2017-11-26,10000043,26022,12990596,12990590.99,12990601,2,2
2017-11-26,10000043,26023,1250000,1250000,1250000,1,1
2017-11-26,10000043,26026,8850697.98,8850697.98,8850697.98,1,1
2017-11-26,10000043,26027,1250000,1250000,1250000,2,2
2017-11-26,10000043,26029,1250000,1250000,1250000,1,1
2017-11-26,10000043,26030,9915716.94,9890762.99,9990568.77,4,4
2017-11-26,10000043,26031,1250000,1250000,1250000,2,2
2017-11-26,10000043,26058,8990390.98,8990390.98,8990390.98,2,1
2017-11-26,10000043,26060,4990412.8,4990412.8,4990412.8,7,2
2017-11-26,10000043,26068,9789609.23,9789310.97,9790504,12,5
2017-11-26,10000043,26070,6990449.99,6990449.99,6990449.99,3,2
2017-11-26,10000043,26072,6988820.12,6988000,6990460.35,6,4
2017-11-26,10000043,26076,1142005.2,1109999.97,1780109.99,21,17
2017-11-26,10000043,26077,1250000,1250000,1250000,3,3
2017-11-26,10000043,26078,1004224.23,1004224.23,1004224.23,1,1
2017-11-26,10000043,26079,1250000,1250000,1250000,2,2
2017-11-26,10000043,26080,321249.97,10000,2499999.72,8,2
2017-11-26,10000043,26081,1250000,1250000,1250000,3,3
2017-11-26,10000043,26082,1108333.16,1000000,1399999.64,12,11
2017-11-26,10000043,26083,1250000,1250000,1250000,2,2
2017-11-26,10000043,26084,9449978.98,9449973.98,9449983.99,3,3
2017-11-26,10000043,26085,1250000,1250000,1250000,3,3
2017-11-26,10000043,26086,9999989.99,9999989.99,9999989.99,2,2
2017-11-26,10000043,26087,1250000,1250000,1250000,2,2
2017-11-26,10000043,26088,9354117.61,9290866,9390845.95,49,18
2017-11-26,10000043,26089,1687500,1250000,3000000,4,4
2017-11-26,10000043,26091,1250000,1250000,1250000,2,2
2017-11-26,10000043,26100,7990422,7990422,7990422,1,1
2017-11-26,10000043,26106,2850189,2850189,2850189,5,3
2017-11-26,10000043,26107,1250000,1250000,1250000,1,1
2017-11-26,10000043,26108,19000000,19000000,19000000,2,1
2017-11-26,10000043,26109,1250000,1250000,1250000,1,1
2017-11-26,10000043,26111,1250000,1250000,1250000,1,1
2017-11-26,10000043,26113,1250000,1250000,1250000,1,1
2017-11-26,10000043,26224,28000036.58,9000090.67,46999984.99,8,6
2017-11-26,10000043,26252,31887.28,123.23,58000,95,70
2017-11-26,10000043,26253,29899,4501,38000,66,56
2017-11-26,10000043,26254,21366.52,20000,24999.76,30,30
2017-11-26,10000043,26255,101852.86,100000,119888.87,37,36
2017-11-26,10000043,26256,98520.44,5076.15,100000,27,27
2017-11-26,10000043,26257,89408.86,2005.63,100000,17,17
2017-11-26,10000043,26258,35470.92,221.04,100000,41,33
2017-11-26,10000043,26259,95884.98,1207.39,100000,19,19
2017-11-26,10000043,26260,91901.64,1009.86,118900,18,18
2017-11-26,10000043,26261,95583.29,3030.29,118999.16,19,19
2017-11-26,10000043,26288,158982970.6,158982970.6,158982970.6,1,1
2017-11-26,10000043,26290,177999944.88,177999944.88,177999944.88,1,1
2017-11-26,10000043,26292,135399999.49,135399999.49,135399999.49,1,1
2017-11-26,10000043,26294,167999547.97,167999547.97,167999547.97,2,1
2017-11-26,10000043,26298,189987466.83,189987466.83,189987466.83,1,1
2017-11-26,10000043,26302,114599286.93,114577854.08,114677869.9,14,10
2017-11-26,10000043,26304,37199899.33,37199899.33,37199899.33,4,3
2017-11-26,10000043,26322,59249433.92,59248119.82,59249961.7,7,4
2017-11-26,10000043,26324,109999999.99,109999999.99,109999999.99,1,1
2017-11-26,10000043,26328,179987585.15,179987567.43,179987629.98,10,9
2017-11-26,10000043,26334,289989696.96,289989696.96,289989696.96,1,1
2017-11-26,10000043,26352,32599889.85,32599889.85,32599889.85,1,1
2017-11-26,10000043,26368,37659946.4,37659887.95,37660059.97,9,6
2017-11-26,10000043,26370,109699980.48,109699980.48,109699980.48,2,2
2017-11-26,10000043,26374,36517506.19,400001.26,37763159.99,30,28
2017-11-26,10000043,26378,64999879.67,64999879.67,64999879.67,1,1
2017-11-26,10000043,26380,33179945.53,32999964.88,33539906.83,3,3
2017-11-26,10000043,26382,14999989.98,14999989.98,14999989.98,1,1
2017-11-26,10000043,26388,17370086.76,17370086.76,17370086.76,1,1
2017-11-26,10000043,26394,39336128.17,22344522.69,45000000,4,3
2017-11-26,10000043,26396,31392229.98,31392229.98,31392229.98,1,1
2017-11-26,10000043,26402,51299870.16,51299847.61,51299877.68,8,5
2017-11-26,10000043,26412,37999449.84,20000000,46999174.77,3,3
2017-11-26,10000043,26414,50999999.99,50999999.99,51000000,4,3
2017-11-26,10000043,26420,44523891.85,10100000.03,55998522.46,4,4
2017-11-26,10000043,26430,55353693.99,55353693.99,55353693.99,1,1
2017-11-26,10000043,26434,58999251.38,58999247.81,58999254.95,2,2
2017-11-26,10000043,26436,15169831.21,15069594.64,18000000,25,21
2017-11-26,10000043,26440,15999999.94,15999999.94,15999999.94,3,3
2017-11-26,10000043,26442,14667048.01,14667046.67,14667056.71,15,15
2017-11-26,10000043,26444,13998978.98,13998978.98,13998978.98,2,1
2017-11-26,10000043,26448,86437335.74,75000315.79,87199760,16,10
2017-11-26,10000043,26450,89820620.54,89800689.48,90000000,10,6
2017-11-26,10000043,26452,93999924.77,93999919.76,93999929.77,2,2
2017-11-26,10000043,26762,2599987.47,2599987.47,2599987.47,1,1
2017-11-26,10000043,26888,30999191.99,30999191.99,30999191.99,4,2
2017-11-26,10000043,26890,16490623.74,14950000,16999999.98,16,11
2017-11-26,10000043,26892,6829059.99,6829059.99,6829059.99,4,1
2017-11-26,10000043,26912,1457136.71,899990,2199999,7,3
2017-11-26,10000043,26913,2776967.53,1787003.14,2941124.31,35,11
2017-11-26,10000043,26914,2220381.09,1596670.46,2443332.94,53,21
2017-11-26,10000043,26929,159999.92,149997.74,159999.93,186,99
2017-11-26,10000043,26931,2816050.45,2049001,2997792.37,40,28
2017-11-26,10000043,27015,21989.01,20000,200000,91,91
2017-11-26,10000043,27064,87990643.39,87990643.39,87990643.39,1,1
2017-11-26,10000043,27068,740510,740510,740510,5,5
2017-11-26,10000043,27069,125000,125000,125000,1,1
2017-11-26,10000043,27073,4500000,4500000,4500000,1,1
2017-11-26,10000043,27083,150000,150000,150000,1,1
2017-11-26,10000043,27088,2999999.98,2999999.98,2999999.98,1,1
2017-11-26,10000043,27090,999999.79,999999.79,999999.79,1,1
2017-11-26,10000043,27091,4999999.99,4999999.99,4999999.99,1,1
2017-11-26,10000043,27098,144999.99,144999.99,144999.99,1,1
2017-11-26,10000043,27099,2000000,2000000,2000000,1,1
2017-11-26,10000043,27102,3268998.93,3268998.93,3268998.93,1,1
2017-11-26,10000043,27109,27249999,27249999,27249999,1,1
2017-11-26,10000043,27115,999999,999999,999999,5,2
2017-11-26,10000043,27116,169978946.99,169978941.98,169978951.99,2,2
2017-11-26,10000043,27117,2999979.99,2999979.99,2999979.99,1,1
2017-11-26,10000043,27118,245950000,245950000,245950000,1,1
2017-11-26,10000043,27126,156941639.04,111046107.2,179889404.96,3,3
2017-11-26,10000043,27127,826205.8,490001,949997.57,29,12
2017-11-26,10000043,27142,169000000,169000000,169000000,1,1
2017-11-26,10000043,27143,941129.56,600103.59,1084999.96,91,13
2017-11-26,10000043,27169,21653928.17,19500000,22730892.26,3,3
2017-11-26,10000043,27171,139988848.8,139988848.8,139988848.8,1,1
2017-11-26,10000043,27174,160428760.34,50002447.45,178833123.27,7,7
2017-11-26,10000043,27175,1199999.88,1199999.88,1199999.88,1,1
2017-11-26,10000043,27186,32989900.76,32989896.99,32989917.99,6,5
2017-11-26,10000043,27187,34881966.59,20059317.01,36999489.16,8,8
2017-11-26,10000043,27188,30988888.63,30988878.54,30988888.8,8,7
2017-11-26,10000043,27191,2499993.83,2499993,2499993.97,7,7
2017-11-26,10000043,27193,2015375.12,100001,2288999.99,8,8
2017-11-26,10000043,27195,1150000,1150000,1150000,8,7
2017-11-26,10000043,27196,28183330.08,22000000.21,34200000,6,4
2017-11-26,10000043,27197,33000000,33000000,33000000,2,2
2017-11-26,10000043,27198,39999989.97,39999984.97,39999994.98,3,3
2017-11-26,10000043,27238,21000000,21000000,21000000,2,2
2017-11-26,10000043,27245,142000000,142000000,142000000,1,1
2017-11-26,10000043,27250,102798396,102798396,102798396,1,1
2017-11-26,10000043,27260,31999929.76,31999909,31999959.94,8,7
2017-11-26,10000043,27309,10300000,10000000,10600000,2,2
2017-11-26,10000043,27313,53.03,53.03,53.03,2357,4
2017-11-26,10000043,27315,863,863,863,149312,21
2017-11-26,10000043,27319,40.01,40.01,40.01,1051,2
2017-11-26,10000043,27321,990.98,990.98,991.32,42656,32
2017-11-26,10000043,27325,199.99,199.99,199.99,180,1
2017-11-26,10000043,27327,932.84,932.84,932.84,162696,22
2017-11-26,10000043,27331,99.93,99.93,99.93,28480,5
2017-11-26,10000043,27333,763.99,763.99,763.99,122860,16
2017-11-26,10000043,27335,14998,14998,14998,1000,1
2017-11-26,10000043,27339,3232.7,3232.7,3232.7,65957,23
2017-11-26,10000043,27343,787.99,787.99,787.99,5400,2
2017-11-26,10000043,27345,2833.98,2111.95,2835.33,25760,21
2017-11-26,10000043,27347,287988.29,287988.29,287988.29,500,2
2017-11-26,10000043,27351,3195.05,3195.05,3195.52,46332,23
2017-11-26,10000043,27353,399,399,399,5500,2
2017-11-26,10000043,27355,299999.99,299999.99,299999.99,816,1
2017-11-26,10000043,27357,276,276,276,192,1
2017-11-26,10000043,27359,2488.92,2488.92,2488.92,41103,26
2017-11-26,10000043,27361,1085,1085,1085,155028,76
2017-11-26,10000043,27367,999.96,999.96,999.96,5620,2
2017-11-26,10000043,27371,1122,1122,1122.8,150991,86
2017-11-26,10000043,27373,699.51,102.01,1297,2000,2
2017-11-26,10000043,27377,2297.55,2297.55,2299,62425,8
2017-11-26,10000043,27379,495.68,495.68,495.68,1500,2
2017-11-26,10000043,27381,1745,1745,1745,145027,58
2017-11-26,10000043,27383,698.11,698.11,698.11,500,1
2017-11-26,10000043,27387,1287.92,997.1,1289.49,168614,78
2017-11-26,10000043,27395,1637.24,1637.24,1637.24,143613,22
2017-11-26,10000043,27401,1399.99,1399.99,1399.99,34640,15
2017-11-26,10000043,27403,1899.98,1899.98,1899.98,520,2
2017-11-26,10000043,27405,1245,1245,1245,46055,18
2017-11-26,10000043,27409,1598.99,1598.99,1598.99,3000,2
2017-11-26,10000043,27413,1300,1092.42,1399,117576,26
2017-11-26,10000043,27419,1396.99,1267.65,1399.98,37650,18
2017-11-26,10000043,27423,2372.99,2372.95,2372.99,96889,26
2017-11-26,10000043,27427,150.44,150.44,150.44,1000,1
2017-11-26,10000043,27429,2012.6,2012.6,2012.6,84876,9
2017-11-26,10000043,27433,976.87,976.87,976.87,1000,1
2017-11-26,10000043,27435,1598.63,1494.2,1598.64,83752,29
2017-11-26,10000043,27439,570.01,570.01,570.01,1000,1
2017-11-26,10000043,27441,1100.36,1100.24,1248.99,143654,33
2017-11-26,10000043,27445,200,200,200,1825,1
2017-11-26,10000043,27447,1250,1250,1250,117973,29
2017-11-26,10000043,27451,200.11,200.11,200.11,1000,1
2017-11-26,10000043,27453,1348.93,1348.93,1348.93,48491,18
2017-11-26,10000043,27902,105789.47,100000,119999.97,38,29
2017-11-26,10000043,27906,26435114.01,25000000,27009142.31,7,7
2017-11-26,10000043,27911,13523217.37,12000000,16999995,8,8
2017-11-26,10000043,27912,846243.61,810012,985994,34,8
2017-11-26,10000043,27914,1723040.69,1500000,1795981.55,40,28
2017-11-26,10000043,27915,34999999.99,34999999.99,34999999.99,1,1
2017-11-26,10000043,27916,997994.98,997994.98,997994.98,125,18
2017-11-26,10000043,27918,1077673.28,949999.97,1206999.85,48,15
2017-11-26,10000043,27920,746565.02,600009.27,1014333,31,6
2017-11-26,10000043,27922,610000,610000,610000,2,1
2017-11-26,10000043,27924,949998,949998,949998,11,4
2017-11-26,10000043,27930,189828.68,169488.05,199999,3,3
2017-11-26,10000043,27932,294999.91,294999.91,294999.91,3,3
2017-11-26,10000043,27936,10000000,10000000,10000000,5,5
2017-11-26,10000043,28073,9787154.84,9679000.56,9799178.99,10,10
2017-11-26,10000043,28164,4615546.74,4500000,4993700,47,24
2017-11-26,10000043,28197,2572064,2500099.98,2989999.96,50,9
2017-11-26,10000043,28199,2766329.41,339009.31,3979989.47,15,3
2017-11-26,10000043,28201,676164.59,449090.08,699999,78,11
2017-11-26,10000043,28203,631038.96,358000.01,650000,77,7
2017-11-26,10000043,28205,1686428.86,550000.4,1840000.29,42,8
2017-11-26,10000043,28207,1485558.63,1455560.45,1999998.73,30,7
2017-11-26,10000043,28209,1199307.37,1104817.21,1291018.39,67,14
2017-11-26,10000043,28211,894024.93,775000,894024.94,134,31
2017-11-26,10000043,28213,1296665.99,1296665.99,1296665.99,243,32
2017-11-26,10000043,28215,890005,890005,890005,109,16
2017-11-26,10000043,28262,318116.85,226750.13,350040.2,100,18
2017-11-26,10000043,28266,1678999.89,653003.38,2248997.95,14,3
2017-11-26,10000043,28270,681309.62,289000.36,898999.95,42,9
2017-11-26,10000043,28272,39308386.57,36849979.97,43499432.92,29,12
2017-11-26,10000043,28274,696382.51,475000.07,849999.87,81,16
2017-11-26,10000043,28276,19436155.37,15000007.19,23885881.47,20,9
2017-11-26,10000043,28278,519999.88,140000.07,899999.69,12,4
2017-11-26,10000043,28282,854219.75,580007,904999.9,32,12
2017-11-26,10000043,28286,2011577,1200010.23,2993999.88,42,15
2017-11-26,10000043,28288,78749402.73,76000000,80713264.69,12,3
2017-11-26,10000043,28290,2561322.73,1504027.65,3164027.09,30,11
2017-11-26,10000043,28294,595761.39,336174.18,725555,51,6
2017-11-26,10000043,28296,57998847.81,57998847.81,57998847.81,5,3
2017-11-26,10000043,28298,875002.47,465003.49,1899999.93,14,3
2017-11-26,10000043,28302,271786.46,160001.29,400000,28,6
2017-11-26,10000043,28304,16000000.01,16000000.01,16000000.01,9,1
2017-11-26,10000043,28306,2900116.03,1600233.14,4199998.93,10,4
2017-11-26,10000043,28308,99998999.24,99998999.24,99998999.25,5,2
2017-11-26,10000043,28324,939,939,939,29299,11
2017-11-26,10000043,28326,426,426,426,34200,6
2017-11-26,10000043,28328,531,531,531,19500,4
2017-11-26,10000043,28332,1544.93,1544.93,1544.93,40266,10
2017-11-26,10000043,28334,824.24,824.24,824.24,33180,14
2017-11-26,10000043,28336,612.98,612.98,612.98,43630,14
2017-11-26,10000043,28361,6001.09,6000.48,6002.51,11623,75
2017-11-26,10000043,28362,190011.06,190000,204666.08,10339,131
2017-11-26,10000043,28363,152009.51,152009.5,152010.61,1419,45
2017-11-26,10000043,28364,25001,25001,25001,1164,34
2017-11-26,10000043,28365,20004.13,20002,20004.13,568,9
2017-11-26,10000043,28366,2774013.34,2774000.11,2774019.34,246,15
2017-11-26,10000043,28367,423200.07,423200.07,423200.07,1150,13
2017-11-26,10000043,28374,515999964.77,500000000,579999823.86,10,10
2017-11-26,10000043,28377,120000000,120000000,120000000,1,1
2017-11-26,10000043,28385,441001.01,441001.01,441001.01,131,1
2017-11-26,10000043,28388,477000,477000,477000,2747,14
2017-11-26,10000043,28390,350000.27,350000.27,350000.27,163,1
2017-11-26,10000043,28391,384000.07,384000.07,384000.07,358,3
2017-11-26,10000043,28394,97725.15,97725.15,97725.15,74,1
2017-11-26,10000043,28395,180000,180000,180000,443,1
2017-11-26,10000043,28397,155000,155000,155000,1905,4
2017-11-26,10000043,28398,200000,200000,200000,2471,2
2017-11-26,10000043,28399,507990,507990,507990,2148,4
2017-11-26,10000043,28401,64980,64980,64980,215,3
2017-11-26,10000043,28402,64989.95,64989.95,64989.95,632,4
2017-11-26,10000043,28403,40001.4,40001.4,40001.4,1147,6
2017-11-26,10000043,28404,57212,57212,57212,308,5
2017-11-26,10000043,28405,57301,57301,57301,562,5
2017-11-26,10000043,28406,40000,40000,40000,5154,6
2017-11-26,10000043,28407,40000.01,40000.01,40000.01,1022,10
2017-11-26,10000043,28408,49999.83,49999.83,49999.83,963,6
2017-11-26,10000043,28409,19698.99,19698.99,19698.99,33243,28
2017-11-26,10000043,28410,14611.02,14610.09,14910.06,16417,16
2017-11-26,10000043,28411,16290.08,15289.04,18270.96,23750,19
2017-11-26,10000043,28413,1099999.99,1099999.99,1099999.99,3,1
2017-11-26,10000043,28415,7010.17,7010.17,7010.17,613,4
2017-11-26,10000043,28416,8848.99,8848,8849,17028,14
2017-11-26,10000043,28417,6200.03,6200.03,6200.03,988,4
2017-11-26,10000043,28418,359859.3,359859.3,359859.3,3419,9
2017-11-26,10000043,28420,434221.31,356997.99,449989.99,1669,10
2017-11-26,10000043,28421,6068.35,6068.35,6068.35,971,1
2017-11-26,10000043,28422,9349.9,9349.9,9349.9,36903,5
2017-11-26,10000043,28424,4445.02,4445.02,4445.02,154529,17
2017-11-26,10000043,28425,4562.97,4562.97,4562.97,132707,23
2017-11-26,10000043,28426,4572.11,4572.1,4572.11,48679,18
2017-11-26,10000043,28427,1697.01,1697.01,1697.01,161604,14
2017-11-26,10000043,28428,2393.99,2099.97,2899.99,417614,32
2017-11-26,10000043,28429,1851,1851,1851,57040,16
2017-11-26,10000043,28430,1461.98,1461.98,1461.98,333006,21
2017-11-26,10000043,28431,1580,1578.27,1684.3,278881,31
2017-11-26,10000043,28432,1383,1383,1383,731310,32
2017-11-26,10000043,28434,225999.96,220000,225999.96,27343,35
2017-11-26,10000043,28436,210000,210000,210000,129,4
2017-11-26,10000043,28440,600000.04,600000.04,600000.04,263,5
2017-11-26,10000043,28514,107999999,107999999,107999999,1,1
2017-11-26,10000043,28576,923497.93,923497.9,923498.88,420,150
2017-11-26,10000043,28578,999934.92,999933.94,999937.94,148,31
2017-11-26,10000043,28585,25664999.67,25000000,26994999,15,15
2017-11-26,10000043,28606,725887307.05,692386101.11,749999998.8,36,36
2017-11-26,10000043,28609,32707969.53,32000000,34477893.36,7,7
2017-11-26,10000043,28615,4208199.5,4000000,4346999,10,10
2017-11-26,10000043,28646,3547774.22,2112005.76,3999999.97,36,28
2017-11-26,10000043,28652,21832971.69,21500000,21999457.54,3,3
2017-11-26,10000043,28654,3999928.47,3999923.46,3999953.5,6,4
2017-11-26,10000043,28656,64711597.9,64000000,68743986,20,11
2017-11-26,10000043,28659,1752775000.97,1694300002,1811249999.93,2,2
2017-11-26,10000043,28661,1646979913.99,1646979913.99,1646979913.99,1,1
2017-11-26,10000043,28665,1300700007.38,1300700007.07,1300700008,3,3
2017-11-26,10000043,28667,66498440.71,64000000,68996881.41,4,4
2017-11-26,10000043,28668,26223.52,25999.98,26223.56,126057,546
2017-11-26,10000043,28670,186501.01,100000.1,199999.99,7,3
2017-11-26,10000043,28672,487013.53,487013.53,487013.53,1,1
2017-11-26,10000043,28674,1439897.96,1439897.96,1439897.96,2,1
2017-11-26,10000043,28676,498000.03,498000.03,498000.03,7,1
2017-11-26,10000043,28678,2125058.81,2112000,2199999.98,17,6
2017-11-26,10000043,28680,1231214.03,1200000,1500000,14,6
2017-11-26,10000043,28682,799999.85,799999.85,799999.85,24,1
2017-11-26,10000043,28688,43995,43995,43995,12,1
2017-11-26,10000043,28695,1200.01,1200.01,1200.01,829,2
2017-11-26,10000043,28696,191.46,191.46,191.46,180,1
2017-11-26,10000043,28710,1546739361.02,1414025000.34,1588999999.99,8,8
2017-11-26,10000043,28744,74020679,74020679,74020679,1,1
2017-11-26,10000043,28754,200500225.23,200500225.22,200500225.23,2,2
2017-11-26,10000043,28756,34693851.91,32000000.13,35499999.5,57,51
2017-11-26,10000043,28758,33818139.64,28500014.05,34799769.57,71,68
2017-11-26,10000043,28780,96805406.09,64027110.56,104999979.98,5,5
2017-11-26,10000043,28784,155999998,155999998,155999998,1,1
2017-11-26,10000043,28850,9435000000,9100000000,9770000000,2,2
2017-11-26,10000043,28879,1074046.79,1000000,1246978.62,20,20
2017-11-26,10000043,28880,5021043.84,5000000,5439988.3,20,19
2017-11-26,10000043,28974,66859.12,66859.12,66859.12,30,1
2017-11-26,10000043,28999,14999.79,14999.77,14999.82,763,133
2017-11-26,10000043,29000,1500000,1500000,1500000,4,1
2017-11-26,10000043,29001,14999,14999,14999,2110,177
2017-11-26,10000043,29002,1500000,1500000,1500000,4,1
2017-11-26,10000043,29003,81849.31,14110.56,84999.95,90,12
2017-11-26,10000043,29005,5799.01,5799.01,5799.01,162,33
2017-11-26,10000043,29007,12734.32,6449,13448.56,49,30
2017-11-26,10000043,29008,1500000,1500000,1500000,4,1
2017-11-26,10000043,29009,9550,9550,9599.91,2338,132
2017-11-26,10000043,29010,1500000,1500000,1500000,4,1
2017-11-26,10000043,29011,9850,5502.83,11331.6,5305,205
2017-11-26,10000043,29012,1500000,1500000,1500000,4,1
2017-11-26,10000043,29013,4902,4901.02,4902,6394,32
2017-11-26,10000043,29014,1500000,1500000,1500000,4,1
2017-11-26,10000043,29015,9904.99,5450,9904.99,175,46
2017-11-26,10000043,29016,1500000,1500000,1500000,4,1
2017-11-26,10000043,29029,102332665,100000000,106997994.99,3,3
2017-11-26,10000043,29248,388888.88,388888.88,392824.12,104,87
2017-11-26,10000043,29249,2886500,2775000,3444000,6,6
2017-11-26,10000043,29266,4000000,4000000,4000000,1,1
2017-11-26,10000043,29336,54120959.2,45624022,62617896.4,2,2
2017-11-26,10000043,29337,76993627.19,60022001,77990000,14,14
2017-11-26,10000043,29340,104999979.69,104999979.67,104999979.71,2,2
2017-11-26,10000043,29344,73000000,73000000,73000000,1,1
2017-11-26,10000043,29637,51706720.92,50000000,58999636.66,22,22
2017-11-26,10000043,29984,156725105.57,144077001.35,159999989.99,23,23
2017-11-26,10000043,29986,143388419.89,120149005.55,148999899.98,27,23
2017-11-26,10000043,29988,135046829.56,119054000.64,138598999,13,13
2017-11-26,10000043,29990,221946423.08,210000000,234999998.99,14,13
2017-11-26,10000043,29992,424999.96,424999.96,424999.96,255,3
2017-11-26,10000043,29993,10000000,10000000,10000000,1,1
2017-11-26,10000043,29994,1965610.77,1800000,1988888,40,4
2017-11-26,10000043,29995,10000000,10000000,10000000,1,1
2017-11-26,10000043,29996,29998998.45,29998998.44,29998998.45,2,2
2017-11-26,10000043,30003,10000000,10000000,10000000,1,1
2017-11-26,10000043,30013,5595.88,5590,5595.93,4630,289
2017-11-26,10000043,30014,5200000,5000000,5400000,4,4
2017-11-26,10000043,30018,6331.02,6331.02,6331.03,2538,47
2017-11-26,10000043,30019,2213.06,2213.04,2213.09,15048,59
2017-11-26,10000043,30021,24001.5,24001.48,24001.64,33423,70
2017-11-26,10000043,30022,95057.4,95057.4,95057.4,2321,53
2017-11-26,10000043,30024,6008.11,6008.11,6008.11,2339,51
2017-11-26,10000043,30028,61000,61000,61000,1563,58
2017-11-26,10000043,30029,5250000,5000000,5500000,2,2
2017-11-26,10000043,30187,12499999.99,12499999.99,12499999.99,3,1
2017-11-26,10000043,30248,33040.59,33040.59,33040.59,2990,62
2017-11-26,10000043,30251,2006.02,2006.01,2006.02,37024,60
2017-11-26,10000043,30252,24060.21,24060.21,24060.22,959,35
2017-11-26,10000043,30254,2081.37,2081.37,2081.37,61066,70
2017-11-26,10000043,30258,45106.75,45106.75,45106.75,2331,55
2017-11-26,10000043,30259,865602.6,865602.59,865602.95,3653,67
2017-11-26,10000043,30268,40380.01,40380.01,40380.04,935,39
2017-11-26,10000043,30269,222220.98,39383.02,238999.99,1763,40
2017-11-26,10000043,30270,45006.2,45006.06,45006.43,867,35
2017-11-26,10000043,30271,29082.09,29082.09,29082.09,763,34
2017-11-26,10000043,30303,2996.48,2996.48,2996.48,101,1
2017-11-26,10000043,30304,7000.06,7000.06,7000.06,2500,1
2017-11-26,10000043,30306,19206.57,19206.57,19206.57,1600,1
2017-11-26,10000043,30307,12000.1,12000.1,12000.1,1200,1
2017-11-26,10000043,30308,24997.96,24997.96,24997.96,80,1
2017-11-26,10000043,30309,32998.97,32997.94,32999.93,20294,6
2017-11-26,10000043,30310,61000,61000,61000,6160,3
2017-11-26,10000043,30324,9946063.82,7229028.01,10000000,7,7
2017-11-26,10000043,30325,10139799,10000000,10698995,5,5
2017-11-26,10000043,30327,10499104.71,10000000,11996418.84,4,4
2017-11-26,10000043,30328,5.56,5.11,6,4,4
2017-11-26,10000043,30342,50,50,50,9,5
2017-11-26,10000043,30370,3351.26,3351.25,3351.9,36847,18
2017-11-26,10000043,30371,2200,1800,2699.96,33782,18
2017-11-26,10000043,30372,2040.13,2040.01,2340,31858,12
2017-11-26,10000043,30373,7555.76,7555.75,14116,24119,15
2017-11-26,10000043,30374,3607.12,3606,4499.95,44734,20
2017-11-26,10000043,30375,9355.64,9353.11,9358.66,38200,17
2017-11-26,10000043,30376,13569.72,13569.72,13569.72,36117,14
2017-11-26,10000043,30377,55499.22,55499.17,55499.37,36398,27
2017-11-26,10000043,30378,45188.48,45185.78,45190.69,3316,10
2017-11-26,10000043,30420,105.9,50.02,1000,17,13
2017-11-26,10000043,30422,50,50,50,10,7
2017-11-26,10000043,30424,50,50,50,14,6
2017-11-26,10000043,30465,10000000,10000000,10000000,1,1
2017-11-26,10000043,30467,10000000,10000000,10000000,1,1
2017-11-26,10000043,30476,3849999.6,3849999.6,3849999.6,19,3
2017-11-26,10000043,30477,10000000,10000000,10000000,1,1
2017-11-26,10000043,30479,10000000,10000000,10000000,1,1
2017-11-26,10000043,30486,519443.15,518000,519443.17,1759,127
2017-11-26,10000043,30488,444989.88,443998.94,444998.9,4459,333
2017-11-26,10000043,30497,4500.53,4500.53,4500.53,8207,47
2017-11-26,10000043,30532,5749987.59,5000000,7499958.64,10,10
2017-11-26,10000043,30537,5087000,5000000,5347999.99,8,8
2017-11-26,10000043,30538,5599921.16,5000000,6999740.55,10,10
2017-11-26,10000043,30539,5069800,5000000,5349000,10,10
2017-11-26,10000043,30540,5174995,5000000,5349990,4,4
2017-11-26,10000043,30544,6363596.58,5000000,7499933.77,11,11
2017-11-26,10000043,30545,5173990,5000000,5347979.99,8,8
2017-11-26,10000043,30546,5173950,5000000,5347899.99,6,6
2017-11-26,10000043,30547,5233266.67,5000000,5349900,6,6
2017-11-26,10000043,30548,5024000.13,5000000,5346000,10,10
2017-11-26,10000043,30549,5174500,5000000,5349000,12,12
2017-11-26,10000043,30550,5174950,5000000,5349900,4,4
2017-11-26,10000043,30551,5139955.99,5000000,5349889.99,5,5
2017-11-26,10000043,30552,5158590.91,5000000,5348900,11,11
2017-11-26,10000043,30553,5149957.14,5000000,5349900,7,7
2017-11-26,10000043,30554,6071355.02,5000000,7499828.37,7,7
2017-11-26,10000043,30558,1000000.03,1000000.03,1000000.03,6,4
2017-11-26,10000043,30562,47500.1,47500.09,47500.11,29,10
2017-11-26,10000043,30582,7444444,7444444,7444444,4,1
2017-11-26,10000043,30586,251000.11,251000.11,251000.11,3,2
2017-11-26,10000043,30588,10000.19,10000.17,10000.19,24,8
2017-11-26,10000043,30615,1000001.2,800002.39,1200000,4,3
2017-11-26,10000043,30618,67948.72,50000,190000,39,13
2017-11-26,10000043,30628,14888888,14888888,14888888,1,1
2017-11-26,10000043,30632,800000.06,800000.06,800000.06,3,2
2017-11-26,10000043,30633,5000.02,5000.01,5000.03,25,12
2017-11-26,10000043,30650,1584375,1500000,1693000,16,16
2017-11-26,10000043,30651,1548285.7,1500000,1690999.9,14,14
2017-11-26,10000043,30652,1564333.33,1500000,1693000,9,9
2017-11-26,10000043,30653,1566379.76,1500000,1665949.4,5,5
2017-11-26,10000043,30744,200000,200000,200000,49948,192
2017-11-26,10000043,30745,500000,500000,500000,47066,195
2017-11-26,10000043,30746,1500000,1500000,1500000,19885,125
2017-11-26,10000043,30747,5000000,5000000,5000000,10745,107
2017-11-26,10000043,30752,14776999.98,14776999.98,14776999.98,4,1
2017-11-26,10000043,30788,10299726.43,10000000,12998628.13,5,5
2017-11-26,10000043,30832,1178692.45,896997.8,1239864.59,61,53
2017-11-26,10000043,30834,1524912.62,1489999.69,1668779.72,49,45
2017-11-26,10000043,30836,1687996.65,1670395.35,1687998.84,164,36
2017-11-26,10000043,30839,2709.92,724.02,6850,33,18
2017-11-26,10000043,30987,444444.44,444444.44,449995.98,285,91
2017-11-26,10000043,30988,125000,125000,125000,6,5
2017-11-26,10000043,30993,60000432.8,60000421.76,60000502.3,10,4
2017-11-26,10000043,30997,322988.43,322987,322998,9,9
2017-11-26,10000043,30998,125000,125000,125000,2,2
2017-11-26,10000043,30999,2097799.63,463000.11,2199974.6,34,29
2017-11-26,10000043,31000,750000,750000,750000,3,3
2017-11-26,10000043,31003,10498623.95,10498623.95,10498623.95,2,2
2017-11-26,10000043,31005,18200019.36,18200015.35,18200025.36,10,7
2017-11-26,10000043,31009,624330.78,624330.77,624330.93,113,59
2017-11-26,10000043,31010,125000,125000,125000,4,4
2017-11-26,10000043,31011,2679233.67,2367999.7,2899999.99,90,62
2017-11-26,10000043,31012,750000,750000,750000,4,4
2017-11-26,10000043,31015,8565988.01,2500001.09,8999290.74,15,14
2017-11-26,10000043,31017,20256215.24,20200000,20257776.78,37,21
2017-11-26,10000043,31021,660633.51,350001.25,710559.99,57,25
2017-11-26,10000043,31022,125000,125000,125000,2,2
2017-11-26,10000043,31023,2390175.28,2390171.48,2390206.64,22,22
2017-11-26,10000043,31024,750000,750000,750000,4,4
2017-11-26,10000043,31027,9299999,9299999,9299999,1,1
2017-11-26,10000043,31029,20404693.6,12000000.1,20929987,17,10
2017-11-26,10000043,31033,782088.35,291000,897898.88,37,24
2017-11-26,10000043,31034,125000,125000,125000,1,1
2017-11-26,10000043,31035,2071729.16,79000.05,2140206.7,30,26
2017-11-26,10000043,31036,750000,750000,750000,3,3
2017-11-26,10000043,31039,9986247.58,9986235.56,9986255.6,5,5
2017-11-26,10000043,31041,22499910.41,22499838.66,22499928.76,18,15
2017-11-26,10000043,31045,999994.99,700016.86,999998.27,112,53
2017-11-26,10000043,31046,125000,125000,125000,3,3
2017-11-26,10000043,31047,2849731.11,2849729.84,2849731.12,103,71
2017-11-26,10000043,31048,750000,750000,750000,4,4
2017-11-26,10000043,31051,9119904.31,9119895.97,9119905.99,27,25
2017-11-26,10000043,31053,33762699.6,29500000.23,33999501.11,38,34
2017-11-26,10000043,31055,2309998.59,2307999.96,2309998.9,252,107
2017-11-26,10000043,31056,770000,750000,850000,5,5
2017-11-26,10000043,31057,8052280.04,6569328.29,8143403.24,69,43
2017-11-26,10000043,31059,20077816.1,20077786.14,20077816.19,137,69
2017-11-26,10000043,31063,662222.16,450000,690000,36,18
2017-11-26,10000043,31064,125000,125000,125000,2,2
2017-11-26,10000043,31065,3451946.24,56006.09,3999992.7,36,29
2017-11-26,10000043,31066,750000,750000,750000,3,3
2017-11-26,10000043,31069,8823072.6,8800079.83,9030008.55,10,10
2017-11-26,10000043,31071,31557274.88,25000000.16,32890000.09,14,11
2017-11-26,10000043,31073,2980290.98,2980290.98,2980290.98,19,7
2017-11-26,10000043,31079,38981574.35,38981567.68,38981577.69,3,2
2017-11-26,10000043,31083,767279.02,225000.39,767999.94,43,21
2017-11-26,10000043,31084,125000,125000,125000,2,2
2017-11-26,10000043,31085,2813336.65,460000.05,3120293.6,26,11
2017-11-26,10000043,31086,750000,750000,750000,4,4
2017-11-26,10000043,31089,8999989.99,8999989.99,8999989.99,4,2
2017-11-26,10000043,31091,35739276.75,35738871.95,35739809.81,7,5
2017-11-26,10000043,31105,343457.86,116555,377389.3,77,30
2017-11-26,10000043,31106,125000,125000,125000,4,4
2017-11-26,10000043,31107,1058747.47,990000.01,1099995.95,8,7
2017-11-26,10000043,31108,750000,750000,750000,1,1
2017-11-26,10000043,31111,3899894.38,1749003.1,4170005.63,9,9
2017-11-26,10000043,31113,10504964.66,10504964.64,10504965,12,9
2017-11-26,10000043,31117,333935.83,182005.05,334999.99,37,16
2017-11-26,10000043,31118,125000,125000,125000,2,2
2017-11-26,10000043,31119,1269913.91,1269913.46,1269917.93,215,78
2017-11-26,10000043,31120,750000,750000,750000,1,1
2017-11-26,10000043,31123,3276022.24,3274999,3278836.15,15,6
2017-11-26,10000043,31125,10000003.97,10000003.78,12999636.01,137,45
2017-11-26,10000043,31130,125000,125000,125000,1,1
2017-11-26,10000043,31131,564998,280000,849995.99,4,3
2017-11-26,10000043,31142,125000,125000,125000,2,2
2017-11-26,10000043,31149,44983724.51,44983724.51,44983724.51,1,1
2017-11-26,10000043,31153,233330.45,233330.3,233330.54,177,90
2017-11-26,10000043,31154,125000,125000,125000,3,3
2017-11-26,10000043,31155,1118443.81,800011,1120022.5,69,38
2017-11-26,10000043,31156,750000,750000,750000,1,1
2017-11-26,10000043,31157,10995097.15,200000,21790194.3,2,2
2017-11-26,10000043,31159,440309.93,440309.24,440309.95,140,62
2017-11-26,10000043,31160,125000,125000,125000,3,3
2017-11-26,10000043,31161,1790126.88,1632000,1790127,117,48
2017-11-26,10000043,31163,37698976.15,37698976.15,37698976.15,2,1
2017-11-26,10000043,31165,3750000.6,3750000.44,4888023.98,493,96
2017-11-26,10000043,31167,15115420.06,9012206.03,15467519.26,55,35
2017-11-26,10000043,31171,4531318.94,3043937.07,4606953.63,62,42
2017-11-26,10000043,31173,13007866.83,7325500.2,13217419.89,28,24
2017-11-26,10000043,31177,369999.96,369999.96,369999.96,119,65
2017-11-26,10000043,31178,125000,125000,125000,4,4
2017-11-26,10000043,31179,1390072.66,1390063.8,1390105.99,81,42
2017-11-26,10000043,31180,750000,750000,750000,1,1
2017-11-26,10000043,31183,4219211.49,3250006.2,4299885.89,49,39
2017-11-26,10000043,31185,11536100.32,6701271.03,11699484.08,31,26
2017-11-26,10000043,31189,184995.71,184995.71,184995.71,1,1
2017-11-26,10000043,31190,125000,125000,125000,2,2
2017-11-26,10000043,31191,1579998.95,1579998.95,1579998.95,2,2
2017-11-26,10000043,31195,2699998,2699998,2699998,1,1
2017-11-26,10000043,31197,15999999.84,15999999.84,15999999.84,1,1
2017-11-26,10000043,31201,178693.31,126320.06,179500,69,51
2017-11-26,10000043,31203,484111.4,464112.21,494111,3,3
2017-11-26,10000043,31204,750000,750000,750000,1,1
2017-11-26,10000043,31207,2434209.43,1400282.52,2640994.81,12,10
2017-11-26,10000043,31209,4686954.16,4686954.13,4686954.19,2,2
2017-11-26,10000043,31213,93999.99,93999.98,94000,331,131
2017-11-26,10000043,31214,125000,125000,125000,1,1
2017-11-26,10000043,31215,254026.16,100.53,380988.98,3,3
2017-11-26,10000043,31216,750000,750000,750000,1,1
2017-11-26,10000043,31220,4543781.63,1225001,4894173.75,29,26
2017-11-26,10000043,31222,6399984.71,6399984.71,6399984.71,3,3
2017-11-26,10000043,31226,43674.25,42899,43898.99,4,3
2017-11-26,10000043,31238,112323.94,111000,160000,71,39
2017-11-26,10000043,31239,125000,125000,125000,2,2
2017-11-26,10000043,31240,139249.5,124332,144222,4,4
2017-11-26,10000043,31241,750000,750000,750000,1,1
2017-11-26,10000043,31244,1889515.4,252108.16,1998673.65,16,9
2017-11-26,10000043,31246,5999998.65,5999998.65,5999998.65,1,1
2017-11-26,10000043,31250,182000,182000,182000,3,1
2017-11-26,10000043,31251,125000,125000,125000,1,1
2017-11-26,10000043,31252,103400.01,20000.01,437000,5,2
2017-11-26,10000043,31253,750000,750000,750000,1,1
2017-11-26,10000043,31256,1500000,1500000,1500000,1,1
2017-11-26,10000043,31258,2800000,2800000,2800000,1,1
2017-11-26,10000043,31262,100073.49,9.15,250170,5,3
2017-11-26,10000043,31264,4000.02,4000.02,4000.02,1,1
2017-11-26,10000043,31274,350270,350270,350270,112,12
2017-11-26,10000043,31276,1213944.91,300000.12,1290106.97,13,11
2017-11-26,10000043,31280,3564276.51,1800001.22,3699989.99,14,11
2017-11-26,10000043,31282,11800000,11800000,11800000,3,3
2017-11-26,10000043,31286,450119.99,50000.01,650179.97,15,9
2017-11-26,10000043,31287,125000,125000,125000,1,1
2017-11-26,10000043,31288,587708.25,5000,690539.7,20,11
2017-11-26,10000043,31294,8999536.31,8999536.31,8999536.31,1,1
2017-11-26,10000043,31298,270149.98,270149.98,270149.98,154,6
2017-11-26,10000043,31300,713560.57,690430,1500000,35,10
2017-11-26,10000043,31306,10099995,10099995,10099995,5,3
2017-11-26,10000043,31310,443333.33,210000,499999.99,21,8
2017-11-26,10000043,31316,3749926,3749926,3749926,1,1
2017-11-26,10000043,31318,9799999.95,9799999.95,9799999.95,3,1
2017-11-26,10000043,31322,422334.3,422334.28,422334.3,29,15
2017-11-26,10000043,31324,1190106.85,1190106.82,1190106.85,7,3
2017-11-26,10000043,31328,4699935.59,4699914.97,4699946.71,18,11
2017-11-26,10000043,31330,15795888.48,15795888.48,15795888.48,1,1
2017-11-26,10000043,31336,10000.01,10000.01,10000.01,2,1
2017-11-26,10000043,31340,9997059.51,9997053.51,9997063.52,5,4
2017-11-26,10000043,31346,135841.45,135841.45,135841.45,2,2
2017-11-26,10000043,31348,218997.25,218997.25,218997.25,1,1
2017-11-26,10000043,31352,2324973.56,2324973.56,2324973.56,1,1
2017-11-26,10000043,31358,769999.95,769999.78,770679.94,130,97
2017-11-26,10000043,31360,3268992.67,3259998.81,3268999.97,141,100
2017-11-26,10000043,31361,750000,750000,750000,1,1
2017-11-26,10000043,31363,50000000,50000000,50000000,1,1
2017-11-26,10000043,31364,6701646.05,3704001.27,8799996.87,68,40
2017-11-26,10000043,31366,25065286.09,20501276.21,25297544.99,62,46
2017-11-26,10000043,31370,244999.98,244999.94,245889.95,116,66
2017-11-26,10000043,31372,1079998.57,1077998.45,1079999.99,179,98
2017-11-26,10000043,31373,750000,750000,750000,3,2
2017-11-26,10000043,31374,25650215.93,25590220.98,25890195.58,10,8
2017-11-26,10000043,31376,3517258.92,501000.26,3750000,18,15
2017-11-26,10000043,31378,9250247.77,7000015.77,9488958.97,100,66
2017-11-26,10000043,31380,186999847.89,186999847.89,186999847.89,2,1
2017-11-26,10000043,31384,673999,673999,673999,1,1
2017-11-26,10000043,31385,750000,750000,750000,1,1
2017-11-26,10000043,31390,5994572.52,5000000,6491858.78,3,2
2017-11-26,10000043,31394,104306.88,104306.88,104306.88,2,2
2017-11-26,10000043,31396,490000,490000,490000,1,1
2017-11-26,10000043,31402,4249999.78,4199999.73,4500000,6,5
2017-11-26,10000043,31406,590529.99,590529.99,590530,26,17
2017-11-26,10000043,31408,1979499.86,1960999,1979999.9,18,11
2017-11-26,10000043,31409,750000,750000,750000,1,1
2017-11-26,10000043,31410,65990454.75,65990454.75,65990454.75,1,1
2017-11-26,10000043,31412,8586712.12,8586699.61,8586819.73,4,3
2017-11-26,10000043,31414,19523502.49,19469999.8,20005140,10,9
2017-11-26,10000043,31418,41995.96,41995.96,41995.96,1,1
2017-11-26,10000043,31424,684334.27,684334.27,684334.27,4,1
2017-11-26,10000043,31430,42939.99,42939.99,42939.99,1,1
2017-11-26,10000043,31436,889949.98,889949.98,889949.98,1,1
2017-11-26,10000043,31442,351081.3,350000,351234.17,47,38
2017-11-26,10000043,31443,125000,125000,125000,1,1
2017-11-26,10000043,31444,1786450.3,151000.03,1949994.8,11,11
2017-11-26,10000043,31448,4089999.94,4089999.94,4089999.95,5,5
2017-11-26,10000043,31450,4273933.9,3910900.85,4999999.99,6,6
2017-11-26,10000043,31454,203889.64,150000,206899.8,59,51
2017-11-26,10000043,31455,125000,125000,125000,1,1
2017-11-26,10000043,31456,1593144.7,1590249.99,1649999.94,21,20
2017-11-26,10000043,31460,6332885.4,6332885.4,6332885.4,17,9
2017-11-26,10000043,31462,8966202.71,8944329.32,9009949.5,3,3
2017-11-26,10000043,31466,50447.65,50447.65,50447.65,1,1
2017-11-26,10000043,31468,1990390,1990390,1990390,7,2
2017-11-26,10000043,31478,181969.22,180000,195753.82,32,19
2017-11-26,10000043,31480,548999,548998.99,548999,4,3
2017-11-26,10000043,31484,2761122.97,1888445.89,2988777.87,29,16
2017-11-26,10000043,31486,5397543.28,5397508.18,5397615.86,14,9
2017-11-26,10000043,31490,401006.36,16000.4,850179.99,13,7
2017-11-26,10000043,31492,1590560,1590560,1590560,3,3
2017-11-26,10000043,31496,2199958,2199958,2199958,1,1
2017-11-26,10000043,31498,12999817,12999817,12999817,1,1
2017-11-26,10000043,31507,50000000,50000000,50000000,1,1
2017-11-26,10000043,31514,812224.3,812224.3,812224.3,1,1
2017-11-26,10000043,31516,1644999.5,20000.01,3269998.99,4,3
2017-11-26,10000043,31519,50000000,50000000,50000000,1,1
2017-11-26,10000043,31522,6134222.99,6134222.99,6134222.99,1,1
2017-11-26,10000043,31526,1199999.99,1199999.99,1199999.99,9,8
2017-11-26,10000043,31528,4431952.44,1300000.18,5997922,9,7
2017-11-26,10000043,31531,50000000,50000000,50000000,1,1
2017-11-26,10000043,31532,2897998.83,2897998.78,2897998.96,7,6
2017-11-26,10000043,31538,1089988.99,1089938.95,1089999.31,127,12
2017-11-26,10000043,31540,6063652.77,1500100.01,7889080,14,9
2017-11-26,10000043,31543,50000000,50000000,50000000,1,1
2017-11-26,10000043,31544,2370242.05,2370242.05,2370242.05,1,1
2017-11-26,10000043,31546,8199494.78,8199494.78,8199494.78,5,4
2017-11-26,10000043,31548,69899999,69899999,69899999,1,1
2017-11-26,10000043,31552,8000,8000,8000,5,1
2017-11-26,10000043,31555,50000000,50000000,50000000,1,1
2017-11-26,10000043,31562,1069999.94,1069999.94,1069999.95,4,4
2017-11-26,10000043,31564,2434224.3,2434224.3,2434224.3,3,2
2017-11-26,10000043,31567,50000000,50000000,50000000,1,1
2017-11-26,10000043,31568,4916077.6,4916076.37,4916077.72,22,4
2017-11-26,10000043,31570,3315953.94,3242214.32,3352823.99,6,4
2017-11-26,10000043,31576,5790352.99,5790352.99,5790352.99,1,1
2017-11-26,10000043,31579,50000000,50000000,50000000,1,1
2017-11-26,10000043,31582,14996410.46,14996410.46,14996410.46,1,1
2017-11-26,10000043,31586,830227.92,219002.06,888999.64,57,25
2017-11-26,10000043,31587,125000,125000,125000,1,1
2017-11-26,10000043,31588,3373887.63,3350158,3890153,8,8
2017-11-26,10000043,31589,750000,750000,750000,2,2
2017-11-26,10000043,31592,3730991.34,3730990.56,3730992.44,6,5
2017-11-26,10000043,31594,10475085.68,6800685.47,11000000,8,8
2017-11-26,10000043,31598,330000,330000,330000,5,5
2017-11-26,10000043,31600,2020675.03,1999999.52,2390133.54,8,5
2017-11-26,10000043,31601,750000,750000,750000,1,1
2017-11-26,10000043,31604,5999280.82,5999225.02,5999311.1,10,9
2017-11-26,10000043,31606,14999560.01,14999532.83,14999572.89,7,6
2017-11-26,10000043,31608,203142.81,11000,279999.93,21,8
2017-11-26,10000043,31610,2000000.51,1000001.01,3000000,2,2
2017-11-26,10000043,31611,750000,750000,750000,1,1
2017-11-26,10000043,31614,9565715.12,9565669.49,9565752.66,10,9
2017-11-26,10000043,31616,11575967.03,10960600.15,13690351.26,9,4
2017-11-26,10000043,31620,449560.21,194000.01,466000,41,28
2017-11-26,10000043,31621,125000,125000,125000,1,1
2017-11-26,10000043,31622,2750163.98,2590163.98,2990163.99,10,9
2017-11-26,10000043,31623,750000,750000,750000,2,2
2017-11-26,10000043,31624,89999987.78,89999987.77,89999987.78,2,2
2017-11-26,10000043,31626,5975514.95,5975491.24,5975538.65,4,4
2017-11-26,10000043,31628,14419836.67,13999989.99,15259530.02,3,3
2017-11-26,10000043,31632,108268.49,73096,119992.65,12,9
2017-11-26,10000043,31634,2777624.99,2590125,2890124.99,8,5
2017-11-26,10000043,31635,750000,750000,750000,1,1
2017-11-26,10000043,31638,3995217,3995217,3995217,2,2
2017-11-26,10000043,31640,13088888.85,12999999.95,13799999.99,9,9
2017-11-26,10000043,31644,250764.25,249444.86,260000,8,6
2017-11-26,10000043,31646,1229998,1229998,1229998,1,1
2017-11-26,10000043,31647,750000,750000,750000,1,1
2017-11-26,10000043,31648,45000000,45000000,45000000,1,1
2017-11-26,10000043,31650,5519626.72,5519618.71,5519628.72,5,4
2017-11-26,10000043,31652,10174270.26,1700001.14,12999025.25,8,7
2017-11-26,10000043,31656,115399.98,115399.98,115399.98,2,2
2017-11-26,10000043,31662,1399899.94,1399899.94,1399899.94,1,1
2017-11-26,10000043,31664,16998409.02,16998409.02,16998409.02,3,2
2017-11-26,10000043,31668,104998.9,104998.89,104998.9,30,20
2017-11-26,10000043,31670,1494013.78,1470668.49,1550679.95,10,7
2017-11-26,10000043,31671,750000,750000,750000,1,1
2017-11-26,10000043,31674,3649457.98,3648989,3649926.95,2,2
2017-11-26,10000043,31676,11399992.7,11399992.7,11399992.7,2,2
2017-11-26,10000043,31680,479801.55,10001.42,489999.99,48,21
2017-11-26,10000043,31682,1090574.48,1090498.96,1090649.99,10,8
2017-11-26,10000043,31686,4019990.05,2500000.1,6299974.97,10,5
2017-11-26,10000043,31688,7748821.06,2500000,12997642.11,2,2
2017-11-26,10000043,31692,65950,65950,65950,5,2
2017-11-26,10000043,31698,2799998.08,2799998.08,2799998.08,2,2
2017-11-26,10000043,31700,8433333.33,7999999.99,9300000,3,2
2017-11-26,10000043,31704,150000,150000,150000,3,1
2017-11-26,10000043,31706,1249999.98,1249999.98,1249999.98,4,2
2017-11-26,10000043,31710,3499999.99,3499999.99,3499999.99,3,1
2017-11-26,10000043,31712,12899999.74,12899999.74,12899999.74,4,3
2017-11-26,10000043,31716,119999.98,118999.95,119999.98,250,105
2017-11-26,10000043,31717,125000,125000,125000,1,1
2017-11-26,10000043,31718,454987.98,449988.99,469346.85,222,111
2017-11-26,10000043,31719,750000,750000,750000,2,2
2017-11-26,10000043,31722,3361361.7,1410021.52,3413992.93,38,33
2017-11-26,10000043,31724,4354008.29,3699082.87,4369079.72,96,70
2017-11-26,10000043,31728,107803.59,34487.48,217777.77,5,4
2017-11-26,10000043,31729,125000,125000,125000,1,1
2017-11-26,10000043,31730,238995,238995,238995,11,6
2017-11-26,10000043,31731,750000,750000,750000,1,1
2017-11-26,10000043,31734,1793999.94,1793999.94,1793999.94,3,3
2017-11-26,10000043,31736,3799999.67,3000001.01,4199999,3,3
2017-11-26,10000043,31740,58998.97,57887.9,67887.43,9,9
2017-11-26,10000043,31741,125000,125000,125000,1,1
2017-11-26,10000043,31742,339999.99,339999.99,340000,34,16
2017-11-26,10000043,31743,750000,750000,750000,1,1
2017-11-26,10000043,31746,1694999.95,1694999.95,1694999.95,7,7
2017-11-26,10000043,31748,4275083.42,2901001,4400000,12,11
2017-11-26,10000043,31752,149480.17,147988.98,189386.98,57,38
2017-11-26,10000043,31753,125000,125000,125000,1,1
2017-11-26,10000043,31754,490221.97,490221.96,490221.97,103,58
2017-11-26,10000043,31755,750000,750000,750000,1,1
2017-11-26,10000043,31758,2625998.99,2625998.98,2625999,19,18
2017-11-26,10000043,31760,5440838.76,4400000,6457959.9,41,34
2017-11-26,10000043,31762,91979503.64,91979503.64,91979503.64,1,1
2017-11-26,10000043,31764,33239.98,33239.98,33239.98,6,3
2017-11-26,10000043,31765,125000,125000,125000,1,1
2017-11-26,10000043,31766,144999.77,144999.77,144999.77,2,2
2017-11-26,10000043,31767,750000,750000,750000,1,1
2017-11-26,10000043,31772,6797994,6797988.99,6797999,6,4
2017-11-26,10000043,31774,48799535.73,48799535.73,48799535.73,2,1
2017-11-26,10000043,31776,28899.99,28899.99,28899.99,2,2
2017-11-26,10000043,31777,125000,125000,125000,1,1
2017-11-26,10000043,31779,750000,750000,750000,1,1
2017-11-26,10000043,31788,479949.99,478998.99,479950,271,110
2017-11-26,10000043,31789,125000,125000,125000,1,1
2017-11-26,10000043,31790,2180000,2179999.99,2290195.99,352,150
2017-11-26,10000043,31791,750000,750000,750000,8,6
2017-11-26,10000043,31792,43763795.52,43447527,48990432.5,7,4
2017-11-26,10000043,31794,7115150.3,7099133.14,7899989.94,50,27
2017-11-26,10000043,31796,21994059.99,21993004.81,21994324.3,156,88
2017-11-26,10000043,31798,419850734.88,419850734.88,419850734.89,3,2
2017-11-26,10000043,31800,629350.57,84062.5,790459.99,26,12
2017-11-26,10000043,31801,125000,125000,125000,3,3
2017-11-26,10000043,31802,1990375.08,1980196,2200000,83,43
2017-11-26,10000043,31803,750000,750000,750000,3,3
2017-11-26,10000043,31812,22529713.84,22498392,23499888.97,31,18
2017-11-26,10000043,31816,272984.99,272984.99,272984.99,3,3
2017-11-26,10000043,31817,125000,125000,125000,1,1
2017-11-26,10000043,31818,1619018.78,5000,2080167,9,5
2017-11-26,10000043,31819,750000,750000,750000,1,1
2017-11-26,10000043,31822,6499999.75,6499999.75,6499999.75,2,2
2017-11-26,10000043,31824,20989989.96,20989989.96,20989989.96,2,2
2017-11-26,10000043,31864,2096474.68,1631200.11,2198996.04,72,16
2017-11-26,10000043,31866,3699784.51,2749999.9,3999998.92,64,16
2017-11-26,10000043,31868,4566542.38,3411014.91,4599999.95,83,26
2017-11-26,10000043,31870,5999989.98,5999989.97,6249989.99,119,31
2017-11-26,10000043,31872,2908651.67,1200317.27,3499997.99,35,12
2017-11-26,10000043,31874,3543502.38,2009234.04,4089999.95,67,20
2017-11-26,10000043,31876,5321225.73,2500000.4,7299980.05,44,17
2017-11-26,10000043,31878,2824482.82,2200199.01,4073104.71,24,11
2017-11-26,10000043,31880,1400000,1400000,1400000,170,36
2017-11-26,10000043,31882,2334359.8,2334359.79,2334359.8,164,43
2017-11-26,10000043,31884,2629980,2629979.99,2629981,320,59
2017-11-26,10000043,31886,3146894.62,1570001.95,4139986.89,100,36
2017-11-26,10000043,31888,1954040.47,1444000,2499999.88,67,12
2017-11-26,10000043,31890,2324233.2,1876888,2483999.36,38,10
2017-11-26,10000043,31892,2190646.37,1754539.38,2449997.88,65,18
2017-11-26,10000043,31894,2339999.29,1800001.03,2879997.82,28,7
2017-11-26,10000043,31900,41811632.31,37033855.96,42499999.99,33,27
2017-11-26,10000043,31902,34049603.88,29600000.11,38499207.65,2,2
2017-11-26,10000043,31904,18999983.99,18999978.98,18999988.99,2,2
2017-11-26,10000043,31908,19688979.22,19500000,19999999,8,8
2017-11-26,10000043,31916,17500006.31,13100018.01,18999999.95,4,4
2017-11-26,10000043,31918,26899954.29,26899954.29,26899954.29,1,1
2017-11-26,10000043,31922,4112256.47,4112256.47,4112256.47,1,1
2017-11-26,10000043,31924,3496993,3496993,3496993,9,7
2017-11-26,10000043,31926,18138677.13,8511111.01,21989709.6,7,4
2017-11-26,10000043,31928,10644402.36,9151006.1,10999989.91,80,49
2017-11-26,10000043,31930,48208440.15,28501399,49999988.99,12,9
2017-11-26,10000043,31932,36017917.14,29093271.4,37233020.59,60,35
2017-11-26,10000043,31936,8411243.93,5233889.55,9999969.1,12,12
2017-11-26,10000043,31942,33590130.53,28126215.17,34500929.67,7,6
2017-11-26,10000043,31944,35833282.81,35444371.67,36999979.36,8,8
2017-11-26,10000043,31946,39999999.97,39999999.97,39999999.99,4,3
2017-11-26,10000043,31952,35279867.26,29100000.02,39399778.75,10,5
2017-11-26,10000043,31954,49999682.99,49999682.99,49999682.99,1,1
2017-11-26,10000043,31955,194949996,194949996,194949996,1,1
2017-11-26,10000043,31958,150000000,150000000,150000000,1,1
2017-11-26,10000043,31982,26500,18100.54,27292.74,1411,17
2017-11-26,10000043,31990,53638.83,53638.63,53639.98,2423,24
2017-11-26,10000043,31998,42678.16,42678.16,42678.16,2005,30
2017-11-26,10000043,32006,133999.99,133998.98,134000,7039,201
2017-11-26,10000043,32014,237399.96,237349.95,237493.5,3228,158
2017-11-26,10000043,32025,240000,240000,240000,3,3
2017-11-26,10000043,32027,1490113.99,1490113.98,1490114,9,8
2017-11-26,10000043,32031,38324064.24,38324064.24,38324064.24,1,1
2017-11-26,10000043,32033,355000,355000,355000,4,2
2017-11-26,10000043,32035,2070293.3,2069999,2075000.05,17,7
2017-11-26,10000043,32039,39223083.27,39223083.27,39223083.27,1,1
2017-11-26,10000043,32041,1974999.99,1974999.99,1974999.99,1,1
2017-11-26,10000043,32042,125000,125000,125000,1,1
2017-11-26,10000043,32043,2531077.87,2450199,2599973.66,50,20
2017-11-26,10000043,32044,750000,750000,750000,2,1
2017-11-26,10000043,32047,38029079.57,34999508.34,47999999.98,17,12
2017-11-26,10000043,32051,989000,989000,989000,3,2
2017-11-26,10000043,32057,350000,350000,350000,7,2
2017-11-26,10000043,32059,1680152.99,1680152.99,1680153,7,4
2017-11-26,10000043,32063,38214393.15,38214393.15,38214393.15,1,1
2017-11-26,10000043,32071,1119968.98,1119968.98,1119968.98,6,1
2017-11-26,10000043,32075,48489799.99,48489799.99,48489799.99,1,1
2017-11-26,10000043,32081,250000,250000,250000,1,1
2017-11-26,10000043,32083,1972171.2,300000.01,2390214,10,9
2017-11-26,10000043,32087,62999768.83,62999768.83,62999768.83,1,1
2017-11-26,10000043,32246,28497730.61,28497699.99,28497789.98,16,3
2017-11-26,10000043,32254,340000000,340000000,340000000,1,1
2017-11-26,10000043,32255,595409998.97,595409998.97,595409998.97,1,1
2017-11-26,10000043,32262,256996000,256996000,256996000,1,1
2017-11-26,10000043,32305,537999978,537999957,537999999,2,2
2017-11-26,10000043,32309,519994969.85,519994969.85,519994969.85,1,1
2017-11-26,10000043,32311,419200000,419200000,419200000,1,1
2017-11-26,10000043,32339,103987428.57,100000000,106977999.99,7,7
2017-11-26,10000043,32414,54739443.5,53888888,55589999,2,2
2017-11-26,10000043,32435,21498623.32,21498614.98,21498640,3,3
2017-11-26,10000043,32444,26375000,7375000,45374999.99,6,2
2017-11-26,10000043,32459,50.11,50.01,50.5,5,5
2017-11-26,10000043,32772,410112.09,410112.07,647999.99,130,52
2017-11-26,10000043,32774,62920.79,36002,80865.77,15,8
2017-11-26,10000043,32780,938282.11,561001.05,1050986.77,47,38
2017-11-26,10000043,32782,39.68,39.68,39.68,3610,7
2017-11-26,10000043,32787,22999.99,22999.99,22999.99,805,109
2017-11-26,10000043,32797,511399.71,500000,539899,21,17
2017-11-26,10000043,32817,1890899.91,1890899.91,1890899.92,6,3
2017-11-26,10000043,32818,750000,750000,750000,1,1
2017-11-26,10000043,32819,868316.51,352684.87,977989,51,20
2017-11-26,10000043,32820,750000,750000,750000,1,1
2017-11-26,10000043,32854,3000000,3000000,3000000,1,1
2017-11-26,10000043,32858,330000,180000,480000,2,2
2017-11-26,10000043,32859,99000,99000,99000,1,1
2017-11-26,10000043,32863,2999000,2999000,2999000,1,1
2017-11-26,10000043,32871,1866296,1800000,1998888,3,3
2017-11-26,10000043,32872,1150000,1150000,1150000,211,35
2017-11-26,10000043,32873,9500000,9500000,9500000,1,1
2017-11-26,10000043,32874,1226881.47,1200000,1299799.95,52,40
2017-11-26,10000043,32875,9292868.75,9023825,10100000,4,4
2017-11-26,10000043,32876,1045599.97,450000.05,1388999.96,5,5
2017-11-26,10000043,32877,9800000,9800000,9800000,1,1
2017-11-26,10000043,32878,1188568.51,1020301.16,1222221.99,6,4
2017-11-26,10000043,32879,9200000,9200000,9200000,2,2
2017-11-26,10000043,32880,274999.93,270000,279989.92,490,158
2017-11-26,10000043,32881,5900000,5900000,5900000,2,2
2017-11-26,10000043,32918,57665.98,40000,88999.93,15,15
2017-11-26,10000043,32999,218147.2,200000,229889.51,28,26
2017-11-26,10000043,33000,211055.26,200000,219899.47,27,27
2017-11-26,10000043,33001,210280,200000,219870,29,27
2017-11-26,10000043,33002,214696.15,200000,224799.76,27,27
2017-11-26,10000043,33003,275583.44,100000.28,377994,63,16
2017-11-26,10000043,33005,278628.57,100.01,500000,7,4
2017-11-26,10000043,33007,1264320.34,500000,1945594.9,19,11
2017-11-26,10000043,33009,187333.32,4000.11,224999.95,6,5
2017-11-26,10000043,33010,580000,580000,580000,1,1
2017-11-26,10000043,33011,13399.97,13399.97,13399.97,20,8
2017-11-26,10000043,33023,3674998.99,3350000,3999997.98,2,2
2017-11-26,10000043,33026,1,1,1,1,1
2017-11-26,10000043,33027,1000000.27,1000000.27,1000000.27,1,1
2017-11-26,10000043,33035,10002.79,10002.79,10002.79,1,1
2017-11-26,10000043,33042,10002.79,10002.79,10002.79,1,1
2017-11-26,10000043,33063,150000,150000,150000,1,1
2017-11-26,10000043,33066,205.65,205.65,205.65,1,1
2017-11-26,10000043,33076,369999.98,369999.96,372999.98,233,154
2017-11-26,10000043,33078,1040412.5,1000000,1096900,48,48
2017-11-26,10000043,33091,221395.69,99950,495987.99,46,44
2017-11-26,10000043,33092,104871.97,100000,114399,31,22
2017-11-26,10000043,33093,156628.81,100000,349925.3,62,34
2017-11-26,10000043,33094,174992.54,100000,349979.45,44,24
2017-11-26,10000043,33095,1028000.25,1000000,1097000,41,40
2017-11-26,10000043,33096,1032431.84,1000000,1088999,23,23
2017-11-26,10000043,33097,1031379.06,1000000,1098000,34,24
2017-11-26,10000043,33098,1064567.2,1000000,1098749.82,26,26
2017-11-26,10000043,33101,475124.73,475124.73,475124.73,171,80
2017-11-26,10000043,33103,89067.51,33003,115000,20,12
2017-11-26,10000043,33138,1600222.25,1303306.75,4999999,41,11
2017-11-26,10000043,33139,3141224.32,1920000.14,9999995,38,15
2017-11-26,10000043,33140,16284309.35,14900000,19999976.6,51,27
2017-11-26,10000043,33141,17554043.12,15500000,19999998,32,14
2017-11-26,10000043,33151,169999796.98,169999689.99,169999878,5,5
2017-11-26,10000043,33157,172832482.62,134000000.34,184498702.07,9,9
2017-11-26,10000043,33176,72308.87,24488.03,79482,46,42
2017-11-26,10000043,33177,600000,600000,600000,2,2
2017-11-26,10000043,33178,68791.1,18015.13,101012.57,72,48
2017-11-26,10000043,33179,600000,600000,600000,1,1
2017-11-26,10000043,33180,148997.2,148997.13,148997.22,217,118
2017-11-26,10000043,33181,600000,600000,600000,2,2
2017-11-26,10000043,33195,11751.24,11751.23,11751.26,762,112
2017-11-26,10000043,33197,1388461.1,850001.88,1549998.86,13,5
2017-11-26,10000043,33199,1291223.09,722891.24,2048998.95,7,7
2017-11-26,10000043,33201,1507499.37,500000.1,2049999,20,10
2017-11-26,10000043,33270,14447.63,7009.99,15000,90,16
2017-11-26,10000043,33272,2324999,2299999,2349999,4,4
2017-11-26,10000043,33281,59690400.69,59690400.69,59690400.69,1,1
2017-11-26,10000043,33285,58989891.79,58989891.79,58989891.79,3,2
2017-11-26,10000043,33286,79999999,79999999,79999999,1,1
2017-11-26,10000043,33297,35549999.99,35549999.99,35549999.99,2,1
2017-11-26,10000043,33304,50000000,50000000,50000000,1,1
2017-11-26,10000043,33330,7250,7250,7250,467,7
2017-11-26,10000043,33332,37997.09,37898.95,37997.15,2240,51
2017-11-26,10000043,33334,18334.19,10000.86,20000.86,12,2
2017-11-26,10000043,33359,20900.15,20460.71,21400.03,111649,17
2017-11-26,10000043,33360,26879.82,26879.82,26879.82,6550,4
2017-11-26,10000043,33361,19154.89,19143.69,19155.02,121869,13
2017-11-26,10000043,33362,29499.83,25600.04,29499.99,79673,16
2017-11-26,10000043,33393,84035277.15,79999999.99,87849989.98,7,7
2017-11-26,10000043,33394,81544442.76,75128050.21,84110999.99,7,7
2017-11-26,10000043,33399,5833327.42,5000000,7499979.75,12,12
2017-11-26,10000043,33400,5018180.31,2000000.55,5699997,11,10
2017-11-26,10000043,33404,374097399.98,374097399.98,374097399.98,1,1
2017-11-26,10000043,33405,318266672,258800017,347999999.5,3,3
2017-11-26,10000043,33407,35939554.38,27000057.01,36000000,10,10
2017-11-26,10000043,33440,21671.67,6902.02,32413.23,19,12
2017-11-26,10000043,33441,2310.3,1517.79,14990,17,6
2017-11-26,10000043,33442,3002.33,3002.33,3002.33,19,10
2017-11-26,10000043,33449,1001.11,1001.11,1001.11,1,1
2017-11-26,10000043,33450,3266177.46,2600040.01,3599245.99,75,15
2017-11-26,10000043,33453,29727206.27,29000000,32999649.52,11,5
2017-11-26,10000043,33466,2146.86,2145.98,2147,11,5
2017-11-26,10000043,33467,3069600,3000000,3291900,21,12
2017-11-26,10000043,33468,62522558.28,62000000,62999146.79,43,42
2017-11-26,10000043,33470,208740637.78,195573215.3,210799835,25,25
2017-11-26,10000043,33472,425525532.54,409999984.96,441051080.12,4,4
2017-11-26,10000043,33474,1862411,1862409.99,1863411.12,146,101
2017-11-26,10000043,33475,8997408.44,8997407.68,8997429.18,232,120
2017-11-26,10000043,33476,74374997.5,71999995,75000000,16,10
2017-11-26,10000043,33513,219999999.07,219999998.61,220000000,6,5
2017-11-26,10000043,33517,1000000,1000000,1000000,1,1
2017-11-26,10000043,33519,30000000,30000000,30000000,5,5
2017-11-26,10000043,33520,39248071.6,30500000.09,40996883.99,6,6
2017-11-26,10000043,33522,84400000,70000000,98800000,2,2
2017-11-26,10000043,33526,543438333.96,543438333.96,543438333.96,1,1
2017-11-26,10000043,33539,1498999.97,1250000.07,1499999.98,571,33
2017-11-26,10000043,33555,140000000,140000000,140000000,1,1
2017-11-26,10000043,33557,181487998.99,181487998.99,181487998.99,1,1
2017-11-26,10000043,33559,199999999.99,199999999.99,199999999.99,1,1
2017-11-26,10000043,33561,258878857.98,258878857.98,258878857.98,1,1
2017-11-26,10000043,33563,184900000,184900000,184900000,1,1
2017-11-26,10000043,33569,59.57,59.57,59.57,1315,5
2017-11-26,10000043,33571,299.01,299,299.01,1600,10
2017-11-26,10000043,33572,295.01,295.01,295.01,1298,6
2017-11-26,10000043,33573,292.05,292.05,292.05,1255,7
2017-11-26,10000043,33577,431002.55,431002.55,431002.55,1942,35
2017-11-26,10000043,33585,25000000,25000000,25000000,3,1
2017-11-26,10000043,33591,8987688.29,8987688.29,8987688.29,1,1
2017-11-26,10000043,33610,34999999.65,34999999.65,34999999.65,1,1
2017-11-26,10000043,33618,52264480.03,51136002.3,53763000.03,14,14
2017-11-26,10000043,33619,166259259.05,161000001.08,176777775,6,4
2017-11-26,10000043,33620,151070027.05,151055027.21,151075027,4,2
2017-11-26,10000043,33671,238884.98,238884.98,238884.98,5,1
2017-11-26,10000043,33681,88633158.86,78780001.09,92989976.92,87,52
2017-11-26,10000043,33697,36899515.65,35675000.22,36999999,31,27
2017-11-26,10000043,33699,102739.73,100000,109999.97,73,42
2017-11-26,10000043,33700,19730765.25,17000002.07,20900000,13,10
2017-11-26,10000043,33705,2500000,2500000,2500000,1,1
2017-11-26,10000043,33706,6995.93,6994.85,6997,10,2
2017-11-26,10000043,33707,500000,500000,500000,1,1
2017-11-26,10000043,33708,3716655.8,300000.13,4399986.93,30,4
2017-11-26,10000043,33710,1703847.21,50002.76,2700000,13,4
2017-11-26,10000043,33712,848611.79,481002.45,989999.99,18,5
2017-11-26,10000043,33720,554995.46,10004,1099986.91,2,2
2017-11-26,10000043,33816,58630317.28,52013910.05,59709105.99,14,13
2017-11-26,10000043,33818,227371211.82,225002565.94,239903493.07,13,12
2017-11-26,10000043,33820,844499991.88,844499991.88,844499991.88,1,1
2017-11-26,10000043,33822,27197.9,1045.55,28414.29,45,9
2017-11-26,10000043,33823,144000,144000,144000,1,1
2017-11-26,10000043,33824,1489985.98,1479998.98,1489988,394,59
2017-11-26,10000043,33826,28294002.2,15010039.61,31998988.96,13,9
2017-11-26,10000043,33828,15039916.24,12100022.65,16999835.51,5,4
2017-11-26,10000043,33830,22494553.3,22494553.3,22494553.3,1,1
2017-11-26,10000043,33842,123999989.98,123999989.96,123999989.98,9,6
2017-11-26,10000043,33844,100813069.22,93009549.81,100900000,39,23
2017-11-26,10000043,33848,103614960.32,93200005.01,105000000,14,9
2017-11-26,10000043,33850,319999999.9,319999999.9,319999999.9,1,1
2017-11-26,10000043,33852,118300003.86,85000009.19,140500000,5,5
2017-11-26,10000043,33856,4313161.02,4000000,4443612.85,17,14
2017-11-26,10000043,33890,900799.98,900799.98,900799.98,290,30
2017-11-26,10000043,33891,125000,125000,125000,1,1
2017-11-26,10000043,33892,3999998.98,3999998.97,3999998.99,120,37
2017-11-26,10000043,33894,4072094.97,4070000.01,4074507.72,43,13
2017-11-26,10000043,33895,750000,750000,750000,1,1
2017-11-26,10000043,33896,10101853.25,10101496.28,10102304.97,37,11
2017-11-26,10000043,33898,20477589.4,20387654.3,20999935.82,15,10
2017-11-26,10000043,33899,1250000,1250000,1250000,3,2
2017-11-26,10000043,33900,40466096.96,40466092.87,40466108.06,10,5
2017-11-26,10000043,33902,108990849.88,108990849.88,108990849.88,3,2
2017-11-26,10000043,33904,174999824.13,174999820.79,174999830.8,3,2
2017-11-26,10000043,33915,254177.23,121001.18,357899.75,37,20
2017-11-26,10000043,33921,13447937,13447937,13447937,1,1
2017-11-26,10000043,33923,109989999,109989999,109989999,1,1
2017-11-26,10000043,33926,299999953.5,299999953,299999954,2,2
2017-11-26,10000043,33936,1104002.25,1104002.25,1104002.25,1,1
2017-11-26,10000043,33948,15011000,15011000,15011000,1,1
2017-11-26,10000043,33957,28110132.67,28110132.67,28110132.67,2,1
2017-11-26,10000043,33959,23924989.05,23924985.59,23925000,4,4
2017-11-26,10000043,33960,22999897.91,22999897.91,22999897.91,1,1
2017-11-26,10000043,33963,31997992.2,31997992.2,31997992.2,2,2
2017-11-26,10000043,33967,799900.01,799900.01,799900.01,1,1
2017-11-26,10000043,33968,19000000,19000000,19000000,1,1
2017-11-26,10000043,33974,131011000,131011000,131011000,1,1
2017-11-26,10000043,33981,20686234.09,17465585.24,23000000,10,7
2017-11-26,10000043,33983,24119728.63,19711961.37,25000000,18,9
2017-11-26,10000043,33985,128893273.19,128889909.91,128899999.76,3,2
2017-11-26,10000043,34035,3999999.88,3999999.88,3999999.88,2,2
2017-11-26,10000043,34111,269900000,269900000,269900000,1,1
2017-11-26,10000043,34132,269910000.2,269850000,270000000,5,4
2017-11-26,10000043,34133,1263992678.57,1225010021.08,1393944438.46,15,15
2017-11-26,10000043,34164,15101000.07,15101000.07,15101000.07,3,3
2017-11-26,10000043,34167,695997.99,695997.99,695997.99,1,1
2017-11-26,10000043,34175,2500.09,2500.09,2500.09,1,1
2017-11-26,10000043,34176,189900000,189900000,189900000,1,1
2017-11-26,10000043,34201,352004.74,352003.2,499999.95,529,144
2017-11-26,10000043,34202,2699999.99,2510000.39,2848999,150,51
2017-11-26,10000043,34203,860291.3,860281.01,860291.32,627,158
2017-11-26,10000043,34204,1130002.18,1130001.45,1130002.28,449,142
2017-11-26,10000043,34205,450000,450000,450000,476,152
2017-11-26,10000043,34206,210001.45,210000.01,250000.09,524,145
2017-11-26,10000043,34207,3683461.98,2160000.82,4000000,52,31
2017-11-26,10000043,34208,4629999.3,4300006.17,4899995.95,73,46
2017-11-26,10000043,34260,1505.08,1505.08,1505.08,150,3
2017-11-26,10000043,34264,3666497.8,2400000.39,3927998.98,28,14
2017-11-26,10000043,34266,1249999.99,1249999.99,1249999.99,5,4
2017-11-26,10000043,34267,125000,125000,125000,2,2
2017-11-26,10000043,34268,2162520.19,1883000,2690102,25,25
2017-11-26,10000043,34272,4241653.81,4241401.31,4242401.31,4,3
2017-11-26,10000043,34274,4323665.61,4323000,4324331.21,4,2
2017-11-26,10000043,34276,7281416.67,4000003.79,13844242.42,24,11
2017-11-26,10000043,34278,12198986.84,12198978.99,12198989.98,7,3
2017-11-26,10000043,34282,7024000.93,7024000.93,7024000.93,8,1
2017-11-26,10000043,34284,1666114.29,1443800,3000000,7,2
2017-11-26,10000043,34286,1213011,1213011,1213011,7,1
2017-11-26,10000043,34290,17999974.95,17999959.93,17999979.96,12,6
2017-11-26,10000043,34292,4774331.31,4774331.31,4774331.31,5,2
2017-11-26,10000043,34294,23666625.99,22999994.99,24999888,9,5
2017-11-26,10000043,34306,6381258.85,5990405,6990369.76,32,21
2017-11-26,10000043,34307,2000000,2000000,2000000,1,1
2017-11-26,10000043,34317,50831811.47,48001000.01,51314214.42,30,28
2017-11-26,10000043,34327,35718167.74,35000000,37872670.95,4,4
2017-11-26,10000043,34328,1251550594.49,1248101192.08,1254999996.89,2,2
2017-11-26,10000043,34354,3789529,3789529,3789529,1,1
2017-11-26,10000043,34360,10003.36,10003.36,10003.36,1,1
2017-11-26,10000043,34363,1255008.67,10017.33,2500000,2,2
2017-11-26,10000043,34390,1033543.75,1000000,1089450,16,16
2017-11-26,10000043,34393,340666.01,10999.01,1000000,3,3
2017-11-26,10000043,34396,5100001.28,5100001.28,5100001.28,59,4
2017-11-26,10000043,34397,10000000,10000000,10000000,1,1
2017-11-26,10000043,34412,23850503.71,23850503.71,23850503.71,1,1
2017-11-26,10000043,34414,8100188.4,8100188.39,8100188.4,2,2
2017-11-26,10000043,34416,2500163.62,2500163.62,2500163.62,3,2
2017-11-26,10000043,34481,101999999.99,101999999.99,101999999.99,1,1
2017-11-26,10000043,34483,139999969.92,139999969.92,139999969.92,3,2
2017-11-26,10000043,34496,1203435.34,761000.19,1737997.83,16,9
2017-11-26,10000043,34533,1029399.7,1000000,1097999,10,10
2017-11-26,10000043,34562,48999925,44499998,49399998.9,111,38
2017-11-26,10000043,34575,320000,320000,320000,3,1
2017-11-26,10000043,34590,141749632.06,125000000.25,151040011.03,9,9
2017-11-26,10000043,34593,15593320.17,8900012.33,19999969.96,15,6
2017-11-26,10000043,34595,129100000.78,129100000.78,129100000.78,1,1
2017-11-26,10000043,34599,1789999.95,1789999.95,1789999.95,1,1
2017-11-26,10000043,34601,9589994.98,9589989.97,9589999.98,2,2
2017-11-26,10000043,34606,2900000,2900000,2900000,1,1
2017-11-26,10000043,34625,7950000,7950000,7950000,1,1
2017-11-26,10000043,34668,350000,350000,350000,1,1
2017-11-26,10000043,34682,3198999,3198999,3198999,1,1
2017-11-26,10000043,34708,19999999.99,19999999.99,19999999.99,1,1
2017-11-26,10000043,34718,93877599.89,89999800,107449899.5,9,6
2017-11-26,10000043,34719,273000,273000,273000,1,1
2017-11-26,10000043,34722,1288004.94,1288004.94,1288004.94,1,1
2017-11-26,10000043,34726,1649988.82,1649987.65,1649989.98,2,2
2017-11-26,10000043,34746,990000,820000,1499999.98,4,3
2017-11-26,10000043,34753,82010.99,82010.99,82010.99,1,1
2017-11-26,10000043,34828,47499733.84,41750208.02,49499550.99,14,13
2017-11-26,10000043,35038,48003.51,6007.02,90000,2,2
2017-11-26,10000043,35062,10225,10225,10225,1,1
2017-11-26,10000043,35074,321666.66,25000.01,469999.99,3,2
2017-11-26,10000043,35090,362237,44924,679550,2,2
2017-11-26,10000043,35150,500000,500000,500000,1,1
2017-11-26,10000043,35586,100000,100000,100000,1,1
2017-11-26,10000043,35656,619999.99,300000,620000,296,116
2017-11-26,10000043,35657,78011.01,78011,78011.01,173,88
2017-11-26,10000043,35658,65000,21002.19,68999.77,307,157
2017-11-26,10000043,35659,88998.93,25001.28,89999.93,369,202
2017-11-26,10000043,35660,5011.79,5011.78,50000,153,102
2017-11-26,10000043,35661,300001.18,300001.18,300001.18,199,94
2017-11-26,10000043,35662,388005.22,388005.22,388005.22,137,63
2017-11-26,10000043,35680,1032666.08,1000000,1097998.06,15,15
2017-11-26,10000043,35683,49789574.47,48999984.99,50496679,17,16
2017-11-26,10000043,35685,1038800,1000000,1097000,10,10
2017-11-26,10000043,35770,28299.93,28000,29500,10,8
2017-11-26,10000043,35771,1373473.44,975029.19,1599999,76,30
2017-11-26,10000043,35774,259592.2,8260.03,347999,19,15
2017-11-26,10000043,35788,49935.93,49500,49998.22,8,7
2017-11-26,10000043,35789,1202791.12,666680.38,1489993.8,43,13
2017-11-26,10000043,35790,2045831.56,1199039.18,2499998.91,97,48
2017-11-26,10000043,35794,10924.98,10924.98,10924.98,1079,43
2017-11-26,10000043,35795,9500,9500,9500,2080,45
2017-11-26,10000043,35796,1500000,1500000,1500000,4,1
2017-11-26,10000043,35797,1500000,1500000,1500000,4,1
2017-11-26,10000043,35825,638799664.47,638799612.83,638799767.77,3,3
2017-11-26,10000043,35832,933050504.99,902101010.01,963999999.96,2,2
2017-11-26,10000043,35833,12999999999.99,12999999999.99,12999999999.99,1,1
2017-11-26,10000043,35835,899999998.14,899999989.98,899999999.5,7,7
2017-11-26,10000043,35878,223938655.08,223938604.7,223938705.45,4,4
2017-11-26,10000043,35886,216999954.88,216999949.88,216999959.88,4,4
2017-11-26,10000043,35891,169999733.24,169999728.23,169999738.25,4,4
2017-11-26,10000043,35894,300085115.59,270170246.22,329999984.96,4,4
2017-11-26,10000043,35899,35999855.89,34999999.99,38499495.64,7,7
2017-11-26,10000043,35921,39999499.5,39999000,39999999,2,2
2017-11-26,10000043,35922,83899978.67,59999989.98,99999964.45,10,8
2017-11-26,10000043,35923,138924970.51,106000000.01,149899979.97,4,4
2017-11-26,10000043,35924,66797599.97,66000000,66996999.96,5,4
2017-11-26,10000043,35925,83988515.3,83988497.77,83988520.04,5,3
2017-11-26,10000043,35926,97199988.99,79400081.21,114999896.76,2,2
2017-11-26,10000043,35940,29998999.94,29998999.94,29998999.94,3,2
2017-11-26,10000043,35943,37869797.55,37869784.9,37869809.96,8,8
2017-11-26,10000043,35947,32989904.77,32989889.73,32989909.8,6,6
2017-11-26,10000043,35949,53574893.79,31699962.82,100000000,32,18
2017-11-26,10000043,35959,12981090.76,12879000,14000000,11,8
2017-11-26,10000043,35962,14375714.28,13884999.99,14999999.99,7,6
2017-11-26,10000043,35963,5000000.01,5000000.01,5000000.01,1,1
2017-11-26,10000043,35965,5000000.01,5000000.01,5000000.01,1,1
2017-11-26,10000043,36359,1999999.99,1999999.99,1999999.99,1,1
2017-11-26,10000043,36406,92299999.97,92299999.97,92299999.97,1,1
2017-11-26,10000043,36411,989989.82,989989.82,989989.82,1,1
2017-11-26,10000043,36444,350000,350000,350000,1,1
2017-11-26,10000043,36445,1999999,1999999,1999999,1,1
2017-11-26,10000043,36801,255501.1,11002.2,500000,2,2
2017-11-26,10000043,36817,10002.45,10002.45,10002.45,2,2
2017-11-26,10000043,36908,6931786.17,4000033.87,8799152.55,28,10
2017-11-26,10000043,36909,9141971.49,4000384.92,9998975.08,14,8
2017-11-26,10000043,36910,8452072.57,7000000.5,8699989.99,48,15
2017-11-26,10000043,36911,8813048.59,8813006.86,8813132.07,3,3
2017-11-26,10000043,36912,5970194.9,4306555.01,6199654.11,33,10
2017-11-26,10000043,36913,2600000,2600000,2600000,1,1
2017-11-26,10000043,36954,200000000,200000000,200000000,1,1
2017-11-26,10000043,37032,160000000,160000000,160000000,1,1
2017-11-26,10000043,37048,300000000,300000000,300000000,1,1
2017-11-26,10000043,37135,33561861.57,33500000,34500000,21,11
2017-11-26,10000043,37216,269999999.98,269999999.98,269999999.98,1,1
2017-11-26,10000043,37218,292999984.97,292999984.97,292999984.97,1,1
2017-11-26,10000043,37220,280999974.66,280999974.66,280999974.66,1,1
2017-11-26,10000043,37222,264998548,264998185,265000000,5,2
2017-11-26,10000043,37232,237795004.03,237795004.03,237795004.03,1,1
2017-11-26,10000043,37304,298152104.59,298152104.59,298152104.59,3,1
2017-11-26,10000043,37450,253347.35,184000,254998.48,43,8
2017-11-26,10000043,37451,1409494.03,815015.73,1475800.35,38,8
2017-11-26,10000043,37453,34249973.75,32000000,34999947.99,4,4
2017-11-26,10000043,37455,27998779,27998779,27998779,1,1
2017-11-26,10000043,37456,16250003,13500017.99,16800000,6,4
2017-11-26,10000043,37457,32335875.54,30006826.63,33500399.99,3,3
2017-11-26,10000043,37458,41000989.98,41000989.98,41000989.98,1,1
2017-11-26,10000043,37459,22933085.46,14202015.25,25843442.2,4,4
2017-11-26,10000043,37460,47686774.31,46965877.96,48912904.98,36,12
2017-11-26,10000043,37479,422991.82,103000.35,570680.2,19,16
2017-11-26,10000043,37480,94499959.37,94499935.99,94499988.96,5,4
2017-11-26,10000043,37481,75400116.49,75400116.47,75400116.49,7,6
2017-11-26,10000043,37482,82095954.26,64193050.56,99998857.96,4,4
2017-11-26,10000043,37483,112999919.63,112999919.63,112999919.63,1,1
2017-11-26,10000043,37488,2200000,2200000,2200000,1,1
2017-11-26,10000043,37503,2499999.5,2000000,2999999,2,2
2017-11-26,10000043,37532,12999998.75,12999998.74,12999998.75,2,2
2017-11-26,10000043,37544,1836.01,804.04,9000,19,15
2017-11-26,10000043,37545,1961.84,1501.07,7497,35,23
2017-11-26,10000043,37546,776191.12,303003.05,1194999,21,12
2017-11-26,10000043,37547,1455000.08,20000.08,2890000.08,2,2
2017-11-26,10000043,37549,799999,799999,799999,2,2
2017-11-26,10000043,37564,9799999.99,9799999.99,9799999.99,1,1
2017-11-26,10000043,37566,11000000,11000000,11000000,1,1
2017-11-26,10000043,37573,1780000,1780000,1780000,1,1
2017-11-26,10000043,37578,9949988.98,9949988.98,9949988.98,1,1
2017-11-26,10000043,37584,10999998,10999998,10999998,1,1
2017-11-26,10000043,37588,449999.99,449999.99,449999.99,1,1
2017-11-26,10000043,37604,1388799999.85,1388799999.85,1388799999.85,1,1
2017-11-26,10000043,37608,1611252.87,1600039,1650038.97,98,56
2017-11-26,10000043,37610,1585461.67,325000,1600009,75,39
2017-11-26,10000043,37611,1580935.96,1400000,1600046,84,45
2017-11-26,10000043,37612,43578339.7,39156708.59,47999970.81,2,2
2017-11-26,10000043,37615,20489437.71,20000000,21386740,17,17
2017-11-26,10000043,37624,31152332.31,17740005.55,35623108.39,4,3
2017-11-26,10000043,37625,26337001.37,26337001.37,26337001.37,1,1
2017-11-26,10000043,37627,69879999.97,69879999.97,69879999.97,2,1
2017-11-26,10000043,37796,5000000,5000000,5000000,4,4
2017-11-26,10000043,37797,5250000,5000000,5750000,3,3
2017-11-26,10000043,37798,5000000,5000000,5000000,3,3
2017-11-26,10000043,37799,5999784.95,5000000,7999354.84,3,3
2017-11-26,10000043,37805,29999925.91,29999925.91,29999925.91,1,1
2017-11-26,10000043,37810,7990909.7,7990909.7,7990909.7,1,1
2017-11-26,10000043,37816,5,5,5,1,1
2017-11-26,10000043,37820,26409950.81,20344122,29442865.22,12,7
2017-11-26,10000043,37821,250000,250000,250000,5,1
2017-11-26,10000043,37822,239997.49,239997.49,239997.49,6,1
2017-11-26,10000043,37823,199998.63,199998,199999,8,2
2017-11-26,10000043,37824,250000,250000,250000,6,1
2017-11-26,10000043,37846,13899.65,13897.99,13899.65,40800,12
2017-11-26,10000043,37847,14000,14000,14498,35300,11
2017-11-26,10000043,37848,11997.97,11997.97,11997.97,29150,12
2017-11-26,10000043,37849,2488883.85,2488883.82,2488883.85,304,11
2017-11-26,10000043,37850,2366661.72,2366661.72,2366661.72,100,2
2017-11-26,10000043,37851,2633821.8,2200000.02,2670999.4,76,5
2017-11-26,10000043,37855,8000000,8000000,8000000,1,1
2017-11-26,10000043,37856,8000000,8000000,8000000,1,1
2017-11-26,10000043,37857,8000000,8000000,8000000,2,2
2017-11-26,10000043,37866,399698,399698,399698,1,1
2017-11-26,10000043,37874,1,1,1,1,1
2017-11-26,10000043,37875,10000,10000,10000,1,1
2017-11-26,10000043,37877,2504.08,2504.08,2504.08,1,1
2017-11-26,10000043,37878,19.95,19.95,19.95,1,1
2017-11-26,10000043,37879,16010.04,16010.04,16010.04,1,1
2017-11-26,10000043,37880,20000.01,20000.01,20000.01,1,1
2017-11-26,10000043,37881,10000.02,10000.02,10000.02,1,1
2017-11-26,10000043,37882,1,1,1,1,1
2017-11-26,10000043,37883,300000,300000,300000,1,1
2017-11-26,10000043,37884,1.01,1.01,1.01,1,1
2017-11-26,10000043,37885,8200.02,8200.02,8200.02,1,1
2017-11-26,10000043,37886,50000,50000,50000,2,2
2017-11-26,10000043,37887,100.01,100.01,100.01,1,1
2017-11-26,10000043,37888,100000,100000,100000,1,1
2017-11-26,10000043,37889,1,1,1,1,1
2017-11-26,10000043,37892,1,1,1,1,1
2017-11-26,10000043,37893,1,1,1,1,1
2017-11-26,10000043,37894,1,1,1,1,1
2017-11-26,10000043,37895,1,1,1,1,1
2017-11-26,10000043,37896,1,1,1,1,1
2017-11-26,10000043,40328,4000000,4000000,4000000,6,6
2017-11-26,10000043,40334,14198.79,13000,14997.99,25,12
2017-11-26,10000043,40335,11099.98,11099.97,11100,17,11
2017-11-26,10000043,40336,1500000,1500000,1500000,4,1
2017-11-26,10000043,40346,8416630.46,7092000.67,9299716.99,15,2
2017-11-26,10000043,40348,43202996.98,43202996.98,43202996.98,2,1
2017-11-26,10000043,40354,21510313.13,15020626.26,28000000,2,2
2017-11-26,10000043,40356,83939393,83939393,83939393,1,1
2017-11-26,10000043,40357,148809809.54,148809809.54,148809809.54,3,2
2017-11-26,10000043,40358,2585233.51,2504124,2999888,61,8
2017-11-26,10000043,40359,3669878.24,3669878.24,3669878.24,10,1
2017-11-26,10000043,40360,2787993.6,2200002.09,2799992.24,50,8
2017-11-26,10000043,40361,2400000,2400000,2400000,8,1
2017-11-26,10000043,40519,369999999.77,365989686.88,378986796.55,226,89
2017-11-26,10000043,40520,793300000,778500008,812299999.99,513,272
2017-11-26,10000043,40555,9278000.33,9278000.33,9278000.33,36,1
2017-11-26,10000043,40556,11800000,11800000,11800000,181,6
2017-11-26,10000043,40557,10847468.9,10847468.9,10847468.9,22,4
2017-11-26,10000043,40558,11895000,11895000,11895000,41,5
2017-11-26,10000043,40559,8927748.76,8713157.52,9499999.99,55,6
2017-11-26,10000043,40565,29999989.85,29999988.69,29999997.97,24,3
2017-11-26,10000043,40566,32748758.99,32748758.99,32748758.99,8,1
2017-11-26,10000043,40568,26250000,20350000,29200000,6,3
2017-11-26,10000043,40570,24999800,24999800,24999800,15,2
2017-11-26,10000043,40571,24999999,23999999,26999999,12,4
2017-11-26,10000043,40572,102537810.91,100000000,106978979.99,11,11
2017-11-26,10000043,40573,103106666.66,100000000,106989999.99,9,9
2017-11-26,10000043,40584,130000.52,10001.04,250000,2,2
2017-11-26,10000043,40598,10000.01,10000.01,10000.01,1,1
2017-11-26,10000043,40659,28908196.65,25477998.32,42628989.99,5,3
2017-11-26,10000043,40662,218414884.92,218414878.25,218414888.26,3,3
2017-11-26,10000043,40673,36000000,36000000,36000000,2,2
2017-11-26,10000043,40714,65190526.18,65190521.17,65190531.18,2,2
2017-11-26,10000043,40715,150000000,150000000,150000000,1,1
2017-11-26,10000043,40772,5777777,5777777,5777777,1,1
2017-11-26,10000043,41030,1110299998.86,1099000000,1118999996.1,7,4
2017-11-26,10000043,41031,12950.79,1501,53899.49,54,38
2017-11-26,10000043,41032,30897.79,4000.01,97999,49,34
2017-11-26,10000043,41033,14119.62,7504.37,45000,31,21
2017-11-26,10000043,41034,85332.26,31000,99998.86,96,49
2017-11-26,10000043,41036,80000000,80000000,80000000,1,1
2017-11-26,10000043,41040,1049999.89,1049999.89,1049999.89,1,1
2017-11-26,10000043,41054,500024,500024,500024,134,51
2017-11-26,10000043,41055,487241.8,100000.09,500008.01,94,42
2017-11-26,10000043,41056,500032,500032,500032,115,48
2017-11-26,10000043,41057,3891669.65,3200010.22,4049999.99,30,26
2017-11-26,10000043,41081,144999975.51,144999975.5,144999975.52,3,3
2017-11-26,10000043,41152,99999998.95,99999998.95,99999998.95,3,1
2017-11-26,10000043,41155,17939.99,17939.99,17939.99,1238,80
2017-11-26,10000043,41191,33285714.27,32999999.99,33499999.97,7,4
2017-11-26,10000043,41196,14349795.75,14349792.26,14349797.5,3,3
2017-11-26,10000043,41199,9999879.71,9999879.69,9999879.72,2,2
2017-11-26,10000043,41200,294999989.98,294999989.98,294999989.98,1,1
2017-11-26,10000043,41201,311899691.86,311899688.56,311899698.46,3,3
2017-11-26,10000043,41202,294207420.01,294207420.01,294207420.01,1,1
2017-11-26,10000043,41212,19798710.59,19798703.92,19798713.93,3,3
2017-11-26,10000043,41214,134999999.89,134999999.89,134999999.89,1,1
2017-11-26,10000043,41215,18133289.11,12500000.5,20949933.42,6,6
2017-11-26,10000043,41217,55875789.44,36004873.48,59750000,6,6
2017-11-26,10000043,41218,27235895.85,25999957.95,29550000,60,41
2017-11-26,10000043,41220,64398509.61,61999989.99,67238004.31,16,15
2017-11-26,10000043,41221,15000000,15000000,15000000,1,1
2017-11-26,10000043,41230,1500000,1500000,1500000,4,2
2017-11-26,10000043,41238,109999949.92,109999949.92,109999949.92,1,1
2017-11-26,10000043,41249,63720757.01,62081706.06,66998858.91,3,3
2017-11-26,10000043,41263,5016.36,5016.36,5016.36,91,3
2017-11-26,10000043,41264,3004.82,3004.82,3004.82,64,2
2017-11-26,10000043,41265,5.54,5.54,5.54,87,4
2017-11-26,10000043,41267,250678,250678,250678,190,3
2017-11-26,10000043,41268,750416.03,750416.03,750416.03,33,1
2017-11-26,10000043,41269,22630,22630,22630,116,3
2017-11-26,10000043,41302,156030,156030,156030,737,5
2017-11-26,10000043,41303,185016.04,185016,185016.07,73,3
2017-11-26,10000043,41304,109.05,109.05,109.05,13,1
2017-11-26,10000043,41305,38,38,38,59,3
2017-11-26,10000043,41306,507.99,507.99,507.99,170,3
2017-11-26,10000043,41307,14014.95,14014.95,14014.95,126,3
2017-11-26,10000043,41308,20003,20003,20003,39,2
2017-11-26,10000043,41309,8,8,8,148,3
2017-11-26,10000043,41310,31199.01,31199.01,31199.01,47,3
2017-11-26,10000043,41311,13423.94,13420,13425,71,3
2017-11-26,10000043,41312,56371.94,56371.94,56371.94,52,2
2017-11-26,10000043,41316,19999.99,19999.99,19999.99,12000,3
2017-11-26,10000043,41361,300000000,300000000,300000000,2,1
2017-11-26,10000043,41365,300000000,300000000,300000000,1,1
2017-11-26,10000043,41367,300000000,300000000,300000000,1,1
2017-11-26,10000043,41403,37239949.45,34479898.91,39999999.99,2,2
2017-11-26,10000043,41405,30400000,30400000,30400000,3,3
2017-11-26,10000043,41407,27355931.29,27000000,29491800,35,10
2017-11-26,10000043,41408,27000000,27000000,27000000,25,2
2017-11-26,10000043,41409,34999039.98,34999034.97,34999044.98,2,2
2017-11-26,10000043,41410,32989966.99,32989966.99,32989966.99,2,2
2017-11-26,10000043,41411,42327303.57,32000000.01,44048520.94,7,6
2017-11-26,10000043,41415,165408212.09,122124000.8,168499937.89,15,9
2017-11-26,10000043,41459,338986883,338986883,338986883,1,1
2017-11-26,10000043,41469,96959064.48,96959064.48,96959064.48,1,1
2017-11-26,10000043,41470,149999897.85,149999897.85,149999897.85,1,1
2017-11-26,10000043,41477,399564.57,399129.16,399999.97,4,2
2017-11-26,10000043,41478,1099999.98,1099999.98,1099999.98,1,1
2017-11-26,10000043,41481,849999.97,849999.97,849999.97,1,1
2017-11-26,10000043,41484,9504905.65,9504905.64,9504905.65,2,2
2017-11-26,10000043,41489,12000,12000,12000,1382,14
2017-11-26,10000043,41490,976855.55,976838.33,999975,1330,43
2017-11-26,10000043,41492,138699989.99,138699989.99,138699989.99,1,1
2017-11-26,10000043,41493,149999996,149999989.99,150000000,5,5
2017-11-26,10000043,41504,303460677.71,303000676.06,303920679.36,4,3
2017-11-26,10000043,41506,159999789.67,159999789.67,159999789.67,1,1
2017-11-26,10000043,41507,147492597.95,129985266,164999929.9,2,2
2017-11-26,10000043,41516,12920995,12920995,12920995,1,1
2017-11-26,10000043,41533,81566216.16,70000000,93132432.32,2,2
2017-11-26,10000043,41534,107166666.44,78000080.07,112999983.72,6,6
2017-11-26,10000043,41537,250000000,250000000,250000000,1,1
2017-11-26,10000043,41575,300000000,300000000,300000000,1,1
2017-11-26,10000043,41579,555557.56,555557.56,555557.56,1,1
2017-11-26,10000043,41598,20000000,20000000,20000000,3,2
2017-11-26,10000043,41607,31735999.98,21742000,41729999.95,2,2
2017-11-26,10000043,42145,32999998.96,32999998.92,32999999,2,2
2017-11-26,10000043,42146,29122916.35,29100000,29258409.27,10,5
2017-11-26,10000043,42149,1012500,25000,2000000,2,2
2017-11-26,10000043,42168,10000.01,10000.01,10000.01,1,1
2017-11-26,10000043,42200,94987993.28,94987989.94,94987999.95,3,3
2017-11-26,10000043,42201,114500000,114500000,114500000,2,2
2017-11-26,10000043,42202,52499989.99,52499989.99,52499989.99,2,2
2017-11-26,10000043,42204,59999946.98,59999946.98,59999946.98,1,1
2017-11-26,10000043,42205,64474999,64474999,64474999,1,1
2017-11-26,10000043,42206,88999977.94,88999977.94,88999977.94,1,1
2017-11-26,10000043,42210,241999992.99,241999992.99,241999992.99,1,1
2017-11-26,10000043,42211,193987199,193987199,193987199,1,1
2017-11-26,10000043,42212,298999999,298999999,298999999,1,1
2017-11-26,10000043,42213,397999996.15,397999996.15,397999996.15,1,1
2017-11-26,10000043,42244,57683833.33,51103000.08,58999999.99,12,12
2017-11-26,10000043,42522,139999953.32,139999950,139999959.96,3,3
2017-11-26,10000043,42526,669326.04,291000.12,699592.1,54,24
2017-11-26,10000043,42527,708838.17,260001.41,772957.61,8,6
2017-11-26,10000043,42528,628466.61,90191.92,789998.97,26,16
2017-11-26,10000043,42529,625122.81,309920.12,689998.32,29,23
2017-11-26,10000043,42530,652570.36,200000.59,662999.98,22,12
2017-11-26,10000043,42546,4000000,4000000,4000000,1,1
2017-11-26,10000043,42549,3800002.19,3800002.19,3800002.19,1,1
2017-11-26,10000043,42550,19994000,19994000,19994000,1,1
2017-11-26,10000043,42555,19504000.5,19000000,20008001,2,2
2017-11-26,10000043,42556,29000000,29000000,29000000,1,1
2017-11-26,10000043,42560,38550100.19,21400801.48,41000000,8,8
2017-11-26,10000043,42562,3000001.04,3000001.04,3000001.04,1,1
2017-11-26,10000043,42567,24301000.33,24301000.33,24301000.33,1,1
2017-11-26,10000043,42569,16656000.43,16656000.43,16656000.43,1,1
2017-11-26,10000043,42570,28999995.95,28999995.95,28999995.95,1,1
2017-11-26,10000043,42572,71988999.98,71988999.98,71988999.98,3,3
2017-11-26,10000043,42574,40000000,40000000,40000000,1,1
2017-11-26,10000043,42579,30500000,30500000,30500000,1,1
2017-11-26,10000043,42581,31888888.88,31888888.88,31888888.88,1,1
2017-11-26,10000043,42587,42444666.88,42444666.88,42444666.88,1,1
2017-11-26,10000043,42590,10000000,10000000,10000000,1,1
2017-11-26,10000043,42595,9974000.03,9974000.03,9974000.03,2,2
2017-11-26,10000043,42596,4313999.67,4307000,4327999,3,3
2017-11-26,10000043,42597,8809000,8809000,8809000,1,1
2017-11-26,10000043,42599,60011000,60011000,60011000,1,1
2017-11-26,10000043,42600,16399999.99,10000000,17999999.99,5,2
2017-11-26,10000043,42685,19328363.37,18999462.67,23999299.24,8,8
2017-11-26,10000043,42694,999.79,999.79,999.79,35396,21
2017-11-26,10000043,42695,1989.92,1989.91,1989.93,120029,47
2017-11-26,10000043,42696,1688.98,1688.98,1688.98,86704,38
2017-11-26,10000043,42700,1337334.65,12003.94,2000000,3,3
2017-11-26,10000043,42702,37337.12,10000.35,51005.5,3,3
2017-11-26,10000043,42703,1005003.9,10007.8,2000000,2,2
2017-11-26,10000043,42706,999999,999999,999999,1,1
2017-11-26,10000043,42707,11033334.08,100002.27,16499999.99,3,3
2017-11-26,10000043,42718,15000.71,15000.71,15000.71,2,2
2017-11-26,10000043,42726,16252.92,10003.92,35000,4,4
2017-11-26,10000043,42733,24113331.32,21500000,29339993.97,3,3
2017-11-26,10000043,42741,39999999.99,39999999.99,39999999.99,1,1
2017-11-26,10000043,42746,199999.99,199999.99,199999.99,1,1
2017-11-26,10000043,42756,4999924.99,4999924.99,4999924.99,1,1
2017-11-26,10000043,42757,5899999.32,5899999.32,5899999.32,1,1
2017-11-26,10000043,42760,11236667.78,1700005.37,16004998.99,3,3
2017-11-26,10000043,42763,45000000,45000000,45000000,1,1
2017-11-26,10000043,42764,15344999.97,15000000,15689999.93,2,2
2017-11-26,10000043,42766,40000000,40000000,40000000,1,1
2017-11-26,10000043,42768,6200000.39,6200000.39,6200000.39,1,1
2017-11-26,10000043,42769,18000000,18000000,18000000,1,1
2017-11-26,10000043,42773,14989999.98,14989999.91,14990000,4,4
2017-11-26,10000043,42774,19999999.92,19999999.92,19999999.92,1,1
2017-11-26,10000043,42775,49999998.99,49999998.99,49999998.99,1,1
2017-11-26,10000043,42776,13000000,13000000,13000000,1,1
2017-11-26,10000043,42777,50000000,50000000,50000000,1,1
2017-11-26,10000043,42780,23999900,23999900,23999900,2,2
2017-11-26,10000043,42783,1199999,1199999,1199999,1,1
2017-11-26,10000043,42786,54900000,54900000,54900000,1,1
2017-11-26,10000043,42787,17327500,10000000,19770000,4,3
2017-11-26,10000043,42790,3000000.01,3000000.01,3000000.01,1,1
2017-11-26,10000043,42792,34999999.99,34999999.99,34999999.99,1,1
2017-11-26,10000043,42796,1091506.71,1091506.71,1091506.71,1,1
2017-11-26,10000043,42799,146999999,146999999,146999999,1,1
2017-11-26,10000043,42800,10799199.37,10500000,10868999.95,5,5
2017-11-26,10000043,42829,752.95,752.88,757.98,708506,71
2017-11-26,10000043,42830,778.9,777.65,783.33,727750,91
2017-11-26,10000043,42831,748.97,748.96,748.99,121279,27
2017-11-26,10000043,42832,2429.96,2429.94,2429.97,20832,27
2017-11-26,10000043,42833,958.99,958.98,959,14530,15
2017-11-26,10000043,42834,1949.88,1949.88,1949.88,22706,20
2017-11-26,10000043,42835,1200,1199.99,1209.99,7555,6
2017-11-26,10000043,42836,890,890,890,2150,2
2017-11-26,10000043,42837,1030,1020,1034.99,7318,5
2017-11-26,10000043,42838,1039.96,412.19,8000,13724,8
2017-11-26,10000043,42839,964.8,964.8,964.8,35814,32
2017-11-26,10000043,42840,939,939,939,22741,16
2017-11-26,10000043,42875,10000000,10000000,10000000,2,2
2017-11-26,10000043,42880,11799999.99,11799999.99,11799999.99,7,6
2017-11-26,10000043,42881,12399999.99,12399999.99,12399999.99,9,8
2017-11-26,10000043,42882,12299894.11,12299894.11,12299894.11,10,9
2017-11-26,10000043,42883,11900000,11900000,11900000,1,1
2017-11-26,10000043,42884,10799000,10799000,10799000,1,1
2017-11-26,10000043,42885,12300000,12300000,12300000,1,1
2017-11-26,10000043,42890,129784604.06,129784599.06,129784609.05,2,2
2017-11-26,10000043,42906,2500799.97,2500799.97,2500799.97,1,1
2017-11-26,10000043,42907,150000000,150000000,150000000,1,1
2017-11-26,10000043,43530,2539002.25,700011.26,2999999.99,10,9
2017-11-26,10000043,43544,3999999.96,3999999.96,3999999.96,1,1
2017-11-26,10000043,43545,2600000,2600000,2600000,2,2
2017-11-26,10000043,43546,2080000,2080000,2080000,2,2
2017-11-26,10000043,43551,4200009.93,4200009.19,4200010.1,252,54
2017-11-26,10000043,43552,3100163.25,2300502.17,3499993.79,18,13
2017-11-26,10000043,43554,5994899.46,5994887.99,5994902.33,5,3
2017-11-26,10000043,43555,5301842.92,2393016.61,5999952.98,31,20
2017-11-26,10000043,43556,3412563.99,1500069.08,3994686.54,30,13
2017-11-26,10000043,43694,57532999.99,55000000,58799499.99,15,3
2017-11-26,10000043,43699,69004.09,30011.07,71334.3,69,14
2017-11-26,10000043,43700,3779366.65,3104006.61,4190000,59,16
2017-11-26,10000043,43702,80933.33,80000,81000,45,25
2017-11-26,10000043,43703,18421423.78,18000000,19474983.24,14,13
2017-11-26,10000043,43728,207249999.5,200000000,214499999,2,2
2017-11-26,10000043,43749,1500000,1499999.99,1500000,8,7
2017-11-26,10000043,43750,9999999.99,9999999.99,9999999.99,2,2
2017-11-26,10000043,43751,7500000,7500000,7500000,5,4
2017-11-26,10000043,43752,20999999.99,20999999.99,20999999.99,1,1
2017-11-26,10000043,43753,10999999.98,10999999.98,10999999.98,1,1
2017-11-26,10000043,43754,10000000,10000000,10000000,1,1
2017-11-26,10000043,43757,19999999.99,19999999.99,19999999.99,2,2
2017-11-26,10000043,43762,9500000,9500000,9500000,1,1
2017-11-26,10000043,43782,150000000,150000000,150000000,1,1
2017-11-26,10000043,43819,50000000,50000000,50000000,1,1
2017-11-26,10000043,43879,395898389.14,395898389.14,395898389.14,1,1
2017-11-26,10000043,43883,497999999.99,497999999.99,497999999.99,1,1
2017-11-26,10000043,43889,442999960.95,442999960.95,442999960.95,1,1
2017-11-26,10000043,43894,311111,311111,311111,7,4
2017-11-26,10000043,43896,722663.03,251000.71,1099992.9,18,10
2017-11-26,10000043,43898,7399998.93,7399998.91,7399999,5,4
2017-11-26,10000043,43904,750000,750000,750000,2,2
2017-11-26,10000043,43911,30000000,30000000,30000000,2,2
2017-11-26,10000043,44067,250000000,250000000,250000000,6,6
2017-11-26,10000043,44102,2956905.99,500500.99,5413314.32,6,4
2017-11-26,10000043,44103,5000000,5000000,5000000,2,1
2017-11-26,10000043,44109,137,137,137,1,1
2017-11-26,10000043,44110,4995,4995,4995,740,3
2017-11-26,10000043,44122,500,500,500,2,2
2017-11-26,10000043,44123,449583.8,501.11,898666.48,2,2
2017-11-26,10000043,44125,50000,50000,50000,1,1
2017-11-26,10000043,44134,2988444.88,2988444.88,2988444.88,1,1
2017-11-26,10000043,44138,1630111.61,1001.08,2444666.88,3,3
2017-11-26,10000043,44144,3500000,3500000,3500000,1,1
2017-11-26,10000043,44150,61100.06,61100.06,61100.06,1,1
2017-11-26,10000043,44156,9930000,2001000,11899500,5,5
2017-11-26,10000043,44157,14999800,14999800,14999800,1,1
2017-11-26,10000043,44167,15000000,15000000,15000000,1,1
2017-11-26,10000043,44169,6550555.51,101111.01,13000000,2,2
2017-11-26,10000043,44175,500000.02,500000.02,500000.02,1,1
2017-11-26,10000043,44176,16014.45,16014.45,16014.45,1,1
2017-11-26,10000043,44180,39999999,39999999,39999999,1,1
2017-11-26,10000043,44181,19998991.99,19998991.99,19998991.99,1,1
2017-11-26,10000043,44183,4438888.72,4433333,4444444.44,2,2
2017-11-26,10000043,44186,999000.4,999000.4,999000.4,1,1
2017-11-26,10000043,44206,12.13,12.13,12.13,2,2
2017-11-26,10000043,44207,1,1,1,2,2
2017-11-26,10000043,44208,1,1,1,1,1
2017-11-26,10000043,44209,1.01,1.01,1.01,2,2
2017-11-26,10000043,44210,101,101,101,1,1
2017-11-26,10000043,44211,50000,50000,50000,6,4
2017-11-26,10000043,44212,1,1,1,2,1
2017-11-26,10000043,44214,41001.31,41001.31,41001.31,3,2
2017-11-26,10000043,44215,55009.98,55009.98,55009.98,1,1
2017-11-26,10000043,44267,11225,11225,11225,150,2
2017-11-26,10000043,44888,10999988.99,10999988.99,10999988.99,1,1
2017-11-26,10000043,44889,9999998.74,9999998.74,9999998.74,1,1
2017-11-26,10000043,44890,7999999.87,7999999.87,7999999.87,1,1
2017-11-26,10000043,44891,7998999.99,7998999.99,7998999.99,1,1
2017-11-26,10000043,44894,19889999.96,19889999.96,19889999.96,1,1
2017-11-26,10000043,44900,12375125.25,12250250.5,12499999.99,2,2
2017-11-26,10000043,44905,21333296.01,9000000.04,27499944,3,3
2017-11-26,10000043,44906,6488887.68,6488887.68,6488887.68,1,1
2017-11-26,10000043,44909,90000000,88000000,91999999.99,2,2
2017-11-26,10000043,44911,17995989.16,17995989.16,17995989.16,1,1
2017-11-26,10000043,44912,20000001.7,15000002.56,29999999.99,3,3
2017-11-26,10000043,44924,24900000,24900000,24900000,2,2
2017-11-26,10000043,44930,16750000,16750000,16750000,1,1
2017-11-26,10000043,44931,47000000,47000000,47000000,1,1
2017-11-26,10000043,44936,16999999.95,16999999.93,17000000,4,4
2017-11-26,10000043,44944,7900000,7900000,7900000,1,1
2017-11-26,10000043,44992,3138001,3136140.84,3206999.99,219122,435
2017-11-26,10000043,44993,232874691.19,183001000.03,249498969.95,4,4
2017-11-26,10000043,44995,789009919.86,759010069.95,799009869.83,4,4
2017-11-26,10000043,45009,280089837.75,280089835.66,280089838.8,3,3
2017-11-26,10000043,45010,173997.95,173997.92,173997.95,68,8
2017-11-26,10000043,45482,5824999,5749500,5900498,4,4
2017-11-26,10000043,45537,287999990.96,287999984,287999997.91,2,2
2017-11-26,10000043,45538,200994499.48,200994499,200994499.96,4,4
2017-11-26,10000043,45585,50000.03,50000.03,50000.03,1,1
2017-11-26,10000043,45586,47835400.27,37013127.02,49999856.96,12,12
2017-11-26,10000043,45587,15639983.45,9510014.6,18999969.96,11,11
2017-11-26,10000043,45588,40221222.36,38053103.03,42999957.88,5,5
2017-11-26,10000043,45589,52518692.87,28100018.31,57999944.62,16,16
2017-11-26,10000043,45590,6805723.91,3333335.89,13750500,6,5
2017-11-26,10000043,45591,34386517.52,27813107.55,38999848.48,11,11
2017-11-26,10000043,45592,43379340.42,38000002.15,44900000,15,15
2017-11-26,10000043,45593,9945000.08,5010000.18,14879999.98,6,6
2017-11-26,10000043,45594,42934216.08,42934216.08,42934216.08,1,1
2017-11-26,10000043,45595,37503626.75,32500000.45,37700000.3,55,36
2017-11-26,10000043,45596,37998722.49,37998648.24,37998758.59,5,5
2017-11-26,10000043,45597,47999450.49,47999443.45,47999457.53,2,2
2017-11-26,10000043,45598,17175549.11,12860004.49,18499979.97,9,9
2017-11-26,10000043,45599,37647404.62,25013142.54,42999769.66,14,14
2017-11-26,10000043,45601,30821206.6,24463186.3,34842073.15,21,18
2017-11-26,10000043,45602,38129322.06,29900017.01,41421029.86,7,7
2017-11-26,10000043,45603,38050005,34100010,42000000,2,2
2017-11-26,10000043,45604,20090148.89,14751012.13,22750981.71,12,11
2017-11-26,10000043,45605,48284719.49,48213131.61,48499483.11,4,4
2017-11-26,10000043,45606,39428119.12,39428119.11,39428119.12,2,2
2017-11-26,10000043,45607,29297761.7,19789968.46,31998871.89,6,6
2017-11-26,10000043,45608,44186282.76,40008800.02,48499967.33,18,15
2017-11-26,10000043,45610,32702591.75,25061475.53,35973740.99,10,10
2017-11-26,10000043,45611,36019549.17,31000000.08,42043003.86,11,7
2017-11-26,10000043,45612,29022222.59,24700001.75,30000000,9,9
2017-11-26,10000043,45613,31140323.55,23740134.2,34840423.19,18,18
2017-11-26,10000043,45614,29964696.31,23753014.46,30999969.94,7,7
2017-11-26,10000043,45615,26104355.74,20713118.36,29998888.88,14,13
2017-11-26,10000043,45616,40108531.69,40108401.38,40108662,8,7
2017-11-26,10000043,45617,37321088.81,28513117.1,38422093.09,9,8
2017-11-26,10000043,45618,26306942.72,15700010.16,33699856.33,10,10
2017-11-26,10000043,45619,43738808.56,32518746,44985448.51,10,9
2017-11-26,10000043,45620,37624469.42,37290774.9,37680058.46,7,7
2017-11-26,10000043,45621,72067662.77,33427010.75,88627923.71,10,9
2017-11-26,10000043,45622,9700056.84,5000550.11,10000550.16,11,10
2017-11-26,10000043,45623,25053351.42,24999989.99,26086890.21,18,17
2017-11-26,10000043,45624,35781285.24,22701319.9,39051256.08,5,5
2017-11-26,10000043,45625,8515000.45,6030001.12,10999999.85,14,10
2017-11-26,10000043,45626,35645494.87,27000003.03,39999994.99,21,20
2017-11-26,10000043,45627,23966683.42,20900050.26,25500000,3,3
2017-11-26,10000043,45628,7010000.01,7010000.01,7010000.01,2,2
2017-11-26,10000043,45629,24874762.26,17000001.5,25000000.41,16,14
2017-11-26,10000043,45630,25609942.92,8010013.92,30009927.71,10,9
2017-11-26,10000043,45631,34360327.29,25091750.5,37449849.55,4,4
2017-11-26,10000043,45632,39717479.04,30013119.19,43998699.26,7,6
2017-11-26,10000043,45633,35734171.85,28058663.96,37439838.48,11,11
2017-11-26,10000043,45635,166599999,160995000,166799998.93,151,104
2017-11-26,10000043,45656,10000000,10000000,10000000,1,1
2017-11-26,10000043,45657,10000000,10000000,10000000,1,1
2017-11-26,10000043,45658,10000000,10000000,10000000,2,2
2017-11-26,10000043,45659,10000000,10000000,10000000,1,1
2017-11-26,10000043,45660,10152.03,10152,10155.97,4416,53
2017-11-26,10000043,45661,2073.05,2073.05,2073.06,4030,61
2017-11-26,10000043,45662,2229.27,2229.18,2230.02,4866,55
2017-11-26,10000043,45663,342999.88,250001.69,440000,7889,79
2017-11-26,10000043,45666,199989989.88,199989989.88,199989989.88,1,1
2017-11-26,10000043,45734,358894.94,292789.89,424999.99,2,2
2017-11-26,10000043,45740,112.23,112.23,112.23,1,1
2017-11-26,10000043,45743,1,1,1,1,1
2017-11-26,10000043,45744,49999998.95,49999998.95,49999998.95,1,1
2017-11-26,10000043,45745,79990988.75,79990988.75,79990988.75,1,1
2017-11-26,10000043,45746,1148133.22,1000000,1999898.36,54,34
2017-11-26,10000043,45748,5441172.88,5000000,6499988,17,16
2017-11-26,10000043,45749,25259997.92,25000000,26299989.6,10,10
2017-11-26,10000043,45750,15115383.82,15000000,16499989.67,13,12
2017-11-26,10000043,45751,581545.99,55206.13,1174998.8,7,4
2017-11-26,10000043,45752,240000,240000,240000,1,1
2017-11-26,10000043,45753,30833.33,1250,90000,9,5
2017-11-26,10000043,45754,387802.96,387802.96,387802.96,2,2
2017-11-26,10000043,45755,59999.99,59999.99,59999.99,1,1
2017-11-26,10000043,45756,799999.96,799999.95,799999.96,2,2
2017-11-26,10000043,45757,455743.63,91230.89,638000,3,3
2017-11-26,10000043,45758,31666.67,2500.01,89999.99,3,3
2017-11-26,10000043,45759,1577998.46,1577998.46,1577998.46,1,1
2017-11-26,10000043,45761,65000,65000,65000,1,1
2017-11-26,10000043,45763,1289999.97,1289999.97,1289999.97,1,1
2017-11-26,10000043,45764,1291000,1291000,1291000,1,1
2017-11-26,10000043,45765,2899999.98,2899999.98,2899999.98,2,2
2017-11-26,10000043,45766,6001,6001,6001,1,1
2017-11-26,10000043,45767,957189.52,935784.81,999998.94,3,3
2017-11-26,10000043,45768,13000.04,13000.03,13000.04,3,3
2017-11-26,10000043,45769,485999.96,22000,949999.92,6,6
2017-11-26,10000043,45770,1249999.98,1249999.98,1249999.98,1,1
2017-11-26,10000043,45773,22946249.97,892500.01,44999999.93,4,4
2017-11-26,10000043,45774,874570.66,103006,1260353,3,3
2017-11-26,10000043,45775,779999.99,779999.99,779999.99,1,1
2017-11-26,10000043,45776,662500.56,125001.12,1199999.99,2,2
2017-11-26,10000043,45777,1348000,1348000,1348000,1,1
2017-11-26,10000043,45779,2200000,2200000,2200000,1,1
2017-11-26,10000043,45781,949999.97,800000,999999.95,4,4
2017-11-26,10000043,45782,1500000,500000,2500000,2,2
2017-11-26,10000043,45784,98395984.89,98395984.89,98395984.9,3,3
2017-11-26,10000043,45785,2400000,2000000,2800000,4,4
2017-11-26,10000043,45787,1073333.32,410000,2399999.96,3,3
2017-11-26,10000043,45789,3748999.99,2499999.98,4997999.99,2,2
2017-11-26,10000043,45790,5999993.77,5999993.74,5999993.8,2,2
2017-11-26,10000043,45792,6484999.96,6484999.95,6484999.96,2,2
2017-11-26,10000043,45793,1460000,920000,2000000,2,2
2017-11-26,10000043,45795,3079499.98,2999999.98,4476999.96,6,3
2017-11-26,10000043,45796,24499998.92,24499998.91,24499998.92,2,2
2017-11-26,10000043,45797,17830000,17829999.99,17830000,2,2
2017-11-26,10000043,45799,5554999.98,5554999.98,5554999.98,1,1
2017-11-26,10000043,45800,48999988,48999988,48999988,1,1
2017-11-26,10000043,45802,15000003.5,15000000,15000007,2,2
2017-11-26,10000043,45803,44999998.87,44999998.87,44999998.87,2,1
2017-11-26,10000043,45804,888888.88,888888.88,888888.88,1,1
2017-11-26,10000043,45805,1999999.88,1999999.88,1999999.88,1,1
2017-11-26,10000043,45807,2052017.8,2052017.79,2052017.81,2,2
2017-11-26,10000043,45808,30000000.02,30000000,30000000.03,2,2
2017-11-26,10000043,45809,16800001,16800001,16800001,1,1
2017-11-26,10000043,45811,110000,110000,110000,1,1
2017-11-26,10000043,45812,2500.07,2500.07,2500.07,5,5
2017-11-26,10000043,45813,2550,2550,2550,1,1
2017-11-26,10000043,45816,2550,2550,2550,1,1
2017-11-26,10000043,45817,100166.33,500,149999.5,3,3
2017-11-26,10000043,45818,25000,25000,25000,1,1
2017-11-26,10000043,45819,45000,45000,45000,1,1
2017-11-26,10000043,45820,1116324.57,151000.01,1598986.86,3,3
2017-11-26,10000043,45823,25000,25000,25000,2,1
2017-11-26,10000043,45825,5500,5500,5500,1,1
2017-11-26,10000043,45826,101006.58,101006.58,101006.58,2,2
2017-11-26,10000043,45828,675021.34,12532.01,2000000,6,4
2017-11-26,10000043,45829,507499.36,15000,999998.72,2,2
2017-11-26,10000043,45831,3249999.49,2999998.98,3499999.99,2,2
2017-11-26,10000043,45832,10000044.49,10000021.99,10000066.99,2,2
2017-11-26,10000043,45833,1040202.59,1013.01,1299999.99,5,5
2017-11-26,10000043,45834,1799999.95,1799999.95,1799999.95,1,1
2017-11-26,10000043,45839,130004.02,130004.02,130004.02,1,1
2017-11-26,10000043,45840,601000.14,601000.14,601000.14,2,1
2017-11-26,10000043,45843,59250000,55000000,63500000,4,4
2017-11-26,10000043,45846,3739999.98,3739999.98,3739999.98,1,1
2017-11-26,10000043,45847,3099999.5,2200000,3999999,2,2
2017-11-26,10000043,45848,732498.69,100000,1048748.04,3,3
2017-11-26,10000043,45852,3779999.29,450000,5999998.82,5,5
2017-11-26,10000043,45853,5494333.31,988666.67,9999999.95,2,2
2017-11-26,10000043,45857,4200000,4200000,4200000,1,1
2017-11-26,10000043,45860,45488987,45488987,45488987,1,1
2017-11-26,10000043,45861,3820000.01,3820000.01,3820000.01,1,1
2017-11-26,10000043,45863,28085.56,28085.56,28085.56,1,1
2017-11-26,10000043,45864,998888.8,998888.8,998888.8,1,1
2017-11-26,10000043,45865,1799999.98,1799999.98,1799999.98,1,1
2017-11-26,10000043,45867,6001000.06,6001000.06,6001000.06,1,1
2017-11-26,10000043,45868,5100003,5100003,5100003,1,1
2017-11-26,10000043,45869,60604.04,54545.46,99999.92,5,5
2017-11-26,10000043,45871,1001,1001,1001,1,1
2017-11-26,10000043,45872,2550,2550,2550,2,1
2017-11-26,10000043,45873,2550.02,2550.02,2550.02,1,1
2017-11-26,10000043,45874,1250,1250,1250,2,2
2017-11-26,10000043,45876,671018.73,456037.45,886000,2,2
2017-11-26,10000043,45878,517502.81,35005.65,999999.97,2,2
2017-11-26,10000043,45879,999998,999998,999998,1,1
2017-11-26,10000043,45880,100070,100070,100070,2,2
2017-11-26,10000043,45881,250500,1000,500000,4,3
2017-11-26,10000043,45883,2000000,2000000,2000000,1,1
2017-11-26,10000043,45884,100000,100000,100000,1,1
2017-11-26,10000043,45887,948799.55,30004,1097997.93,5,5
2017-11-26,10000043,45892,257500,5000,509999.99,2,2
2017-11-26,10000043,45893,10002.01,10002.01,10002.01,1,1
2017-11-26,10000043,45894,1150000,1150000,1150000,1,1
2017-11-26,10000043,45895,1499999.99,1499999.99,1499999.99,1,1
2017-11-26,10000043,45896,2000000,2000000,2000000,1,1
2017-11-26,10000043,45897,8000001.05,8000001.05,8000001.05,1,1
2017-11-26,10000043,45898,3981502.87,3981502.87,3981502.87,1,1
2017-11-26,10000043,45899,999999.55,999999.55,999999.55,1,1
2017-11-26,10000043,45900,1953333.29,1900000,1979999.94,3,3
2017-11-26,10000043,45902,74999999.99,74999999.98,75000000,3,3
2017-11-26,10000043,45904,34620010.17,34620010.17,34620010.17,3,2
2017-11-26,10000043,45905,706470.29,186323.01,1399999.99,7,5
2017-11-26,10000043,45906,703183.34,161366.68,1245000,4,3
2017-11-26,10000043,45907,10400.45,10000.75,11000,5,5
2017-11-26,10000043,45908,200000.18,200000.18,200000.18,1,1
2017-11-26,10000043,45910,1699999.99,1699999.98,1699999.99,3,2
2017-11-26,10000043,45911,7599999.98,7599999.98,7600000,3,3
2017-11-26,10000043,45913,7776502.95,7553006.9,7999999,2,2
2017-11-26,10000043,45914,9999999.97,9999999.97,9999999.97,1,1
2017-11-26,10000043,45916,800000,800000,800000,1,1
2017-11-26,10000043,45922,525999.5,51999,1000000,2,2
2017-11-26,10000043,45923,650500.98,51001.96,1250000,2,2
2017-11-26,10000043,45925,1869999.28,1869999.28,1869999.28,1,1
2017-11-26,10000043,45926,950001,100002.02,1799999.98,2,2
2017-11-26,10000043,45932,10199.8,250,49999,5,4
2017-11-26,10000043,45933,78332.99,5000.02,188332.45,5,5
2017-11-26,10000043,45934,1001,1001,1001,5,2
2017-11-26,10000043,45935,18333.32,2500,49999.95,3,3
2017-11-26,10000043,45936,299999,299999,299999,1,1
2017-11-26,10000043,45937,49999.99,49999.99,49999.99,1,1
2017-11-26,10000043,45938,54120,1250,106989.99,2,2
2017-11-26,10000043,45940,1399999.82,1399999.82,1399999.82,1,1
2017-11-26,10000043,45941,50005.55,50005.55,50005.55,1,1
2017-11-26,10000043,45942,1300001.48,150003.02,2449999.94,2,2
2017-11-26,10000043,45946,999999.89,999999.89,999999.89,1,1
2017-11-26,10000043,45947,999999.99,999999.99,999999.99,3,3
2017-11-26,10000043,45948,3883095.79,3883095.79,3883095.79,1,1
2017-11-26,10000043,45949,180000,180000,180000,1,1
2017-11-26,10000043,45950,650000,650000,650000,1,1
2017-11-26,10000043,45952,1876330.97,595001.01,4438990.9,3,3
2017-11-26,10000043,45953,5400000,5400000,5400000,1,1
2017-11-26,10000043,45954,1000000,1000000,1000000,1,1
2017-11-26,10000043,45955,549998.99,549998.99,549998.99,1,1
2017-11-26,10000043,45956,243334.92,5565,599989.81,5,4
2017-11-26,10000043,45957,2357844.15,1523292.48,3192395.81,2,2
2017-11-26,10000043,45958,350506.26,350506.26,350506.26,1,1
2017-11-26,10000043,45959,252000,252000,252000,3,1
2017-11-26,10000043,45960,590000,590000,590000,3,2
2017-11-26,10000043,45961,1001000,251000,1751000,2,2
2017-11-26,10000043,45962,6949999.99,6949999.98,6950000,2,2
2017-11-26,10000043,45964,75000000,74999999.99,75000000,2,2
2017-11-26,10000043,45967,425000,200000,650000,2,2
2017-11-26,10000043,45969,500500.01,500000,501000.01,2,2
2017-11-26,10000043,45972,11999999.98,11999999.98,11999999.98,1,1
2017-11-26,10000043,45974,1200000,900000,1500000,2,2
2017-11-26,10000043,45984,1250,1250,1250,1,1
2017-11-26,10000043,45985,149667.17,51001.52,198999.99,3,3
2017-11-26,10000043,45986,12500,12500,12500,1,1
2017-11-26,10000043,45987,95000,95000,95000,1,1
2017-11-26,10000043,45991,14010043.64,14010043.64,14010043.64,1,1
2017-11-26,10000043,45996,356142.86,202000.02,368000,14,2
2017-11-26,10000043,45998,2198346.25,2000017,2378822,80,19
2017-11-26,10000043,45999,9603492.59,8000014.04,9998999,94,46
2017-11-26,10000043,46000,31297620.18,29999999.97,34999999.99,21,12
2017-11-26,10000043,46001,337279.17,210703.77,540000,39,15
2017-11-26,10000043,46002,2908863.6,1600305.03,3600000,42,25
2017-11-26,10000043,46003,14180065.88,12000201.01,14999999.98,37,18
2017-11-26,10000043,46004,454091.02,390001.01,689996,22,11
2017-11-26,10000043,46005,4418888.91,3001001.03,4499000.06,36,19
2017-11-26,10000043,46006,13419583.36,11417000.15,14899999.94,12,10
2017-11-26,10000043,46008,5980000,4100000.04,6089998,857,368
2017-11-26,10000043,46024,281999999.95,281999999.95,281999999.95,1,1
2017-11-26,10000043,46039,24499998.97,24499998.97,24499998.97,1,1
2017-11-26,10000043,46050,1500018.23,1500018.22,1500018.28,11,2
2017-11-26,10000043,46120,267000000,267000000,267000000,1,1
2017-11-26,10000043,46146,29999999.99,29999999.99,29999999.99,2,2
2017-11-26,10000043,46152,10038040.83,10000000,10798861,63,17
2017-11-26,10000043,46153,15468821.28,15000000,18984978.29,34,19
2017-11-26,10000043,46154,21254596.99,20000000,26989897.97,39,21
2017-11-26,10000043,46155,26052574.3,25000000,29999723.9,38,20
2017-11-26,10000043,46156,30604815.45,30000000,34989724.96,33,18
2017-11-26,10000043,46157,15000000,15000000,15000000,10,10
2017-11-26,10000043,46158,15000000,15000000,15000000,11,11
2017-11-26,10000043,46159,15000000,15000000,15000000,10,10
2017-11-26,10000043,46160,15000000,15000000,15000000,10,9
2017-11-26,10000043,46161,15000000,15000000,15000000,8,8
2017-11-26,10000043,46162,15000000,15000000,15000000,13,10
2017-11-26,10000043,46163,15000000,15000000,15000000,8,8
2017-11-26,10000043,46164,14583333.33,10000000,15000000,12,9
2017-11-26,10000043,46165,14750000,14000000,15000000,8,8
2017-11-26,10000043,46166,10799999.99,10000000,11999999.98,5,2
2017-11-26,10000043,46167,11000000,10000000,12000000,2,2
2017-11-26,10000043,46168,10000000,10000000,10000000,9,3
2017-11-26,10000043,46169,10000000,10000000,10000000,5,3
2017-11-26,10000043,46170,10000000,10000000,10000000,3,2
2017-11-26,10000043,46171,10000000,10000000,10000000,2,1
2017-11-26,10000043,46172,12000000,12000000,12000000,2,1
2017-11-26,10000043,46173,10000000,10000000,10000000,2,1
2017-11-26,10000043,46174,10666666.67,10000000,11000000,6,4
2017-11-26,10000043,46175,10000000,10000000,10000000,2,1
2017-11-26,10000043,46176,10000000,10000000,10000000,4,2
2017-11-26,10000043,46177,10000000,10000000,10000000,4,2
2017-11-26,10000043,46178,7000000,7000000,7000000,3,2
2017-11-26,10000043,46179,9250000,7000000,10000000,12,5
2017-11-26,10000043,46180,9666666.67,9000000,10000000,3,2
2017-11-26,10000043,46181,10000000,10000000,10000000,5,3
2017-11-26,10000043,46182,7000000,7000000,7000000,3,2
2017-11-26,10000043,46183,10000000,10000000,10000000,8,4
2017-11-26,10000043,46184,11000000,11000000,11000000,2,1
2017-11-26,10000043,46185,8000000,7000000,10000000,3,2
2017-11-26,10000043,46186,10000000,10000000,10000000,2,1
2017-11-26,10000043,46187,10000000,10000000,10000000,4,2
2017-11-26,10000043,46188,10000000,10000000,10000000,3,2
2017-11-26,10000043,46189,9000000,7000000,10000000,3,2
2017-11-26,10000043,46190,9000000,7000000,10000000,3,2
2017-11-26,10000043,46191,10000000,10000000,10000000,8,2
2017-11-26,10000043,46192,9000000,7000000,10000000,3,2
2017-11-26,10000043,46193,9666666.67,7000000,10000000,9,3
2017-11-26,10000043,46194,10000000,10000000,10000000,2,1
2017-11-26,10000043,46195,10000000,10000000,10000000,2,1
2017-11-26,10000043,46196,7000000,7000000,7000000,2,1
2017-11-26,10000043,46197,7000000,7000000,7000000,2,1
2017-11-26,10000043,46198,10000000,10000000,10000000,2,1
2017-11-26,10000043,46199,7000000,7000000,7000000,2,1
2017-11-26,10000043,46200,8500000,7000000,10000000,4,3
2017-11-26,10000043,46201,10000000,10000000,10000000,2,1
2017-11-26,10000043,46202,10000000,10000000,10000000,2,1
2017-11-26,10000043,46203,10000000,10000000,10000000,2,1
2017-11-26,10000043,46204,20000000,20000000,20000000,2,1
2017-11-26,10000043,46205,16325920,14488880,20000000,3,2
2017-11-26,10000043,46206,20000000,20000000,20000000,3,2
2017-11-26,10000043,46207,18333333.33,15000000,20000000,3,2
2017-11-26,10000043,46208,21000000,20000000,22000000,4,4
2017-11-26,10000043,46209,20000000,20000000,20000000,6,3
2017-11-26,10000043,46210,20000000,20000000,20000000,6,3
2017-11-26,10000043,46211,19285714.29,15000000,20000000,7,4
2017-11-26,10000043,46212,20000000,20000000,20000000,3,2
2017-11-26,10000043,46213,20000000,20000000,20000000,3,2
2017-11-26,10000043,46214,20000000,20000000,20000000,2,1
2017-11-26,10000043,46215,20000000,20000000,20000000,2,1
2017-11-26,10000043,46216,20000000,20000000,20000000,2,1
2017-11-26,10000043,46217,20000000,20000000,20000000,3,2
2017-11-26,10000043,46218,20000000,20000000,20000000,2,1
2017-11-26,10000043,46293,40000,40000,40000,100,1
2017-11-26,10000043,46299,145000,145000,145000,29,1
2017-11-26,10000043,46311,20000,20000,20000,1,1
2017-11-26,10000043,46313,79999,79999,79999,100,1
2017-11-26,10000043,46350,10000000,10000000,10000000,8,4
2017-11-26,10000043,46352,10000000,10000000,10000000,9,5
2017-11-26,10000043,46355,349000,349000,349000,106,5
2017-11-26,10000043,46356,1837999.98,1837999.97,1837999.99,47,4
2017-11-26,10000043,46357,10000000,10000000,10000000,8,4
2017-11-26,10000043,46359,10000000,10000000,10000000,9,5
2017-11-26,10000043,46361,10000000,10000000,10000000,9,5
2017-11-26,10000043,46365,237000,237000,237000,110,7
2017-11-26,10000043,46366,1840410,1840000.04,1855988.99,78,6
2017-11-26,10000043,46367,347999.99,347999.99,347999.99,110,7
2017-11-26,10000043,46368,1966042.3,1832000,2041999.57,47,4
2017-11-26,10000043,46369,343998.23,343998.23,343998.23,108,6
2017-11-26,10000043,46370,3482941.57,3482900,3482991.95,73,7
2017-11-26,10000043,46371,313999.73,313999.73,313999.73,104,4
2017-11-26,10000043,46372,2299889.99,2299889.99,2299889.99,49,5
2017-11-26,10000043,46508,100000000,100000000,100000000,1,1
2017-11-26,10000043,46582,2800000000.71,2800000000.71,2800000000.71,1,1
2017-11-26,10000043,46584,452999999.99,452999999.99,452999999.99,1,1
2017-11-26,10000043,46633,789992661.33,789988992,790000000,3,3
2017-11-26,10000043,46645,100000000,100000000,100000000,1,1
2017-11-26,10000043,46693,390000,390000,390000,21,1
2017-11-26,10000043,46695,69999.99,69999.99,69999.99,1,1
2017-11-26,10000043,46697,20555.55,20555.55,20555.55,50,1
2017-11-26,10000043,46698,25555.55,25555.55,25555.55,5,1
2017-11-26,10000043,46704,233333.33,233333.33,233333.33,78,1
2017-11-26,10000043,46707,4126282.77,1252565.54,7000000,2,2
2017-11-26,10000043,46708,6618223.11,5516002.14,7499999.92,9,8
2017-11-26,10000043,46712,5362428.65,5149499.48,5788287,3,3
2017-11-26,10000043,46713,15700000.05,9200000.16,18949999.99,3,3
2017-11-26,10000043,46717,11539690.51,6214011.32,12871110.08,5,5
2017-11-26,10000043,46718,20699999.95,20000000,20999999.9,10,7
2017-11-26,10000043,46722,1910000,1910000,1910000,1,1
2017-11-26,10000043,46723,5200009,5200009,5200009,1,1
2017-11-26,10000043,47029,98624983.21,80000000,104999999.98,24,22
2017-11-26,10000044,18,59.08,59.08,59.08,169942,2
2017-11-26,10000044,20,125.01,125.01,125.01,226,1
2017-11-26,10000044,34,5,5,5.05,12251405,29
2017-11-26,10000044,35,6.48,6.48,6.48,2431275,17
2017-11-26,10000044,36,73.08,73.08,73.08,816300,13
2017-11-26,10000044,37,40,40,40,244365,13
2017-11-26,10000044,38,427.38,427.38,427.38,51717,11
2017-11-26,10000044,39,1320.08,1320.08,1320.08,21875,4
2017-11-26,10000044,40,1749.73,1749.73,1749.73,6777,10
2017-11-26,10000044,43,307,307,307,84772,4
2017-11-26,10000044,192,74.96,74.96,74.96,6000,1
2017-11-26,10000044,200,250,250,250,2500,1
2017-11-26,10000044,210,18,18,18,18500,4
2017-11-26,10000044,211,19,19,19,9000,3
2017-11-26,10000044,212,20.99,20.99,20.99,1000,2
2017-11-26,10000044,215,3.49,3.49,3.49,10000,1
2017-11-26,10000044,216,4.45,4.45,4.45,400,7
2017-11-26,10000044,217,3.74,3.74,3.74,28959,1
2017-11-26,10000044,222,16.5,16.5,16.5,15700,5
2017-11-26,10000044,223,16.99,16.99,16.99,5400,1
2017-11-26,10000044,225,45,45,45,500,1
2017-11-26,10000044,229,0.02,0.02,0.02,98,1
2017-11-26,10000044,230,49.5,49.5,49.5,16000,3
2017-11-26,10000044,231,25,25,25,4000,1
2017-11-26,10000044,233,4,4,4,100,1
2017-11-26,10000044,234,59.95,59.95,59.95,5000,1
2017-11-26,10000044,238,289.99,289.99,289.99,6000,1
2017-11-26,10000044,246,4500,4500,4500,30,2
2017-11-26,10000044,250,22000,22000,22000,20,1
2017-11-26,10000044,254,15000,15000,15000,3,1
2017-11-26,10000044,267,340,340,340,1000,1
2017-11-26,10000044,399,19999,19999,19999,3,3
2017-11-26,10000044,400,338998,338998,338998,2,2
2017-11-26,10000044,434,94992,94992,94992,3,3
2017-11-26,10000044,438,3000000,3000000,3000000,2,2
2017-11-26,10000044,439,30099.87,29999.83,30400,4,4
2017-11-26,10000044,440,4999999.99,4999999.99,4999999.99,1,1
2017-11-26,10000044,448,1937494,1849992,2200000,4,4
2017-11-26,10000044,452,254999.99,254999.99,254999.99,10,1
2017-11-26,10000044,482,1601923.22,17340,1799995.78,18,11
2017-11-26,10000044,483,19999,19999,19999,2,1
2017-11-26,10000044,499,28899,28899,28899,10,1
2017-11-26,10000044,519,1666666.33,1500000,1999999,3,2
2017-11-26,10000044,523,20987,20987,20987,3,2
2017-11-26,10000044,524,32999.99,32999.99,32999.99,3,1
2017-11-26,10000044,526,39356,39356,39356,1,1
2017-11-26,10000044,527,1139998.99,1139998.99,1139998.99,1,1
2017-11-26,10000044,561,11962,11962,11962,12,2
2017-11-26,10000044,578,154989.99,154989.99,154990,5,3
2017-11-26,10000044,583,215749.75,1999,287000,4,4
2017-11-26,10000044,593,399999,399999,399999,1,1
2017-11-26,10000044,594,248000,248000,248000,1,1
2017-11-26,10000044,601,167.98,167.98,167.98,1,1
2017-11-26,10000044,605,222002,105003,456000,6,6
2017-11-26,10000044,607,446716.5,444443,448990,2,2
2017-11-26,10000044,608,300000,300000,300000,1,1
2017-11-26,10000044,609,298166.77,298166.77,298166.77,1,1
2017-11-26,10000044,621,8666666,7999999,10000000,3,3
2017-11-26,10000044,625,7999999.98,7999999.98,7999999.98,1,1
2017-11-26,10000044,626,6499499.5,5999999,6999000,2,2
2017-11-26,10000044,627,7498000,7498000,7498000,1,1
2017-11-26,10000044,632,6699000,6699000,6699000,2,1
2017-11-26,10000044,634,8199999.98,8199999.98,8199999.98,1,1
2017-11-26,10000044,641,101000000,101000000,101000000,1,1
2017-11-26,10000044,648,1400000,1400000,1400000,1,1
2017-11-26,10000044,650,1600000,1600000,1600000,2,2
2017-11-26,10000044,652,1279000,1279000,1279000,1,1
2017-11-26,10000044,654,1249000,1249000,1249000,1,1
2017-11-26,10000044,655,1473200,1370000,1499000,5,3
2017-11-26,10000044,656,999000,999000,999000,2,2
2017-11-26,10000044,657,1599000,1599000,1599000,2,2
2017-11-26,10000044,672,90000,90000,90000,1,1
2017-11-26,10000044,689,2100000,2100000,2100000,3,2
2017-11-26,10000044,884,70000,70000,70000,1,1
2017-11-26,10000044,945,2800000,2800000,2800000,2,1
2017-11-26,10000044,946,2500000,2500000,2500000,1,1
2017-11-26,10000044,1099,200000,200000,200000,1,1
2017-11-26,10000044,1115,120000,120000,120000,1,1
2017-11-26,10000044,1116,150000,150000,150000,1,1
2017-11-26,10000044,1134,60000,60000,60000,1,1
2017-11-26,10000044,1136,80000,80000,80000,2,2
2017-11-26,10000044,1137,100000,100000,100000,1,1
2017-11-26,10000044,1139,110000,110000,110000,1,1
2017-11-26,10000044,1183,757009,757009,757009,1,1
2017-11-26,10000044,1195,43781,43781,43781,3,1
2017-11-26,10000044,1225,29.19,29.19,29.19,1250,2
2017-11-26,10000044,1226,400,400,400,6924,1
2017-11-26,10000044,1227,60.11,60.11,60.11,80251,3
2017-11-26,10000044,1228,16.1,16.1,16.1,32911,1
2017-11-26,10000044,1230,14,14,14,616510,5
2017-11-26,10000044,1231,25.36,25.36,25.36,1962,1
2017-11-26,10000044,1236,999999,999999,999999,5,3
2017-11-26,10000044,1244,35000,35000,35000,2,1
2017-11-26,10000044,1306,499990.73,499990.73,499990.73,2,1
2017-11-26,10000044,1317,6996.17,6996,6997,6,3
2017-11-26,10000044,1319,937208.85,600000,966610.75,17,8
2017-11-26,10000044,1334,125000,125000,125000,1,1
2017-11-26,10000044,1353,22500,22500,22500,1,1
2017-11-26,10000044,1355,1274994.48,1274994.48,1274994.48,1,1
2017-11-26,10000044,1403,21250,15000,25000,16,4
2017-11-26,10000044,1405,899989.49,899989.2,899989.53,16,8
2017-11-26,10000044,1541,328000.24,328000.24,328000.24,1,1
2017-11-26,10000044,1810,99,99,99,40000,4
2017-11-26,10000044,1811,150000,150000,150000,1,1
2017-11-26,10000044,1820,35,35,35,2000,1
2017-11-26,10000044,1821,900000,900000,900000,1,1
2017-11-26,10000044,1825,800000,800000,800000,1,1
2017-11-26,10000044,1952,1899987.69,1899987.69,1899987.69,2,1
2017-11-26,10000044,1999,1499991.74,1499991.74,1499991.74,1,1
2017-11-26,10000044,2024,1399999.67,1399999,1400000,3,3
2017-11-26,10000044,2032,412388,250021,750000,8,5
2017-11-26,10000044,2038,1499995,1499995,1499995,1,1
2017-11-26,10000044,2046,7711.07,224.31,8145,18,9
2017-11-26,10000044,2048,888199.51,850000,899999,25,14
2017-11-26,10000044,2173,11999,11999,11999,5,1
2017-11-26,10000044,2183,16500,14000,24000,4,2
2017-11-26,10000044,2185,1035917.2,1035917.2,1035917.2,7,2
2017-11-26,10000044,2203,2500,2500,2500,15,1
2017-11-26,10000044,2254,81000,81000,81000,2,2
2017-11-26,10000044,2281,4100000,4100000,4100000,4,3
2017-11-26,10000044,2299,2649980,2649980,2649980,1,1
2017-11-26,10000044,2301,2499999.5,2499999,2500000,2,2
2017-11-26,10000044,2303,2394998.99,2394998.99,2394998.99,1,1
2017-11-26,10000044,2333,946000.04,10000.3,1179999.98,5,5
2017-11-26,10000044,2364,1999999.78,1999999.78,1999999.78,3,1
2017-11-26,10000044,2404,1188999,1188999,1188999,4,1
2017-11-26,10000044,2444,45997,45997,45997,10,1
2017-11-26,10000044,2446,1949999,1949999,1949999,7,2
2017-11-26,10000044,2454,2541.46,105.22,3300,25,7
2017-11-26,10000044,2456,462903.23,450000,475000,62,10
2017-11-26,10000044,2464,3920.83,2800,4500,48,5
2017-11-26,10000044,2466,500000,500000,500000,18,4
2017-11-26,10000044,2476,1000,1000,1000,1,1
2017-11-26,10000044,2486,4227,4227,4227,4,1
2017-11-26,10000044,2488,500000,500000,500000,14,3
2017-11-26,10000044,2524,81000,81000,81000,18,6
2017-11-26,10000044,2533,81000,81000,81000,2,2
2017-11-26,10000044,2534,81000,81000,81000,5,3
2017-11-26,10000044,2539,1299968.7,1299968.7,1299968.7,1,1
2017-11-26,10000044,2549,81000,81000,81000,5,3
2017-11-26,10000044,2550,81000,81000,81000,7,2
2017-11-26,10000044,2551,81000,81000,81000,1,1
2017-11-26,10000044,2559,2000000,2000000,2000000,1,1
2017-11-26,10000044,2563,1800000,1800000,1800000,1,1
2017-11-26,10000044,2567,3349999.6,3349998,3350000,5,2
2017-11-26,10000044,2571,1999999.97,1999999.97,1999999.97,1,1
2017-11-26,10000044,2575,2000000,2000000,2000000,1,1
2017-11-26,10000044,2603,1401.57,1335.94,1500,5,4
2017-11-26,10000044,2605,776817.01,251000.05,838989,29,10
2017-11-26,10000044,2629,799.97,799.97,799.97,10000,4
2017-11-26,10000044,2817,70,70,70,5000,1
2017-11-26,10000044,2868,2900000,2900000,2900000,5,2
2017-11-26,10000044,2876,3000000,3000000,3000000,1,1
2017-11-26,10000044,2889,748295,748295,748295,7,2
2017-11-26,10000044,2921,1500000,1500000,1500000,6,1
2017-11-26,10000044,3025,2489899.98,2489899.98,2489899.98,20,1
2017-11-26,10000044,3082,2999977.56,2999977.56,2999977.56,4,1
2017-11-26,10000044,3138,1999996.99,1999996.99,1999996.99,2,1
2017-11-26,10000044,3178,1299979,1299979,1299979,2,1
2017-11-26,10000044,3296,789999,789999,789999,2,1
2017-11-26,10000044,3301,20000,20000,20000,2,2
2017-11-26,10000044,3304,100000,100000,100000,1,1
2017-11-26,10000044,3305,125000,100000,150000,2,2
2017-11-26,10000044,3320,10000,10000,10000,1,1
2017-11-26,10000044,3321,20000,20000,20000,1,1
2017-11-26,10000044,3323,30000,30000,30000,1,1
2017-11-26,10000044,3329,60000,60000,60000,1,1
2017-11-26,10000044,3331,40000,40000,40000,1,1
2017-11-26,10000044,3333,650000,650000,650000,1,1
2017-11-26,10000044,3348,20000,20000,20000,1,1
2017-11-26,10000044,3349,75000,75000,75000,1,1
2017-11-26,10000044,3350,100000,100000,100000,2,1
2017-11-26,10000044,3351,400000,400000,400000,2,1
2017-11-26,10000044,3355,20000,20000,20000,1,1
2017-11-26,10000044,3356,60000,60000,60000,1,1
2017-11-26,10000044,3357,180000,180000,180000,1,1
2017-11-26,10000044,3359,200000,200000,200000,1,1
2017-11-26,10000044,3361,200000,200000,200000,1,1
2017-11-26,10000044,3363,20000,20000,20000,2,2
2017-11-26,10000044,3385,50000,50000,50000,1,1
2017-11-26,10000044,3387,150000,150000,150000,1,1
2017-11-26,10000044,3389,348000,348000,348000,1,1
2017-11-26,10000044,3405,25000,25000,25000,2,2
2017-11-26,10000044,3410,539000,539000,539000,1,1
2017-11-26,10000044,3416,45000,35000,55000,2,2
2017-11-26,10000044,3421,180000,180000,180000,2,2
2017-11-26,10000044,3422,80000,80000,80000,2,2
2017-11-26,10000044,3423,120000,120000,120000,2,2
2017-11-26,10000044,3430,500000,500000,500000,1,1
2017-11-26,10000044,3434,106666.67,80000,120000,3,3
2017-11-26,10000044,3436,20000,20000,20000,1,1
2017-11-26,10000044,3440,339996.8,339996.8,339996.8,2,2
2017-11-26,10000044,3441,549991,549991,549991,1,1
2017-11-26,10000044,3446,100000,100000,100000,1,1
2017-11-26,10000044,3452,55000,40000,70000,2,2
2017-11-26,10000044,3488,760000,760000,760000,12,3
2017-11-26,10000044,3504,2600000,2599999.99,2600000,23,5
2017-11-26,10000044,3520,1973998,1973998,1973998,3,1
2017-11-26,10000044,3530,1774279.33,1749000,1824837.98,3,2
2017-11-26,10000044,3540,2999999,2999999,2999999,1,1
2017-11-26,10000044,3568,899999.99,899999.99,899999.99,2,2
2017-11-26,10000044,3643,69,69,69,36040,2
2017-11-26,10000044,3713,10275.87,10000,10617.22,5040,4
2017-11-26,10000044,3715,115,115,115,140048,4
2017-11-26,10000044,3767,2300000,2300000,2300000,1,1
2017-11-26,10000044,3829,40000,40000,40000,1,1
2017-11-26,10000044,3831,1207041.2,221135,1699994.3,6,4
2017-11-26,10000044,3839,119999.99,119999.99,119999.99,4,1
2017-11-26,10000044,3841,1599996.81,1599996.81,1599996.81,1,1
2017-11-26,10000044,3941,500000,500000,500000,2,2
2017-11-26,10000044,4025,42000,10000,50000,5,4
2017-11-26,10000044,4027,123400,10000,199000,5,3
2017-11-26,10000044,4250,2400000,2400000,2400000,10,1
2017-11-26,10000044,4258,1799998,1799998,1799998,1,1
2017-11-26,10000044,4308,67197000,67197000,67197000,1,1
2017-11-26,10000044,4391,150000,150000,150000,1,1
2017-11-26,10000044,4403,300000,300000,300000,1,1
2017-11-26,10000044,4405,1499996.91,1499995.05,1500000,8,5
2017-11-26,10000044,4435,17999.99,17999.99,17999.99,2,1
2017-11-26,10000044,4529,100.01,100.01,100.01,1,1
2017-11-26,10000044,4871,49999.98,49999.98,49999.98,2,2
2017-11-26,10000044,5141,10823.87,101,14398.16,4,2
2017-11-26,10000044,5239,19399.97,19399.97,19399.97,2,1
2017-11-26,10000044,5245,9545.43,5000,9999.97,11,2
2017-11-26,10000044,5302,36999,36999,36999,50,1
2017-11-26,10000044,5399,19000,19000,19000,1,1
2017-11-26,10000044,5403,17899.98,17899.98,17899.98,2,2
2017-11-26,10000044,5405,19999.98,19999.98,19999.98,1,1
2017-11-26,10000044,5439,27000,27000,27000,4,4
2017-11-26,10000044,5443,80000,80000,80000,1,1
2017-11-26,10000044,5493,33750,25000,35000,8,3
2017-11-26,10000044,5533,39999.98,39999.98,39999.98,2,1
2017-11-26,10000044,5599,29999.98,29999.98,29999.98,2,2
2017-11-26,10000044,5839,1799999.99,1799999.99,1799999.99,1,1
2017-11-26,10000044,5971,23722.22,1000,69166.65,3,2
2017-11-26,10000044,5973,420000,420000,420000,2,2
2017-11-26,10000044,5975,17999.99,0.01,26999.98,3,3
2017-11-26,10000044,6001,15600,0.01,28999.99,5,5
2017-11-26,10000044,6003,11999.98,11999.98,11999.98,2,2
2017-11-26,10000044,6005,10999.99,10999.99,10999.99,3,3
2017-11-26,10000044,6131,20000.01,0.01,40000,2,2
2017-11-26,10000044,6135,14999.99,14999.99,14999.99,2,2
2017-11-26,10000044,6160,19999.26,19999.26,19999.26,2,1
2017-11-26,10000044,6173,24999.99,24999.99,24999.99,1,1
2017-11-26,10000044,6176,11000,11000,11000,1,1
2017-11-26,10000044,6569,12501.67,10,15000,6,3
2017-11-26,10000044,7247,2499999.97,2499999.97,2499999.97,2,1
2017-11-26,10000044,7329,300000,300000,300000,2,1
2017-11-26,10000044,7367,1988995.04,1988995.04,1988995.04,2,1
2017-11-26,10000044,7451,544812,544812,544812,1,1
2017-11-26,10000044,7619,3995035.62,3500000,4490071.24,2,2
2017-11-26,10000044,7783,1988891.94,1988891.94,1988891.94,7,1
2017-11-26,10000044,8091,178999.98,178999.98,178999.98,5,1
2017-11-26,10000044,8117,194999.96,194999.96,194999.96,2,1
2017-11-26,10000044,8175,17999.99,17999.99,17999.99,2,1
2017-11-26,10000044,8177,19999.99,19999.99,19999.99,4,1
2017-11-26,10000044,8427,58999.99,58999.99,58999.99,5,2
2017-11-26,10000044,8433,450000,450000,450000,4,2
2017-11-26,10000044,8517,4500000,4500000,4500000,1,1
2017-11-26,10000044,8529,160000,160000,160000,2,2
2017-11-26,10000044,8748,24999.99,24999.99,24999.99,11,2
2017-11-26,10000044,9580,48999.98,48999.98,48999.98,1,1
2017-11-26,10000044,9622,30000,30000,30000,1,1
2017-11-26,10000044,9632,750000,750000,750000,3,3
2017-11-26,10000044,9660,39999.97,39999.97,39999.97,1,1
2017-11-26,10000044,9826,1.01,1.01,1.01,55,4
2017-11-26,10000044,9832,10499.99,10499.99,10499.99,2000,1
2017-11-26,10000044,9840,140.42,140.42,140.42,8,1
2017-11-26,10000044,9842,150.51,150.51,150.51,14,1
2017-11-26,10000044,9850,520,520,520,46820,4
2017-11-26,10000044,9852,58,58,58,24464,2
2017-11-26,10000044,9941,13999985.15,13999985.15,13999985.15,1,1
2017-11-26,10000044,9947,2999999.97,2999999.97,2999999.97,4,2
2017-11-26,10000044,10190,1434462.8,400318,1692999,10,3
2017-11-26,10000044,10212,27499868.25,27499868.25,27499868.25,1,1
2017-11-26,10000044,10216,27999999,27999999,27999999,1,1
2017-11-26,10000044,10221,25999993,25999993,25999993,1,1
2017-11-26,10000044,10225,25888666.67,25888666.67,25888666.67,1,1
2017-11-26,10000044,10246,25184.68,22999,28889.04,30,6
2017-11-26,10000044,10250,989999,989999,989999,5,1
2017-11-26,10000044,10630,30000,30000,30000,1,1
2017-11-26,10000044,10631,498000,498000,498000,4,2
2017-11-26,10000044,10836,83999,83999,83999,1,1
2017-11-26,10000044,10850,1599963.45,1599963.45,1599963.45,2,2
2017-11-26,10000044,10872,50000,50000,50000,1,1
2017-11-26,10000044,10998,34179.69,32999,35406.6,29,13
2017-11-26,10000044,11129,57416.5,11500,249999,6,6
2017-11-26,10000044,11130,50000,50000,50000,1,1
2017-11-26,10000044,11134,18000,18000,18000,2,2
2017-11-26,10000044,11172,40000000,40000000,40000000,1,1
2017-11-26,10000044,11176,41999991.31,41999991.31,41999991.31,1,1
2017-11-26,10000044,11207,639997,639997,639997,1,1
2017-11-26,10000044,11229,1299948.55,1299948.55,1299948.55,1,1
2017-11-26,10000044,11249,1400000,1400000,1400000,1,1
2017-11-26,10000044,11267,350000,350000,350000,1,1
2017-11-26,10000044,11269,934994.68,875000,964992.03,6,4
2017-11-26,10000044,11283,1583.56,1583.56,1583.56,42,1
2017-11-26,10000044,11287,2891.94,2891.94,2891.94,20,1
2017-11-26,10000044,11289,110.3,110.3,110.3,122,2
2017-11-26,10000044,11295,349000,349000,349000,10,1
2017-11-26,10000044,11317,440000,440000,440000,1,1
2017-11-26,10000044,11319,399999.93,399999.93,399999.93,1,1
2017-11-26,10000044,11325,643999.93,643999.93,643999.93,2,2
2017-11-26,10000044,11343,5250.01,500.01,10000,2,2
2017-11-26,10000044,11370,1644937.87,25000.21,1999896.38,5,5
2017-11-26,10000044,11444,10000000,10000000,10000000,1,1
2017-11-26,10000044,11454,10000000,10000000,10000000,1,1
2017-11-26,10000044,11535,326.21,326.21,326.21,6,1
2017-11-26,10000044,11541,4750.05,4750.05,4750.05,5,1
2017-11-26,10000044,11561,649999.87,649999.87,649999.87,2,2
2017-11-26,10000044,11563,236497.5,204990,247000,4,3
2017-11-26,10000044,11566,120000,120000,120000,2,2
2017-11-26,10000044,11572,400000,400000,400000,1,1
2017-11-26,10000044,11577,2714287.5,2000002.5,4142857.49,3,3
2017-11-26,10000044,11578,8399999.2,8399999,8399999.99,5,5
2017-11-26,10000044,11584,75000,75000,75000,2,2
2017-11-26,10000044,11640,1399933.48,1399933.48,1399933.48,3,2
2017-11-26,10000044,11646,2299994,2299994,2299994,1,1
2017-11-26,10000044,11857,586240,586240,586240,1,1
2017-11-26,10000044,11859,282640,282640,282640,1,1
2017-11-26,10000044,11870,282640,282640,282640,1,1
2017-11-26,10000044,11873,364560,364560,364560,1,1
2017-11-26,10000044,11879,586240,586240,586240,1,1
2017-11-26,10000044,11887,282640,282640,282640,1,1
2017-11-26,10000044,11889,282640,282640,282640,1,1
2017-11-26,10000044,11891,282640,282640,282640,1,1
2017-11-26,10000044,12058,3549999.25,3499999,3699999.99,4,4
2017-11-26,10000044,12092,1300000,1300000,1300000,1,1
2017-11-26,10000044,12095,4398000,4398000,4398000,1,1
2017-11-26,10000044,12196,300000,300000,300000,3,1
2017-11-26,10000044,12200,14999999,14999999,14999999,13,1
2017-11-26,10000044,12202,7500000,7500000,7500000,1,1
2017-11-26,10000044,12208,4499996.9,4499996.9,4499996.9,1,1
2017-11-26,10000044,12267,3599000,3599000,3599000,1,1
2017-11-26,10000044,12274,90000,90000,90000,4,2
2017-11-26,10000044,12365,120000,120000,120000,2,2
2017-11-26,10000044,12366,120000,120000,120000,1,1
2017-11-26,10000044,12367,120000,120000,120000,2,2
2017-11-26,10000044,12486,9227727.5,8899900,9555555,2,2
2017-11-26,10000044,12612,64.43,64.43,64.43,60000,1
2017-11-26,10000044,12735,214999999,214999999,214999999,1,1
2017-11-26,10000044,12785,115,115,115,5082,1
2017-11-26,10000044,12818,298990.55,298990.55,298990.55,12,2
2017-11-26,10000044,12820,449999.83,449999.83,449999.83,3,1
2017-11-26,10000044,13003,2499999,2499999,2499999,1,1
2017-11-26,10000044,13856,350,350,350,3000,1
2017-11-26,10000044,15331,700,700,700,116,10
2017-11-26,10000044,15510,57644.75,40289.5,75000,20,4
2017-11-26,10000044,16272,23,23,23,83854,1
2017-11-26,10000044,16273,46.1,46.1,46.1,43507,4
2017-11-26,10000044,16275,3355,3355,3355,2125,1
2017-11-26,10000044,16303,1,1,1,2,1
2017-11-26,10000044,16367,231237.5,231237.5,231237.5,1,1
2017-11-26,10000044,16375,202500,202500,202500,1,1
2017-11-26,10000044,16383,171450,171450,171450,1,1
2017-11-26,10000044,16391,420000,420000,420000,3,3
2017-11-26,10000044,16447,69999.98,69999.98,69999.98,3,1
2017-11-26,10000044,16469,199000,199000,199000,1,1
2017-11-26,10000044,16495,93999.99,93999.99,93999.99,2,1
2017-11-26,10000044,16525,29999.98,29999.98,29999.98,1,1
2017-11-26,10000044,16591,34000000,34000000,34000000,1,1
2017-11-26,10000044,16598,3500000,3500000,3500000,1,1
2017-11-26,10000044,16673,227,227,227,10000,1
2017-11-26,10000044,16678,440,440,440,10000,1
2017-11-26,10000044,16680,2578,2578,2578,10000,1
2017-11-26,10000044,16681,4730,4730,4730,1500,2
2017-11-26,10000044,16682,12425,12425,12425,7000,3
2017-11-26,10000044,17317,85000,85000,85000,100,1
2017-11-26,10000044,17366,30000,30000,30000,11,2
2017-11-26,10000044,17437,51.05,51.05,51.05,25,1
2017-11-26,10000044,17449,420,420,420,33524,4
2017-11-26,10000044,17455,61.88,61.88,61.88,275342,8
2017-11-26,10000044,17456,65.08,65.08,65.08,476183,17
2017-11-26,10000044,17463,19.04,19.04,19.04,42410,1
2017-11-26,10000044,17464,20.03,20.03,20.03,47297,3
2017-11-26,10000044,17470,14.2,14.2,14.2,303513,3
2017-11-26,10000044,17471,12.19,12.19,12.19,103322,1
2017-11-26,10000044,17476,24999999,24999999,24999999,1,1
2017-11-26,10000044,17478,24985000,24985000,24985000,1,1
2017-11-26,10000044,17866,50.33,50.33,50.33,32,1
2017-11-26,10000044,17867,60.01,60.01,60.01,24121,1
2017-11-26,10000044,17868,62.03,62.03,62.03,22965,2
2017-11-26,10000044,17889,999.01,999.01,999.01,1000,1
2017-11-26,10000044,17912,4299282.46,4294977.2,4300000,14,2
2017-11-26,10000044,17938,43786.82,39993.99,66545.78,7,7
2017-11-26,10000044,18060,149999,149999,149999,2,1
2017-11-26,10000044,18062,39999,39999,39999,2,1
2017-11-26,10000044,18066,30000,30000,30000,2,1
2017-11-26,10000044,18068,2199999,2199999,2199999,2,1
2017-11-26,10000044,18612,274999.98,274999.98,274999.98,6,1
2017-11-26,10000044,18618,214998,214998,214998,6,1
2017-11-26,10000044,18639,34999.95,34999.95,34999.95,1,1
2017-11-26,10000044,19404,110000.11,110000.11,110000.11,3,1
2017-11-26,10000044,19407,800000.39,800000.39,800000.39,3,1
2017-11-26,10000044,19408,1450000.68,1450000.68,1450000.68,2,1
2017-11-26,10000044,19719,30000000,30000000,30000000,1,1
2017-11-26,10000044,19744,999999.01,999999.01,999999.01,1,1
2017-11-26,10000044,19759,200000,200000,200000,1,1
2017-11-26,10000044,19767,400000,400000,400000,1,1
2017-11-26,10000044,19810,19999.99,19999.99,19999.99,5,1
2017-11-26,10000044,19812,19499.98,19499.98,19499.98,1,1
2017-11-26,10000044,19814,43249.75,43249.75,43249.75,1,1
2017-11-26,10000044,19921,90000,90000,90000,1,1
2017-11-26,10000044,19944,101.01,101.01,101.01,1,1
2017-11-26,10000044,20212,7899900,7899900,7899900,1,1
2017-11-26,10000044,20351,1549997,1549997,1549997,2,2
2017-11-26,10000044,20353,3616666,3450000,3699999,3,2
2017-11-26,10000044,20494,160000,160000,160000,1,1
2017-11-26,10000044,20769,2998.85,2998.85,2998.85,1500,1
2017-11-26,10000044,20771,4895.5,4895.5,4895.5,1500,1
2017-11-26,10000044,21059,120000,120000,120000,1,1
2017-11-26,10000044,21096,2479091.04,2374982.07,2583200,4,4
2017-11-26,10000044,21603,11899000,11899000,11899000,1,1
2017-11-26,10000044,21638,1199991.71,1199991.71,1199991.71,2,1
2017-11-26,10000044,21857,120,119.99,120,2,2
2017-11-26,10000044,21904,999.99,999.99,999.99,1500,1
2017-11-26,10000044,21922,720,720,720,5000,1
2017-11-26,10000044,21924,649.86,649.86,649.86,2840,1
2017-11-26,10000044,21948,200000000,200000000,200000000,1,1
2017-11-26,10000044,21950,200000000,200000000,200000000,1,1
2017-11-26,10000044,21952,200000000,200000000,200000000,1,1
2017-11-26,10000044,21954,200000000,200000000,200000000,1,1
2017-11-26,10000044,21956,200000000,200000000,200000000,1,1
2017-11-26,10000044,21958,200000000,200000000,200000000,1,1
2017-11-26,10000044,21960,200000000,200000000,200000000,1,1
2017-11-26,10000044,21962,200000000,200000000,200000000,1,1
2017-11-26,10000044,21964,200000000,200000000,200000000,1,1
2017-11-26,10000044,21966,200000000,200000000,200000000,1,1
2017-11-26,10000044,21968,200000000,200000000,200000000,1,1
2017-11-26,10000044,21970,200000000,200000000,200000000,1,1
2017-11-26,10000044,22175,56448.26,100.03,112796.49,4,4
2017-11-26,10000044,22177,55050.01,100.03,109999.99,4,4
2017-11-26,10000044,22456,120000000,120000000,120000000,1,1
2017-11-26,10000044,22542,35564.47,35555.88,35565.9,7,2
2017-11-26,10000044,22576,40000,40000,40000,1,1
2017-11-26,10000044,22578,80000,80000,80000,3,3
2017-11-26,10000044,22778,279399.96,279399.96,279399.96,18,1
2017-11-26,10000044,22782,1649999.99,1649999.99,1649999.99,1,1
2017-11-26,10000044,22806,120000,120000,120000,2,2
2017-11-26,10000044,22807,120000,120000,120000,2,2
2017-11-26,10000044,22808,120000,120000,120000,2,2
2017-11-26,10000044,22809,120000,120000,120000,2,2
2017-11-26,10000044,23009,599,599,599,4000,1
2017-11-26,10000044,23089,590000,590000,590000,3,1
2017-11-26,10000044,23527,974959.81,974959.81,974959.81,2,2
2017-11-26,10000044,23566,400000,400000,400000,1,1
2017-11-26,10000044,23709,39929.15,39929.15,39929.15,5,1
2017-11-26,10000044,23711,9000,9000,9000,1,1
2017-11-26,10000044,23719,14000,14000,14000,1,1
2017-11-26,10000044,24241,50000,50000,50000,1,1
2017-11-26,10000044,24242,1096665.63,1000000,1289996.9,3,3
2017-11-26,10000044,24311,500000000,500000000,500000000,1,1
2017-11-26,10000044,24348,1349999.45,1299999.9,1399999,2,2
2017-11-26,10000044,24349,90000,90000,90000,1,1
2017-11-26,10000044,24499,150,150,150,2500,1
2017-11-26,10000044,24509,576.99,576.99,576.99,5000,1
2017-11-26,10000044,24513,550,550,550,1000,1
2017-11-26,10000044,25266,2400000,2400000,2400000,4,2
2017-11-26,10000044,25544,34900000,34900000,34900000,1,1
2017-11-26,10000044,25588,11403,11403,11403,1,1
2017-11-26,10000044,25589,2690,2690,2690,12,2
2017-11-26,10000044,25590,81000.19,81000.1,81000.28,6,3
2017-11-26,10000044,25591,160007.02,160007.02,160007.02,22,10
2017-11-26,10000044,25593,6555.41,6555.41,6555.41,2,2
2017-11-26,10000044,25594,33002.34,33002.34,33002.34,1,1
2017-11-26,10000044,25595,15000.02,15000.02,15000.02,1,1
2017-11-26,10000044,25596,30000,30000,30000,78,6
2017-11-26,10000044,25597,3584.47,3584.47,3584.47,18,6
2017-11-26,10000044,25598,11290.5,11290.5,11290.5,37,5
2017-11-26,10000044,25599,952.23,952.23,952.23,70,6
2017-11-26,10000044,25600,25667.82,25667,25668,67,4
2017-11-26,10000044,25601,4009.82,4009.82,4009.82,39,4
2017-11-26,10000044,25602,13379.54,13379.54,13379.54,10,1
2017-11-26,10000044,25604,10000,10000,10000,5,4
2017-11-26,10000044,25605,17190.83,17190.83,17190.83,4,1
2017-11-26,10000044,25612,680000,680000,680000,10,1
2017-11-26,10000044,25618,31000.01,31000.01,31000.01,1,1
2017-11-26,10000044,25810,574250,500000,599000,4,4
2017-11-26,10000044,25861,75999.87,57999.92,399999,19,9
2017-11-26,10000044,25902,20000000,20000000,20000000,5,1
2017-11-26,10000044,26026,11989999.93,11989999.93,11989999.93,1,1
2017-11-26,10000044,26088,9785995.92,9785995.92,9785995.92,2,1
2017-11-26,10000044,26224,45000000,45000000,45000000,1,1
2017-11-26,10000044,26252,60000,60000,60000,1,1
2017-11-26,10000044,26253,100000,100000,100000,1,1
2017-11-26,10000044,26254,20000,20000,20000,2,2
2017-11-26,10000044,26255,100000,100000,100000,1,1
2017-11-26,10000044,26256,100000,100000,100000,2,2
2017-11-26,10000044,26257,100000,100000,100000,2,2
2017-11-26,10000044,26258,100000,100000,100000,1,1
2017-11-26,10000044,26259,100000,100000,100000,1,1
2017-11-26,10000044,26260,100000,100000,100000,2,2
2017-11-26,10000044,26261,100000,100000,100000,2,2
2017-11-26,10000044,26913,2498861.65,2498861.65,2498861.65,3,1
2017-11-26,10000044,26929,95000,95000,95000,5,3
2017-11-26,10000044,27143,1000000,1000000,1000000,1,1
2017-11-26,10000044,27359,3000,3000,3000,1200,2
2017-11-26,10000044,27361,1100,1100,1100,3200,2
2017-11-26,10000044,27371,1150,1150,1150,1200,1
2017-11-26,10000044,27387,1675.01,1675.01,1675.01,1200,1
2017-11-26,10000044,27441,1689.98,1689.98,1689.98,2500,1
2017-11-26,10000044,27902,100000,100000,100000,1,1
2017-11-26,10000044,27912,1000000,1000000,1000000,5,1
2017-11-26,10000044,27914,2399976.1,2399976.1,2399976.1,1,1
2017-11-26,10000044,27924,1600000,1600000,1600000,4,1
2017-11-26,10000044,28164,4500000,4500000,4500000,1,1
2017-11-26,10000044,28361,4446.1,4446.1,4446.1,17,1
2017-11-26,10000044,28362,150000.04,150000.04,150000.04,201,2
2017-11-26,10000044,28363,150000,150000,150000,1,1
2017-11-26,10000044,28364,25000,25000,25000,13,1
2017-11-26,10000044,28421,6188.08,6188.08,6188.08,4078,11
2017-11-26,10000044,28423,6508.08,6508.08,6508.08,4267,12
2017-11-26,10000044,28428,2000.02,2000.02,2000.02,213,1
2017-11-26,10000044,28429,2155.17,2155.17,2155.17,1,1
2017-11-26,10000044,28576,929993.6,929988.91,930003.55,6,3
2017-11-26,10000044,28668,25998,25998,25998,754,9
2017-11-26,10000044,28696,3000,3000,3000,5654,2
2017-11-26,10000044,28758,37999972.69,37999972.69,37999972.69,2,2
2017-11-26,10000044,28879,1086999,1086999,1086999,1,1
2017-11-26,10000044,28880,5224000,5000000,5448000,2,2
2017-11-26,10000044,29001,19999.99,19999.99,19999.99,4,4
2017-11-26,10000044,29007,20000,20000,20000,1,1
2017-11-26,10000044,29009,21999.93,21999.93,21999.93,4,2
2017-11-26,10000044,29011,19999.96,19999.96,19999.96,6,3
2017-11-26,10000044,29013,19999.99,19999.99,19999.99,3,1
2017-11-26,10000044,29015,11900,11900,11900,3,1
2017-11-26,10000044,29337,68000000,68000000,68000000,1,1
2017-11-26,10000044,30013,9999,9999,9999,168,10
2017-11-26,10000044,30028,84066.6,84000,84999,30,4
2017-11-26,10000044,30371,4.1,4.1,4.1,668,1
2017-11-26,10000044,30373,1,1,1,2712,1
2017-11-26,10000044,30488,456875,440000,507500,64,8
2017-11-26,10000044,30744,150000,150000,150000,33,1
2017-11-26,10000044,30746,1200000,1200000,1200000,5,1
2017-11-26,10000044,30832,1539993.33,1539980,1540000,6,5
2017-11-26,10000044,30834,1992712.43,1992711.15,1992715,3,3
2017-11-26,10000044,30836,1999969,1999968.99,1999969,3,2
2017-11-26,10000044,30999,1198999.95,1198999.95,1198999.95,1,1
2017-11-26,10000044,31011,2600000,2600000,2600000,1,1
2017-11-26,10000044,31023,1998000,1998000,1998000,1,1
2017-11-26,10000044,31035,2192333.33,2189000,2199000,3,3
2017-11-26,10000044,31045,478000,478000,478000,2,1
2017-11-26,10000044,31047,3100000,3100000,3100000,3,2
2017-11-26,10000044,31053,42000000,42000000,42000000,3,1
2017-11-26,10000044,31055,2999999.93,2999999.93,2999999.93,14,8
2017-11-26,10000044,31059,25999999.99,25999999.99,25999999.99,1,1
2017-11-26,10000044,31063,499999.99,499999.99,499999.99,1,1
2017-11-26,10000044,31089,15000000,15000000,15000000,4,2
2017-11-26,10000044,31091,39750000,39000000,40000000,4,2
2017-11-26,10000044,31105,298999.99,298999.99,299000,3,3
2017-11-26,10000044,31119,1999998.15,1999998.15,1999998.15,4,2
2017-11-26,10000044,31125,12749999,12749999,12749999,2,1
2017-11-26,10000044,31129,799000,799000,799000,4,1
2017-11-26,10000044,31155,1499995.08,1499995.08,1499995.08,5,4
2017-11-26,10000044,31159,389000,389000,389000,1,1
2017-11-26,10000044,31177,318999.99,318999.99,318999.99,1,1
2017-11-26,10000044,31179,2199999.67,1999999,2300000,3,3
2017-11-26,10000044,31189,2000000.01,2000000.01,2000000.01,1,1
2017-11-26,10000044,31201,105000,100000,115000,3,3
2017-11-26,10000044,31213,89999.99,89999.99,89999.99,11,5
2017-11-26,10000044,31227,125000,125000,125000,1,1
2017-11-26,10000044,31229,750000,750000,750000,1,1
2017-11-26,10000044,31238,338000,176000,500000,2,2
2017-11-26,10000044,31251,125000,125000,125000,1,1
2017-11-26,10000044,31263,125000,125000,125000,1,1
2017-11-26,10000044,31287,125000,125000,125000,1,1
2017-11-26,10000044,31299,125000,125000,125000,1,1
2017-11-26,10000044,31335,125000,125000,125000,1,1
2017-11-26,10000044,31347,125000,125000,125000,1,1
2017-11-26,10000044,31359,125000,125000,125000,1,1
2017-11-26,10000044,31360,3390000,3390000,3390000,6,4
2017-11-26,10000044,31361,750000,750000,750000,1,1
2017-11-26,10000044,31370,325000,325000,325000,7,3
2017-11-26,10000044,31371,125000,125000,125000,2,2
2017-11-26,10000044,31372,1372224.75,1372000,1372899,4,3
2017-11-26,10000044,31373,750000,750000,750000,1,1
2017-11-26,10000044,31376,7300000,7300000,7300000,1,1
2017-11-26,10000044,31383,125000,125000,125000,1,1
2017-11-26,10000044,31385,750000,750000,750000,1,1
2017-11-26,10000044,31395,125000,125000,125000,1,1
2017-11-26,10000044,31397,750000,750000,750000,1,1
2017-11-26,10000044,31407,125000,125000,125000,1,1
2017-11-26,10000044,31409,750000,750000,750000,1,1
2017-11-26,10000044,31503,125000,125000,125000,1,1
2017-11-26,10000044,31515,125000,125000,125000,1,1
2017-11-26,10000044,31526,800000,800000,800000,1,1
2017-11-26,10000044,31527,125000,125000,125000,1,1
2017-11-26,10000044,31539,125000,125000,125000,1,1
2017-11-26,10000044,31551,125000,125000,125000,1,1
2017-11-26,10000044,31563,125000,125000,125000,1,1
2017-11-26,10000044,31575,125000,125000,125000,1,1
2017-11-26,10000044,31586,499000,499000,499000,2,2
2017-11-26,10000044,31608,697000,697000,697000,1,1
2017-11-26,10000044,31640,28875000.01,28875000.01,28875000.01,2,1
2017-11-26,10000044,31646,1799000,1799000,1799000,2,1
2017-11-26,10000044,31716,61500,61500,61500,3,2
2017-11-26,10000044,31718,599999,599999,599999,2,2
2017-11-26,10000044,31724,8499998,8499998,8499998,1,1
2017-11-26,10000044,31742,750000,750000,750000,1,1
2017-11-26,10000044,31752,67500,67500,67500,1,1
2017-11-26,10000044,31754,650000,650000,650000,2,2
2017-11-26,10000044,31760,8000000,8000000,8000000,1,1
2017-11-26,10000044,31788,499625,499500,499999.99,8,4
2017-11-26,10000044,31790,2359999.2,2349999,2399999.99,5,3
2017-11-26,10000044,31794,8228697,8228697,8228697,2,1
2017-11-26,10000044,31874,4200000,4200000,4200000,5,3
2017-11-26,10000044,31876,7989996.75,7989996.75,7989996.75,2,1
2017-11-26,10000044,31880,1799997,1799997,1799997,7,2
2017-11-26,10000044,31886,3499999,3499999,3499999,1,1
2017-11-26,10000044,31888,1499932,1499915,1500000,5,2
2017-11-26,10000044,32006,94406.84,1055,96999.95,37,2
2017-11-26,10000044,32014,302561.86,276999.99,319988.95,53,3
2017-11-26,10000044,32026,125000,125000,125000,1,1
2017-11-26,10000044,32034,125000,125000,125000,1,1
2017-11-26,10000044,32042,125000,125000,125000,1,1
2017-11-26,10000044,32043,2499999,2499999,2499999,3,1
2017-11-26,10000044,32050,125000,125000,125000,1,1
2017-11-26,10000044,32058,125000,125000,125000,1,1
2017-11-26,10000044,32070,125000,125000,125000,1,1
2017-11-26,10000044,32082,125000,125000,125000,1,1
2017-11-26,10000044,32090,125000,125000,125000,1,1
2017-11-26,10000044,32339,112000000,112000000,112000000,1,1
2017-11-26,10000044,32780,1399999.99,1399999.99,1399999.99,1,1
2017-11-26,10000044,32787,33173.33,32900,37000,45,4
2017-11-26,10000044,32797,564999.05,500000,629998.1,2,2
2017-11-26,10000044,32819,999999.99,999999.99,999999.99,3,2
2017-11-26,10000044,32872,702777.5,555555,850000,2,2
2017-11-26,10000044,32876,1009000,1009000,1009000,1,1
2017-11-26,10000044,32880,234547.7,33555.6,250000,8,8
2017-11-26,10000044,33076,336000,336000,336000,1,1
2017-11-26,10000044,33078,1000000,1000000,1000000,1,1
2017-11-26,10000044,33094,140000,140000,140000,1,1
2017-11-26,10000044,33101,498888,498888,498888,1,1
2017-11-26,10000044,33138,1000000,1000000,1000000,4,2
2017-11-26,10000044,33157,194999999.99,194999999.99,194999999.99,1,1
2017-11-26,10000044,33176,128999.91,128999.91,128999.91,2,2
2017-11-26,10000044,33178,140996.85,140996.85,140996.85,2,2
2017-11-26,10000044,33180,149000,149000,149000,4,4
2017-11-26,10000044,33199,1799999,1799999,1799999,1,1
2017-11-26,10000044,33201,2199967.4,2199967.4,2199967.4,6,2
2017-11-26,10000044,33440,54999.98,54999.98,54999.98,10,2
2017-11-26,10000044,33448,49999.95,49999.95,49999.95,5,1
2017-11-26,10000044,33475,7694444,3500000,11888888,2,2
2017-11-26,10000044,33619,150000000,150000000,150000000,1,1
2017-11-26,10000044,33697,36999998.98,36999998.98,36999998.98,1,1
2017-11-26,10000044,33818,244700000,244700000,244700000,1,1
2017-11-26,10000044,33856,4299999,4299999,4299999,1,1
2017-11-26,10000044,34133,1561000,1561000,1561000,1,1
2017-11-26,10000044,34317,63999965.68,63999965.68,63999965.68,1,1
2017-11-26,10000044,35656,24999.99,24999.99,24999.99,1,1
2017-11-26,10000044,35659,23667.38,1002.15,35000,3,3
2017-11-26,10000044,35660,19999.99,19999.99,19999.99,2,1
2017-11-26,10000044,35661,579999.99,579999.99,579999.99,1,1
2017-11-26,10000044,35662,569999.99,569999.99,569999.99,1,1
2017-11-26,10000044,35770,24999.98,24999.98,24999.98,1,1
2017-11-26,10000044,35771,1399985,1399985,1399985,1,1
2017-11-26,10000044,35788,45000,45000,45000,1,1
2017-11-26,10000044,35790,1999977.36,1999971.04,1999990,3,2
2017-11-26,10000044,35794,20999.91,20999.91,20999.91,13,3
2017-11-26,10000044,35795,23999.98,23999.98,23999.98,13,3
2017-11-26,10000044,35878,239999999,239999999,239999999,1,1
2017-11-26,10000044,36953,200000000,200000000,200000000,1,1
2017-11-26,10000044,36954,200000000,200000000,200000000,1,1
2017-11-26,10000044,36955,200000000,200000000,200000000,1,1
2017-11-26,10000044,37135,34999997,34999997,34999997,1,1
2017-11-26,10000044,37450,606454.53,606454.53,606454.53,2,1
2017-11-26,10000044,37456,15000000,15000000,15000000,1,1
2017-11-26,10000044,37483,78988688.65,78988688.65,78988688.65,1,1
2017-11-26,10000044,37546,1400000,1400000,1400000,1,1
2017-11-26,10000044,37610,800003.1,800003.1,800003.1,1,1
2017-11-26,10000044,37611,800003.11,800003.11,800003.11,2,1
2017-11-26,10000044,37615,22700000,22700000,22700000,1,1
2017-11-26,10000044,40334,3999,3999,3999,1,1
2017-11-26,10000044,40572,100000000,100000000,100000000,1,1
2017-11-26,10000044,41034,79999.98,79999.98,79999.98,2,1
2017-11-26,10000044,41155,19999.99,19999.99,19999.99,6,4
2017-11-26,10000044,42526,599999,599999,599999,1,1
2017-11-26,10000044,42829,1000,1000,1000,17500,1
2017-11-26,10000044,42834,2500,2500,2500,3000,1
2017-11-26,10000044,43694,82000000,82000000,82000000,5,1
2017-11-26,10000044,43699,999988.66,999988.66,999988.66,1,1
2017-11-26,10000044,43904,750000,750000,750000,1,1
2017-11-26,10000044,44267,58000,58000,58000,100,1
2017-11-26,10000044,44992,3299978.77,3299978.77,3299978.77,2,1
2017-11-26,10000044,45635,198997997,198997997,198997997,1,1
2017-11-26,10000044,45746,1000000,1000000,1000000,3,3
2017-11-26,10000044,45748,5000000,5000000,5000000,2,2
2017-11-26,10000044,45750,15000000,15000000,15000000,1,1
2017-11-26,10000044,46004,400000,400000,400000,1,1
2017-11-26,10000044,46008,10555554.89,9999999,15000000,9,8
2017-11-26,10000044,46350,10000000,10000000,10000000,1,1
2017-11-26,10000044,46352,10000000,10000000,10000000,1,1
2017-11-26,10000044,46357,10000000,10000000,10000000,1,1
2017-11-26,10000044,46359,10000000,10000000,10000000,1,1
2017-11-26,10000044,46361,10000000,10000000,10000000,1,1
2017-11-26,10000045,34,4.65,4.65,4.65,10610000,1
2017-11-26,10000045,35,4.99,4.99,4.99,2620000,3
2017-11-26,10000045,37,99.01,99.01,99.01,110000,1
2017-11-26,10000045,605,450000,450000,450000,7,1
2017-11-26,10000045,649,800000,800000,800000,1,1
2017-11-26,10000045,2205,450000,450000,450000,1,1
2017-11-26,10000045,2436,3074545.45,3000000,3082000,55,3
2017-11-26,10000045,2456,500000,500000,500000,5,1
2017-11-26,10000045,12084,5000000,5000000,5000000,1,1
2017-11-26,10000045,16272,849,849,849,50000,1
2017-11-26,10000045,16273,255,255,255,9051,13
2017-11-26,10000045,16275,6999.01,6999.01,6999.01,1,1
2017-11-26,10000045,17888,998.5,998.5,998.5,15000,1
2017-11-26,10000045,17912,101000.44,101000.44,101000.44,1,1
2017-11-26,10000045,21898,799,799,799,300,1
2017-11-26,10000045,22229,101000.44,101000.44,101000.44,2,1
2017-11-26,10000045,23057,5000000,5000000,5000000,10,1
2017-11-26,10000045,25617,430000,430000,430000,237,1
2017-11-26,10000045,26888,29000000,29000000,29000000,6,1
2017-11-26,10000045,28668,29888,29888,29888,100,1
2017-11-26,10000045,31788,350000,350000,350000,15,1
2017-11-26,10000045,33844,105000000,105000000,105000000,2,1
2017-11-26,10000045,41490,950000,950000,950000,10,1
2017-11-26,10000046,18,25.01,25.01,25.01,1104,1
2017-11-26,10000046,19,2850.13,2850.13,2850.13,555,2
2017-11-26,10000046,22,2500.02,2500.02,2500.02,2033,6
2017-11-26,10000046,34,6.84,6.75,6.85,88374655,45
2017-11-26,10000046,35,5.89,5.86,6,39538896,42
2017-11-26,10000046,36,55,55,55,21919713,51
2017-11-26,10000046,37,45,45,45,5442873,36
2017-11-26,10000046,38,319.47,319.47,319.47,929760,33
2017-11-26,10000046,39,977,977,977,208889,34
2017-11-26,10000046,40,1148.99,1148.99,1148.99,73179,33
2017-11-26,10000046,44,17900,17900,17900,302,3
2017-11-26,10000046,179,21,21,21,1000,1
2017-11-26,10000046,181,17.97,17.97,17.97,240,2
2017-11-26,10000046,182,21,21,21,20000,1
2017-11-26,10000046,183,34.96,34.96,34.96,12678,13
2017-11-26,10000046,184,20.22,20.22,20.22,3925,3
2017-11-26,10000046,185,17.96,17.96,17.96,35326,16
2017-11-26,10000046,190,65,65,65,20000,3
2017-11-26,10000046,193,78.31,78.31,78.31,7555,2
2017-11-26,10000046,201,197.99,197.99,197.99,6000,1
2017-11-26,10000046,202,150,150,150,1000,2
2017-11-26,10000046,203,349.8,349.8,349.8,38353,6
2017-11-26,10000046,204,455,455,455,1138,3
2017-11-26,10000046,205,75,75,75,200,1
2017-11-26,10000046,208,5,5,5,700,3
2017-11-26,10000046,209,60,60,60,38360,3
2017-11-26,10000046,210,16.41,16.41,16.41,25180,34
2017-11-26,10000046,211,25,25,25,5039,7
2017-11-26,10000046,212,21.95,21.95,21.95,49539,37
2017-11-26,10000046,213,24.95,24.95,24.95,20480,28
2017-11-26,10000046,215,13.42,13.42,13.42,78158,14
2017-11-26,10000046,216,8,8,8,6600,7
2017-11-26,10000046,217,13,13,13,1500,5
2017-11-26,10000046,218,18.99,18.99,18.99,1600,5
2017-11-26,10000046,219,1.26,1.26,1.26,200,2
2017-11-26,10000046,220,18.5,18.5,18.5,11200,7
2017-11-26,10000046,221,1.51,1.51,1.51,500,4
2017-11-26,10000046,222,18.4,18.4,18.4,285851,35
2017-11-26,10000046,223,37.5,37.5,37.5,11800,7
2017-11-26,10000046,224,10.03,10.03,10.03,2500,7
2017-11-26,10000046,225,2.55,2.55,2.55,400,2
2017-11-26,10000046,226,15,15,15,600,3
2017-11-26,10000046,227,2.51,2.51,2.51,753,5
2017-11-26,10000046,228,5.26,5.26,5.26,800,5
2017-11-26,10000046,229,2.51,2.51,2.51,600,4
2017-11-26,10000046,230,139,139,139,31051,9
2017-11-26,10000046,231,4.5,4.5,4.5,1900,9
2017-11-26,10000046,232,6.2,6.2,6.2,2100,8
2017-11-26,10000046,233,4.59,4.59,4.59,2300,8
2017-11-26,10000046,234,10.01,10.01,10.01,1400,7
2017-11-26,10000046,235,10.01,10.01,10.01,2000,7
2017-11-26,10000046,236,25,25,25,2600,10
2017-11-26,10000046,237,48,48,48,13740,7
2017-11-26,10000046,238,199,199,199,16800,8
2017-11-26,10000046,239,17000,17000,17000,4,1
2017-11-26,10000046,242,14797,14797,14797,7,4
2017-11-26,10000046,246,9943.28,9800,9999,25,7
2017-11-26,10000046,250,49000,49000,49000,5,2
2017-11-26,10000046,254,75000,75000,75000,6,1
2017-11-26,10000046,264,983.95,983.95,983.95,123,10
2017-11-26,10000046,266,22,22,22,2300,3
2017-11-26,10000046,377,49990.99,49990.99,49990.99,1,1
2017-11-26,10000046,380,810912.1,779999.98,1216093.75,16,14
2017-11-26,10000046,393,89999.98,89999.98,89999.98,6,2
2017-11-26,10000046,394,616428.48,615000,624999.36,7,4
2017-11-26,10000046,399,1,1,1,1,1
2017-11-26,10000046,400,600000,600000,600000,2,1
2017-11-26,10000046,434,122500,5000,135000,8,8
2017-11-26,10000046,438,3059999.99,3059999.99,3060000,3,3
2017-11-26,10000046,439,17480,5000,25000,5,5
2017-11-26,10000046,440,4613180.9,4549999.99,4700000,11,11
2017-11-26,10000046,442,500000,500000,500000,2,2
2017-11-26,10000046,443,50000,50000,50000,1,1
2017-11-26,10000046,444,10000,10000,10000,1,1
2017-11-26,10000046,447,66070.71,15000,109998,14,14
2017-11-26,10000046,448,2418576.85,2374999.99,2499999.99,59,59
2017-11-26,10000046,451,50000,50000,50000,20,2
2017-11-26,10000046,453,77979.63,77979,77980,8,6
2017-11-26,10000046,455,500000,500000,500000,6,1
2017-11-26,10000046,457,300000,300000,300000,12,2
2017-11-26,10000046,482,1598986.84,1598986.79,1598987.08,10,5
2017-11-26,10000046,483,28497.98,28497.98,28497.98,14,8
2017-11-26,10000046,484,66625.85,66625.85,66625.85,23,14
2017-11-26,10000046,485,44999.98,44999.98,44999.98,3,1
2017-11-26,10000046,486,79999.94,79999.94,79999.98,19,7
2017-11-26,10000046,487,99999.92,99999.92,99999.92,2,1
2017-11-26,10000046,488,66999.96,66999.96,66999.96,7,3
2017-11-26,10000046,490,145758.99,145072.5,149877.98,28,8
2017-11-26,10000046,492,99000,99000,99000,1,1
2017-11-26,10000046,499,38999.91,38999.91,38999.91,590,38
2017-11-26,10000046,519,1121821.95,125000.01,1138775.98,83,48
2017-11-26,10000046,520,44494.94,9000,79989.87,2,2
2017-11-26,10000046,526,65000,65000,65000,3,3
2017-11-26,10000046,527,1148518.52,1099000,1800000,27,25
2017-11-26,10000046,530,74500,74000,75000,4,4
2017-11-26,10000046,533,40000,40000,40000,2,2
2017-11-26,10000046,561,499998.99,499998.99,499998.99,25,6
2017-11-26,10000046,562,34056.6,34000,35000,53,7
2017-11-26,10000046,563,34999.94,34999.94,34999.94,13,2
2017-11-26,10000046,564,33000,33000,33000,3,1
2017-11-26,10000046,565,59998.99,59998.99,59998.99,102,16
2017-11-26,10000046,569,350000,350000,350000,5,1
2017-11-26,10000046,577,149999,149999,149999,4,4
2017-11-26,10000046,578,98792.58,97498,133740.23,28,25
2017-11-26,10000046,580,500000,500000,500000,1,1
2017-11-26,10000046,581,150000,150000,150000,1,1
2017-11-26,10000046,582,299999.98,299999.98,299999.98,5,2
2017-11-26,10000046,583,307272.54,300000,340000,11,10
2017-11-26,10000046,584,349998.93,349998,349999,14,5
2017-11-26,10000046,585,499999.98,499999.98,499999.98,13,13
2017-11-26,10000046,586,500000,500000,500000,7,7
2017-11-26,10000046,587,345497.66,345468.99,345555,6,6
2017-11-26,10000046,589,349999.94,349999.93,349999.94,7,7
2017-11-26,10000046,590,359999.99,359999.99,359999.99,1,1
2017-11-26,10000046,592,300000,300000,300000,16,5
2017-11-26,10000046,593,365500,350000,380999.99,2,2
2017-11-26,10000046,594,449999.95,449999.95,449999.95,1,1
2017-11-26,10000046,597,450000,450000,450000,1,1
2017-11-26,10000046,598,348950,348950,348950,1,1
2017-11-26,10000046,601,1000000,1000000,1000000,11,2
2017-11-26,10000046,602,399000,399000,399000,6,2
2017-11-26,10000046,603,420000.01,420000.01,420000.02,8,7
2017-11-26,10000046,605,749999.69,749998.97,749999.99,7,7
2017-11-26,10000046,607,499999.99,499999.98,499999.99,6,5
2017-11-26,10000046,608,398398.68,360000,399999,25,24
2017-11-26,10000046,609,350000,350000,350000,1,1
2017-11-26,10000046,620,6749944.44,6749500,6750000,9,9
2017-11-26,10000046,621,12669452.08,9250000,12999969,23,19
2017-11-26,10000046,622,8676086.96,7050000.01,11000000,23,14
2017-11-26,10000046,623,7624999.25,5000000.05,8499998.99,4,4
2017-11-26,10000046,624,9000000,9000000,9000000,1,1
2017-11-26,10000046,626,12331999.09,11000000.38,12479998.94,10,8
2017-11-26,10000046,627,10699999.1,8000000,10999999,10,6
2017-11-26,10000046,628,9500000,9500000,9500000,1,1
2017-11-26,10000046,629,10999998,10999998,10999998,1,1
2017-11-26,10000046,630,5000000,4999999.99,5000000,23,2
2017-11-26,10000046,632,6250000,4000000.01,8499999.99,4,4
2017-11-26,10000046,634,4999999.99,4999999.99,4999999.99,1,1
2017-11-26,10000046,638,179999999,179999999,179999999,2,2
2017-11-26,10000046,639,179999999.68,179999999.68,179999999.68,2,2
2017-11-26,10000046,643,220000000,220000000,220000000,1,1
2017-11-26,10000046,645,210000000,209999999.99,210000000,2,2
2017-11-26,10000046,648,2215305.87,2200000,2230611.74,2,2
2017-11-26,10000046,649,2999999.98,2999999.98,2999999.99,6,6
2017-11-26,10000046,650,1378846.14,1125000,1399999.99,13,13
2017-11-26,10000046,651,5000000,5000000,5000000,1,1
2017-11-26,10000046,653,2000000,2000000,2000000,2,2
2017-11-26,10000046,654,1999999.99,1999999.98,2000000,6,6
2017-11-26,10000046,655,1902500,1750000,2000000,8,8
2017-11-26,10000046,656,1979931.13,1899705.65,2000000,5,5
2017-11-26,10000046,657,1911999.97,1750000,1929999.96,10,10
2017-11-26,10000046,672,33125,20000,55000,8,3
2017-11-26,10000046,884,70000,70000,70000,1,1
2017-11-26,10000046,1182,173443.98,1000.02,194999.47,9,9
2017-11-26,10000046,1183,2967031.84,2799998.98,2999998.97,7,7
2017-11-26,10000046,1185,80000,80000,80000,3,3
2017-11-26,10000046,1195,29999,29999,29999,7,4
2017-11-26,10000046,1201,13501.02,13501.02,13501.02,167,12
2017-11-26,10000046,1223,3000.24,3000.24,3000.24,2433,10
2017-11-26,10000046,1225,2300.51,2300.51,2300.51,621,6
2017-11-26,10000046,1226,100.02,100.02,100.02,5721,2
2017-11-26,10000046,1230,6.02,6.02,6.02,94,1
2017-11-26,10000046,1232,850,850,850,47,1
2017-11-26,10000046,1236,560833.31,74999.99,639999.96,36,26
2017-11-26,10000046,1246,400000,399999.99,400000,2,2
2017-11-26,10000046,1248,1851000.11,1243001,1900000,57,11
2017-11-26,10000046,1266,1999999,1999999,1999999,1,1
2017-11-26,10000046,1286,999999,999999,999999,3,2
2017-11-26,10000046,1306,910651.7,875000,924999,23,21
2017-11-26,10000046,1317,76938.77,10000,89999.99,49,13
2017-11-26,10000046,1319,1223999.95,1223899.96,1224999.99,141,40
2017-11-26,10000046,1335,485968.43,100000.09,517498.99,32,12
2017-11-26,10000046,1353,29999.97,29999.97,29999.97,3,3
2017-11-26,10000046,1355,874756.63,835000,899997.99,9,6
2017-11-26,10000046,1403,39524.99,5000,39999.99,48,24
2017-11-26,10000046,1405,874999.47,874999.47,874999.48,142,71
2017-11-26,10000046,1422,844090.72,825000,845000,11,5
2017-11-26,10000046,1436,1549999.99,1549999.99,1549999.99,1,1
2017-11-26,10000046,1445,75000,75000,75000,1,1
2017-11-26,10000046,1447,953076.92,300000.69,980000,26,14
2017-11-26,10000046,1539,68999.99,45000,74999.99,5,5
2017-11-26,10000046,1541,2024999.49,1999999,2039999.98,8,7
2017-11-26,10000046,1808,54992.16,54992.16,54992.17,17,12
2017-11-26,10000046,1875,201663,150000,459978,6,2
2017-11-26,10000046,1877,1199997.84,1199996.99,1199997.97,100,26
2017-11-26,10000046,1944,2388888.89,2000000,2500000,9,9
2017-11-26,10000046,1952,1384338.16,100000,1474999.99,74,44
2017-11-26,10000046,1958,49999.98,49999.98,49999.98,3,1
2017-11-26,10000046,1968,49997.99,49997.99,49997.99,1,1
2017-11-26,10000046,1969,1949999.99,1949999.99,1949999.99,1,1
2017-11-26,10000046,1973,37073.52,36999.99,39500,34,30
2017-11-26,10000046,1978,1504356.72,155000.05,1869999,14,7
2017-11-26,10000046,1986,10000,10000,10000,2,2
2017-11-26,10000046,1987,1115333.2,1115000,1119999.98,15,15
2017-11-26,10000046,1999,1105712.27,100000,1179999.99,14,10
2017-11-26,10000046,2006,19999995,19999995,19999995,1,1
2017-11-26,10000046,2024,1719714.28,1709999.99,1725000,7,5
2017-11-26,10000046,2032,681747.84,100000,695000,35,24
2017-11-26,10000046,2038,2999999,2999999,2999999,3,3
2017-11-26,10000046,2046,17168.81,13000,18966,93,48
2017-11-26,10000046,2048,734999.44,684999.9,755000.94,162,152
2017-11-26,10000046,2117,3999998.96,3999998.96,3999998.96,1,1
2017-11-26,10000046,2161,337225,336999.98,337300,4,4
2017-11-26,10000046,2173,3845.34,1701.01,21000,45,8
2017-11-26,10000046,2175,1197031.82,355000.17,1589979.93,22,7
2017-11-26,10000046,2183,10000.18,10000.18,10000.18,109,15
2017-11-26,10000046,2185,1022727.44,500000.23,1100000.17,88,27
2017-11-26,10000046,2193,14980.95,12551.02,48999.98,60,11
2017-11-26,10000046,2195,2999999.95,2999999.94,2999999.95,8,3
2017-11-26,10000046,2203,67003.74,1011.22,100000,54,17
2017-11-26,10000046,2205,799498.97,799498.35,799498.98,136,33
2017-11-26,10000046,2254,740720.28,728847.99,794999,7,6
2017-11-26,10000046,2268,1.11,1.11,1.11,94395,1
2017-11-26,10000046,2281,2988462.19,1948988.01,3174999.96,71,60
2017-11-26,10000046,2288,0.31,0.31,0.31,325005,1
2017-11-26,10000046,2291,149999,149999,149999,2,2
2017-11-26,10000046,2293,109644.25,100998,118290.5,2,2
2017-11-26,10000046,2295,120000.02,120000.02,120000.02,2,2
2017-11-26,10000046,2299,2149166.66,2144999.99,2149999.99,6,6
2017-11-26,10000046,2301,2697379.99,2695000,2700000,25,25
2017-11-26,10000046,2303,1945000,1945000,1945000,9,8
2017-11-26,10000046,2306,1.51,1.51,1.51,148386,1
2017-11-26,10000046,2309,1.1,1.1,1.1,800000,1
2017-11-26,10000046,2310,0.93,0.93,0.93,1090000,1
2017-11-26,10000046,2319,1,1,1,170,1
2017-11-26,10000046,2328,6000.01,6000.01,6000.01,100,1
2017-11-26,10000046,2329,10999.99,10999.99,10999.99,1750,2
2017-11-26,10000046,2331,69999.99,69999.99,69999.99,1,1
2017-11-26,10000046,2333,1200000.55,1200000.55,1200000.55,6,5
2017-11-26,10000046,2345,124900,124900,124900,300,1
2017-11-26,10000046,2349,50000,50000,50000,135,1
2017-11-26,10000046,2363,75000,75000,75000,1,1
2017-11-26,10000046,2364,1255303.72,1244999.99,1274999.99,26,18
2017-11-26,10000046,2367,50000,50000,50000,30,1
2017-11-26,10000046,2389,300.03,300.03,300.03,1360,1
2017-11-26,10000046,2390,336.58,336.58,336.58,7000,1
2017-11-26,10000046,2393,370.57,370.57,370.57,19820,3
2017-11-26,10000046,2395,400,400,400,8780,1
2017-11-26,10000046,2396,225,225,225,5260,1
2017-11-26,10000046,2398,499.99,499.99,499.99,44620,4
2017-11-26,10000046,2399,635,635,635,77590,3
2017-11-26,10000046,2400,400,400,400,54080,3
2017-11-26,10000046,2401,500.99,500.99,500.99,1640,2
2017-11-26,10000046,2403,8999999.91,8999999.91,8999999.91,1,1
2017-11-26,10000046,2404,1679435.41,1550729,1689999.99,24,8
2017-11-26,10000046,2406,2999999.45,2999999,2999999.89,2,2
2017-11-26,10000046,2410,913729.32,899999.99,969997.98,33,6
2017-11-26,10000046,2436,2449995.77,2400000,2479998.96,229,38
2017-11-26,10000046,2444,16514.1,16514.1,16514.1,18,7
2017-11-26,10000046,2446,2415993.46,2415993.46,2415993.46,15,3
2017-11-26,10000046,2454,25000,25000,25000,225,33
2017-11-26,10000046,2456,498886,498585,498887.98,113,36
2017-11-26,10000046,2463,4000,4000,4000,8595,6
2017-11-26,10000046,2464,9997.97,9997.97,9997.97,239,22
2017-11-26,10000046,2466,632110.11,250100.21,719999.97,49,9
2017-11-26,10000046,2476,9442.15,8500.02,19994,61,9
2017-11-26,10000046,2478,2499999.66,2499999.63,2499999.68,9,3
2017-11-26,10000046,2486,5400,5400,5400,222,23
2017-11-26,10000046,2488,599488.99,599488.99,599498.38,301,70
2017-11-26,10000046,2495,649999.94,649999.94,649999.94,1,1
2017-11-26,10000046,2505,949999.25,949998.88,950000,3,3
2017-11-26,10000046,2506,348,348,348,500,1
2017-11-26,10000046,2510,324,319,400,4770,5
2017-11-26,10000046,2524,740714.16,715000,744999.85,14,13
2017-11-26,10000046,2525,768636.36,705000,775000,11,9
2017-11-26,10000046,2533,399999.99,399999.99,399999.99,3,3
2017-11-26,10000046,2534,795833.33,750000,800000,12,10
2017-11-26,10000046,2537,79998.92,79998.92,79998.92,3,3
2017-11-26,10000046,2539,1864999.99,1850000,1869999.99,10,7
2017-11-26,10000046,2545,300000,300000,300000,3,3
2017-11-26,10000046,2547,1998987.98,1998987.95,1998987.99,5,4
2017-11-26,10000046,2549,784498.36,784498,784499,14,13
2017-11-26,10000046,2550,774996.11,774996,774997,9,9
2017-11-26,10000046,2551,728848,728848,728848,1,1
2017-11-26,10000046,2553,1439125.98,1350000,1474899.94,19,13
2017-11-26,10000046,2559,2599997.88,2599997.82,2599997.92,5,5
2017-11-26,10000046,2563,1889997.21,1889997.2,1889997.22,2,2
2017-11-26,10000046,2567,2999998.85,2999998.85,2999998.85,4,2
2017-11-26,10000046,2571,2999888.99,2999888.99,2999889,4,3
2017-11-26,10000046,2575,2779996.43,2779996.42,2779996.43,2,2
2017-11-26,10000046,2603,79999.96,79999.95,79999.97,43,28
2017-11-26,10000046,2605,414993.97,414899.99,414993.98,125,86
2017-11-26,10000046,2613,200,200,200,48376,11
2017-11-26,10000046,2629,500,500,500,79143,9
2017-11-26,10000046,2647,199.99,199.99,199.99,6000,3
2017-11-26,10000046,2655,799.99,799.99,799.99,1476,1
2017-11-26,10000046,2679,194.99,193,249.95,79178,11
2017-11-26,10000046,2817,199.99,199.99,199.99,12605,8
2017-11-26,10000046,2873,1398110.54,1299998,1399999.99,30,18
2017-11-26,10000046,2876,900000,900000,900000,5,2
2017-11-26,10000046,2881,658861.52,649999.99,694800,40,13
2017-11-26,10000046,2889,1134323.22,601069,1178999,13,7
2017-11-26,10000046,2897,2999654.99,2998986.99,2999988.99,12,3
2017-11-26,10000046,2905,1000000.48,999999.97,1000000.56,15,4
2017-11-26,10000046,2913,2745556.66,2730749,2749998.94,26,6
2017-11-26,10000046,2929,4490000,4490000,4490000,6,1
2017-11-26,10000046,2937,2999983.14,2999983.14,2999983.14,4,1
2017-11-26,10000046,2961,5000000.54,5000000.54,5000000.54,7,1
2017-11-26,10000046,2969,1999599.95,1998999.89,2000000,10,3
2017-11-26,10000046,2977,1649988,1649988,1649988,133,36
2017-11-26,10000046,2993,1499989.65,1499989.65,1499989.65,12,3
2017-11-26,10000046,2998,91420008.3,77130538.15,119998948.61,3,3
2017-11-26,10000046,3001,399997.99,399995,399998.9,42,7
2017-11-26,10000046,3009,977272.31,900000,1000000.5,22,5
2017-11-26,10000046,3025,2599898,2599898,2599898,3,1
2017-11-26,10000046,3033,1898999.97,1898999.97,1898999.97,8,3
2017-11-26,10000046,3041,900000.65,900000.65,900000.65,21,7
2017-11-26,10000046,3074,1399986.4,1399985.98,1499986.96,204,38
2017-11-26,10000046,3082,2143894.91,2097999,2198970,11,2
2017-11-26,10000046,3098,700000.55,700000.55,700000.55,20,5
2017-11-26,10000046,3130,2825000.48,2800000.52,2900000.34,20,6
2017-11-26,10000046,3138,2799999.98,2799999.98,2799999.98,5,1
2017-11-26,10000046,3146,2248386.79,2200000.54,2499998.99,31,6
2017-11-26,10000046,3162,588889.44,500000,600000.62,18,6
2017-11-26,10000046,3170,666999.9,666999.9,666999.9,2,1
2017-11-26,10000046,3178,1199987.59,1199968.99,1199999.99,20,9
2017-11-26,10000046,3186,6899999.99,6899999.99,6899999.99,2,1
2017-11-26,10000046,3242,27000,15000,31000,8,4
2017-11-26,10000046,3244,1744999.96,1695000,1780000,72,67
2017-11-26,10000046,3256,14992857.1,14899999.97,14999999.94,14,10
2017-11-26,10000046,3265,16749997.26,9999989.7,18999999.8,4,4
2017-11-26,10000046,3296,249000,249000,249000,7,2
2017-11-26,10000046,3302,5000000,5000000,5000000,2,2
2017-11-26,10000046,3303,149799.85,149799.85,149799.85,1,1
2017-11-26,10000046,3305,1000000,1000000,1000000,2,2
2017-11-26,10000046,3306,799999.88,799999.88,799999.88,1,1
2017-11-26,10000046,3308,4999993.98,4999993.98,4999993.98,4,4
2017-11-26,10000046,3317,149879.83,149879.83,149879.83,1,1
2017-11-26,10000046,3319,5000000,5000000,5000000,1,1
2017-11-26,10000046,3321,150000,150000,150000,1,1
2017-11-26,10000046,3322,499799.92,499799.92,499799.92,1,1
2017-11-26,10000046,3323,900588.24,200000,994000,17,9
2017-11-26,10000046,3324,400000,400000,400000,3,3
2017-11-26,10000046,3325,999999.99,999999.99,999999.99,2,2
2017-11-26,10000046,3328,175000,100000,400000,4,4
2017-11-26,10000046,3329,100000,100000,100000,1,1
2017-11-26,10000046,3330,100000,100000,100000,2,2
2017-11-26,10000046,3331,100000,100000,100000,2,2
2017-11-26,10000046,3332,999999.91,999999.91,999999.91,2,2
2017-11-26,10000046,3333,1399976.2,1399976.2,1399976.2,2,2
2017-11-26,10000046,3334,947500,945000,950000,2,2
2017-11-26,10000046,3335,1999999.99,1999999.99,1999999.99,1,1
2017-11-26,10000046,3337,6666665.57,5999998.9,6999998.9,3,3
2017-11-26,10000046,3338,5499999.91,5499999.91,5499999.91,3,3
2017-11-26,10000046,3339,5499999.76,5499999.76,5499999.77,3,3
2017-11-26,10000046,3340,2200000,399999.99,4000000,2,2
2017-11-26,10000046,3342,8000000,8000000,8000000,1,1
2017-11-26,10000046,3348,199994.98,199994.97,199995,3,3
2017-11-26,10000046,3355,5000000,5000000,5000000,2,2
2017-11-26,10000046,3385,50000,50000,50000,3,3
2017-11-26,10000046,3387,4250000,500000,8000000,2,2
2017-11-26,10000046,3388,600000,600000,600000,1,1
2017-11-26,10000046,3389,922148.42,750000,1438593.68,4,4
2017-11-26,10000046,3393,79999.98,79999.98,79999.98,1,1
2017-11-26,10000046,3396,3499999.96,3499999.96,3499999.96,1,1
2017-11-26,10000046,3403,400000,400000,400000,1,1
2017-11-26,10000046,3405,49999,49999,49999,2,2
2017-11-26,10000046,3406,450000,450000,450000,1,1
2017-11-26,10000046,3409,1046494.93,850000,1242989.86,2,2
2017-11-26,10000046,3410,1100000,950000,1299999.99,7,7
2017-11-26,10000046,3416,500000,500000,500000,3,3
2017-11-26,10000046,3421,4999994.32,4999994.32,4999994.32,1,1
2017-11-26,10000046,3428,879999.99,879999.99,879999.99,1,1
2017-11-26,10000046,3429,1000000,1000000,1000000,1,1
2017-11-26,10000046,3430,3999999.21,3999999.21,3999999.21,1,1
2017-11-26,10000046,3431,299994.99,299994.99,299994.99,1,1
2017-11-26,10000046,3433,449897.89,449897.89,449897.89,1,1
2017-11-26,10000046,3434,199999.97,199999.96,199999.97,2,2
2017-11-26,10000046,3436,49999.99,49999.99,49999.99,1,1
2017-11-26,10000046,3438,243330,239995,250000,6,6
2017-11-26,10000046,3440,948332.67,945000,949999,3,3
2017-11-26,10000046,3441,1474999.39,949998.86,1999999.93,4,4
2017-11-26,10000046,3442,889999.96,889999.96,889999.96,5,5
2017-11-26,10000046,3443,50000,50000,50000,2,2
2017-11-26,10000046,3444,336666.66,130000,749999.98,3,3
2017-11-26,10000046,3452,1875000,250000,3500000,2,2
2017-11-26,10000046,3453,900000,300000,1500000,2,2
2017-11-26,10000046,3456,25999999.95,25999999.95,25999999.95,1,1
2017-11-26,10000046,3465,70000,70000,70000,1,1
2017-11-26,10000046,3488,1499999.99,1499999.99,1499999.99,1,1
2017-11-26,10000046,3496,3700000.45,3700000.44,3700000.46,7,6
2017-11-26,10000046,3504,3779998.35,3779998.32,3779998.37,2,2
2017-11-26,10000046,3512,1799999,1799999,1799999,5,1
2017-11-26,10000046,3530,1971748.19,1968997,1974999,16,14
2017-11-26,10000046,3540,3999999,3999999,3999999,1,1
2017-11-26,10000046,3552,1500,1500,1500,10,4
2017-11-26,10000046,3554,2099.99,2099.99,2099.99,17,2
2017-11-26,10000046,3566,111250,111250,111250,4,4
2017-11-26,10000046,3568,1214997.21,1190000,1349995.96,22,20
2017-11-26,10000046,3576,250000,250000,250000,8,4
2017-11-26,10000046,3578,3373789.89,3040954.58,3456998.95,5,4
2017-11-26,10000046,3596,90000,90000,90000,1,1
2017-11-26,10000046,3645,355,355,355,23560,3
2017-11-26,10000046,3683,380,380,380,24291,3
2017-11-26,10000046,3689,5478,5478,5478,14,1
2017-11-26,10000046,3691,9000,9000,9000,755,2
2017-11-26,10000046,3693,9604,9604,9604,75,1
2017-11-26,10000046,3695,9150.28,9150.28,9150.28,1800,1
2017-11-26,10000046,3697,19000,19000,19000,1000,1
2017-11-26,10000046,3725,7001.33,7001.33,7001.33,280,1
2017-11-26,10000046,3756,46600000.14,25000000.83,51999999.97,5,5
2017-11-26,10000046,3779,500.01,500.01,500.01,14600,2
2017-11-26,10000046,3812,10000,10000,10000,5,1
2017-11-26,10000046,3814,10000,10000,10000,90,1
2017-11-26,10000046,3828,11050.01,11000,12499.98,2340,3
2017-11-26,10000046,3829,77539.19,5000,79999.98,75,56
2017-11-26,10000046,3831,1018557.6,375000.53,1049999.98,52,40
2017-11-26,10000046,3839,83825.9,83825.9,83825.9,2,2
2017-11-26,10000046,3841,1379999.99,1300950,1380000,114,73
2017-11-26,10000046,3887,74999.11,74999,75000,9,9
2017-11-26,10000046,3888,972723.65,800000,999994.98,22,14
2017-11-26,10000046,3898,17313979.39,16889999.49,17483571.35,7,5
2017-11-26,10000046,3979,4999999.99,4999999.99,4999999.99,4,2
2017-11-26,10000046,3981,275000,275000,275000,1,1
2017-11-26,10000046,3989,4999999.36,4999999.36,4999999.36,1,1
2017-11-26,10000046,3995,4999999.99,4999999.99,4999999.99,1,1
2017-11-26,10000046,4025,42765.26,12263.22,63999.95,50,26
2017-11-26,10000046,4027,77262.04,26273.6,98987.74,57,31
2017-11-26,10000046,4051,20750,20750,20750,4481,8
2017-11-26,10000046,4246,20750,20750,20750,1501,2
2017-11-26,10000046,4247,20750,20750,20750,275,1
2017-11-26,10000046,4250,2800000,2800000,2800000,2,1
2017-11-26,10000046,4254,1342222.09,1339999.98,1344999.98,9,7
2017-11-26,10000046,4256,3999997.96,3999997.96,3999997.96,2,2
2017-11-26,10000046,4258,4999999,4999999,4999999,1,1
2017-11-26,10000046,4260,2549999.98,2549999.98,2549999.98,1,1
2017-11-26,10000046,4306,61999999.99,61999999.99,61999999.99,1,1
2017-11-26,10000046,4308,67499999.87,60000000,74999999.74,2,2
2017-11-26,10000046,4312,21000,21000,21000,1000,1
2017-11-26,10000046,4349,339999999.99,339999999.99,339999999.99,1,1
2017-11-26,10000046,4383,1299994.96,1299994.96,1299994.99,13,12
2017-11-26,10000046,4385,4999999.15,4999999.13,4999999.18,3,3
2017-11-26,10000046,4391,784568.98,784568.97,784568.98,4,4
2017-11-26,10000046,4393,78192.15,78175.65,78302.2,23,11
2017-11-26,10000046,4395,807824.96,799999,822498.5,23,19
2017-11-26,10000046,4399,15000000,15000000,15000000,1,1
2017-11-26,10000046,4403,399994.92,399994.92,399994.92,2,2
2017-11-26,10000046,4405,1450000,1399999.98,1479998,126,46
2017-11-26,10000046,4435,138999.97,138999.97,138999.97,8,6
2017-11-26,10000046,4471,485554.66,450000,489998.99,9,7
2017-11-26,10000046,4477,427178.55,3000,449998.96,50,42
2017-11-26,10000046,4529,256.88,256.88,256.88,2,2
2017-11-26,10000046,4531,300.05,300.05,300.05,1,1
2017-11-26,10000046,4569,16613.21,3258.5,50000,7,6
2017-11-26,10000046,4571,13851.52,236.67,150000,11,6
2017-11-26,10000046,4609,7701.01,7701.01,7701.01,8,5
2017-11-26,10000046,4611,6201.01,6201.01,6201.01,15,3
2017-11-26,10000046,4613,19101.01,19101.01,19101.01,18,5
2017-11-26,10000046,4615,7501.01,7501.01,7501.01,6,5
2017-11-26,10000046,4787,167666.36,1500.04,499999,3,3
2017-11-26,10000046,4831,1500.01,1500.01,1500.01,6,4
2017-11-26,10000046,4833,299999,299999,299999,20,19
2017-11-26,10000046,4871,34687.5,17500.01,99999.94,24,16
2017-11-26,10000046,5009,1250.01,1250.01,1250.01,2,1
2017-11-26,10000046,5011,337600,1000,375000,10,10
2017-11-26,10000046,5047,35000,35000,35000,5,3
2017-11-26,10000046,5049,20000,20000,20000,2,1
2017-11-26,10000046,5051,20000,20000,20000,3,3
2017-11-26,10000046,5053,11508.43,11508.43,11508.43,7,6
2017-11-26,10000046,5093,2101.01,2101.01,2101.01,7,3
2017-11-26,10000046,5137,39479.8,1000.06,138499,25,10
2017-11-26,10000046,5141,12879.58,1000.05,27399,40,18
2017-11-26,10000046,5239,3133.33,1000,8999.99,15,6
2017-11-26,10000046,5245,133.73,133.73,133.73,3,3
2017-11-26,10000046,5279,505.5,505.5,505.5,4,2
2017-11-26,10000046,5281,500.01,500.01,500.01,4,4
2017-11-26,10000046,5282,750.01,750.01,750.01,3,3
2017-11-26,10000046,5301,198639.98,47959.98,499999.99,3,3
2017-11-26,10000046,5302,35833.46,8500.18,110999.99,15,7
2017-11-26,10000046,5319,24165.57,2500.02,99995,9,5
2017-11-26,10000046,5320,4545.46,1000.01,40000,11,6
2017-11-26,10000046,5321,1600,1600,1600,6,5
2017-11-26,10000046,5322,5000.05,5000.05,5000.05,13,3
2017-11-26,10000046,5339,1500.01,1500.01,1500.01,8,5
2017-11-26,10000046,5361,2000.01,2000.01,2000.01,5,3
2017-11-26,10000046,5363,1500.01,1500.01,1500.01,1,1
2017-11-26,10000046,5365,54028.86,1601.01,75000,7,7
2017-11-26,10000046,5399,13673.08,7500,22000,26,10
2017-11-26,10000046,5403,21935.4,10000.02,45000,31,19
2017-11-26,10000046,5405,62075.29,33000,99400,65,50
2017-11-26,10000046,5439,21304.55,7500,29850,33,26
2017-11-26,10000046,5443,89184.13,80000,98000,45,27
2017-11-26,10000046,5445,11916.68,2000.03,19000,36,27
2017-11-26,10000046,5493,14250,7500,75000,20,7
2017-11-26,10000046,5533,209317.31,199995,252817.45,17,6
2017-11-26,10000046,5599,188639.93,188000,188900,15,12
2017-11-26,10000046,5631,99999.9,99999.89,99999.9,4,3
2017-11-26,10000046,5649,27999.98,27999.98,27999.98,4,2
2017-11-26,10000046,5697,22000.88,22000.88,22000.88,5,4
2017-11-26,10000046,5721,23753.57,23753.57,23753.57,3,2
2017-11-26,10000046,5723,38904.81,36520,39501.01,10,6
2017-11-26,10000046,5747,508.97,508.97,508.97,2,2
2017-11-26,10000046,5755,37501.01,37501.01,37501.01,9,5
2017-11-26,10000046,5757,66501.01,66501.01,66501.01,9,5
2017-11-26,10000046,5759,48101.01,48101.01,48101.01,10,7
2017-11-26,10000046,5839,1887757.3,777769,1999968.96,30,27
2017-11-26,10000046,5849,160000,80000,200000,3,2
2017-11-26,10000046,5933,199378.49,198998.91,199995,21,10
2017-11-26,10000046,5945,400000,400000,400000,235,19
2017-11-26,10000046,5955,79999.9,79998.99,94992.97,442,33
2017-11-26,10000046,5971,39897.6,39897.59,39897.62,125,105
2017-11-26,10000046,5973,474997.99,474997.99,474997.99,122,114
2017-11-26,10000046,5975,22509.7,11000.02,29488.92,31,26
2017-11-26,10000046,6001,44494.84,5000,49989.07,26,20
2017-11-26,10000046,6003,23122.46,22500,24989.91,12,12
2017-11-26,10000046,6005,34999.46,34995.41,34999.86,11,10
2017-11-26,10000046,6073,7002.31,4504.24,9999.99,11,11
2017-11-26,10000046,6131,37877.52,574.35,298999.69,8,6
2017-11-26,10000046,6135,556.54,556.54,556.54,4,2
2017-11-26,10000046,6159,6582.32,504.19,38999,19,10
2017-11-26,10000046,6160,72192.4,1100.01,95898.73,60,36
2017-11-26,10000046,6173,99996.73,99995.98,99997.86,24,20
2017-11-26,10000046,6176,5000,5000,5000,5,4
2017-11-26,10000046,6296,10833.4,10000.08,15000,6,6
2017-11-26,10000046,6325,500000,500000,500000,2,2
2017-11-26,10000046,6527,756.74,756.74,756.74,8,7
2017-11-26,10000046,6569,4007.78,3000,8997.98,42,8
2017-11-26,10000046,7253,114999.97,114999.97,114999.97,6,1
2017-11-26,10000046,7289,270249.92,2500.01,299999.9,10,5
2017-11-26,10000046,7293,73333.33,15000,85000,30,6
2017-11-26,10000046,7367,1555555.56,600000,1675000,9,4
2017-11-26,10000046,7369,124999.99,124999.99,124999.99,2,1
2017-11-26,10000046,7371,20000.01,20000.01,20000.01,3,3
2017-11-26,10000046,7407,1000,1000,1000,1,1
2017-11-26,10000046,7447,628946.62,325000.22,849998,19,7
2017-11-26,10000046,7449,298117.66,236000.02,500000,34,9
2017-11-26,10000046,7451,249002,249002,249002.01,33,6
2017-11-26,10000046,7453,312535.93,150009.53,344999.98,73,13
2017-11-26,10000046,7535,649999,649999,649999,1,1
2017-11-26,10000046,7541,1000,1000,1000,3,1
2017-11-26,10000046,7579,1555555.22,1499999,1600000,27,10
2017-11-26,10000046,7581,60003.89,60003.89,60003.89,1,1
2017-11-26,10000046,7585,438888.89,300000,550000,9,6
2017-11-26,10000046,7663,396153.66,50000.01,499999.68,26,5
2017-11-26,10000046,7665,10002.19,10002.19,10002.19,1,1
2017-11-26,10000046,7667,15000.01,15000.01,15000.01,1,1
2017-11-26,10000046,7703,278573.61,250006.02,299999,7,4
2017-11-26,10000046,7705,25000.76,25000.76,25000.76,3,2
2017-11-26,10000046,7707,50005.39,50005.3,50005.65,4,4
2017-11-26,10000046,7709,42001.05,42001.05,42001.05,2,1
2017-11-26,10000046,7747,29999.99,29999.99,29999.99,2,2
2017-11-26,10000046,7749,100005.31,100005.31,100005.31,1,1
2017-11-26,10000046,7783,176007.69,176007.68,176007.7,4,3
2017-11-26,10000046,7785,187101.05,187101.03,187101.06,4,2
2017-11-26,10000046,7787,130047.37,130047.36,130047.39,6,4
2017-11-26,10000046,7789,100008.91,100008.46,100009.36,2,2
2017-11-26,10000046,7829,100000,100000,100000,1,1
2017-11-26,10000046,8007,154411.76,150000,170000,68,19
2017-11-26,10000046,8023,22250,22250,22250,9,2
2017-11-26,10000046,8027,1589184.6,1588898.9,1589898.84,7,2
2017-11-26,10000046,8089,520000,520000,520000,25,7
2017-11-26,10000046,8091,103333.33,99999.99,105000,12,7
2017-11-26,10000046,8101,14996,14996,14996,1,1
2017-11-26,10000046,8105,3000000.55,3000000.54,3000000.55,13,6
2017-11-26,10000046,8117,169999.97,169999.96,169999.98,43,14
2017-11-26,10000046,8175,244791.79,3000,249994.99,44,33
2017-11-26,10000046,8225,45473.68,45000,47368.42,5,4
2017-11-26,10000046,8263,49964.59,49963.97,49965,21,11
2017-11-26,10000046,8297,24999.99,24999.99,24999.99,1,1
2017-11-26,10000046,8335,80000,80000,80000,30,1
2017-11-26,10000046,8427,116924.95,99500,119999.94,20,8
2017-11-26,10000046,8433,369604.8,170000,379849.91,41,28
2017-11-26,10000046,8517,3895652.02,2800000,3999999.81,23,21
2017-11-26,10000046,8521,220000,220000,220000,4,4
2017-11-26,10000046,8529,69999,69999,69999,102,35
2017-11-26,10000046,8535,250000,250000,250000,1,1
2017-11-26,10000046,8537,499999.99,499999.99,499999.99,3,1
2017-11-26,10000046,8579,1699999.99,1699999.99,1699999.99,1,1
2017-11-26,10000046,8585,35000,34999.99,35000,41,12
2017-11-26,10000046,8748,99666.55,99000,99999.83,3,3
2017-11-26,10000046,8863,599998.97,599998.97,599998.97,4,1
2017-11-26,10000046,8867,499999,499999,499999,2,2
2017-11-26,10000046,8869,675775,675775,675775,28,1
2017-11-26,10000046,8905,400000,400000,400000,1,1
2017-11-26,10000046,9071,3999999,3999999,3999999,3,1
2017-11-26,10000046,9129,75000,75000,75000,3,1
2017-11-26,10000046,9327,2077454.51,2000000,2079999.96,55,12
2017-11-26,10000046,9415,499999,499999,499999,16,3
2017-11-26,10000046,9491,6532316.66,6398982,6598983.99,3,3
2017-11-26,10000046,9521,2500,2500,2500,5,3
2017-11-26,10000046,9568,79999.96,79999.96,79999.96,10,5
2017-11-26,10000046,9580,58499.96,58499.95,58499.96,8,3
2017-11-26,10000046,9582,79999.98,79999.98,79999.98,2,2
2017-11-26,10000046,9608,74999.96,74999.96,74999.96,6,5
2017-11-26,10000046,9622,49999.33,49999,50000,3,3
2017-11-26,10000046,9632,448889.92,448889.91,448889.93,14,11
2017-11-26,10000046,9660,78500,78500,78500,3,3
2017-11-26,10000046,9668,1994999.99,1994999.99,1994999.99,2,2
2017-11-26,10000046,9670,1000.01,1000.01,1000.01,4,3
2017-11-26,10000046,9678,275000,275000,275000,2,2
2017-11-26,10000046,9728,37501,37501,37501,6,5
2017-11-26,10000046,9734,1999999,1999999,1999999,2,2
2017-11-26,10000046,9800,999998.93,999998.74,999999.06,33,26
2017-11-26,10000046,9808,274999.67,274999,275000,24,4
2017-11-26,10000046,9826,44,10,350,90,4
2017-11-26,10000046,9828,501.09,501.09,501.09,13100,2
2017-11-26,10000046,9832,5478.25,5478.25,5478.25,139,2
2017-11-26,10000046,9834,85000,85000,85000,90,1
2017-11-26,10000046,9836,9750,9750,9750,515,4
2017-11-26,10000046,9838,10100,10100,10100,115,1
2017-11-26,10000046,9840,10100,10100,10100,10,1
2017-11-26,10000046,9842,15000,15000,15000,1996,2
2017-11-26,10000046,9848,90000,90000,90000,7769,7
2017-11-26,10000046,9899,10737613.53,10737613.53,10737613.53,5,5
2017-11-26,10000046,9941,11499999.93,11499999.92,11499999.97,6,6
2017-11-26,10000046,9942,10999998.93,10999998.93,10999998.95,5,5
2017-11-26,10000046,9943,11497999.97,11497999.97,11497999.97,6,6
2017-11-26,10000046,9944,60000,59999.99,60000,8,6
2017-11-26,10000046,9950,4888888.88,4888888.88,4888888.88,3,1
2017-11-26,10000046,9956,10948999.77,10948999.77,10948999.77,5,5
2017-11-26,10000046,10164,480000,480000,480000,4,1
2017-11-26,10000046,10190,1497670.94,1300000.03,1498999.99,77,41
2017-11-26,10000046,10208,23999992.95,23999989.38,23999993.96,13,13
2017-11-26,10000046,10212,23999992.59,23999991.69,23999992.91,10,10
2017-11-26,10000046,10213,168700000,168700000,168700000,1,1
2017-11-26,10000046,10216,23909083.46,23000000,23999991.97,11,11
2017-11-26,10000046,10217,156150000,150000000,162300000,2,2
2017-11-26,10000046,10221,29307691.75,26999998.98,29999999.58,13,13
2017-11-26,10000046,10225,24999999.72,24999999.34,24999999.95,8,8
2017-11-26,10000046,10228,32499999.96,32499999.96,32499999.96,1,1
2017-11-26,10000046,10246,16000,16000,16000,285,26
2017-11-26,10000046,10250,1232443.17,900000,1273998.57,45,8
2017-11-26,10000046,10629,24999.99,24999.99,24999.99,3,1
2017-11-26,10000046,10631,468500.12,199969,579999.98,34,10
2017-11-26,10000046,10680,649999.39,250000.01,899999,13,4
2017-11-26,10000046,10850,915000,915000,915000,2,2
2017-11-26,10000046,10858,3939799.16,100000,4899748.95,5,5
2017-11-26,10000046,10880,265999.98,265999.98,265999.98,1,1
2017-11-26,10000046,10888,219999.98,219999.98,219999.98,1,1
2017-11-26,10000046,10998,42348.55,38784.13,50000,70,35
2017-11-26,10000046,11082,2974090.52,2974090.52,2974090.52,3,3
2017-11-26,10000046,11083,1799999.49,1799999.49,1799999.49,1,1
2017-11-26,10000046,11084,1999998.32,1999998.31,1999998.32,2,2
2017-11-26,10000046,11105,287687.31,85000,330000,16,15
2017-11-26,10000046,11129,36100.62,35000,47106.78,11,2
2017-11-26,10000046,11132,673333.33,20000,1000000,3,3
2017-11-26,10000046,11134,30000,29000,35000,24,16
2017-11-26,10000046,11176,41749999.99,41749999.99,41749999.99,1,1
2017-11-26,10000046,11178,48999999.99,47500000,49999999.97,5,5
2017-11-26,10000046,11184,46811441.93,46811441.93,46811441.94,5,5
2017-11-26,10000046,11186,44224999.89,44125000,44249999.87,5,5
2017-11-26,10000046,11188,45000000,45000000,45000000,1,1
2017-11-26,10000046,11192,33666663.58,33666663.58,33666663.58,1,1
2017-11-26,10000046,11196,45129626.86,44999998,45999983.99,27,27
2017-11-26,10000046,11198,37894736.31,18000000.01,38999999.22,19,19
2017-11-26,10000046,11200,41999998.67,41999998.65,41999998.71,3,3
2017-11-26,10000046,11202,44749966.64,44499899.99,44999999.95,9,8
2017-11-26,10000046,11207,739999.48,739999.48,739999.48,1,1
2017-11-26,10000046,11229,2499987.5,2499987.42,2499987.57,4,4
2017-11-26,10000046,11249,1999990.42,1999990.4,1999990.44,3,3
2017-11-26,10000046,11259,1998850.99,1998850.99,1998850.99,1,1
2017-11-26,10000046,11267,245000,244999.99,245000,7,6
2017-11-26,10000046,11269,853912.15,700000,899989.48,51,36
2017-11-26,10000046,11277,500000,1,999999,2,2
2017-11-26,10000046,11285,17989.98,17989.98,17989.99,353,11
2017-11-26,10000046,11287,4500,4500,4500,526,3
2017-11-26,10000046,11289,3946.3,3249,4918.3,79,4
2017-11-26,10000046,11297,499999,499999,499999,1,1
2017-11-26,10000046,11299,700000.5,1,1400000,2,2
2017-11-26,10000046,11303,200000,200000,200000,2,2
2017-11-26,10000046,11309,368994.74,32000.02,514989.88,25,21
2017-11-26,10000046,11311,21001.85,21001.85,21001.85,6,6
2017-11-26,10000046,11317,241610.37,50085.63,300000,22,11
2017-11-26,10000046,11319,189654.12,16001.19,235000,26,9
2017-11-26,10000046,11325,419999.96,419999.96,419999.96,106,21
2017-11-26,10000046,11327,427595.24,211000.03,500000,42,15
2017-11-26,10000046,11341,2754.51,2754.51,2754.51,2,2
2017-11-26,10000046,11343,2505.38,2505.38,2505.38,10,6
2017-11-26,10000046,11349,59444.45,10000.04,98999.97,9,9
2017-11-26,10000046,11351,60018.59,60018.59,60018.59,7,5
2017-11-26,10000046,11370,2024828.35,125000.04,2115000,22,21
2017-11-26,10000046,11371,36894368.5,33000000,48577474,4,4
2017-11-26,10000046,11377,34498000,34497999.99,34498000,7,6
2017-11-26,10000046,11379,28000000,28000000,28000000,1,1
2017-11-26,10000046,11387,47999954.98,47999954.98,47999954.98,1,1
2017-11-26,10000046,11395,1666661.96,1599995.28,1999995.35,6,2
2017-11-26,10000046,11399,8999,8999,8999,11841,8
2017-11-26,10000046,11488,167500,167500,167500,10,1
2017-11-26,10000046,11489,399999.95,399999.95,399999.95,7,4
2017-11-26,10000046,11561,749999.99,749999.99,749999.99,1,1
2017-11-26,10000046,11563,239899.9,239899.9,239899.9,119,83
2017-11-26,10000046,11566,979999.99,979999.99,979999.99,3,3
2017-11-26,10000046,11572,8000000,8000000,8000000,1,1
2017-11-26,10000046,11577,5686538.23,5600000,5694999.5,13,11
2017-11-26,10000046,11578,6625960.08,4000000.27,7000000,25,23
2017-11-26,10000046,11579,5999999,5999999,5999999,1,1
2017-11-26,10000046,11584,249893,249893,249893,2,2
2017-11-26,10000046,11640,912299.75,858431.68,920000,21,12
2017-11-26,10000046,11644,3198999.91,3198999.88,3198999.92,4,4
2017-11-26,10000046,11646,3199999.94,3199999.94,3199999.94,5,5
2017-11-26,10000046,11648,2249998.58,2249997.93,2249999.65,8,7
2017-11-26,10000046,11957,270000000,270000000,270000000,1,1
2017-11-26,10000046,11971,269999995,269999995,269999995,1,1
2017-11-26,10000046,11987,260000000,260000000,260000000,1,1
2017-11-26,10000046,11989,220000000,220000000,220000000,1,1
2017-11-26,10000046,12005,343000000,343000000,343000000,1,1
2017-11-26,10000046,12032,56978939.64,48750000,65207879.28,4,4
2017-11-26,10000046,12034,42085711.52,42000000,42119996,7,7
2017-11-26,10000046,12038,45000000,45000000,45000000,1,1
2017-11-26,10000046,12044,30000000,30000000,30000000,4,4
2017-11-26,10000046,12052,160000,160000,160000,1,1
2017-11-26,10000046,12056,33996.99,33996.99,33996.99,2,2
2017-11-26,10000046,12058,3458571.2,3439999.98,3469999.99,7,7
2017-11-26,10000046,12066,200000,200000,200000,3,3
2017-11-26,10000046,12076,7238399.98,7173999.98,7500000,5,5
2017-11-26,10000046,12092,1900000,1900000,1900000,1,1
2017-11-26,10000046,12093,6499998.65,6499998.65,6499998.65,1,1
2017-11-26,10000046,12098,32999999.84,32999999.84,32999999.84,1,1
2017-11-26,10000046,12180,4399999.97,799999.99,7999999.95,2,2
2017-11-26,10000046,12181,1074999.99,800000,1349999.98,2,2
2017-11-26,10000046,12182,4399999.97,799999.99,7999999.95,2,2
2017-11-26,10000046,12184,1499999.99,1499999.99,1499999.99,1,1
2017-11-26,10000046,12186,8000000,8000000,8000000,1,1
2017-11-26,10000046,12187,8000000,8000000,8000000,1,1
2017-11-26,10000046,12188,5000000,5000000,5000000,1,1
2017-11-26,10000046,12192,5000000,5000000,5000000,1,1
2017-11-26,10000046,12193,1000000,999999.99,1000000,2,2
2017-11-26,10000046,12194,4400000,800000,8000000,2,2
2017-11-26,10000046,12196,2499989.99,2499989.99,2499989.99,1,1
2017-11-26,10000046,12198,1188281.22,1105437.45,1271124.99,2,2
2017-11-26,10000046,12199,3937499.98,3750000,3999999.97,8,4
2017-11-26,10000046,12201,5999999.36,5999999.36,5999999.36,2,2
2017-11-26,10000046,12204,10000000,10000000,10000000,1,1
2017-11-26,10000046,12206,3998999.23,3998999.23,3998999.23,1,1
2017-11-26,10000046,12209,10499998.1,10499998.05,10499998.12,3,3
2017-11-26,10000046,12210,1999997.8,1999997.8,1999997.8,1,1
2017-11-26,10000046,12213,1999999.09,1999999.09,1999999.09,2,2
2017-11-26,10000046,12214,8999998.96,8999998.96,8999998.96,1,1
2017-11-26,10000046,12257,150000,150000,150000,1,1
2017-11-26,10000046,12259,5199999,5199999,5199999,1,1
2017-11-26,10000046,12263,11000000,11000000,11000000,2,1
2017-11-26,10000046,12265,130000,130000,130000,4,1
2017-11-26,10000046,12267,4500000,4500000,4500000,6,5
2017-11-26,10000046,12271,15333333.33,15000000,15500000,3,3
2017-11-26,10000046,12274,110000,110000,110000,18,7
2017-11-26,10000046,12305,999998.98,999998.98,999998.98,1,1
2017-11-26,10000046,12346,999999.97,999999.97,999999.97,3,1
2017-11-26,10000046,12365,241999.87,241999.87,241999.87,1,1
2017-11-26,10000046,12366,1200000,1200000,1200000,5,4
2017-11-26,10000046,12367,1200000,1200000,1200000,2,2
2017-11-26,10000046,12442,900000,900000,900000,1,1
2017-11-26,10000046,12484,4999999.23,4499998.93,5999999.83,3,3
2017-11-26,10000046,12485,3499998.19,3499998.19,3499998.19,3,3
2017-11-26,10000046,12486,4419349.68,4419349.67,4419349.68,2,2
2017-11-26,10000046,12487,7999999.99,7999999.99,7999999.99,4,4
2017-11-26,10000046,12537,100100.03,100100.03,100100.03,1,1
2017-11-26,10000046,12539,75102.9,75102.9,75102.9,2,2
2017-11-26,10000046,12540,1002.14,1002.14,1002.14,16,3
2017-11-26,10000046,12543,1000,1000,1000,1,1
2017-11-26,10000046,12557,689998,689998,689998,20,4
2017-11-26,10000046,12559,299992.79,299992.79,299992.79,20,3
2017-11-26,10000046,12563,248999.94,248999.94,248999.94,73,13
2017-11-26,10000046,12565,228994.39,228994.39,228994.39,28,5
2017-11-26,10000046,12608,130.54,130.54,130.54,18875,8
2017-11-26,10000046,12612,100.54,100.54,100.54,26088,11
2017-11-26,10000046,12614,60.45,60.45,60.45,13545,7
2017-11-26,10000046,12618,70.51,70.51,70.51,48681,21
2017-11-26,10000046,12620,99.99,99.99,99.99,12980,8
2017-11-26,10000046,12625,60.65,60.65,60.65,19729,16
2017-11-26,10000046,12631,1999,1999,1999,7000,3
2017-11-26,10000046,12633,239.34,239.34,239.34,10951,11
2017-11-26,10000046,12709,120000,120000,120000,2,2
2017-11-26,10000046,12765,1146.99,1146.99,1146.99,10000,1
2017-11-26,10000046,12773,2897.99,2897.99,2897.99,11696,7
2017-11-26,10000046,12775,797.99,797.99,797.99,5000,2
2017-11-26,10000046,12777,450,450,450,8284,7
2017-11-26,10000046,12785,199,199,199,14120,8
2017-11-26,10000046,12789,200,200,200,49309,8
2017-11-26,10000046,12801,379,378.99,380,2700,3
2017-11-26,10000046,12803,372,372,372,8500,4
2017-11-26,10000046,12805,280,280,280,6886,7
2017-11-26,10000046,12807,389.85,389,389.86,9180,3
2017-11-26,10000046,12814,399999.87,399999.87,399999.87,5,2
2017-11-26,10000046,12818,399994.9,399994.9,399994.9,5,1
2017-11-26,10000046,12822,499987.85,499987.85,499987.85,8,4
2017-11-26,10000046,12826,499995,499995,499995,6,2
2017-11-26,10000046,13001,2399999.95,2399999.94,2399999.96,4,4
2017-11-26,10000046,13003,3400000.64,3400000.64,3400000.64,4,2
2017-11-26,10000046,13216,39999999.82,39999999.82,39999999.82,2,2
2017-11-26,10000046,13252,9954500,9954500,9954500,1,1
2017-11-26,10000046,13256,31199999.98,31199999.98,31199999.98,1,1
2017-11-26,10000046,13259,39999994.78,39999994.78,39999994.78,1,1
2017-11-26,10000046,13261,33999996.03,33999996.03,33999996.03,4,4
2017-11-26,10000046,13279,399999,399999,399999,2,2
2017-11-26,10000046,13970,3000000,3000000,3000000,1,1
2017-11-26,10000046,13982,12000000,12000000,12000000,1,1
2017-11-26,10000046,14003,7500000,7500000,7500000,1,1
2017-11-26,10000046,14051,999332.63,998998.95,999999.99,3,3
2017-11-26,10000046,14057,100000.01,100000.01,100000.01,1,1
2017-11-26,10000046,14061,2000000,2000000,2000000,2,1
2017-11-26,10000046,14065,1000000,1000000,1000000,2,2
2017-11-26,10000046,14067,5000000,5000000,5000000,1,1
2017-11-26,10000046,14092,150000.01,150000.01,150000.01,1,1
2017-11-26,10000046,14096,4000000,4000000,4000000,1,1
2017-11-26,10000046,14128,8499999,8499999,8499999,1,1
2017-11-26,10000046,14220,14400,14400,14400,1,1
2017-11-26,10000046,14230,57450000,57450000,57450000,1,1
2017-11-26,10000046,14260,38950990.18,38950990.18,38950990.18,1,1
2017-11-26,10000046,14272,100000,100000,100000,2,1
2017-11-26,10000046,14276,66666.67,50000,100000,3,2
2017-11-26,10000046,14278,120000,120000,120000,1,1
2017-11-26,10000046,14280,10000,10000,10000,1,1
2017-11-26,10000046,14282,350000,350000,350000,1,1
2017-11-26,10000046,14286,55420,55420,55420,1,1
2017-11-26,10000046,14299,6000000,6000000,6000000,1,1
2017-11-26,10000046,15317,8005.02,8005.02,8005.02,500,2
2017-11-26,10000046,15331,806.19,806.19,806.19,3005,34
2017-11-26,10000046,15465,23999991.1,23999991.1,23999991.1,1,1
2017-11-26,10000046,15466,9999999,9999999,9999999,1,1
2017-11-26,10000046,15479,4148473.6,4012500.41,4420419.99,3,2
2017-11-26,10000046,15480,15000000.55,15000000.55,15000000.55,1,1
2017-11-26,10000046,15508,10101,10101,10101,212,17
2017-11-26,10000046,15510,89333.33,89000,89999.99,15,4
2017-11-26,10000046,15766,48000000,48000000,48000000,1,1
2017-11-26,10000046,16069,299999.91,299999.91,299999.91,1,1
2017-11-26,10000046,16227,59999998.51,59999998.04,59999998.98,4,4
2017-11-26,10000046,16229,66998999.98,66998999.98,66998999.98,2,2
2017-11-26,10000046,16236,1174968.72,1174968.71,1174968.73,6,5
2017-11-26,10000046,16238,882224.47,250000.02,904302.29,31,29
2017-11-26,10000046,16240,1232021.5,1217129.09,1234999.98,6,6
2017-11-26,10000046,16242,1158823.52,500000.01,1199999.98,17,13
2017-11-26,10000046,16272,350,350,350,100000,2
2017-11-26,10000046,16273,75,75,75,130618,44
2017-11-26,10000046,16274,848.45,848.45,848.97,122624,9
2017-11-26,10000046,16275,4999.99,4999.99,4999.99,7250,3
2017-11-26,10000046,16278,1899999.99,1899999.99,1899999.99,12,6
2017-11-26,10000046,16281,969998.68,969998.68,969998.68,1,1
2017-11-26,10000046,16297,25000,25000,25000,4,2
2017-11-26,10000046,16299,59999.99,59999.99,59999.99,3,1
2017-11-26,10000046,16303,1199998.94,1199998.94,1199998.94,3,2
2017-11-26,10000046,16353,41101.02,41101.02,41101.02,5,4
2017-11-26,10000046,16355,35018.45,35018.45,35018.45,7,5
2017-11-26,10000046,16357,65500.02,65500.02,65500.02,8,5
2017-11-26,10000046,16359,42423.12,32101.01,124999.99,9,6
2017-11-26,10000046,16361,85001.08,85001.08,85001.08,6,4
2017-11-26,10000046,16363,35000.51,35000.51,35000.51,3,3
2017-11-26,10000046,16365,75000.02,65000.02,150000,17,9
2017-11-26,10000046,16367,124800.78,110000.97,248000,10,6
2017-11-26,10000046,16369,55000.9,55000.9,55000.9,14,8
2017-11-26,10000046,16371,57501.14,25002.27,90000,2,2
2017-11-26,10000046,16373,50014.33,50014.33,50014.33,12,6
2017-11-26,10000046,16375,39154.43,30000.63,149000,13,6
2017-11-26,10000046,16377,36101.02,36101.02,36101.02,9,6
2017-11-26,10000046,16379,35101.02,35101.02,35101.02,9,7
2017-11-26,10000046,16381,25014.14,25014.14,25014.14,23,6
2017-11-26,10000046,16383,59777.79,36101.02,190000,13,7
2017-11-26,10000046,16391,400000,400000,400000,7,5
2017-11-26,10000046,16433,2250.01,2250.01,2250.01,1,1
2017-11-26,10000046,16435,1250.01,1250.01,1250.01,1,1
2017-11-26,10000046,16439,2701.01,2701.01,2701.01,4,4
2017-11-26,10000046,16441,2500.01,2500.01,2500.01,3,3
2017-11-26,10000046,16443,58214.32,2500.07,100000,7,5
2017-11-26,10000046,16447,3008.13,3008.13,3008.13,4,3
2017-11-26,10000046,16449,10000.14,10000.01,10000.48,7,5
2017-11-26,10000046,16451,16674.55,5012.9,34999.99,18,10
2017-11-26,10000046,16455,5000.02,5000.02,5000.02,5,5
2017-11-26,10000046,16457,2749999.84,2749999.84,2749999.84,2,1
2017-11-26,10000046,16467,250000,250000,250000,8,6
2017-11-26,10000046,16469,337498.9,300000.39,349998.4,4,4
2017-11-26,10000046,16475,1699990.71,1699990.71,1699990.71,8,4
2017-11-26,10000046,16477,949999,949999,949999,3,2
2017-11-26,10000046,16487,250000,250000,250000,2,1
2017-11-26,10000046,16495,249999.99,249999.98,249999.99,10,10
2017-11-26,10000046,16497,399999.9,399999.9,399999.9,1,1
2017-11-26,10000046,16499,300000,300000,300000,3,2
2017-11-26,10000046,16505,1499990.74,1499990.73,1499990.74,3,2
2017-11-26,10000046,16519,30000.55,30000.55,30000.55,34,5
2017-11-26,10000046,16525,75000,75000,75000,3,2
2017-11-26,10000046,16527,450000,449999.99,450000,9,4
2017-11-26,10000046,16535,14899995.98,14899995.98,14899995.98,1,1
2017-11-26,10000046,16594,8000000,8000000,8000000,1,1
2017-11-26,10000046,16598,9999994.72,9999994.72,9999994.72,1,1
2017-11-26,10000046,16622,6998998.33,6998998.33,6998998.33,2,2
2017-11-26,10000046,16670,225,225,225,17459,1
2017-11-26,10000046,16672,224.01,224.01,224.01,3510,1
2017-11-26,10000046,16673,224.01,224.01,224.01,27,1
2017-11-26,10000046,16678,405,405,405,98079,2
2017-11-26,10000046,16679,1100.01,1100.01,1100.01,2967,2
2017-11-26,10000046,16680,1900,1900,1900,8403,1
2017-11-26,10000046,16681,4700,4700,4700,3,1
2017-11-26,10000046,16682,11001,11001,11001,3250,1
2017-11-26,10000046,17206,1000,1000,1000,3,2
2017-11-26,10000046,17216,4007.18,4007.18,4007.18,24,6
2017-11-26,10000046,17217,512001.97,512001.97,512001.97,1,1
2017-11-26,10000046,17218,5008.01,5008.01,5008.01,19,3
2017-11-26,10000046,17219,5002.03,5002.03,5002.03,1,1
2017-11-26,10000046,17266,1000150.05,1000150.04,1000150.05,4,3
2017-11-26,10000046,17317,75000,75000,75000,126,1
2017-11-26,10000046,17366,199999.99,199999.99,199999.99,362,37
2017-11-26,10000046,17368,2000000,2000000,2000000,4,2
2017-11-26,10000046,17392,100000,100000,100000,300,2
2017-11-26,10000046,17425,1490,1490,1490,71,1
2017-11-26,10000046,17428,2200,2200,2200,1226,2
2017-11-26,10000046,17432,1000.01,1000.01,1000.01,599,4
2017-11-26,10000046,17433,1000.01,1000.01,1000.01,768,2
2017-11-26,10000046,17436,50.02,50.02,50.02,4709,1
2017-11-26,10000046,17437,8453,8453,8453,326,1
2017-11-26,10000046,17449,200,200,200,22,1
2017-11-26,10000046,17455,30.02,30.02,30.02,23586,1
2017-11-26,10000046,17463,8.02,8.02,8.02,61749,1
2017-11-26,10000046,17466,300,300,300,60,1
2017-11-26,10000046,17470,7.02,7.02,7.02,27216,2
2017-11-26,10000046,17471,7.02,7.02,7.02,1,1
2017-11-26,10000046,17476,31833332.98,30999999.55,42000000,12,11
2017-11-26,10000046,17478,26428571.36,26399999.91,26499999.99,7,6
2017-11-26,10000046,17480,19411110.14,18888887.93,24999999.91,10,10
2017-11-26,10000046,17482,2196372.25,2147500,2199999.99,46,23
2017-11-26,10000046,17559,76697990.53,76697990.53,76697990.53,2,2
2017-11-26,10000046,17619,27000000.55,27000000.55,27000000.55,1,1
2017-11-26,10000046,17686,1000000,1000000,1000000,3,1
2017-11-26,10000046,17703,48987477.48,48987477.48,48987477.48,2,2
2017-11-26,10000046,17715,232299666.66,200000000,248449499.99,3,3
2017-11-26,10000046,17720,185999999.99,180000000,188999999.99,3,3
2017-11-26,10000046,17812,14999990,14999990,14999990,1,1
2017-11-26,10000046,17841,24999999,24999999,24999999,1,1
2017-11-26,10000046,17843,77532652.36,76899998.25,77899998.39,26,26
2017-11-26,10000046,17865,500.05,500.05,500.05,52,1
2017-11-26,10000046,17887,950,950,950,180600,7
2017-11-26,10000046,17888,849.92,849.92,849.92,436115,2
2017-11-26,10000046,17889,949.99,949.99,949.99,271040,10
2017-11-26,10000046,17893,10000.73,10000.05,10001,35,4
2017-11-26,10000046,17894,10000.09,10000.05,10000.1,20,4
2017-11-26,10000046,17895,9999,9999,9999,5,2
2017-11-26,10000046,17898,111000,111000,111000,300,2
2017-11-26,10000046,17912,4690214.56,4563999.97,5124896.7,25,12
2017-11-26,10000046,17918,475999196.1,459999245.13,499999122.56,5,5
2017-11-26,10000046,17922,134555543.83,134555543.83,134555543.83,1,1
2017-11-26,10000046,17928,79982999.97,79982999.97,79982999.97,1,1
2017-11-26,10000046,17932,59000000.28,58000000,60000000.55,2,2
2017-11-26,10000046,17938,19791.87,19700,19796.97,19,18
2017-11-26,10000046,17940,2119999.77,1399999.97,4999998.95,5,5
2017-11-26,10000046,18036,148586.94,148586.94,148586.94,2,1
2017-11-26,10000046,18038,140000,140000,140000,2,1
2017-11-26,10000046,18040,188990.74,188990.74,188990.74,2,1
2017-11-26,10000046,18064,340000,340000,340000,4,1
2017-11-26,10000046,18066,30000,30000,30000,4,1
2017-11-26,10000046,18590,815709.83,815709.83,815709.83,8,3
2017-11-26,10000046,18594,625299.72,625299.72,625299.72,2,1
2017-11-26,10000046,18596,325799.88,325799.88,325799.88,4,1
2017-11-26,10000046,18598,760999.29,725000,778998.93,15,2
2017-11-26,10000046,18608,685753.21,685753.21,685753.21,2,1
2017-11-26,10000046,18624,775131.61,775131.61,775131.61,2,1
2017-11-26,10000046,18639,118998.72,118998.47,119000,13,13
2017-11-26,10000046,18981,3000000,3000000,3000000,6,2
2017-11-26,10000046,19045,130000000.54,130000000.54,130000000.54,2,1
2017-11-26,10000046,19149,32000000,32000000,32000000,1,1
2017-11-26,10000046,19191,274999884.28,274999884.28,274999884.28,1,1
2017-11-26,10000046,19200,268000000.55,268000000.54,268000000.55,4,4
2017-11-26,10000046,19207,185000000.53,185000000.53,185000000.53,1,1
2017-11-26,10000046,19264,50000000,50000000,50000000,1,1
2017-11-26,10000046,19272,15000000,15000000,15000000,1,1
2017-11-26,10000046,19281,100000000,100000000,100000000,1,1
2017-11-26,10000046,19283,10999995.99,10999995.99,10999995.99,3,3
2017-11-26,10000046,19284,33000000.46,33000000.46,33000000.46,1,1
2017-11-26,10000046,19287,10000000.5,10000000.5,10000000.5,4,4
2017-11-26,10000046,19288,34999999.74,34999999,35000000.48,2,2
2017-11-26,10000046,19295,213000000.54,213000000.54,213000000.54,1,1
2017-11-26,10000046,19301,175000000.55,175000000.55,175000000.55,1,1
2017-11-26,10000046,19345,195910000,195910000,195910000,1,1
2017-11-26,10000046,19419,60000000,60000000,60000000,1,1
2017-11-26,10000046,19500,75000,75000,75000,1,1
2017-11-26,10000046,19739,3597500.28,3595000,3600000.55,10,3
2017-11-26,10000046,19744,2500000,2500000,2500000,1,1
2017-11-26,10000046,19759,478799.89,478799.89,478799.89,1,1
2017-11-26,10000046,19766,1899999.89,1899999.89,1899999.89,1,1
2017-11-26,10000046,19767,1499899.93,1499899.93,1499899.93,2,2
2017-11-26,10000046,19806,1699999.99,1699999.99,1699999.99,1,1
2017-11-26,10000046,19814,64461.54,34000,100000,13,12
2017-11-26,10000046,19921,2115000.53,2115000.53,2115000.53,2,2
2017-11-26,10000046,19927,129999.97,129999.97,129999.97,3,1
2017-11-26,10000046,19929,18080,2600,79999.98,5,5
2017-11-26,10000046,19931,71999.99,71999.99,71999.99,6,3
2017-11-26,10000046,19935,68500,68500,68500,1,1
2017-11-26,10000046,19939,119998.99,119998.99,119998.99,3,1
2017-11-26,10000046,19942,35499.99,2499.99,68499.98,10,5
2017-11-26,10000046,19944,2499.99,2499.99,2499.99,12,4
2017-11-26,10000046,19946,27525.01,3250.01,148900,6,3
2017-11-26,10000046,20032,4000000,4000000,4000000,3,1
2017-11-26,10000046,20125,270000000,270000000,270000000,1,1
2017-11-26,10000046,20209,2989988.6,2989988.6,2989988.6,1,1
2017-11-26,10000046,20210,1999999.85,1999999,1999999.94,10,10
2017-11-26,10000046,20211,5149839.99,5100000.99,5199678.99,2,2
2017-11-26,10000046,20212,9499999.71,9499999.71,9499999.71,1,1
2017-11-26,10000046,20307,73.98,73.98,73.98,600,1
2017-11-26,10000046,20312,2000000,2000000,2000000,2,2
2017-11-26,10000046,20314,600000,600000,600000,1,1
2017-11-26,10000046,20315,2625000,2500000,3000000,4,4
2017-11-26,10000046,20342,79999999.99,79999999.99,79999999.99,2,2
2017-11-26,10000046,20347,1299998.86,1299998.86,1299998.86,2,2
2017-11-26,10000046,20349,1599979.46,1599978.5,1599979.94,6,6
2017-11-26,10000046,20351,2199989.79,2199989.79,2199989.79,2,1
2017-11-26,10000046,20353,5497332.67,5496000,5497999,6,5
2017-11-26,10000046,20410,30000,30000,30000,33,2
2017-11-26,10000046,20412,45998.95,45998.95,45998.95,20,2
2017-11-26,10000046,20417,45058,45058,45058,17,1
2017-11-26,10000046,20418,45897,45897,45897,4,1
2017-11-26,10000046,20419,45879,45879,45879,3,1
2017-11-26,10000046,20424,18978,18978,18978,33,1
2017-11-26,10000046,20533,500000000,500000000,500000000,1,1
2017-11-26,10000046,21059,239998.73,239998.71,239998.96,12,4
2017-11-26,10000046,21071,499998.94,499998.94,499998.94,1,1
2017-11-26,10000046,21096,1649095.53,1645454,1658950,43,27
2017-11-26,10000046,21587,1,1,1,58,1
2017-11-26,10000046,21588,1,1,1,87,1
2017-11-26,10000046,21590,1,1,1,33,1
2017-11-26,10000046,21603,19999994.88,19999994.85,19999994.88,4,4
2017-11-26,10000046,21611,39999999,39999999,39999999,1,1
2017-11-26,10000046,21638,1196428.49,1000000,1374999.96,63,9
2017-11-26,10000046,21640,805769.1,200000.06,899999.97,52,7
2017-11-26,10000046,21740,2000,2000,2000,1000,1
2017-11-26,10000046,21802,38999999.62,38999999.62,38999999.62,1,1
2017-11-26,10000046,21894,1350,1350,1350,11500,6
2017-11-26,10000046,21896,1167.99,1167.99,1167.99,65030,20
2017-11-26,10000046,21898,550,550,550,88234,80
2017-11-26,10000046,21902,1900.55,1900.55,1900.55,10800,9
2017-11-26,10000046,21904,950,950,950,9300,5
2017-11-26,10000046,21906,700.5,700.5,700.5,41067,37
2017-11-26,10000046,21918,1299,1299,1299,7600,8
2017-11-26,10000046,21922,1000.54,1000.54,1000.54,6345,5
2017-11-26,10000046,21924,549.99,549.99,549.99,17975,23
2017-11-26,10000046,21926,1099.99,1099.99,1099.99,800,1
2017-11-26,10000046,21928,710.99,710.99,710.99,117907,3
2017-11-26,10000046,21937,950,950,950,76,1
2017-11-26,10000046,21939,550,550,1999,6960,6
2017-11-26,10000046,22043,39999999.37,39999999.37,39999999.37,1,1
2017-11-26,10000046,22175,99999.94,99999.93,99999.94,13,12
2017-11-26,10000046,22177,87499.98,87499.98,87499.98,12,11
2017-11-26,10000046,22291,1524998,1475000,1574998.96,123,63
2017-11-26,10000046,22452,84999999.99,84999999.99,84999999.99,1,1
2017-11-26,10000046,22456,75999999.98,75999999.98,75999999.98,4,4
2017-11-26,10000046,22460,65000000,65000000,65000000,1,1
2017-11-26,10000046,22534,24999967.93,24999967.92,24999967.95,3,3
2017-11-26,10000046,22536,2599996.63,2599996.63,2599996.63,1,1
2017-11-26,10000046,22542,39767.81,30000,39980,47,25
2017-11-26,10000046,22544,448494999.99,448494999.99,448494999.99,1,1
2017-11-26,10000046,22546,314799994,314799994,314799994,1,1
2017-11-26,10000046,22551,36749999.61,36749999.61,36749999.61,1,1
2017-11-26,10000046,22552,1365749.94,1365749.94,1365749.94,1,1
2017-11-26,10000046,22576,90999.9,90999.89,90999.92,10,4
2017-11-26,10000046,22578,229983.53,229983.53,229983.53,6,6
2017-11-26,10000046,22613,150000000,150000000,150000000,1,1
2017-11-26,10000046,22778,164999.45,164999.45,164999.45,448,20
2017-11-26,10000046,22782,1886181.13,1799999,2500000,5,5
2017-11-26,10000046,22806,229999.9,229999.9,229999.9,4,4
2017-11-26,10000046,22807,229999.9,229999.9,229999.9,3,3
2017-11-26,10000046,22808,179999.9,179999.9,179999.9,4,4
2017-11-26,10000046,22809,229999.91,229999.9,229999.93,4,4
2017-11-26,10000046,22961,969,968.99,969,10804,12
2017-11-26,10000046,22977,1394.97,1394.97,1394.97,6850,4
2017-11-26,10000046,22983,2999,2999,2999,2000,1
2017-11-26,10000046,23009,785.95,785.94,786,94567,66
2017-11-26,10000046,23015,1999,1999,1999,3500,4
2017-11-26,10000046,23019,650,650,650,27589,31
2017-11-26,10000046,23021,635,635,635,17000,15
2017-11-26,10000046,23023,1999,1999,1999,8244,8
2017-11-26,10000046,23025,874.98,874.97,874.98,31325,22
2017-11-26,10000046,23031,1165,1165,1165,3000,2
2017-11-26,10000046,23033,2999,2999,2999,1000,1
2017-11-26,10000046,23035,2198.96,2198.95,2198.99,4700,4
2017-11-26,10000046,23039,2199.9,2199.9,2199.9,3000,2
2017-11-26,10000046,23053,3999,3999,3999,1000,1
2017-11-26,10000046,23057,3117272.73,3000000,3495000,44,7
2017-11-26,10000046,23059,3000000,3000000,3000000,2,1
2017-11-26,10000046,23061,2998999.97,2998999.97,2998999.97,25,3
2017-11-26,10000046,23069,69999999.37,69999999.37,69999999.37,1,1
2017-11-26,10000046,23071,489999.89,489999.89,489999.89,62,10
2017-11-26,10000046,23073,500000.55,500000.55,500000.55,9,2
2017-11-26,10000046,23079,999998.82,999998.8,999998.98,16,5
2017-11-26,10000046,23089,764286.13,650000,800000.55,21,4
2017-11-26,10000046,23105,1300000.54,1300000.54,1300000.54,8,1
2017-11-26,10000046,23164,5,5,5,205,3
2017-11-26,10000046,23165,5,5,5,114,1
2017-11-26,10000046,23166,5,5,5,21,1
2017-11-26,10000046,23525,124999.99,124999.99,124999.99,5,1
2017-11-26,10000046,23527,332182.61,3499.59,348999.98,41,33
2017-11-26,10000046,23533,148999.94,148999.94,148999.94,1,1
2017-11-26,10000046,23563,122499.99,122499.99,122499.99,5,1
2017-11-26,10000046,23566,1999999.24,1999999.24,1999999.25,3,3
2017-11-26,10000046,23594,3999993.92,3999993.92,3999993.92,1,1
2017-11-26,10000046,23606,224934.12,224736.75,224999.9,4,4
2017-11-26,10000046,23618,5000000,5000000,5000000,3,3
2017-11-26,10000046,23659,35000,35000,35000,2,1
2017-11-26,10000046,23705,33022.05,1000,39980.99,28,6
2017-11-26,10000046,23707,12237.48,12237,12239,89,23
2017-11-26,10000046,23711,24999.91,24999.87,24999.93,15,3
2017-11-26,10000046,23723,40000.01,40000.01,40000.01,20,1
2017-11-26,10000046,23731,100000,100000,100000,3,1
2017-11-26,10000046,24241,999998.94,999998.94,999998.94,1,1
2017-11-26,10000046,24242,1499999.92,1499999.92,1499999.92,1,1
2017-11-26,10000046,24268,7399998.95,7399998.95,7399998.95,1,1
2017-11-26,10000046,24283,50000000,50000000,50000000,4,1
2017-11-26,10000046,24305,4572000,4572000,4572000,6,3
2017-11-26,10000046,24311,599999999.65,599999999.65,599999999.65,1,1
2017-11-26,10000046,24348,1472106.57,500000.06,1749993.94,27,16
2017-11-26,10000046,24395,349998.47,349998,349998.51,12,11
2017-11-26,10000046,24417,1756250.11,500000.82,1875000,12,12
2017-11-26,10000046,24427,1718750.16,400000.63,2150000,8,7
2017-11-26,10000046,24438,1389999.93,369999.9,1539999.99,7,7
2017-11-26,10000046,24443,2290000,2000000,9250000,25,4
2017-11-26,10000046,24445,999999.42,999999.42,999999.42,8,4
2017-11-26,10000046,24471,91,91,91,12814,6
2017-11-26,10000046,24473,199.99,199.99,199.99,14198,10
2017-11-26,10000046,24475,199.99,199.99,199.99,12495,6
2017-11-26,10000046,24483,1400000000,1400000000,1400000000,1,1
2017-11-26,10000046,24492,249.9,249.9,249.9,27000,4
2017-11-26,10000046,24495,139,139,139,41380,11
2017-11-26,10000046,24497,199.99,199.99,199.99,8747,5
2017-11-26,10000046,24499,198,198,198,11679,9
2017-11-26,10000046,24501,199.99,199.99,199.99,2000,1
2017-11-26,10000046,24503,199.99,199.99,199.99,2000,1
2017-11-26,10000046,24505,199.98,199.98,199.98,2300,2
2017-11-26,10000046,24513,725,725,725,760,1
2017-11-26,10000046,24523,2494.99,2494.99,2494.99,1000,1
2017-11-26,10000046,24533,850,850,850,33000,6
2017-11-26,10000046,24613,59999998.56,59999998.56,59999998.56,1,1
2017-11-26,10000046,24663,69999999.98,69999999.98,69999999.98,1,1
2017-11-26,10000046,24688,250000000,250000000,250000000,1,1
2017-11-26,10000046,24692,193999995.96,193999995.96,193999995.96,1,1
2017-11-26,10000046,24694,170000000,170000000,170000000,1,1
2017-11-26,10000046,24698,60999999,60999999,60999999,1,1
2017-11-26,10000046,24702,47999869,47999869,47999869,1,1
2017-11-26,10000046,25235,7999999,7999999,7999999,3,3
2017-11-26,10000046,25538,194999999.92,194999999.92,194999999.92,1,1
2017-11-26,10000046,25561,55000,55000,55000,16,2
2017-11-26,10000046,25563,3183000,3183000,3183000,1,1
2017-11-26,10000046,25565,129999.99,100000,149999.98,5,3
2017-11-26,10000046,25588,12012.12,12012.12,12012.12,2826,8
2017-11-26,10000046,25589,3250.42,3250.42,3250.42,8971,9
2017-11-26,10000046,25590,110000,101002.07,118999.97,2099,39
2017-11-26,10000046,25591,201003.01,201003.01,201003.01,2729,39
2017-11-26,10000046,25593,9500.11,9500.11,9500.11,2,1
2017-11-26,10000046,25594,84999.99,84999.99,84999.99,4,1
2017-11-26,10000046,25595,20002.54,20002.54,20002.54,1,1
2017-11-26,10000046,25596,21004.31,21004.28,21004.31,1052,31
2017-11-26,10000046,25597,3100.6,3100.6,3100.6,2138,30
2017-11-26,10000046,25598,9001.06,9001.05,9001.08,5013,35
2017-11-26,10000046,25599,1271.34,1271.33,1271.36,2906,28
2017-11-26,10000046,25600,28000.4,28000.18,28000.4,6415,36
2017-11-26,10000046,25601,1807.28,1807.27,3000,5996,30
2017-11-26,10000046,25602,45250.33,16001.33,55000,4,2
2017-11-26,10000046,25603,36875.63,12502.51,45000,8,2
2017-11-26,10000046,25604,10001.07,10001.07,10001.07,2459,29
2017-11-26,10000046,25605,55000,55000,55000,2287,28
2017-11-26,10000046,25606,82002.45,82002.45,82002.45,875,5
2017-11-26,10000046,25607,33001.01,33001.01,33001.01,12,2
2017-11-26,10000046,25608,155008.04,155008.04,155008.04,7,2
2017-11-26,10000046,25609,301416.67,301000.01,302000,24,4
2017-11-26,10000046,25610,95009.11,95009.11,95009.11,11,1
2017-11-26,10000046,25611,250000,250000,250000,1,1
2017-11-26,10000046,25612,250005.29,250005.21,250005.36,6,3
2017-11-26,10000046,25613,325004.47,325004.47,325004.47,4,1
2017-11-26,10000046,25615,2000000,2000000,2000000,8,2
2017-11-26,10000046,25616,2604.14,2604.14,2604.16,80,3
2017-11-26,10000046,25617,200001.63,200001,200002,8,3
2017-11-26,10000046,25618,19000.05,19000.05,19000.05,59,3
2017-11-26,10000046,25619,565217.39,500000.01,600000,46,5
2017-11-26,10000046,25620,46750,46000.01,47000,12,3
2017-11-26,10000046,25621,1050000,1050000,1050000,3,1
2017-11-26,10000046,25622,615000.01,615000.01,615000.01,1,1
2017-11-26,10000046,25623,23404.27,19007.02,30000,10,4
2017-11-26,10000046,25624,1600904.89,1600904.89,1600904.89,2,2
2017-11-26,10000046,25625,1450000.01,1450000.01,1450000.02,6,3
2017-11-26,10000046,25715,1399999,1399999,1399999,5,1
2017-11-26,10000046,25718,5999986.71,5999986.71,5999986.71,1,1
2017-11-26,10000046,25719,150000,150000,150000,12,1
2017-11-26,10000046,25810,1599999,1599999,1599999,1,1
2017-11-26,10000046,25861,69998.9,69998.9,69998.9,122,29
2017-11-26,10000046,25887,30000.01,30000.01,30000.01,13,1
2017-11-26,10000046,25894,19499999.3,19499999.27,19499999.35,15,5
2017-11-26,10000046,25896,29999498.14,29999498.14,29999498.14,1,1
2017-11-26,10000046,25898,27954222,27954222,27954222,1,1
2017-11-26,10000046,25908,9999996.05,9999996.05,9999996.05,1,1
2017-11-26,10000046,25948,5723181.8,5719999.99,5724999.99,11,7
2017-11-26,10000046,26008,21000000,21000000,21000000,1,1
2017-11-26,10000046,26016,7000000,7000000,7000000,1,1
2017-11-26,10000046,26020,8000000,8000000,8000000,1,1
2017-11-26,10000046,26028,10000000,10000000,10000000,1,1
2017-11-26,10000046,26076,2300000,2300000,2300000,2,2
2017-11-26,10000046,26082,2400000.55,2400000.55,2400000.55,2,2
2017-11-26,10000046,26088,8550000.16,8450000,8750000,7,3
2017-11-26,10000046,26253,250000,250000,250000,1,1
2017-11-26,10000046,26254,199798.84,199798.84,199798.84,1,1
2017-11-26,10000046,26257,4000000,4000000,4000000,1,1
2017-11-26,10000046,26258,200000,200000,200000,1,1
2017-11-26,10000046,26259,799999.29,799999.29,799999.29,1,1
2017-11-26,10000046,26302,137000000.55,137000000.54,137000000.55,2,2
2017-11-26,10000046,26374,42250000.17,42000000.27,42749999.99,3,3
2017-11-26,10000046,26436,12748988.73,12748988.73,12748988.73,1,1
2017-11-26,10000046,26440,19999999.99,19999999.99,19999999.99,2,2
2017-11-26,10000046,26442,19999999.99,19999999.99,19999999.99,1,1
2017-11-26,10000046,26444,15000000.55,15000000.55,15000000.55,1,1
2017-11-26,10000046,26892,7299999,7299999,7299999,1,1
2017-11-26,10000046,26912,3700000,3700000,3700000,2,2
2017-11-26,10000046,26914,4088887.87,4088887.87,4088887.87,4,1
2017-11-26,10000046,26929,149820.06,139383.42,150000,59,45
2017-11-26,10000046,26931,2000000,2000000,2000000,1,1
2017-11-26,10000046,27068,1999999,1999999,1999999,1,1
2017-11-26,10000046,27074,1450000,1450000,1450000,1,1
2017-11-26,10000046,27115,3800000,3800000,3800000,1,1
2017-11-26,10000046,27127,1597000,1495000,1999999.99,10,10
2017-11-26,10000046,27143,2027753.34,1999999.99,2500000,35,29
2017-11-26,10000046,27175,999999,999999,999999,2,2
2017-11-26,10000046,27315,1199.99,1199.99,1199.99,2653,6
2017-11-26,10000046,27321,1199.99,1199.99,1199.99,10865,13
2017-11-26,10000046,27327,1199.99,1199.99,1199.99,2316,4
2017-11-26,10000046,27331,150,150,150,129,1
2017-11-26,10000046,27333,1498.99,10.05,1499,6566,9
2017-11-26,10000046,27339,3397.99,3397.99,3397.99,8500,5
2017-11-26,10000046,27345,3100.55,3100.55,3100.55,5653,7
2017-11-26,10000046,27351,2800.54,2800.54,2800.54,8403,9
2017-11-26,10000046,27359,3200,3200,3200,15121,13
2017-11-26,10000046,27361,1239,1239,1476.98,47042,35
2017-11-26,10000046,27367,349.97,349.97,349.97,2500,3
2017-11-26,10000046,27371,1499.97,1499.96,1499.97,34301,30
2017-11-26,10000046,27381,999.99,999.86,1019.99,41575,54
2017-11-26,10000046,27387,1468.99,1466.59,1469,44368,47
2017-11-26,10000046,27391,350,350,350,1000,1
2017-11-26,10000046,27395,3999.98,3999.98,3999.98,2750,3
2017-11-26,10000046,27435,1998,1998,1998,1929,3
2017-11-26,10000046,27441,1500,1500,1500,27120,6
2017-11-26,10000046,27447,1500.52,1500.52,1500.52,1760,2
2017-11-26,10000046,27453,1990,1990,1990,700,2
2017-11-26,10000046,27902,3548799.98,3548799.98,3548799.98,1,1
2017-11-26,10000046,27912,1000000,1000000,1000000,3,1
2017-11-26,10000046,27914,2087009.49,1857116.61,2099998.96,11,9
2017-11-26,10000046,27916,1658227.72,1591965.39,1691965.92,74,18
2017-11-26,10000046,27918,2498967.53,2498800,2498997.99,26,6
2017-11-26,10000046,27920,1275786.99,1275786.99,1275786.99,9,2
2017-11-26,10000046,27932,999999,999999,999999,1,1
2017-11-26,10000046,28073,8999997.49,8999997.49,8999997.49,1,1
2017-11-26,10000046,28211,1749999.99,1749999.99,1749999.99,1,1
2017-11-26,10000046,28324,3899,3899,3899,255,1
2017-11-26,10000046,28328,1994.99,1994.99,1994.99,2500,3
2017-11-26,10000046,28332,1375.28,1350,1400.55,10000,4
2017-11-26,10000046,28334,900.54,900.54,900.54,3500,4
2017-11-26,10000046,28336,549.99,549.99,549.99,4173,4
2017-11-26,10000046,28363,1,1,1,1,1
2017-11-26,10000046,28364,1,1,1,1,1
2017-11-26,10000046,28388,350030.2,350000.28,350100,20,3
2017-11-26,10000046,28390,431554.99,431554.99,431554.99,30,1
2017-11-26,10000046,28393,364000.56,364000.56,364000.56,92,4
2017-11-26,10000046,28418,335000,335000,335000,64,3
2017-11-26,10000046,28576,1253836.77,1244999.93,1350634.11,29,13
2017-11-26,10000046,28578,1490000,1400000,1500000,30,3
2017-11-26,10000046,28646,7400000.28,7400000,7400000.55,2,2
2017-11-26,10000046,28668,28749.99,28749.99,28749.99,13551,136
2017-11-26,10000046,28674,800000,800000,800000,3,1
2017-11-26,10000046,28756,31833331.32,31000000,32249996.99,3,3
2017-11-26,10000046,28758,39499997.03,39499997.03,39499997.03,1,1
2017-11-26,10000046,28999,24999.94,24998,24999.99,36,27
2017-11-26,10000046,29001,18461.85,14242.33,25000,40,31
2017-11-26,10000046,29003,69001,69001,69001,3,1
2017-11-26,10000046,29005,9999.99,9999.99,9999.99,3,2
2017-11-26,10000046,29007,10000,10000,10000,8,5
2017-11-26,10000046,29009,10999.98,10999.98,10999.98,115,72
2017-11-26,10000046,29011,11999.98,11999.98,11999.98,262,91
2017-11-26,10000046,29013,21999.98,21999.98,22000,17,7
2017-11-26,10000046,29015,19994,19994,19994,5,3
2017-11-26,10000046,29029,149999999.61,149999999.61,149999999.61,1,1
2017-11-26,10000046,29248,799999.99,799999.99,799999.99,1,1
2017-11-26,10000046,29340,120000000,120000000,120000000,1,1
2017-11-26,10000046,29344,75000000,75000000,75000000,1,1
2017-11-26,10000046,29984,142499999.86,100000000,184999999.72,4,4
2017-11-26,10000046,29988,148999999.99,148999999.99,148999999.99,1,1
2017-11-26,10000046,30013,11989.9,11989.9,11989.91,233,20
2017-11-26,10000046,30028,99994.65,99993.96,99994.99,73,10
2017-11-26,10000046,30486,448999.99,448999.99,448999.99,128,18
2017-11-26,10000046,30488,424998.99,424998.97,424999,161,20
2017-11-26,10000046,30497,5000.16,5000.16,5000.16,13,5
2017-11-26,10000046,30545,14999999.91,14999999.91,14999999.91,1,1
2017-11-26,10000046,30547,5999999.99,5999999.99,5999999.99,1,1
2017-11-26,10000046,30551,9999999.98,9999999.98,9999999.98,1,1
2017-11-26,10000046,30552,15000000,15000000,15000000,1,1
2017-11-26,10000046,30554,9999999.99,9999999.99,9999999.99,1,1
2017-11-26,10000046,30651,3348999.81,2848999.84,3848999.77,2,2
2017-11-26,10000046,30832,2300000,2300000,2300000,4,4
2017-11-26,10000046,30834,2221666.66,2220000,2225000,3,3
2017-11-26,10000046,30836,1600000,1600000,1600000,9,2
2017-11-26,10000046,30987,499994.91,499994.89,499994.91,55,26
2017-11-26,10000046,30997,348759.95,348759.95,348759.95,1,1
2017-11-26,10000046,31009,1899999.99,1899999.98,1899999.99,2,2
2017-11-26,10000046,31011,2349499.99,1699999.99,2999000,12,9
2017-11-26,10000046,31023,2700000.55,2700000.55,2700000.55,5,5
2017-11-26,10000046,31035,2199994.9,2199994.9,2199994.9,4,3
2017-11-26,10000046,31045,906763.99,906763.99,906763.99,12,10
2017-11-26,10000046,31047,3387499.99,3384999.99,3388999.99,16,10
2017-11-26,10000046,31051,15000000,15000000,15000000,1,1
2017-11-26,10000046,31055,3363571.41,3359999.98,3364999.99,21,12
2017-11-26,10000046,31057,12160571.31,11937499.95,12249799.86,7,7
2017-11-26,10000046,31063,1897654,1897654,1897654,5,3
2017-11-26,10000046,31065,10500000,7500000,15000000,5,5
2017-11-26,10000046,31071,45000000.55,45000000.55,45000000.55,1,1
2017-11-26,10000046,31083,999995.57,999995,999995.98,12,6
2017-11-26,10000046,31085,2618958.32,2089999.97,3500000,8,5
2017-11-26,10000046,31089,11999999,11999999,11999999,2,1
2017-11-26,10000046,31091,48000000,48000000,48000000,2,1
2017-11-26,10000046,31105,379989.97,379989.97,379989.97,10,7
2017-11-26,10000046,31107,2599999,2599999,2599999,1,1
2017-11-26,10000046,31111,6000000,6000000,6000000,1,1
2017-11-26,10000046,31113,19999999,19999999,19999999,1,1
2017-11-26,10000046,31117,343157.82,338000,344999.9,19,7
2017-11-26,10000046,31119,2461428.52,2459999.95,2464999.92,35,16
2017-11-26,10000046,31125,13949999.97,13899999.96,14000000,6,4
2017-11-26,10000046,31131,1000000,1000000,1000000,1,1
2017-11-26,10000046,31153,264727.27,264000,268000,33,21
2017-11-26,10000046,31155,2726428.54,2724999.96,2729999.97,7,5
2017-11-26,10000046,31159,683404.14,679999.96,689999.99,47,18
2017-11-26,10000046,31161,1621733.27,1620000,1624999.96,75,26
2017-11-26,10000046,31165,4892857.07,4749999.98,4999999.9,14,11
2017-11-26,10000046,31167,17749999.98,17749999.95,17750000,2,2
2017-11-26,10000046,31171,4344871.79,4299999.99,4500000,39,37
2017-11-26,10000046,31173,14474999.98,14474999.98,14474999.98,1,1
2017-11-26,10000046,31177,342117.64,340000,343999.98,34,28
2017-11-26,10000046,31179,1883571.43,1880000,1885000,7,6
2017-11-26,10000046,31183,7966666.55,7500000,7999999.94,15,13
2017-11-26,10000046,31185,14499971.75,14249944,14749999.5,4,4
2017-11-26,10000046,31201,219799.94,219799.92,219799.95,2,2
2017-11-26,10000046,31213,374555.55,374000,378999.99,27,13
2017-11-26,10000046,31238,200000,200000,200000,1,1
2017-11-26,10000046,31274,296785.42,295000,299999.36,28,27
2017-11-26,10000046,31276,1424774.69,1399775.93,1499771.55,20,15
2017-11-26,10000046,31280,5481644.21,5249999.98,5944899,9,8
2017-11-26,10000046,31282,32999855.34,32999855.34,32999855.34,1,1
2017-11-26,10000046,31288,2999999,2999999,2999999,3,3
2017-11-26,10000046,31298,249999.96,249999.96,249999.96,7,3
2017-11-26,10000046,31322,291199.93,279999.98,299999.9,25,15
2017-11-26,10000046,31324,1349898.98,1349898.98,1349898.98,4,2
2017-11-26,10000046,31328,3969999.9,3969999.9,3969999.9,3,3
2017-11-26,10000046,31358,1499992.35,1499989.73,1499999.86,39,30
2017-11-26,10000046,31360,3820357.14,3819000,3825000,14,12
2017-11-26,10000046,31364,6499999.39,6499998.99,6499999.99,5,4
2017-11-26,10000046,31366,24118750,24100000,24125000,4,4
2017-11-26,10000046,31370,299937.48,298999.98,314000,16,10
2017-11-26,10000046,31372,1728998.46,1724999.96,1729999,35,20
2017-11-26,10000046,31378,13362499.72,13349999.96,13399999,4,4
2017-11-26,10000046,31448,2000000,2000000,2000000,1,1
2017-11-26,10000046,31454,500000,500000,500000.01,8,7
2017-11-26,10000046,31478,999988.48,999988.48,999988.49,7,6
2017-11-26,10000046,31480,584999.95,584999.95,584999.95,3,3
2017-11-26,10000046,31484,4499999.94,4499999.92,4499999.97,11,7
2017-11-26,10000046,31486,9879988,9879988,9879988,2,1
2017-11-26,10000046,31490,900000,900000,900000,1,1
2017-11-26,10000046,31526,1099999.87,1099999,1099999.95,12,11
2017-11-26,10000046,31532,9785322.59,9785322.57,9785322.61,2,2
2017-11-26,10000046,31538,1075000,1075000,1075000,15,11
2017-11-26,10000046,31540,4499998.56,4499998.56,4499998.56,2,2
2017-11-26,10000046,31562,1248273.11,1199999.86,1399989.5,58,25
2017-11-26,10000046,31568,4000000.55,4000000.55,4000000.55,2,1
2017-11-26,10000046,31586,1499999,1499999,1499999,1,1
2017-11-26,10000046,31588,1946500,1946000,1946999.99,4,4
2017-11-26,10000046,31594,29999999.99,29999999.99,29999999.99,2,2
2017-11-26,10000046,31598,521708.33,421999.99,626000,72,37
2017-11-26,10000046,31600,2999999.53,2999998.97,2999999.96,25,19
2017-11-26,10000046,31604,9999856.06,9999856.06,9999856.06,2,2
2017-11-26,10000046,31606,24999999.99,24999999.99,24999999.99,1,1
2017-11-26,10000046,31608,399999,399999,399999,5,5
2017-11-26,10000046,31610,1788999.98,1788999.98,1788999.98,3,3
2017-11-26,10000046,31614,12444467.09,12444467.09,12444467.09,2,2
2017-11-26,10000046,31616,24999868.33,24999868.33,24999868.33,1,1
2017-11-26,10000046,31620,549285.69,544999.97,559999.99,14,14
2017-11-26,10000046,31626,10000000,10000000,10000000,1,1
2017-11-26,10000046,31634,1999999.94,1999999.94,1999999.94,2,2
2017-11-26,10000046,31650,12399999.99,12399999.99,12399999.99,1,1
2017-11-26,10000046,31668,349999.83,349999.82,349999.83,8,8
2017-11-26,10000046,31670,1000000,1000000,1000000,1,1
2017-11-26,10000046,31680,349993.96,349993.95,349993.96,7,6
2017-11-26,10000046,31686,4499999.27,4499999,4500000,26,26
2017-11-26,10000046,31716,98996.91,98986.47,99994.98,95,60
2017-11-26,10000046,31718,379894.52,379894.46,379894.54,27,25
2017-11-26,10000046,31722,3249999.98,3249999.98,3250000,3,3
2017-11-26,10000046,31724,5883332.59,5749999,5974998.95,18,13
2017-11-26,10000046,31740,84999.54,84999.54,84999.54,1,1
2017-11-26,10000046,31742,434838.55,433995.7,439897.14,21,17
2017-11-26,10000046,31748,6449999,6449999,6449999,2,1
2017-11-26,10000046,31752,148460.63,147998.99,148802.59,47,44
2017-11-26,10000046,31753,125000,125000,125000,2,1
2017-11-26,10000046,31754,888884.76,888884.67,888885.17,39,32
2017-11-26,10000046,31758,2649998.5,2600000,2699996.99,2,2
2017-11-26,10000046,31760,5263333.28,5250000,5279999.88,9,8
2017-11-26,10000046,31778,1000000,1000000,1000000,1,1
2017-11-26,10000046,31788,393815.94,390000,394999.99,75,42
2017-11-26,10000046,31790,2125000,2124999.97,2144989,133,74
2017-11-26,10000046,31794,7339285.67,7249999.94,7500000,14,8
2017-11-26,10000046,31796,29236111.08,29125000,29249999.94,9,5
2017-11-26,10000046,31802,2488529.21,2484998.95,2489999.99,17,7
2017-11-26,10000046,31864,2000000,2000000,2000000,3,1
2017-11-26,10000046,31872,2500000,2500000,2500000,5,3
2017-11-26,10000046,31874,3195951.6,1200000.36,3449988.34,39,12
2017-11-26,10000046,31876,4124999.93,4100000,4349397.98,154,42
2017-11-26,10000046,31878,4833323.28,4833323.28,4833323.28,10,3
2017-11-26,10000046,31882,6399994.97,6399994.97,6399994.97,2,1
2017-11-26,10000046,31884,3449644.98,3449644.98,3449644.99,11,3
2017-11-26,10000046,31900,62499997.9,62499997.9,62499997.9,2,1
2017-11-26,10000046,31926,31949999.98,29000000,34899999.96,2,2
2017-11-26,10000046,31928,10449999.97,10000000,10899999.94,4,4
2017-11-26,10000046,31930,44999999.83,44999999.83,44999999.83,1,1
2017-11-26,10000046,31932,37937497.74,37750000,37999996.99,4,3
2017-11-26,10000046,31942,48749999.94,4999999.9,57499999.95,6,5
2017-11-26,10000046,31944,54999999.97,54999999.97,54999999.97,1,1
2017-11-26,10000046,31998,199999,199999,199999,119,9
2017-11-26,10000046,32006,145000,145000,145000,619,39
2017-11-26,10000046,32014,269999.43,269999.43,319999.94,331,30
2017-11-26,10000046,32035,3399999.74,3399999.74,3399999.74,3,2
2017-11-26,10000046,32043,2749898.92,2749898.92,2749898.92,2,1
2017-11-26,10000046,32047,45458996,45458996,45458996,2,1
2017-11-26,10000046,32071,2199999.53,2199999.53,2199999.53,2,2
2017-11-26,10000046,32772,1596325.5,1589461.13,1599757.69,3,3
2017-11-26,10000046,32774,72249.96,72249.96,72249.96,5,5
2017-11-26,10000046,32780,997995.92,997995.91,997995.92,3,2
2017-11-26,10000046,32782,30,30,30,1800,11
2017-11-26,10000046,32787,30769.79,30769.79,30769.8,40,8
2017-11-26,10000046,32819,1664000,1664000,1664000,5,5
2017-11-26,10000046,32872,1305714.29,1200000,1350000,7,7
2017-11-26,10000046,32874,1350000,1350000,1350000,17,6
2017-11-26,10000046,32876,1399968.97,1399968.96,1399968.98,3,3
2017-11-26,10000046,32878,1094965.93,1094965.9,1094965.99,38,35
2017-11-26,10000046,32880,439888.85,439000,439999.96,18,18
2017-11-26,10000046,32918,400000,400000,400000,1,1
2017-11-26,10000046,33000,8000000,8000000,8000000,1,1
2017-11-26,10000046,33001,8000000,8000000,8000000,1,1
2017-11-26,10000046,33003,1524336.56,1515000,1525000.1,12,7
2017-11-26,10000046,33007,300000,300000,300000,1,1
2017-11-26,10000046,33011,49999.98,49999.98,49999.98,1,1
2017-11-26,10000046,33076,399082.56,299999.99,432998.97,72,25
2017-11-26,10000046,33078,1999999.84,1999999.84,1999999.84,4,4
2017-11-26,10000046,33091,1699799.84,1699799.84,1699799.84,2,2
2017-11-26,10000046,33092,300000,300000,300000,2,2
2017-11-26,10000046,33093,833333.31,300000,1899999.93,3,3
2017-11-26,10000046,33095,1986228.06,1986228.06,1986228.06,1,1
2017-11-26,10000046,33096,1999698.87,1999698.87,1999698.87,4,4
2017-11-26,10000046,33097,2000000,2000000,2000000,1,1
2017-11-26,10000046,33101,453636.99,450000.64,500000.53,11,11
2017-11-26,10000046,33176,200000,199999.99,200000,5,5
2017-11-26,10000046,33178,350000,350000,350000,2,2
2017-11-26,10000046,33180,222499.15,90000,248998.98,6,6
2017-11-26,10000046,33195,158.5,158.5,158.5,45,2
2017-11-26,10000046,33332,30250.75,30250.75,30250.75,119,4
2017-11-26,10000046,33399,7999999.82,7999999.82,7999999.82,1,1
2017-11-26,10000046,33450,2900000.54,2900000.54,2900000.54,15,3
2017-11-26,10000046,33468,64998998.97,64998998.97,64998998.97,1,1
2017-11-26,10000046,33470,210333333.51,198000000,235000000.53,3,3
2017-11-26,10000046,33474,2917500,1000000,4000000,14,10
2017-11-26,10000046,33475,9258863.11,8999996.05,9399998.9,74,43
2017-11-26,10000046,33520,50999998.88,50999998.87,50999998.88,2,2
2017-11-26,10000046,33699,224899.84,224899.84,224899.84,1,1
2017-11-26,10000046,33706,15000,15000,15000,5,2
2017-11-26,10000046,33816,73999997.84,73999997.84,73999997.84,1,1
2017-11-26,10000046,33818,249999999.97,249999999.96,249999999.98,4,4
2017-11-26,10000046,33822,209999.91,209999.91,209999.91,3,3
2017-11-26,10000046,33824,1986562.49,1984999.98,2099999.98,16,15
2017-11-26,10000046,33842,142000000,142000000,142000000,1,1
2017-11-26,10000046,33844,127000000.36,126000000.55,127500000.27,3,3
2017-11-26,10000046,33846,130000000,130000000,130000000,1,1
2017-11-26,10000046,33890,969564.88,969564.88,969564.89,8,4
2017-11-26,10000046,33892,4399997.89,4399997.85,4399997.92,4,2
2017-11-26,10000046,33894,4217631.56,4214999.99,4219999.97,19,8
2017-11-26,10000046,33896,8856249.84,8799999.43,8874999.98,12,5
2017-11-26,10000046,33898,39999849.09,39999845.39,39999852.78,6,2
2017-11-26,10000046,33915,88833.33,88500,89000,3,3
2017-11-26,10000046,34201,89748.27,89748.27,89748.27,6,3
2017-11-26,10000046,34202,50000,50000,50000,1,1
2017-11-26,10000046,34203,115005.29,115005.29,115005.29,17,4
2017-11-26,10000046,34204,515999.99,250000,895999.98,17,4
2017-11-26,10000046,34205,29999.16,29999.16,29999.16,11,3
2017-11-26,10000046,34206,300000,300000,300000,8,4
2017-11-26,10000046,34207,587413.52,587413.52,587413.52,2,1
2017-11-26,10000046,34264,3598999.99,3598999.99,3598999.99,8,2
2017-11-26,10000046,34266,399995,399995,399995,1,1
2017-11-26,10000046,34317,59750000,58500000,61000000,4,4
2017-11-26,10000046,34390,1999999.65,1999999.65,1999999.65,1,1
2017-11-26,10000046,34562,46950000,46950000,46950000,1,1
2017-11-26,10000046,34828,59332666.67,55000000,67998000,3,3
2017-11-26,10000046,35074,1850000,1850000,1850000,1,1
2017-11-26,10000046,35150,955000,955000,955000,1,1
2017-11-26,10000046,35656,17772.53,1241.15,45000,27,15
2017-11-26,10000046,35657,83704.31,65000.05,144490.9,17,12
2017-11-26,10000046,35658,38888.89,15000.02,45000,54,43
2017-11-26,10000046,35659,21031.92,10000,32499.41,53,33
2017-11-26,10000046,35660,25874.88,15000,29894,63,27
2017-11-26,10000046,35661,270726.34,201000.08,329950,74,17
2017-11-26,10000046,35662,217625.07,201000.08,466999.98,32,13
2017-11-26,10000046,35680,3003999.65,2003999.65,4003999.64,2,2
2017-11-26,10000046,35683,48000000,48000000,48000000,1,1
2017-11-26,10000046,35685,1499993.93,1499993.93,1499993.93,1,1
2017-11-26,10000046,35770,100000,100000,100000,7,2
2017-11-26,10000046,35771,2200000,2200000,2200000,3,3
2017-11-26,10000046,35789,1800000,1800000,1800000,2,2
2017-11-26,10000046,35790,2195000,2195000,2195000,11,8
2017-11-26,10000046,35794,24999.99,24999.99,24999.99,19,6
2017-11-26,10000046,35795,24999.28,24999,25000,18,8
2017-11-26,10000046,36910,6888888.84,6888888.83,6888888.85,4,3
2017-11-26,10000046,36912,9999999.99,9999999.99,9999999.99,1,1
2017-11-26,10000046,37457,3800000,3800000,3800000,5,2
2017-11-26,10000046,37479,485000,480000,490000,2,2
2017-11-26,10000046,37480,75000000,60000000,90000000,2,2
2017-11-26,10000046,37544,91999.96,5000,149999.94,5,3
2017-11-26,10000046,37545,2500.02,2500.02,2500.02,6,5
2017-11-26,10000046,37608,1425217.32,1400000.21,1689996.98,23,16
2017-11-26,10000046,37610,1505571.6,1500000.32,1599997,31,13
2017-11-26,10000046,37611,1400000.28,1400000.28,1400000.28,11,9
2017-11-26,10000046,40328,5999970.08,5999970.08,5999970.08,1,1
2017-11-26,10000046,40334,9998.98,9998.98,9998.98,3,1
2017-11-26,10000046,40335,9999.99,9999.99,9999.99,3,1
2017-11-26,10000046,40346,6899999.87,6899999.87,6899999.87,3,1
2017-11-26,10000046,40354,44999998.98,44999998.97,44999998.98,4,2
2017-11-26,10000046,40519,393888860.76,393888860.76,393888860.76,1,1
2017-11-26,10000046,40520,833994098.03,833991979.75,833999982.09,34,28
2017-11-26,10000046,40557,15559491.72,15498300,16239999,61,6
2017-11-26,10000046,40559,12249999,12249999,12249999,9,1
2017-11-26,10000046,40572,149999999.48,149999999.48,149999999.48,1,1
2017-11-26,10000046,40573,148749999.88,148749999.88,148749999.88,1,1
2017-11-26,10000046,41031,3076.92,1750,19000,13,6
2017-11-26,10000046,41032,6055.18,1750,24998,27,10
2017-11-26,10000046,41033,333332.33,49999,899999,3,3
2017-11-26,10000046,41034,27141.5,25000.13,39989.7,14,7
2017-11-26,10000046,41054,394999.98,259000.04,395000,103,21
2017-11-26,10000046,41055,444406.67,409000.01,490000,75,21
2017-11-26,10000046,41056,440999.98,390000,450000,140,31
2017-11-26,10000046,41057,3599999.97,3599999.97,3599999.97,2,2
2017-11-26,10000046,41155,13998.04,13997.99,13999.99,74,12
2017-11-26,10000046,41200,380000000,380000000,380000000,1,1
2017-11-26,10000046,41218,38124999.99,38124999.99,38124999.99,2,1
2017-11-26,10000046,41220,89249998.99,88999998.99,89999998.97,4,3
2017-11-26,10000046,41415,172500000,172500000,172500000,4,1
2017-11-26,10000046,41489,18999,18999,18999,119,3
2017-11-26,10000046,41490,999898.99,999898.99,999898.99,309,8
2017-11-26,10000046,41493,160000000.54,160000000.54,160000000.54,1,1
2017-11-26,10000046,42244,77555524.38,77555524.38,77555524.38,1,1
2017-11-26,10000046,42526,1500000,1500000,1500000,1,1
2017-11-26,10000046,42529,1919199,1919199,1919199,2,2
2017-11-26,10000046,42530,1500000,1500000,1500000,1,1
2017-11-26,10000046,42695,1000,1000,1000,600,1
2017-11-26,10000046,42696,1000,1000,1000,200,2
2017-11-26,10000046,42829,1800,1800,1800,21570,8
2017-11-26,10000046,42830,939.99,939.99,939.99,24400,8
2017-11-26,10000046,42832,1000,1000,1000,591,1
2017-11-26,10000046,42838,1000,1000,1000,150,1
2017-11-26,10000046,42839,1000,1000,1000,300,1
2017-11-26,10000046,42840,1000,1000,1000,3726,3
2017-11-26,10000046,43551,7999999.99,7999999.99,7999999.99,3,2
2017-11-26,10000046,43555,4800000,4800000,4800000,1,1
2017-11-26,10000046,43556,4500000,4500000,4500000,2,1
2017-11-26,10000046,43699,294999.99,294999.99,294999.99,1,1
2017-11-26,10000046,43702,165349.99,140899.99,189799.98,2,2
2017-11-26,10000046,43767,7500000,7500000,7500000,1,1
2017-11-26,10000046,43774,7000000,7000000,7000000,1,1
2017-11-26,10000046,43788,7500000,7500000,7500000,1,1
2017-11-26,10000046,43896,2960000,2960000,2960000,4,1
2017-11-26,10000046,44067,239999999.45,239999999.45,239999999.45,1,1
2017-11-26,10000046,44102,3499907.22,3499899.49,3499999.99,13,12
2017-11-26,10000046,44992,2957030.67,2957030.02,3000000,7792,21
2017-11-26,10000046,45010,134999.99,134999.99,134999.99,3,2
2017-11-26,10000046,45501,35,35,35,72,1
2017-11-26,10000046,45589,69999999.99,69999999.98,69999999.99,2,2
2017-11-26,10000046,45590,22000000,22000000,22000000,2,2
2017-11-26,10000046,45591,69514221.92,69514221.92,69514221.92,1,1
2017-11-26,10000046,45601,39000000,39000000,39000000,2,2
2017-11-26,10000046,45602,89999997.99,89999997.99,89999997.99,1,1
2017-11-26,10000046,45603,65741777,65741777,65741777,1,1
2017-11-26,10000046,45608,89999997.96,89999997.96,89999997.96,1,1
2017-11-26,10000046,45613,74999999.99,74999999.99,74999999.99,1,1
2017-11-26,10000046,45614,89999996.99,89999996.99,89999997,3,3
2017-11-26,10000046,45625,14999999.99,14999999.99,14999999.99,1,1
2017-11-26,10000046,45626,38000000,38000000,38000000,1,1
2017-11-26,10000046,45633,39999997.95,39999997.95,39999997.95,1,1
2017-11-26,10000046,45635,181692307.69,180000000,202000000.01,13,12
2017-11-26,10000046,45746,2499969.46,2499969.4,2499969.49,7,7
2017-11-26,10000046,45748,14799998.77,14799998.77,14799998.77,5,5
2017-11-26,10000046,45749,43999999.67,43999999.64,43999999.69,2,2
2017-11-26,10000046,45750,29749999.52,29749999.52,29749999.53,3,3
2017-11-26,10000046,45755,800000,800000,800000,1,1
2017-11-26,10000046,45770,1000000,1000000,1000000,2,2
2017-11-26,10000046,45810,750000,750000,750000,2,2
2017-11-26,10000046,45824,950000,950000,950000,1,1
2017-11-26,10000046,45829,850000,850000,850000,3,3
2017-11-26,10000046,45832,20000000,20000000,20000000,1,1
2017-11-26,10000046,45835,1500000,1500000,1500000,1,1
2017-11-26,10000046,45847,3000000,3000000,3000000,1,1
2017-11-26,10000046,45863,1000000,1000000,1000000,1,1
2017-11-26,10000046,45895,1749999.99,1749999.99,1749999.99,1,1
2017-11-26,10000046,45905,5000000,5000000,5000000,1,1
2017-11-26,10000046,45949,1100000,1100000,1100000,3,3
2017-11-26,10000046,45974,2500000,2500000,2500000,1,1
2017-11-26,10000046,45975,2000000,2000000,2000000,1,1
2017-11-26,10000046,45998,2296666.67,2245000,2400000,3,3
2017-11-26,10000046,46008,17503835.79,15000000,19999999.98,34,32
2017-11-26,10000046,46152,24999999.69,24999999.69,24999999.69,1,1
2017-11-26,10000046,46154,34999998.74,34999998.74,34999998.74,1,1
2017-11-26,10000046,46155,34999999.23,34999999.23,34999999.23,1,1
2017-11-26,10000046,46156,45999998.37,45999998.35,45999998.38,2,2
2017-11-26,10000046,46355,164000,164000,164000,4,2
2017-11-26,10000046,46365,427555.91,160000,516741.21,8,3
2017-11-26,10000046,46366,2899987,2899987,2899987,2,1
2017-11-26,10000046,46367,450000,450000,450000,2,1
2017-11-26,10000046,46369,418000.29,168999.99,750000.69,14,5
2017-11-26,10000046,46371,164999.67,164999,165000,6,3
2017-11-26,10000046,46372,2789990,2789990,2789990,2,1
2017-11-26,10000047,19,200,200,200,357,3
2017-11-26,10000047,21,20.01,20.01,20.01,26,1
2017-11-26,10000047,22,3000.01,3000.01,3746.26,2459,5
2017-11-26,10000047,34,4.51,4.01,5.1,121210992,97
2017-11-26,10000047,35,3,2.09,4.87,43848140,72
2017-11-26,10000047,36,68,68,71.99,35773709,72
2017-11-26,10000047,37,40,40,40,4012619,60
2017-11-26,10000047,38,281,245.09,319,1146573,57
2017-11-26,10000047,39,962,945,962,374120,61
2017-11-26,10000047,40,991.02,901.01,1000,189219,57
2017-11-26,10000047,44,15000,15000,15000,1793,3
2017-11-26,10000047,180,25,25,25,4000,2
2017-11-26,10000047,185,17.95,17.95,17.95,21000,1
2017-11-26,10000047,201,150,150,150,1999,1
2017-11-26,10000047,207,39.99,39.99,39.99,83008,12
2017-11-26,10000047,208,48.98,48,50,40000,3
2017-11-26,10000047,209,45.96,45.96,45.96,30000,1
2017-11-26,10000047,219,10,10,10,1000,1
2017-11-26,10000047,222,24.5,24.5,24.5,466000,6
2017-11-26,10000047,225,25,25,25,23000,3
2017-11-26,10000047,230,60,60,79.99,314412,16
2017-11-26,10000047,239,17,17,17,3,3
2017-11-26,10000047,240,56,56,56,2,2
2017-11-26,10000047,241,57,57,57,4,3
2017-11-26,10000047,242,24,24,24,2,1
2017-11-26,10000047,243,40.2,40.2,40.2,2,2
2017-11-26,10000047,245,50,50,50,1,1
2017-11-26,10000047,246,1031.21,46.84,2999.95,3,3
2017-11-26,10000047,247,1045.39,1045.39,1045.39,7,4
2017-11-26,10000047,248,2995,2995,2995,8,1
2017-11-26,10000047,249,823.18,417.2,1432.16,20,7
2017-11-26,10000047,250,282.1,282.1,282.1,8,5
2017-11-26,10000047,251,240,240,240,2,2
2017-11-26,10000047,252,424.01,125.01,4311,14,10
2017-11-26,10000047,253,222,222,222,10,6
2017-11-26,10000047,254,6887.05,585.65,12995,23,8
2017-11-26,10000047,255,2665.63,2665.63,2665.63,10,5
2017-11-26,10000047,256,1992,1992,1992,12,9
2017-11-26,10000047,257,3509.03,3509.03,3509.03,13,7
2017-11-26,10000047,258,3014.76,2820,4183.29,14,10
2017-11-26,10000047,259,3522,3522,3522,11,4
2017-11-26,10000047,260,15342.76,3246,35000,21,10
2017-11-26,10000047,261,86305.33,1225.17,200000,19,7
2017-11-26,10000047,262,44525.89,20000,69051.78,2,2
2017-11-26,10000047,264,700.07,700.07,700.07,125,2
2017-11-26,10000047,380,474284.57,200000,529999,14,9
2017-11-26,10000047,394,234997.5,229995,240000,4,4
2017-11-26,10000047,400,304466.22,299200,314998.65,6,4
2017-11-26,10000047,434,57451.19,49999.99,59995,9,9
2017-11-26,10000047,438,2924998.33,2475000,3149997.49,3,3
2017-11-26,10000047,439,34997.08,19998.99,49995,6,5
2017-11-26,10000047,440,4574997,4499995,4750000,10,7
2017-11-26,10000047,444,10000,10000,10000,2,2
2017-11-26,10000047,448,1684552.23,1500000,1799000,47,33
2017-11-26,10000047,482,1024038.06,899999.04,1250000,26,6
2017-11-26,10000047,483,20000,20000,20000,2,1
2017-11-26,10000047,488,38999,38999,38999,3,1
2017-11-26,10000047,503,56800,56800,56800,2,1
2017-11-26,10000047,519,1208265.07,1039005,1700000,19,11
2017-11-26,10000047,526,150000,150000,150000,1,1
2017-11-26,10000047,527,1126770.81,950000,1140358.68,16,12
2017-11-26,10000047,530,14800,14800,14800,2,2
2017-11-26,10000047,573,2000000,2000000,2000000,2,1
2017-11-26,10000047,578,115874.26,114999.99,115999.15,8,5
2017-11-26,10000047,583,231000,43000,325000,3,3
2017-11-26,10000047,584,340000,340000,340000,1,1
2017-11-26,10000047,585,236558.53,150000,250984.95,7,4
2017-11-26,10000047,586,308333.33,262500,400000,3,3
2017-11-26,10000047,589,250000,250000,250000,1,1
2017-11-26,10000047,590,200000,200000,200000,1,1
2017-11-26,10000047,591,250000,250000,250000,1,1
2017-11-26,10000047,592,349995.01,349995.01,349995.01,1,1
2017-11-26,10000047,593,298397.8,11999,369997.5,5,4
2017-11-26,10000047,594,350000,350000,350000,3,3
2017-11-26,10000047,596,1,1,1,1,1
2017-11-26,10000047,597,11000.01,11000.01,11000.01,7,1
2017-11-26,10000047,598,200000,200000,200000,3,2
2017-11-26,10000047,601,5000,5000,5000,1,1
2017-11-26,10000047,602,161549.5,23099,300000,2,2
2017-11-26,10000047,605,439698,349995,499500,10,10
2017-11-26,10000047,607,463887.78,450000,499995,9,9
2017-11-26,10000047,608,200000,200000,200000,1,1
2017-11-26,10000047,609,410000,270000,550000,2,2
2017-11-26,10000047,620,7374999.5,6000000,8749998.99,2,2
2017-11-26,10000047,621,6541664.92,6500000,7499995,12,6
2017-11-26,10000047,622,7906110.46,7700000,8318331.39,3,3
2017-11-26,10000047,623,8293776.77,8293776.77,8293776.77,1,1
2017-11-26,10000047,624,7000000,7000000,7000000,2,2
2017-11-26,10000047,626,9249996.25,8500000,9499995,4,2
2017-11-26,10000047,627,7156850.45,6313705.95,7999994.95,2,2
2017-11-26,10000047,629,9799999.99,9799999.99,9799999.99,2,1
2017-11-26,10000047,631,7500000.48,7500000.48,7500000.48,5,1
2017-11-26,10000047,633,6000000,6000000,6000000,1,1
2017-11-26,10000047,638,173367532.2,161000000,179999998.98,11,10
2017-11-26,10000047,641,141499997.49,123000000,159999994.97,2,2
2017-11-26,10000047,642,164999999.59,155000000.36,169999999,4,3
2017-11-26,10000047,644,159000000.02,159000000.02,159000000.02,1,1
2017-11-26,10000047,645,158333333.33,150000000,175000000,3,3
2017-11-26,10000047,648,1195464.79,1040932.58,1349997,4,4
2017-11-26,10000047,649,1039798,999995,1200000,5,4
2017-11-26,10000047,650,888887.33,888887,888888,3,3
2017-11-26,10000047,652,1399995,1399995,1399995,1,1
2017-11-26,10000047,653,1024998.75,1024998.75,1024998.75,1,1
2017-11-26,10000047,654,1272776.28,1049997,1495555.56,4,4
2017-11-26,10000047,655,1039630.48,868943.5,1350000,13,13
2017-11-26,10000047,656,1152160.31,999999.5,1302138.95,8,7
2017-11-26,10000047,657,1790657.39,1531150.43,2000000,7,7
2017-11-26,10000047,672,63222.7,59999.98,75000,9,8
2017-11-26,10000047,690,5999999,5999999,5999999,1,1
2017-11-26,10000047,937,5999999,5999999,5999999,1,1
2017-11-26,10000047,944,5999999,5999999,5999999,1,1
2017-11-26,10000047,945,5999999,5999999,5999999,1,1
2017-11-26,10000047,1143,999999,999999,999999,1,1
2017-11-26,10000047,1182,79607.24,68058.41,409699.69,24,10
2017-11-26,10000047,1183,674704.29,649995,699000,17,9
2017-11-26,10000047,1185,64200,64200,64200,4,1
2017-11-26,10000047,1197,125000,125000,125000,2,1
2017-11-26,10000047,1223,500,500,500,66,2
2017-11-26,10000047,1225,300.01,300.01,300.01,73,2
2017-11-26,10000047,1231,61,61,61,35,1
2017-11-26,10000047,1232,50.01,50.01,50.01,93,1
2017-11-26,10000047,1236,649995.98,250002.04,699994.72,13,6
2017-11-26,10000047,1248,1296248.8,889994.9,1999999.69,8,5
2017-11-26,10000047,1274,50000,50000,50000,1,1
2017-11-26,10000047,1296,500000.01,500000.01,500000.01,2,2
2017-11-26,10000047,1304,4000,4000,4000,1,1
2017-11-26,10000047,1306,295991.09,280000,303449.32,12,9
2017-11-26,10000047,1317,26879.55,22000,27950,22,7
2017-11-26,10000047,1319,479999,397500,499995,167,51
2017-11-26,10000047,1335,320468.37,280000,399999.73,32,9
2017-11-26,10000047,1353,141000,141000,141000,4,1
2017-11-26,10000047,1355,772383.92,744999.99,786999,13,8
2017-11-26,10000047,1403,35685.26,30584.8,44000,14,5
2017-11-26,10000047,1405,649995,649995,689898,106,47
2017-11-26,10000047,1422,630000,40000.01,840000,4,4
2017-11-26,10000047,1436,1733999.73,1689999.92,1799999.44,5,5
2017-11-26,10000047,1445,29000,29000,29000,1,1
2017-11-26,10000047,1447,797726.85,699995,809999.86,66,19
2017-11-26,10000047,1541,988094.67,500000,1043989.99,16,14
2017-11-26,10000047,1553,999399.5,998799,999999.99,8,8
2017-11-26,10000047,1565,1499999.99,1499999.99,1499999.99,1,1
2017-11-26,10000047,1808,80000,80000,80000,2,1
2017-11-26,10000047,1877,1278825.81,1195000,1290000,64,11
2017-11-26,10000047,1944,1499998.33,1199995,1650000,3,3
2017-11-26,10000047,1952,1262781.86,1199900,1699999.99,61,39
2017-11-26,10000047,1964,1499999.98,1499999.98,1499999.98,4,3
2017-11-26,10000047,1978,1448597.32,1399995,1480997.98,20,16
2017-11-26,10000047,1987,979627.01,450000,999997.84,27,20
2017-11-26,10000047,1999,1098610.75,1049999.91,1199995,36,26
2017-11-26,10000047,2006,8249996,7999995,8499996.99,2,2
2017-11-26,10000047,2018,41000,41000,41000,1,1
2017-11-26,10000047,2024,1359999.95,1329999.86,1375000,3,2
2017-11-26,10000047,2032,514290.82,479995,549999.94,67,32
2017-11-26,10000047,2038,969947.23,969895,969999.45,2,2
2017-11-26,10000047,2046,27333.33,16000,50000,3,3
2017-11-26,10000047,2048,549999,540223.83,549999.94,165,119
2017-11-26,10000047,2104,1200000,1200000,1200000,1,1
2017-11-26,10000047,2173,16883.14,1200.73,19995,77,13
2017-11-26,10000047,2175,1100000,1030000,1159899.57,145,25
2017-11-26,10000047,2183,18386.78,500,20000,82,14
2017-11-26,10000047,2185,949995,949995,1039698.02,109,17
2017-11-26,10000047,2193,108150.19,100000,125000,161,13
2017-11-26,10000047,2195,2099997.08,2092995,2099997.09,146,26
2017-11-26,10000047,2203,2300,2300,2300,120,4
2017-11-26,10000047,2204,999999,999999,999999,1,1
2017-11-26,10000047,2205,399999.88,399999.88,429995,218,53
2017-11-26,10000047,2254,279360.21,238080.64,300000,3,2
2017-11-26,10000047,2281,3448195.99,2900000,3448198.55,122,81
2017-11-26,10000047,2293,140000,140000,140000,1,1
2017-11-26,10000047,2299,1770126.35,1699995,1796666.67,22,19
2017-11-26,10000047,2301,2330347.87,2280000,2448993.62,37,36
2017-11-26,10000047,2303,1948385.96,1699995,2250000,31,27
2017-11-26,10000047,2310,0.02,0.02,0.02,50000,1
2017-11-26,10000047,2317,8000,8000,8000,413,2
2017-11-26,10000047,2319,12998,12998,12998,6460,2
2017-11-26,10000047,2328,9500,9500,9500,1760,2
2017-11-26,10000047,2329,9995,9995,9995,260,1
2017-11-26,10000047,2333,1136359.54,1099995,1300000,11,8
2017-11-26,10000047,2346,100000,100000,100000,126,1
2017-11-26,10000047,2348,130000,130000,130000,1021,2
2017-11-26,10000047,2349,78000,78000,78000,2,2
2017-11-26,10000047,2361,60000,60000,60000,2,2
2017-11-26,10000047,2364,1400465.82,1099995,1700000,15,12
2017-11-26,10000047,2389,210.01,210.01,210.01,13163,1
2017-11-26,10000047,2390,400,400,400,59420,2
2017-11-26,10000047,2392,590,590,590,144470,4
2017-11-26,10000047,2393,299,299,299,17769,2
2017-11-26,10000047,2395,700,700,700,5000,1
2017-11-26,10000047,2396,450,450,450,3217,1
2017-11-26,10000047,2397,849,849,849,16280,3
2017-11-26,10000047,2398,400,400,400,111720,4
2017-11-26,10000047,2399,500,500,500,101346,2
2017-11-26,10000047,2400,395,395,395,519800,5
2017-11-26,10000047,2401,419.38,419.38,419.38,17032,2
2017-11-26,10000047,2403,8250000,7500000,8999999.99,2,2
2017-11-26,10000047,2404,1115943.81,1106775.27,1118999.99,4,2
2017-11-26,10000047,2406,1371822.37,1249999.99,1493644.74,4,4
2017-11-26,10000047,2410,1364277.3,1338999.98,1599999.08,38,14
2017-11-26,10000047,2420,5622221.92,5200000,5699999.72,17,4
2017-11-26,10000047,2444,27000,27000,27000,18,4
2017-11-26,10000047,2446,1823254.46,1600000,1938999.93,47,11
2017-11-26,10000047,2454,2967.11,2000,3000,38,9
2017-11-26,10000047,2456,385000,380000,445959,221,29
2017-11-26,10000047,2463,7000,7000,7000,1584,2
2017-11-26,10000047,2464,5000,5000,5000,2,1
2017-11-26,10000047,2466,533326.66,449985,599999.99,27,3
2017-11-26,10000047,2486,5282.42,23.51,8696.1,94,7
2017-11-26,10000047,2488,400000,390000,449195,227,38
2017-11-26,10000047,2495,688815.02,649999.99,805260.1,4,4
2017-11-26,10000047,2505,773636.36,749999.99,809090.91,5,5
2017-11-26,10000047,2506,250,250,250,500,1
2017-11-26,10000047,2510,495.73,495.73,495.73,1000,1
2017-11-26,10000047,2524,236671.43,150000,300000,21,11
2017-11-26,10000047,2525,196250,150000,345000,4,4
2017-11-26,10000047,2531,599995.03,599995.03,599995.03,1,1
2017-11-26,10000047,2533,300000,300000,300000,2,1
2017-11-26,10000047,2534,196184.62,150000,450000,13,7
2017-11-26,10000047,2539,1029998.83,980000,1049999,6,6
2017-11-26,10000047,2547,744999,744999,744999,5,2
2017-11-26,10000047,2549,288007.25,195000,474021.74,6,5
2017-11-26,10000047,2550,298571.43,195000,300000,7,5
2017-11-26,10000047,2551,306666.67,195000,500000,6,4
2017-11-26,10000047,2553,1059438.78,1029995,1199999.99,18,13
2017-11-26,10000047,2559,1799999.99,1799999.99,1799999.99,1,1
2017-11-26,10000047,2563,1693333.3,1589999.95,1900000,6,2
2017-11-26,10000047,2567,1925000,1800000,2050000,8,2
2017-11-26,10000047,2571,1749999,1749999,1749999,4,1
2017-11-26,10000047,2575,1889999,1889999,1889999,4,1
2017-11-26,10000047,2603,16665.66,9998.99,19999,6,3
2017-11-26,10000047,2605,352333.73,319995,379900,49,30
2017-11-26,10000047,2613,98.94,98.94,98.94,10000,5
2017-11-26,10000047,2621,624.94,600,624.94,270000,10
2017-11-26,10000047,2637,700,700,700,9800,4
2017-11-26,10000047,2679,169.97,169.97,169.97,1500,1
2017-11-26,10000047,2817,155.2,155.2,155.2,150,1
2017-11-26,10000047,2867,2289999.99,2289999.99,2289999.99,23,1
2017-11-26,10000047,2869,2099999.99,2099999.99,2099999.99,47,5
2017-11-26,10000047,2870,1143750,900000,1199999.99,8,4
2017-11-26,10000047,2871,2601265.82,2500000,2699999.99,79,4
2017-11-26,10000047,2872,2999999.99,2999999.99,2999999.99,5,2
2017-11-26,10000047,2873,525000,525000,525000,6,2
2017-11-26,10000047,2875,1609999.99,1609999.99,1609999.99,40,3
2017-11-26,10000047,2876,2588659.86,2500000.08,2999999.99,97,4
2017-11-26,10000047,2889,559181,558999,559999.99,11,4
2017-11-26,10000047,2905,552123.75,549500,559995,16,4
2017-11-26,10000047,2913,1749999.44,1749999,1749999.99,9,2
2017-11-26,10000047,2921,1400000,1400000,1400000,4,1
2017-11-26,10000047,2937,1459999.99,1419999.99,1499999.98,8,3
2017-11-26,10000047,2961,6899999.72,6899999.72,6899999.72,8,1
2017-11-26,10000047,2969,2295262.53,1010000.01,2299999,19,5
2017-11-26,10000047,2977,1087035.07,899995,1195000,17,5
2017-11-26,10000047,2993,616662.5,599995,699999.99,24,2
2017-11-26,10000047,2998,55800009.55,31400030,74999998.64,6,6
2017-11-26,10000047,3001,438995,438995,438995,12,3
2017-11-26,10000047,3017,789898.72,789898.72,789898.72,1,1
2017-11-26,10000047,3033,789999.99,789999.99,789999.99,9,2
2017-11-26,10000047,3041,628999.99,628999.99,628999.99,2,1
2017-11-26,10000047,3049,3499999.73,3499999.73,3499999.73,5,1
2017-11-26,10000047,3057,5499997.8,5499997.8,5499997.8,2,1
2017-11-26,10000047,3065,4869999.93,4869999.93,4869999.93,12,2
2017-11-26,10000047,3074,870526.6,755003.03,899995,17,4
2017-11-26,10000047,3082,2449999.99,2449999.99,2449999.99,129,25
2017-11-26,10000047,3090,5199995,5150000,5199999.72,137,19
2017-11-26,10000047,3098,467977.5,359999.99,499995,10,6
2017-11-26,10000047,3130,1889423.35,1880000,1899999,10,3
2017-11-26,10000047,3146,1546685.74,1350028.61,1940000,9,4
2017-11-26,10000047,3162,533500,533500,533500,5,2
2017-11-26,10000047,3178,720443.1,400000,760498.49,27,6
2017-11-26,10000047,3184,2000000,2000000,2000000,1,1
2017-11-26,10000047,3186,5950000,5950000,5950000,7,1
2017-11-26,10000047,3242,48333.33,45000,50000,3,3
2017-11-26,10000047,3244,1640246.26,1599995,1799799.99,35,29
2017-11-26,10000047,3256,8159797.83,7849899.5,9299392.42,5,5
2017-11-26,10000047,3265,7463333.1,7389999.83,7499999.73,3,2
2017-11-26,10000047,3293,216980,139000,250400,10,4
2017-11-26,10000047,3296,36500,36500,36500,1,1
2017-11-26,10000047,3297,64802.97,12000,100420,17,6
2017-11-26,10000047,3301,28000,28000,28000,1,1
2017-11-26,10000047,3302,71000,30000,111999.99,2,2
2017-11-26,10000047,3303,30000,30000,30000,1,1
2017-11-26,10000047,3304,124999.85,124999.85,124999.85,3,3
2017-11-26,10000047,3305,124999.8,124999.8,124999.8,1,1
2017-11-26,10000047,3306,120000,120000,120000,1,1
2017-11-26,10000047,3307,2399999.74,2399999.74,2399999.74,3,3
2017-11-26,10000047,3308,2499999.86,2499999.86,2499999.86,1,1
2017-11-26,10000047,3309,2399999.85,2399999.85,2399999.85,1,1
2017-11-26,10000047,3310,48000,48000,48000,1,1
2017-11-26,10000047,3316,83998,83998,83998,1,1
2017-11-26,10000047,3317,120000,120000,120000,1,1
2017-11-26,10000047,3320,20000,20000,20000,1,1
2017-11-26,10000047,3321,36666.66,30000,49999.99,3,3
2017-11-26,10000047,3322,30000,30000,30000,2,2
2017-11-26,10000047,3323,36000,36000,36000,2,2
2017-11-26,10000047,3324,119999.99,119999.98,119999.99,2,2
2017-11-26,10000047,3325,479999.93,479999.93,479999.93,2,2
2017-11-26,10000047,3326,420000,420000,420000,2,2
2017-11-26,10000047,3327,30000,30000,30000,1,1
2017-11-26,10000047,3328,57577.95,52000,79889.73,5,2
2017-11-26,10000047,3330,47999.5,47999,48000,2,2
2017-11-26,10000047,3331,54999.8,54999.8,54999.8,1,1
2017-11-26,10000047,3332,649999.61,649999.61,649999.61,2,2
2017-11-26,10000047,3334,699999.99,699999.99,700000,3,3
2017-11-26,10000047,3335,652498.48,619999.73,749994.73,4,4
2017-11-26,10000047,3336,4749999.86,4699999.73,4799999.99,2,2
2017-11-26,10000047,3339,4799999.8,4799999.8,4799999.8,1,1
2017-11-26,10000047,3340,433331.57,399997.37,499999.98,3,3
2017-11-26,10000047,3342,325000,325000,325000,1,1
2017-11-26,10000047,3343,350000,350000,350000,3,3
2017-11-26,10000047,3349,1350000,1350000,1350000,1,1
2017-11-26,10000047,3350,249999.99,249999.99,249999.99,1,1
2017-11-26,10000047,3351,599999.99,599999.99,599999.99,1,1
2017-11-26,10000047,3355,30000,30000,30000,1,1
2017-11-26,10000047,3373,1189999.99,1189999.99,1189999.99,1,1
2017-11-26,10000047,3385,74333.33,74333.33,74333.33,1,1
2017-11-26,10000047,3388,399999.99,399999.99,399999.99,1,1
2017-11-26,10000047,3394,72000,72000,72000,1,1
2017-11-26,10000047,3395,96000,96000,96000,1,1
2017-11-26,10000047,3396,2399999.98,2399999.98,2399999.98,2,2
2017-11-26,10000047,3397,1249999.99,1249999.99,1249999.99,1,1
2017-11-26,10000047,3398,30000000,30000000,30000000,2,2
2017-11-26,10000047,3406,399995,399995,399995,1,1
2017-11-26,10000047,3410,550000,550000,550000,1,1
2017-11-26,10000047,3416,45000,45000,45000,1,1
2017-11-26,10000047,3421,155998.62,155998.62,155998.62,2,2
2017-11-26,10000047,3423,159500.5,139999.99,179001,2,2
2017-11-26,10000047,3427,143997.8,143997.8,143997.8,2,2
2017-11-26,10000047,3430,600000,600000,600000,1,1
2017-11-26,10000047,3431,120000,120000,120000,1,1
2017-11-26,10000047,3433,129999.74,129999.74,129999.74,1,1
2017-11-26,10000047,3434,96000,96000,96000,2,2
2017-11-26,10000047,3437,48000,48000,48000,1,1
2017-11-26,10000047,3438,59999.87,59999.87,59999.87,2,2
2017-11-26,10000047,3439,240000,240000,240000,1,1
2017-11-26,10000047,3440,259999.8,259999.8,259999.8,3,3
2017-11-26,10000047,3441,659999.99,599999.99,900000,5,5
2017-11-26,10000047,3442,749999.99,749999.99,749999.99,2,2
2017-11-26,10000047,3444,120000,120000,120000,1,1
2017-11-26,10000047,3451,38999.92,38999.92,38999.92,3,3
2017-11-26,10000047,3455,36000,36000,36000,1,1
2017-11-26,10000047,3456,14999000,14999000,14999000,1,1
2017-11-26,10000047,3496,1954539.69,1900000,1999987.4,11,8
2017-11-26,10000047,3504,2746230.5,2729995,2900000.01,10,8
2017-11-26,10000047,3512,1500000,1500000,1500000,4,1
2017-11-26,10000047,3520,1861915.04,1789995,1888885.05,11,3
2017-11-26,10000047,3530,1836204.9,1599995,1899999.95,24,17
2017-11-26,10000047,3540,2158570.67,1999995,2162000,7,7
2017-11-26,10000047,3552,680,680,680,250,2
2017-11-26,10000047,3554,1050,825,1050,500,3
2017-11-26,10000047,3568,883656.17,809995,939999.63,77,40
2017-11-26,10000047,3578,2094995,2094995,2094995,1,1
2017-11-26,10000047,3608,1399995,1399995,1399995,1,1
2017-11-26,10000047,3616,21850000,21850000,21850000,1,1
2017-11-26,10000047,3645,400,400,400,37230,3
2017-11-26,10000047,3651,0.01,0.01,0.01,5,5
2017-11-26,10000047,3683,350,350,350,337275,4
2017-11-26,10000047,3685,1,1,1,55,2
2017-11-26,10000047,3689,7000,7000,7000,22522,8
2017-11-26,10000047,3691,10000,10000,10000,1840,3
2017-11-26,10000047,3693,15000,15000,15000,3500,2
2017-11-26,10000047,3695,10000,10000,10000,3180,2
2017-11-26,10000047,3699,50,50,50,1,1
2017-11-26,10000047,3725,12000,12000,12000,2166,3
2017-11-26,10000047,3756,54579984.61,54579984.21,54579985,2,2
2017-11-26,10000047,3766,349993.61,349993.61,349993.61,1,1
2017-11-26,10000047,3775,18000,18000,18000,140,1
2017-11-26,10000047,3828,11000,11000,11000,4080,5
2017-11-26,10000047,3829,39142.85,1000,49999.98,7,6
2017-11-26,10000047,3831,820860.07,799995,1099999.99,29,21
2017-11-26,10000047,3839,42000,42000,42000,3,2
2017-11-26,10000047,3841,1200000,1200000,1342818.62,126,71
2017-11-26,10000047,3888,1289831.78,1099995,1449999.99,36,15
2017-11-26,10000047,3995,2499998.54,2499998.54,2499998.54,9,2
2017-11-26,10000047,4025,70957.31,20000.04,119995,24,11
2017-11-26,10000047,4027,171066.65,58000,495000,15,11
2017-11-26,10000047,4051,22999.72,22999.72,22999.72,3000,1
2017-11-26,10000047,4247,18000,18000,18000,97874,5
2017-11-26,10000047,4248,6390000,6390000,6390000,2,1
2017-11-26,10000047,4250,1767022.19,1000800.11,2399999.81,9,6
2017-11-26,10000047,4254,1057311.57,1037017.36,1097899.99,3,3
2017-11-26,10000047,4256,2699996.15,2699995,2700000,13,2
2017-11-26,10000047,4258,2099996.65,1999999.98,2299990,3,3
2017-11-26,10000047,4260,1599998,1599998,1599998,1,1
2017-11-26,10000047,4292,104999999,104999999,104999999,1,1
2017-11-26,10000047,4302,78999999.5,78999999,79000000,2,2
2017-11-26,10000047,4306,60159999.99,47050000,68899999.99,5,5
2017-11-26,10000047,4310,61776375.57,58164566,68999994.72,3,3
2017-11-26,10000047,4383,1682531.66,1574997.26,1922597.96,6,6
2017-11-26,10000047,4391,167666,165000,168999,3,3
2017-11-26,10000047,4393,71010.61,65800,77000,9,5
2017-11-26,10000047,4395,727657.52,499000,799999.93,29,14
2017-11-26,10000047,4397,4799999.99,4799999.99,4799999.99,1,1
2017-11-26,10000047,4399,7949999.98,7899999.97,7999999.99,2,2
2017-11-26,10000047,4401,26754898.96,26754898.96,26754898.96,1,1
2017-11-26,10000047,4403,614517.27,600000,655000,7,7
2017-11-26,10000047,4405,1577166.06,1399995,1749999.92,132,55
2017-11-26,10000047,4411,719983.23,719983.23,719983.23,1,1
2017-11-26,10000047,4471,38281.18,843.55,57000,3,2
2017-11-26,10000047,4477,49949.86,40000,59899.72,2,2
2017-11-26,10000047,4529,25000,25000,25000,1,1
2017-11-26,10000047,4533,50000,50000,50000,2,2
2017-11-26,10000047,4573,77560,245,85000,4,4
2017-11-26,10000047,4609,1500,1500,1500,3,3
2017-11-26,10000047,4613,19333.33,2000,53999.99,3,3
2017-11-26,10000047,4615,1500,1500,1500,1,1
2017-11-26,10000047,4831,998.33,214,4920,6,5
2017-11-26,10000047,4833,126015.67,90000,179995,11,7
2017-11-26,10000047,4871,11799.5,2500,48997.5,10,8
2017-11-26,10000047,5009,132,132,132,1,1
2017-11-26,10000047,5011,58502.68,51129.7,80000,7,5
2017-11-26,10000047,5047,1600.01,1600.01,1600.01,5,3
2017-11-26,10000047,5049,20000,20000,20000,5,4
2017-11-26,10000047,5051,30000,30000,30000,5,4
2017-11-26,10000047,5053,1308,1308,1308,5,4
2017-11-26,10000047,5137,20285.7,12000,69999.93,7,3
2017-11-26,10000047,5141,700.42,700.42,700.42,3,2
2017-11-26,10000047,5179,800000,800000,800000,6,1
2017-11-26,10000047,5239,36107.84,151,125999.94,7,4
2017-11-26,10000047,5245,27214.29,100,95000,7,4
2017-11-26,10000047,5279,90000.01,90000.01,90000.01,2,1
2017-11-26,10000047,5299,50000.02,50000.02,50000.02,1,1
2017-11-26,10000047,5301,186935.48,125000,189000,31,2
2017-11-26,10000047,5340,300000.01,300000.01,300000.01,1,1
2017-11-26,10000047,5365,86447.36,4000,168894.72,2,2
2017-11-26,10000047,5399,22088.63,1118.18,85000.02,8,8
2017-11-26,10000047,5403,80400.69,70806.38,89995,4,4
2017-11-26,10000047,5405,30831.55,29998,45000,18,4
2017-11-26,10000047,5439,5973.62,558.09,22220.23,8,5
2017-11-26,10000047,5443,179999.79,169999.8,249999.72,8,5
2017-11-26,10000047,5445,38576,35995,48900,5,2
2017-11-26,10000047,5599,22000,22000,22000,1,1
2017-11-26,10000047,5631,45000,45000,45000,3,1
2017-11-26,10000047,5649,10,10,10,1,1
2017-11-26,10000047,5683,50000,50000,50000,2,2
2017-11-26,10000047,5697,40000,40000,40000,2,2
2017-11-26,10000047,5723,50003.85,50003.85,50003.85,1,1
2017-11-26,10000047,5747,1,1,1,1,1
2017-11-26,10000047,5755,40000,40000,40000,20,6
2017-11-26,10000047,5757,1000,1000,1000,17,3
2017-11-26,10000047,5759,50003.05,50003.05,50003.05,16,2
2017-11-26,10000047,5839,990199.96,720001.89,1439994.41,33,23
2017-11-26,10000047,5849,30000,30000,30000,1,1
2017-11-26,10000047,5945,310000.01,310000.01,310000.01,31,9
2017-11-26,10000047,5955,167172.43,60000,184999.99,23,13
2017-11-26,10000047,5971,41325.69,40000,49995,20,19
2017-11-26,10000047,5973,563587.94,494997.5,767999.09,39,28
2017-11-26,10000047,5975,62650.41,29995,119999.99,34,24
2017-11-26,10000047,6001,78759.42,52499.93,129994.72,6,6
2017-11-26,10000047,6003,54492.25,29995,78989.5,4,4
2017-11-26,10000047,6005,22279.47,16998,24997.5,12,10
2017-11-26,10000047,6131,101,101,101,5,3
2017-11-26,10000047,6135,99999.71,99999.71,99999.71,1,1
2017-11-26,10000047,6160,35787.89,24499.99,49995,13,9
2017-11-26,10000047,6173,95954.49,89997.5,99888.72,5,5
2017-11-26,10000047,6296,2964.29,125,20000,7,4
2017-11-26,10000047,6325,39999.55,39999.55,39999.55,2,1
2017-11-26,10000047,6485,12592.6,111.12,75000,6,3
2017-11-26,10000047,6569,47629.9,41497.5,59894.71,3,3
2017-11-26,10000047,6635,296875,250000,300000,16,3
2017-11-26,10000047,6675,200000,200000,200000,1,1
2017-11-26,10000047,6719,1050.04,1050.04,1050.04,1,1
2017-11-26,10000047,6809,60000.15,60000.15,60000.15,1,1
2017-11-26,10000047,6811,1283324.72,1283324.72,1283324.72,1,1
2017-11-26,10000047,6923,208972.29,180000,300000,44,8
2017-11-26,10000047,6959,102430,4050,250000,10,6
2017-11-26,10000047,6963,702239.55,499995,946553.54,15,5
2017-11-26,10000047,6999,1305.25,1305.24,1305.25,6,5
2017-11-26,10000047,7001,30000.01,30000,30000.01,11,6
2017-11-26,10000047,7003,2000.52,2000.28,2001,3,3
2017-11-26,10000047,7005,7500,7500,7500,1,1
2017-11-26,10000047,7045,40585.1,40585.1,40585.1,2,1
2017-11-26,10000047,7049,12000,12000,12000,2,2
2017-11-26,10000047,7085,100000,100000,100000,3,2
2017-11-26,10000047,7087,292776.44,120000,374999.5,9,7
2017-11-26,10000047,7123,170000,170000,170000,2,2
2017-11-26,10000047,7125,170000,170000,170000,3,2
2017-11-26,10000047,7127,180001.01,180001.01,180001.01,1,1
2017-11-26,10000047,7131,170466.67,170000,171000,15,9
2017-11-26,10000047,7167,273333.33,200000,420000,24,4
2017-11-26,10000047,7169,200000,200000,200000,2,2
2017-11-26,10000047,7171,389407.68,350399.27,450000,24,15
2017-11-26,10000047,7173,225000.12,225000.12,225000.12,12,4
2017-11-26,10000047,7247,450000,450000,450000,1,1
2017-11-26,10000047,7287,722896,722896,722896,6,2
2017-11-26,10000047,7327,654818.21,649994.85,662857.14,8,3
2017-11-26,10000047,7367,1469284.64,1400000,1589995,28,3
2017-11-26,10000047,7373,325000.89,325000.89,325000.89,7,1
2017-11-26,10000047,7447,522666.6,484000,599999.79,24,4
2017-11-26,10000047,7487,697500,655833.33,822500,12,2
2017-11-26,10000047,7535,899798.99,899798.99,899798.99,3,1
2017-11-26,10000047,7579,1250000,1250000,1250000,6,1
2017-11-26,10000047,7703,499947.62,499900,500000,21,3
2017-11-26,10000047,8001,250000.02,250000.02,250000.02,5,1
2017-11-26,10000047,8027,2043747.27,1699995,2249998.63,8,3
2017-11-26,10000047,8089,591817.94,575000,599995,17,4
2017-11-26,10000047,8105,1884705.29,800000,2269995,17,5
2017-11-26,10000047,8117,292885.68,111000.52,596027.61,8,2
2017-11-26,10000047,8133,19999.79,19999.79,19999.79,1,1
2017-11-26,10000047,8177,43650,43650,43650,1,1
2017-11-26,10000047,8225,29999.86,29999.86,29999.86,5,2
2017-11-26,10000047,8263,21666.6,20000,24999.81,6,3
2017-11-26,10000047,8419,113333.31,100000,119999.96,3,2
2017-11-26,10000047,8427,179397.9,99995,198999,10,4
2017-11-26,10000047,8433,472113.63,450000.89,499995,13,5
2017-11-26,10000047,8517,3370567.95,3190000,3536500,22,12
2017-11-26,10000047,8521,199995,199995,199995,2,1
2017-11-26,10000047,8529,181562.31,167997.49,231385.2,24,10
2017-11-26,10000047,8535,1698,1698,1698,4,3
2017-11-26,10000047,8579,69990,69990,69990,1,1
2017-11-26,10000047,8583,12288,12288,12288,1,1
2017-11-26,10000047,8585,58647.06,35000,61800,17,7
2017-11-26,10000047,8641,350887.43,350887.43,350887.43,4,1
2017-11-26,10000047,8748,99597.56,61996.95,250000.01,5,5
2017-11-26,10000047,8863,680000,680000,680000,7,1
2017-11-26,10000047,8869,450000.89,450000.89,450000.89,7,1
2017-11-26,10000047,8903,800000,800000,800000,2,1
2017-11-26,10000047,9135,685000.89,685000.89,685000.89,3,1
2017-11-26,10000047,9556,61000,61000,61000,1,1
2017-11-26,10000047,9568,199995,199995,199995,1,1
2017-11-26,10000047,9580,147685.61,140000,153449.82,7,4
2017-11-26,10000047,9622,133377.43,49995,348221.99,8,8
2017-11-26,10000047,9632,237544.69,229995,429000,32,15
2017-11-26,10000047,9660,83331.67,75000,99995,9,6
2017-11-26,10000047,9668,142851.07,142850.01,142900,47,11
2017-11-26,10000047,9670,801.89,801.89,801.89,1,1
2017-11-26,10000047,9678,195263.07,140350.01,254998.92,59,18
2017-11-26,10000047,9680,0.01,0.01,0.01,1,1
2017-11-26,10000047,9728,140000,140000,140000,10,6
2017-11-26,10000047,9734,140000,140000,140000,7,5
2017-11-26,10000047,9762,130000,130000,130000,7,5
2017-11-26,10000047,9772,152758.09,151550.01,179335.78,69,14
2017-11-26,10000047,9800,140000,140000,140000,7,4
2017-11-26,10000047,9808,141150.01,141150.01,141150.01,42,12
2017-11-26,10000047,9826,1,1,1,95,10
2017-11-26,10000047,9830,11000,11000,11000,7073,5
2017-11-26,10000047,9832,7900,7900,7900,7819,6
2017-11-26,10000047,9834,67000,55000,82000,9,2
2017-11-26,10000047,9836,8600,8600,8600,19189,7
2017-11-26,10000047,9838,7000,7000,7000,4851,7
2017-11-26,10000047,9840,8620.35,8000,12756,23,3
2017-11-26,10000047,9842,2000.01,2000.01,2000.01,65,4
2017-11-26,10000047,9848,80000,80000,80000,4540,10
2017-11-26,10000047,9899,12999999.49,12999998,12999999.99,4,4
2017-11-26,10000047,9941,11499999.87,10999999.87,12999999.73,4,4
2017-11-26,10000047,9942,13666331.54,12999999.99,14998994.65,3,3
2017-11-26,10000047,9943,10999984.46,10999983.99,10999984.69,3,3
2017-11-26,10000047,9950,3400000,3400000,3400000,4,1
2017-11-26,10000047,9956,9597220.9,9594443.29,9599998.5,2,2
2017-11-26,10000047,10040,999999,999999,999999,1,1
2017-11-26,10000047,10151,10000000,10000000,10000000,1,1
2017-11-26,10000047,10155,10000000,10000000,10000000,1,1
2017-11-26,10000047,10156,39999999.99,39999999.99,39999999.99,1,1
2017-11-26,10000047,10190,1220000,1220000,1220000,139,46
2017-11-26,10000047,10204,2299995,2299995,2299995,2,2
2017-11-26,10000047,10208,26631788.8,25184997.5,32488999,5,5
2017-11-26,10000047,10212,25509998.33,24999995,25779999.99,6,6
2017-11-26,10000047,10216,26214284.28,24999999.99,32499999.98,7,7
2017-11-26,10000047,10221,25355268.22,23527059.57,32499999.98,5,5
2017-11-26,10000047,10225,24249999.99,22000000,24999999.99,4,4
2017-11-26,10000047,10246,6975.58,5000,9547.44,81,10
2017-11-26,10000047,10250,1234386.27,1099995,1299999.99,52,9
2017-11-26,10000047,10629,18000,18000,18000,10,1
2017-11-26,10000047,10631,544068.66,539995,548999.94,42,9
2017-11-26,10000047,10680,589937.92,574995,599899.87,5,2
2017-11-26,10000047,10688,135000,135000,135000,5,2
2017-11-26,10000047,10850,574075.95,300000.03,579995,25,6
2017-11-26,10000047,10858,1270247.5,1249995.01,1290499.99,2,2
2017-11-26,10000047,10872,94997.5,89995,100000,2,2
2017-11-26,10000047,10998,83992.71,50000,105795.52,123,35
2017-11-26,10000047,11082,1197000,1197000,1197000,1,1
2017-11-26,10000047,11083,1200000,1200000,1200000,1,1
2017-11-26,10000047,11084,1200000,1200000,1200000,1,1
2017-11-26,10000047,11105,289446.52,281767.83,289995,15,3
2017-11-26,10000047,11129,27800,23500,45000,5,5
2017-11-26,10000047,11132,23499.5,19999,27000,2,2
2017-11-26,10000047,11134,68999.6,41000,190000,10,10
2017-11-26,10000047,11172,34000000,33000000,35000000,2,2
2017-11-26,10000047,11176,27000000,27000000,27000000,2,1
2017-11-26,10000047,11178,36000000,36000000,36000000,5,3
2017-11-26,10000047,11182,27999999.5,26000000,29999998.99,2,2
2017-11-26,10000047,11184,27900000,26000000,28850000,3,2
2017-11-26,10000047,11186,36666666.67,28000000,45000000,9,7
2017-11-26,10000047,11188,31000000,31000000,31000000,1,1
2017-11-26,10000047,11196,31000000,31000000,31000000,3,3
2017-11-26,10000047,11198,30665333.33,29996000,31000000,3,3
2017-11-26,10000047,11200,26823711.11,26823711.11,26823711.11,1,1
2017-11-26,10000047,11202,29733333.67,25000000,34100000,9,6
2017-11-26,10000047,11207,599998.75,599998.75,599998.75,1,1
2017-11-26,10000047,11229,899526.49,899495,899557.98,2,2
2017-11-26,10000047,11269,766688.22,738999.95,769995,32,21
2017-11-26,10000047,11283,2500.01,2500.01,2500.01,130,2
2017-11-26,10000047,11287,7000.07,7000.07,7000.07,952,14
2017-11-26,10000047,11289,3845.75,305.52,4200,18,3
2017-11-26,10000047,11309,60000,60000,60000,4,4
2017-11-26,10000047,11311,60000,60000,60000,12,5
2017-11-26,10000047,11317,240241.4,150000,348995,9,9
2017-11-26,10000047,11319,187500,150000,300000,8,6
2017-11-26,10000047,11325,358063.88,320000.01,569995,31,14
2017-11-26,10000047,11327,330588.24,320000.01,499999.97,17,7
2017-11-26,10000047,11343,1432,1432,1432,3,1
2017-11-26,10000047,11349,15670.03,2087.54,70000,5,3
2017-11-26,10000047,11351,2699.99,2699.99,2699.99,1,1
2017-11-26,10000047,11370,1983252.89,1949999.89,2207900.94,33,26
2017-11-26,10000047,11377,31000000,28500000,32000000,7,4
2017-11-26,10000047,11379,29999999.99,29999999.99,29999999.99,1,1
2017-11-26,10000047,11393,30666666.58,29999999.71,31000000.02,3,3
2017-11-26,10000047,11395,749999.99,749999.99,749999.99,1,1
2017-11-26,10000047,11396,1000.01,1000.01,1000.01,69,1
2017-11-26,10000047,11399,9000,9000,9000.26,22174,17
2017-11-26,10000047,11450,10000000,10000000,10000000,2,2
2017-11-26,10000047,11478,250,250,250,60,1
2017-11-26,10000047,11489,1499999.99,1499999.99,1499999.99,1,1
2017-11-26,10000047,11529,12000000,12000000,12000000,1,1
2017-11-26,10000047,11530,1,1,1,363,1
2017-11-26,10000047,11536,1,1,1,16,1
2017-11-26,10000047,11540,24000.11,24000.11,24000.11,75,2
2017-11-26,10000047,11541,69000,69000,69000,151,2
2017-11-26,10000047,11542,1,1,1,21,1
2017-11-26,10000047,11543,6000.05,6000.05,6000.05,14,2
2017-11-26,10000047,11544,401.3,401.3,401.3,3,1
2017-11-26,10000047,11545,1,1,1,17,1
2017-11-26,10000047,11553,1,1,1,10,1
2017-11-26,10000047,11555,1,1,1,288,1
2017-11-26,10000047,11556,22000,22000,22000,356,1
2017-11-26,10000047,11557,65000,65000,65000,204,3
2017-11-26,10000047,11558,1400.19,1400.19,1400.2,58,3
2017-11-26,10000047,11563,294997.5,239995,350000,4,4
2017-11-26,10000047,11566,200000,200000,200000,1,1
2017-11-26,10000047,11574,2557142.85,2557142.85,2557142.85,1,1
2017-11-26,10000047,11577,3946922.58,2130000.01,4099999.88,13,13
2017-11-26,10000047,11578,6671708.03,6402119.73,7199999.99,44,35
2017-11-26,10000047,11579,3999999.98,3999999.98,3999999.98,1,1
2017-11-26,10000047,11584,85000,85000,85000,1,1
2017-11-26,10000047,11585,4000,4000,4000,2,1
2017-11-26,10000047,11640,688351.46,679499.99,699999.32,51,14
2017-11-26,10000047,11642,1674748.86,1598998.99,1849999.79,12,11
2017-11-26,10000047,11644,2199999.73,1900000.01,2499999.44,2,2
2017-11-26,10000047,11646,2039998.77,2039998.77,2039998.77,2,2
2017-11-26,10000047,11648,1899994.36,1799994.72,2049994.05,5,5
2017-11-26,10000047,11689,20000.05,20000.05,20000.05,38,1
2017-11-26,10000047,11690,24000,24000,24000,5,1
2017-11-26,10000047,11692,1,1,1,22,1
2017-11-26,10000047,11693,1,1,1,36,1
2017-11-26,10000047,11694,100,100,100,63,2
2017-11-26,10000047,11963,271999999.75,271999999.75,271999999.75,1,1
2017-11-26,10000047,11985,250000000,250000000,250000000,1,1
2017-11-26,10000047,11989,213999999.99,213999999.99,213999999.99,1,1
2017-11-26,10000047,11993,216200003.29,178600009.86,235000000,3,2
2017-11-26,10000047,12005,265000000,265000000,265000000,1,1
2017-11-26,10000047,12019,234000000.01,234000000.01,234000000.01,1,1
2017-11-26,10000047,12032,29375000,29000000,31000000,4,3
2017-11-26,10000047,12034,25499833.29,23100000,26000000,6,6
2017-11-26,10000047,12038,26989000,26989000,26989000,1,1
2017-11-26,10000047,12042,30000000.01,30000000.01,30000000.01,1,1
2017-11-26,10000047,12052,270000,270000,270000,2,2
2017-11-26,10000047,12056,88397.39,79994.88,96799.9,2,2
2017-11-26,10000047,12058,3197867.88,2898000,3400000,15,15
2017-11-26,10000047,12068,5078657.25,4999998.4,5157316.09,6,4
2017-11-26,10000047,12076,6381171.62,5550000,6499895.99,16,15
2017-11-26,10000047,12084,9199995,9199995,9199995,40,1
2017-11-26,10000047,12092,1249999.34,1249999.34,1249999.34,1,1
2017-11-26,10000047,12095,4797500,4795000,4800000,2,2
2017-11-26,10000047,12102,3996323.97,3988985,3999993.46,3,3
2017-11-26,10000047,12201,1200000,1200000,1200000,1,1
2017-11-26,10000047,12207,9999999.99,9999999.99,9999999.99,1,1
2017-11-26,10000047,12208,3499999.99,3499999.99,3499999.99,1,1
2017-11-26,10000047,12209,9999999.99,9999999.99,9999999.99,1,1
2017-11-26,10000047,12211,3548999.9,3499999.99,3597999.8,2,2
2017-11-26,10000047,12259,3999999.49,3999999.49,3999999.49,4,4
2017-11-26,10000047,12267,3639997.14,3379995,3899999.28,4,3
2017-11-26,10000047,12274,64248.25,64248.25,64248.25,1,1
2017-11-26,10000047,12305,126666.64,119999.96,139999.99,3,3
2017-11-26,10000047,12346,1890741.79,1883030.77,1899995.01,11,2
2017-11-26,10000047,12365,170000,170000,170000,1,1
2017-11-26,10000047,12366,160000,160000,160000,1,1
2017-11-26,10000047,12367,170000,170000,170000,1,1
2017-11-26,10000047,12441,100000,100000,100000,2,2
2017-11-26,10000047,12442,120000,120000,120000,1,1
2017-11-26,10000047,12486,2399999.99,2399999.99,2399999.99,3,3
2017-11-26,10000047,12557,108200,103000,129000,5,2
2017-11-26,10000047,12559,157142.86,150000,199999.99,28,6
2017-11-26,10000047,12563,81929.88,79999.99,82895,18,5
2017-11-26,10000047,12565,93333.28,89999.81,95000.01,6,2
2017-11-26,10000047,12608,70,70,70,11000,2
2017-11-26,10000047,12612,61.95,61.95,61.95,8615,5
2017-11-26,10000047,12614,38.72,38.72,38.72,22000,3
2017-11-26,10000047,12618,49.95,49.95,49.95,9893,4
2017-11-26,10000047,12620,34.53,34.53,34.53,21003,4
2017-11-26,10000047,12625,48.99,48.99,48.99,65553,8
2017-11-26,10000047,12631,114.5,114.5,114.5,2980,3
2017-11-26,10000047,12633,79.99,79.99,79.99,2500,2
2017-11-26,10000047,12709,73000,60000,79500,3,3
2017-11-26,10000047,12733,170000000,170000000,170000000,1,1
2017-11-26,10000047,12735,169999999,169999999,169999999,1,1
2017-11-26,10000047,12761,590.01,590.01,590.01,10000,1
2017-11-26,10000047,12765,699.96,699.96,699.96,10000,1
2017-11-26,10000047,12767,255,255,255,4842,3
2017-11-26,10000047,12771,234.26,234.26,234.26,4002,2
2017-11-26,10000047,12773,149.95,149.95,149.95,2400,1
2017-11-26,10000047,12777,161.92,161.92,161.92,47906,4
2017-11-26,10000047,12785,104,88.4,109,5600,4
2017-11-26,10000047,12787,236.89,236.89,236.89,1120,1
2017-11-26,10000047,12789,88,28.78,98.78,11564,5
2017-11-26,10000047,12791,212,212,212,5120,3
2017-11-26,10000047,12801,237,235,237,46039,29
2017-11-26,10000047,12805,154.95,154.95,154.95,93280,27
2017-11-26,10000047,12807,345,344.99,350,53019,17
2017-11-26,10000047,12814,322778.54,320000,399999.99,24,4
2017-11-26,10000047,12816,549999.62,549999,549999.99,32,3
2017-11-26,10000047,12818,319999.99,319999.99,319999.99,24,4
2017-11-26,10000047,12820,449999.38,449998.98,449999.98,20,2
2017-11-26,10000047,12822,179000,179000,179000,122,2
2017-11-26,10000047,12824,439899.86,439899.86,439899.86,16,1
2017-11-26,10000047,12826,183900,183900,183900,8,1
2017-11-26,10000047,13001,2279999.93,2100000.01,2399999.87,5,3
2017-11-26,10000047,13003,2199996.25,2199995,2200000,16,4
2017-11-26,10000047,13119,175.01,175.01,175.01,4000,3
2017-11-26,10000047,13216,27199999.94,27199999.94,27199999.94,1,1
2017-11-26,10000047,13233,29450000,25000000,33900000,2,2
2017-11-26,10000047,13261,23599199.73,23000000,23997999.33,5,5
2017-11-26,10000047,13267,1,1,1,20,1
2017-11-26,10000047,13279,476807.09,299998.59,553614.88,4,4
2017-11-26,10000047,13821,6000000,6000000,6000000,1,1
2017-11-26,10000047,13824,12500000,12500000,12500000,4,3
2017-11-26,10000047,13856,250.01,250.01,250.01,1000,1
2017-11-26,10000047,13949,17999999.98,17999999.98,17999999.98,1,1
2017-11-26,10000047,13970,8999999.98,8999999.97,8999999.98,2,2
2017-11-26,10000047,13978,1500000,1500000,1500000,1,1
2017-11-26,10000047,13982,6094999.43,5999999,6189999.85,2,2
2017-11-26,10000047,14013,400000,400000,400000,1,1
2017-11-26,10000047,14070,40000000,40000000,40000000,1,1
2017-11-26,10000047,14072,43164172.46,39999695,43280000,26,14
2017-11-26,10000047,14078,235000,235000,235000,1,1
2017-11-26,10000047,14082,3499999.99,3499999.99,3499999.99,1,1
2017-11-26,10000047,14084,5236109.19,3999995,5999999.9,8,7
2017-11-26,10000047,14090,999000,999000,999000,1,1
2017-11-26,10000047,14096,1650000,1650000,1650000,1,1
2017-11-26,10000047,14130,11400000,11400000,11400000,2,1
2017-11-26,10000047,14136,40500000,40500000,40500000,1,1
2017-11-26,10000047,14146,21000000.01,21000000.01,21000000.01,1,1
2017-11-26,10000047,14154,6999999,6999999,6999999,1,1
2017-11-26,10000047,14248,129999995,129999995,129999995,1,1
2017-11-26,10000047,14268,104999998.33,100000000,107499997.5,3,3
2017-11-26,10000047,14274,1333333,1333333,1333333,12,2
2017-11-26,10000047,14296,5799999.99,5799999.99,5799999.99,1,1
2017-11-26,10000047,14297,5299999.99,5299999.99,5299999.99,1,1
2017-11-26,10000047,14298,6499999.99,6499999.99,6499999.99,1,1
2017-11-26,10000047,15331,556.45,556.45,556.45,1150,26
2017-11-26,10000047,15460,1300000,1300000,1300000,3,3
2017-11-26,10000047,15463,3000000,3000000,3000000,1,1
2017-11-26,10000047,15466,3406000,3406000,3406000,13,3
2017-11-26,10000047,15510,500,500,500,5,1
2017-11-26,10000047,15729,36999995,36999995,36999995,1,1
2017-11-26,10000047,15963,188999997.99,188999997.99,188999997.99,1,1
2017-11-26,10000047,16069,110000,110000,110000,1,1
2017-11-26,10000047,16227,46982503.46,43999990,48400018.61,20,18
2017-11-26,10000047,16229,40277070.08,30701509.39,49852630.78,4,4
2017-11-26,10000047,16233,39537497.5,38999995,49999999.99,8,8
2017-11-26,10000047,16236,537500,75000,1000000,2,2
2017-11-26,10000047,16238,824160.04,785719,862601.08,2,2
2017-11-26,10000047,16240,686488.67,339225,799995.01,9,7
2017-11-26,10000047,16242,453000,450000,650000,66,4
2017-11-26,10000047,16272,278,278,278,35516,3
2017-11-26,10000047,16273,85,85,85,863803,50
2017-11-26,10000047,16274,720,720,720,1261821,16
2017-11-26,10000047,16275,5400,5400,5400,26254,6
2017-11-26,10000047,16278,1999999.71,1999999.71,1999999.71,2,1
2017-11-26,10000047,16281,499999.99,499999.99,499999.99,2,2
2017-11-26,10000047,16299,750000,750000,750000,3,1
2017-11-26,10000047,16303,1000000,1000000,1000000,2,1
2017-11-26,10000047,16329,20000,20000,20000,1,1
2017-11-26,10000047,16339,0.01,0.01,0.01,3,3
2017-11-26,10000047,16343,0.01,0.01,0.01,2,2
2017-11-26,10000047,16347,35.89,35.89,35.89,2,2
2017-11-26,10000047,16353,50000,50000,50000,23,5
2017-11-26,10000047,16355,50000,50000,50000,7,5
2017-11-26,10000047,16357,50000,50000,50000,9,6
2017-11-26,10000047,16359,50000,50000,50000,3,3
2017-11-26,10000047,16361,90001.01,90001.01,90001.01,7,5
2017-11-26,10000047,16363,90000,90000,90000,14,4
2017-11-26,10000047,16365,90000,90000,90000,11,5
2017-11-26,10000047,16367,112221.11,90000,189995,9,7
2017-11-26,10000047,16369,80000,80000,80000,14,6
2017-11-26,10000047,16371,80000,80000,80000,2,1
2017-11-26,10000047,16373,80000,80000,80000,10,7
2017-11-26,10000047,16375,94544.55,80000,159995,11,9
2017-11-26,10000047,16377,70000,70000,70000,2,2
2017-11-26,10000047,16379,70000,70000,70000,3,2
2017-11-26,10000047,16381,70000,70000,70000,4,3
2017-11-26,10000047,16383,91816.82,70000,149995,11,8
2017-11-26,10000047,16389,15000,15000,15000,2,2
2017-11-26,10000047,16391,456672.08,399995,485010.63,3,3
2017-11-26,10000047,16395,1124,1124,1124,1,1
2017-11-26,10000047,16405,1230,1230,1230,1,1
2017-11-26,10000047,16413,3578,3578,3578,1,1
2017-11-26,10000047,16419,900,900,900,1,1
2017-11-26,10000047,16421,1000.01,1000.01,1000.01,3,3
2017-11-26,10000047,16423,1273.01,1273.01,1273.01,2,2
2017-11-26,10000047,16439,84999.99,84999.99,84999.99,1,1
2017-11-26,10000047,16447,70000,70000,70000,3,1
2017-11-26,10000047,16451,190000,190000,190000,1,1
2017-11-26,10000047,16457,2250000.89,2250000.89,2250000.89,2,1
2017-11-26,10000047,16467,139947.36,80000,199894.72,4,3
2017-11-26,10000047,16469,2534.43,2534.43,2534.43,4,4
2017-11-26,10000047,16475,96633.33,60000,114950,6,4
2017-11-26,10000047,16477,67873.75,60000,122990,8,7
2017-11-26,10000047,16481,1500,1500,1500,3,2
2017-11-26,10000047,16483,2500.99,2500.99,2500.99,15,7
2017-11-26,10000047,16485,1000,1000,1000,2,2
2017-11-26,10000047,16487,100000,100000,100000,2,1
2017-11-26,10000047,16495,85000,75000,94999.99,4,2
2017-11-26,10000047,16497,80500.01,80500.01,80500.02,27,14
2017-11-26,10000047,16499,92962.96,80000,150000,27,8
2017-11-26,10000047,16505,27371.53,433.45,189000,7,7
2017-11-26,10000047,16507,43226,452,86000,4,4
2017-11-26,10000047,16519,261627.78,249999.99,281007.44,16,3
2017-11-26,10000047,16537,14799999.95,14799999.95,14799999.95,1,1
2017-11-26,10000047,16598,4200000,4200000,4200000,1,1
2017-11-26,10000047,16642,4500,4500,4500,750,1
2017-11-26,10000047,16650,77000,77000,77000,1650,1
2017-11-26,10000047,16652,63000,63000,63000,8000,2
2017-11-26,10000047,16670,201,201,201,312445,8
2017-11-26,10000047,16671,244,244,244,1624363,6
2017-11-26,10000047,16672,210,210,210,198688,6
2017-11-26,10000047,16673,226,226,226,145140,4
2017-11-26,10000047,16678,370,370,370,684150,8
2017-11-26,10000047,16679,1044.15,1044.15,1044.15,197552,4
2017-11-26,10000047,16680,1652.65,1652.65,1652.65,481,7
2017-11-26,10000047,16681,5720.25,4100,8100,79,5
2017-11-26,10000047,16682,12396,12396,12396,13312,3
2017-11-26,10000047,16683,42978,42978,42978,12886,2
2017-11-26,10000047,17136,35000,35000,35000,867,2
2017-11-26,10000047,17211,613.23,613.23,613.23,6,2
2017-11-26,10000047,17252,1,1,1,1,1
2017-11-26,10000047,17317,84880,84880,84880,385,1
2017-11-26,10000047,17366,86681.78,10000,149999.99,66,19
2017-11-26,10000047,17392,60000,60000,60000,1325,2
2017-11-26,10000047,17440,12.51,12.51,12.51,25,1
2017-11-26,10000047,17441,10.01,10.01,10.01,61,1
2017-11-26,10000047,17444,60,60,60,5,1
2017-11-26,10000047,17445,60,60,60,66,1
2017-11-26,10000047,17476,22799000,22000000,24250000,10,8
2017-11-26,10000047,17478,22408942.53,21999989.75,22817895.31,2,2
2017-11-26,10000047,17480,16381250.14,16000000,19000000,16,16
2017-11-26,10000047,17482,2003426.74,1999995,2100000,70,27
2017-11-26,10000047,17559,72249996.25,70000000,72999995,4,3
2017-11-26,10000047,17636,285000023.06,285000022.5,285000023.61,2,2
2017-11-26,10000047,17715,239499999.99,230000000,248999999.97,2,2
2017-11-26,10000047,17718,89750000,89500000,90000000,2,2
2017-11-26,10000047,17722,239999999.71,239999999.71,239999999.71,2,1
2017-11-26,10000047,17726,359249999.47,358999998.94,359500000,2,2
2017-11-26,10000047,17728,353685659.99,227371325.25,479999994.72,2,2
2017-11-26,10000047,17736,339500000,325000000,354000000,2,2
2017-11-26,10000047,17843,69640152.49,67500000,85000000,26,23
2017-11-26,10000047,17867,60,60,60,45,1
2017-11-26,10000047,17887,875,875,875,580970,18
2017-11-26,10000047,17888,799,799,799,86500,3
2017-11-26,10000047,17889,795,795,795,285423,9
2017-11-26,10000047,17893,60090,60090,60090,2,2
2017-11-26,10000047,17894,142420,142420,142420,3,3
2017-11-26,10000047,17895,66040.01,66040.01,66040.01,1,1
2017-11-26,10000047,17912,3958064.19,3850000,4100000,31,14
2017-11-26,10000047,17918,437000016.76,396000025.15,518999999.99,3,3
2017-11-26,10000047,17920,246000012.61,246000000,246000025.21,2,2
2017-11-26,10000047,17938,86560.85,62444.76,99999.09,19,17
2017-11-26,10000047,17940,749999.99,749999.99,749999.99,1,1
2017-11-26,10000047,17978,10000.01,10000.01,10000.01,12,1
2017-11-26,10000047,18036,124999.99,124999.99,124999.99,4,1
2017-11-26,10000047,18044,92000.02,92000.02,92000.02,26,1
2017-11-26,10000047,18064,69301.91,69301.91,69301.91,8,1
2017-11-26,10000047,18590,699999.99,699999.99,699999.99,18,5
2017-11-26,10000047,18592,588888.88,549999.99,650000,18,4
2017-11-26,10000047,18594,542099.1,494693.76,549999.99,14,3
2017-11-26,10000047,18596,384614.61,300000,499999.99,26,5
2017-11-26,10000047,18624,822221.77,625000,999998.98,18,3
2017-11-26,10000047,18639,39899.07,38999.99,39980.8,12,7
2017-11-26,10000047,18766,4999999.99,4999999.99,4999999.99,2,2
2017-11-26,10000047,18789,82000000,82000000,82000000,1,1
2017-11-26,10000047,18791,4999000,4999000,4999000,1,1
2017-11-26,10000047,18841,11000000,11000000,11000000,1,1
2017-11-26,10000047,18875,55000000,55000000,55000000,1,1
2017-11-26,10000047,18899,30399999,30399999,30399999,1,1
2017-11-26,10000047,18933,48000000,48000000,48000000,1,1
2017-11-26,10000047,18939,74600000,74600000,74600000,1,1
2017-11-26,10000047,18943,67000000,67000000,67000000,1,1
2017-11-26,10000047,18945,88000000,88000000,88000000,1,1
2017-11-26,10000047,18947,94899999,94899999,94899999,1,1
2017-11-26,10000047,19015,39999999.99,39999999.99,39999999.99,2,2
2017-11-26,10000047,19046,173999899.99,173999899.99,173999899.99,1,1
2017-11-26,10000047,19107,29000000,29000000,29000000,1,1
2017-11-26,10000047,19187,37999994.78,37999994.78,37999994.78,1,1
2017-11-26,10000047,19283,11378703.28,11378703.28,11378703.28,1,1
2017-11-26,10000047,19720,1484999999.96,1470000000,1499999999.91,2,2
2017-11-26,10000047,19739,3668022.25,2600009.26,3799995,83,16
2017-11-26,10000047,19744,899995,899995,899995,1,1
2017-11-26,10000047,19759,240000,240000,240000,1,1
2017-11-26,10000047,19760,191999.87,191999.87,191999.87,1,1
2017-11-26,10000047,19761,1200000,1200000,1200000,1,1
2017-11-26,10000047,19766,959999.99,959999.99,959999.99,1,1
2017-11-26,10000047,19767,475000,469999.99,480000,2,2
2017-11-26,10000047,19806,873666.67,753000.01,994000,6,4
2017-11-26,10000047,19810,49995,49995,49995,12,1
2017-11-26,10000047,19814,66666,66666,66666,1,1
2017-11-26,10000047,19921,129999.87,119999.81,150000,3,3
2017-11-26,10000047,19922,719999.99,719999.99,719999.99,1,1
2017-11-26,10000047,19927,59998.99,59998.99,59998.99,1,1
2017-11-26,10000047,19931,50000,50000,50000,20,1
2017-11-26,10000047,19935,559.57,559.57,559.57,5,4
2017-11-26,10000047,19939,38142.57,35000,38499,7,4
2017-11-26,10000047,19946,44999.75,44999.75,44999.75,1,1
2017-11-26,10000047,19952,59999.81,59999.81,59999.81,1,1
2017-11-26,10000047,20012,100,100,100,1,1
2017-11-26,10000047,20018,5000,5000,5000,1,1
2017-11-26,10000047,20020,150000,150000,150000,1,1
2017-11-26,10000047,20209,1199989.99,1199989.99,1199989.99,1,1
2017-11-26,10000047,20210,1149999.99,1149999.99,1149999.99,2,2
2017-11-26,10000047,20211,3450000,3400000,3499999.99,2,2
2017-11-26,10000047,20212,7980000,7980000,7980000,1,1
2017-11-26,10000047,20213,9999999.99,9999999.99,9999999.99,1,1
2017-11-26,10000047,20280,72000000,69999999.99,74000000,2,2
2017-11-26,10000047,20312,599999.98,599999.98,599999.99,3,3
2017-11-26,10000047,20314,150000,100000,199999.99,2,2
2017-11-26,10000047,20315,1225000,1200000,1249999.99,2,2
2017-11-26,10000047,20327,20000000,20000000,20000000,1,1
2017-11-26,10000047,20347,774898.61,774898.61,774898.61,1,1
2017-11-26,10000047,20349,893999.99,893999.99,893999.99,1,1
2017-11-26,10000047,20351,1051666.67,700000,1755000,3,3
2017-11-26,10000047,20353,3630919.77,3346751.72,3790000,11,10
2017-11-26,10000047,20411,169000,169000,169000,307,2
2017-11-26,10000047,20413,175000,175000,175000,300,4
2017-11-26,10000047,20414,85030,85030,85030,13,1
2017-11-26,10000047,20415,91875,91875,91875,64,1
2017-11-26,10000047,20416,94999.99,94999.97,95000,13,2
2017-11-26,10000047,20418,103000,103000,103000,40,2
2017-11-26,10000047,20419,125000,125000,125000,40,2
2017-11-26,10000047,20421,60405.68,31002,65000,74,2
2017-11-26,10000047,20424,24500,24499.99,24500,44,4
2017-11-26,10000047,20450,76000000,76000000,76000000,3,1
2017-11-26,10000047,20494,150000,150000,150000,1,1
2017-11-26,10000047,20495,1500000,1500000,1500000,1,1
2017-11-26,10000047,20701,30000000.42,30000000.42,30000000.42,1,1
2017-11-26,10000047,20929,4999.99,4999.99,4999.99,1000,1
2017-11-26,10000047,21071,80000,60000,99999.99,2,2
2017-11-26,10000047,21080,500000.04,500000.04,500000.04,1,1
2017-11-26,10000047,21085,180000.1,180000.1,180000.1,1,1
2017-11-26,10000047,21087,1000.05,1000.05,1000.05,1,1
2017-11-26,10000047,21096,2106702.41,1900000,3500000.77,27,25
2017-11-26,10000047,21603,17499999.99,17499999.99,17499999.99,1,1
2017-11-26,10000047,21610,23999999.99,23999999.99,23999999.99,1,1
2017-11-26,10000047,21611,35000000,35000000,35000000,1,1
2017-11-26,10000047,21638,1200000,1200000,1200000,3,1
2017-11-26,10000047,21640,1196732.13,803000.18,1219997.99,34,9
2017-11-26,10000047,21666,17999999.87,17999999.87,17999999.87,2,1
2017-11-26,10000047,21726,5000.02,5000.02,5000.02,1,1
2017-11-26,10000047,21740,1199.99,1199.99,1199.99,4480,3
2017-11-26,10000047,21790,50000,50000,50000,1,1
2017-11-26,10000047,21791,45000,45000,45000,1,1
2017-11-26,10000047,21815,704000.01,704000.01,704000.01,9,1
2017-11-26,10000047,21857,0.01,0.01,0.01,2,2
2017-11-26,10000047,21867,35,35,35,4000,2
2017-11-26,10000047,21894,1329.99,1329.99,1329.99,41906,4
2017-11-26,10000047,21896,899.99,899.99,899.99,5420,2
2017-11-26,10000047,21898,599.95,570,599.99,18336,11
2017-11-26,10000047,21902,1260.01,1260.01,1260.01,1500,1
2017-11-26,10000047,21904,899.99,899.99,899.99,14286,2
2017-11-26,10000047,21906,744.98,744.98,744.98,5500,4
2017-11-26,10000047,21914,799.98,799.98,799.98,2000,1
2017-11-26,10000047,21922,809.99,809.99,809.99,2400,2
2017-11-26,10000047,21924,659.97,659.97,659.98,19381,11
2017-11-26,10000047,21928,849.99,849.99,849.99,600,1
2017-11-26,10000047,21937,612.89,612.89,612.89,26000,2
2017-11-26,10000047,22043,29666666.66,28999999.99,30000000,3,3
2017-11-26,10000047,22175,88123.07,69995,99998.24,16,16
2017-11-26,10000047,22177,96171.14,65000,149898.73,21,18
2017-11-26,10000047,22229,3761997.49,1610000.01,4299996.86,5,3
2017-11-26,10000047,22242,99999996.55,99999996.55,99999996.55,1,1
2017-11-26,10000047,22291,999999.98,999999.98,999999.98,148,32
2017-11-26,10000047,22442,419000000,419000000,419000000,1,1
2017-11-26,10000047,22444,430000000,430000000,430000000,1,1
2017-11-26,10000047,22452,63899978.39,63899978.39,63899978.39,1,1
2017-11-26,10000047,22456,73999999.98,73999999.98,73999999.98,1,1
2017-11-26,10000047,22464,87000000,87000000,87000000,2,2
2017-11-26,10000047,22534,32499999.95,32499999.95,32499999.95,2,2
2017-11-26,10000047,22541,11499999.99,11499999.99,11499999.99,1,1
2017-11-26,10000047,22542,51141.64,44999.99,57000,28,11
2017-11-26,10000047,22544,222900053.43,222000070.96,223000072.75,10,10
2017-11-26,10000047,22546,316000000,309000000,319500000,3,3
2017-11-26,10000047,22548,299339000,297856000,299999999.98,4,4
2017-11-26,10000047,22559,64999995,64999995,64999995,1,1
2017-11-26,10000047,22570,24999994.95,24999994.95,24999994.95,1,1
2017-11-26,10000047,22578,416666.66,124999.99,1000000,3,3
2017-11-26,10000047,22778,164994.85,164994.85,164994.85,134,7
2017-11-26,10000047,22782,1649997.5,1499995,1800000,4,4
2017-11-26,10000047,22806,144000,144000,144000,1,1
2017-11-26,10000047,22807,144000,144000,144000,1,1
2017-11-26,10000047,22808,144000,144000,144000,1,1
2017-11-26,10000047,22809,144000,144000,144000,1,1
2017-11-26,10000047,22889,79999999.99,79999999.99,79999999.99,1,1
2017-11-26,10000047,22977,899.99,899.99,899.99,2599,2
2017-11-26,10000047,23003,1400,1400,1400,1000,1
2017-11-26,10000047,23009,549.95,525,549.95,22460,7
2017-11-26,10000047,23015,649.92,649.92,649.92,62436,5
2017-11-26,10000047,23025,718,717.99,719,346349,41
2017-11-26,10000047,23029,900,900,900,5000,1
2017-11-26,10000047,23031,929.99,929.99,929.99,33403,22
2017-11-26,10000047,23035,879.99,879.99,879.99,18220,5
2017-11-26,10000047,23039,999.96,899.93,1099.99,20000,5
2017-11-26,10000047,23045,1499.99,1499.99,1499.99,1500,1
2017-11-26,10000047,23047,1148.88,1148.88,1148.88,1293,2
2017-11-26,10000047,23051,1400,1400,1400,3120,3
2017-11-26,10000047,23053,1149.2,1149.2,1149.2,5300,3
2017-11-26,10000047,23055,2948926.07,2818900.54,3299995,37,3
2017-11-26,10000047,23059,3311111.11,3000000,3700000,18,2
2017-11-26,10000047,23071,357995,330000,399990,10,3
2017-11-26,10000047,23077,499999.93,499999.93,499999.93,4,1
2017-11-26,10000047,23079,499497,448996,549997.99,8,2
2017-11-26,10000047,23087,2000,2000,2000,1,1
2017-11-26,10000047,23089,589794.89,549995,599999.99,49,5
2017-11-26,10000047,23103,639999.93,639999.93,639999.93,41,4
2017-11-26,10000047,23105,1199999.93,1199999.93,1199999.93,60,5
2017-11-26,10000047,23107,1132666.28,1099999.99,1197998.85,12,2
2017-11-26,10000047,23109,1149999.13,1149999.13,1149999.13,16,1
2017-11-26,10000047,23113,1100000,1100000,1100000,8,1
2017-11-26,10000047,23119,999999.99,999999.99,999999.99,8,1
2017-11-26,10000047,23121,50000,50000,50000,2,2
2017-11-26,10000047,23158,1,1,1,38,1
2017-11-26,10000047,23159,1,1,1,149,3
2017-11-26,10000047,23160,1,1,1,165,3
2017-11-26,10000047,23161,1,1,1,15,1
2017-11-26,10000047,23473,86000,86000,86000,5,1
2017-11-26,10000047,23525,64548.33,2000,75000,24,4
2017-11-26,10000047,23527,359443.92,295950,399999.88,33,22
2017-11-26,10000047,23533,106222.43,100000,124889.72,8,3
2017-11-26,10000047,23566,489999.85,489999.8,489999.99,7,6
2017-11-26,10000047,23594,569999.87,569999.87,569999.87,3,3
2017-11-26,10000047,23606,190000,180000,199999.99,2,2
2017-11-26,10000047,23618,65000,60000,69999.99,2,2
2017-11-26,10000047,23705,40000,40000,40000,104,5
2017-11-26,10000047,23707,5000,5000,5000,244,38
2017-11-26,10000047,23709,81004.07,81004.07,81004.07,5,1
2017-11-26,10000047,23729,59000,59000,59000,2,1
2017-11-26,10000047,23757,890000127.19,890000127.19,890000127.19,1,1
2017-11-26,10000047,23911,1313999800,1313999800,1313999800,1,1
2017-11-26,10000047,24242,9999999,9999999,9999999,1,1
2017-11-26,10000047,24268,8999999.99,8999999.99,8999999.99,2,2
2017-11-26,10000047,24283,37562500.02,30100000.02,56000000,8,4
2017-11-26,10000047,24305,3999999.71,3999999.71,3999999.71,8,4
2017-11-26,10000047,24348,1253277.06,601000.11,1749994.87,14,6
2017-11-26,10000047,24395,246733.94,239995,255000,28,13
2017-11-26,10000047,24417,1587499.64,1539995,1599999.87,32,20
2017-11-26,10000047,24427,1399055.91,1299999.99,1649999.99,54,37
2017-11-26,10000047,24438,1260999.44,1249997.51,1400000,20,11
2017-11-26,10000047,24471,98.95,98.95,98.95,450,2
2017-11-26,10000047,24473,116.99,116.99,116.99,150,1
2017-11-26,10000047,24475,99.95,99.95,99.95,100,1
2017-11-26,10000047,24477,160.01,160.01,160.01,1350,2
2017-11-26,10000047,24483,1370000000,1370000000,1370000000,1,1
2017-11-26,10000047,24486,117.95,117.95,117.95,10000,1
2017-11-26,10000047,24488,100.99,100.99,100.99,1500,1
2017-11-26,10000047,24490,243,243,243,357648,6
2017-11-26,10000047,24492,129.95,129.95,129.95,22000,1
2017-11-26,10000047,24493,144.61,144.61,144.61,2000,1
2017-11-26,10000047,24495,109,109,109,2870,2
2017-11-26,10000047,24497,136.22,136.22,136.22,7000,2
2017-11-26,10000047,24499,150,150,150,10000,1
2017-11-26,10000047,24501,220,220,220,7700,4
2017-11-26,10000047,24503,198.01,198.01,198.01,5000,1
2017-11-26,10000047,24505,169.95,169.95,169.95,5000,1
2017-11-26,10000047,24507,3.66,3.66,3.66,2252,1
2017-11-26,10000047,24509,519.8,519.8,519.8,306190,7
2017-11-26,10000047,24511,549.92,549.92,549.92,21160,6
2017-11-26,10000047,24523,1379.95,1379.95,1379.95,3000,1
2017-11-26,10000047,24535,619.86,619.86,619.86,84500,5
2017-11-26,10000047,24688,185555555,140000000,188999999,18,18
2017-11-26,10000047,24696,42000000,42000000,42000000,1,1
2017-11-26,10000047,24698,16300000,16300000,16300000,1,1
2017-11-26,10000047,24700,44674998.75,42900000,50000000,4,4
2017-11-26,10000047,24702,46499999.98,46499999.98,46499999.98,2,1
2017-11-26,10000047,25233,180000,180000,180000,1,1
2017-11-26,10000047,25266,2000000,2000000,2000000,3,2
2017-11-26,10000047,25544,32999999,32999999,32999999,2,2
2017-11-26,10000047,25565,150000,150000,150000,2,1
2017-11-26,10000047,25590,98101.03,98101,98101.05,3583,89
2017-11-26,10000047,25591,210000.07,210000.07,210000.07,1,1
2017-11-26,10000047,25592,5100.73,5100.73,5100.73,3337,82
2017-11-26,10000047,25594,38912.17,38912.14,38912.18,1399,57
2017-11-26,10000047,25595,17000.02,17000.02,17000.02,2,1
2017-11-26,10000047,25596,32000.07,32000.07,32000.07,62,1
2017-11-26,10000047,25597,4200.12,4200.12,4200.13,1724,27
2017-11-26,10000047,25598,11410.01,11410.01,11410.01,4163,69
2017-11-26,10000047,25599,902.81,902.81,902.81,3750,74
2017-11-26,10000047,25600,30000.15,30000.15,30500,4736,70
2017-11-26,10000047,25601,5600,5600,5600,10924,84
2017-11-26,10000047,25603,33000.82,33000.82,33000.82,1279,57
2017-11-26,10000047,25604,12002.01,12002.01,12002.01,5,2
2017-11-26,10000047,25605,34000.13,34000.13,34000.13,3697,84
2017-11-26,10000047,25609,256006.13,256006.11,256006.13,105,17
2017-11-26,10000047,25611,70042.04,70042.04,70042.04,125,11
2017-11-26,10000047,25616,7620.08,7620,7620.1,159,13
2017-11-26,10000047,25617,345951.01,345951.01,345951.01,145,12
2017-11-26,10000047,25618,23812.08,23812.08,23812.08,141,15
2017-11-26,10000047,25619,600001,600001,600001.02,159,12
2017-11-26,10000047,25620,40800.07,40800.07,40800.07,243,14
2017-11-26,10000047,25623,41000.02,41000.02,41000.02,1,1
2017-11-26,10000047,25624,4312000.55,4312000.55,4312000.55,146,19
2017-11-26,10000047,25715,1362496.25,1349995,1400000,12,3
2017-11-26,10000047,25718,3499999.98,3499999.98,3499999.98,3,3
2017-11-26,10000047,25719,119999.98,119999.98,119999.98,2,2
2017-11-26,10000047,25736,6083332.11,5999999.21,6249997.9,3,3
2017-11-26,10000047,25810,560000,560000,560000,1,1
2017-11-26,10000047,25812,4200000,4200000,4200000,1,1
2017-11-26,10000047,25861,143195.03,100000,175000,87,26
2017-11-26,10000047,25862,999999,999999,999999,2,2
2017-11-26,10000047,25887,177000,177000,177000,10,1
2017-11-26,10000047,25888,7999995,7999995,7999995,1,1
2017-11-26,10000047,25892,10899894.71,10899894.7,10899894.71,2,2
2017-11-26,10000047,25894,11349999.86,9800000,12899999.71,6,2
2017-11-26,10000047,25896,14533329.9,12999994.98,15299997.36,3,3
2017-11-26,10000047,25920,10450000,10450000,10450000,4,1
2017-11-26,10000047,25948,4533996.47,4489995,4699999.99,42,10
2017-11-26,10000047,25956,16579999.96,15999999.99,17449999.91,5,3
2017-11-26,10000047,25980,4963759,4963759,4963759,2,2
2017-11-26,10000047,26000,35963774,35963774,35963774,1,1
2017-11-26,10000047,26031,2999999,2999999,2999999,1,1
2017-11-26,10000047,26068,19974479,19974479,19974479,1,1
2017-11-26,10000047,26072,8999999,8999999,8999999,2,1
2017-11-26,10000047,26076,748694.97,748694.97,748694.97,3,3
2017-11-26,10000047,26084,7072213.57,6699999,7888861.29,4,3
2017-11-26,10000047,26088,8159374.99,7699999.99,9499999.99,32,16
2017-11-26,10000047,26102,13652344.01,13652344.01,13652344.01,2,2
2017-11-26,10000047,26254,26000,24000,27999.99,2,2
2017-11-26,10000047,26255,120000,119999.99,120000,2,2
2017-11-26,10000047,26256,120000,119999.99,120000,2,2
2017-11-26,10000047,26257,120000,120000,120000,1,1
2017-11-26,10000047,26258,72000,72000,72000,2,2
2017-11-26,10000047,26259,120000,119999.99,120000,2,2
2017-11-26,10000047,26260,119999.99,119999.99,119999.99,2,2
2017-11-26,10000047,26261,119999.99,119999.99,120000,3,3
2017-11-26,10000047,26302,123999998.9,123999998.9,123999998.9,1,1
2017-11-26,10000047,26374,39999899.88,39999899.88,39999899.88,1,1
2017-11-26,10000047,26402,31833333.33,31000000,33500000,6,5
2017-11-26,10000047,26912,1907996.7,1769999.25,1999995,5,3
2017-11-26,10000047,26913,2558823.36,2499999.97,2999998.72,17,4
2017-11-26,10000047,26929,151129.33,143995,349000,15,4
2017-11-26,10000047,26931,2714284.99,2599999.99,2999999.98,7,4
2017-11-26,10000047,27064,59658973.81,59658973.81,59658973.81,1,1
2017-11-26,10000047,27068,749999.96,749999.96,749999.96,1,1
2017-11-26,10000047,27103,2000000,2000000,2000000,6,1
2017-11-26,10000047,27115,1199999.73,1199999.73,1199999.73,15,3
2017-11-26,10000047,27127,906224.06,799999.84,999899.73,6,6
2017-11-26,10000047,27143,999999.95,999999.95,999999.99,10,4
2017-11-26,10000047,27196,36999999.73,36999999.73,36999999.73,1,1
2017-11-26,10000047,27315,899.99,899.99,899.99,8800,6
2017-11-26,10000047,27321,724,724,724,2000,1
2017-11-26,10000047,27327,999.95,999.95,999.95,2000,1
2017-11-26,10000047,27333,779.98,779.98,779.98,12500,6
2017-11-26,10000047,27339,3998.53,3998.53,3998.53,3600,5
2017-11-26,10000047,27351,2549.98,2549.98,2549.98,7762,6
2017-11-26,10000047,27359,2480,2480,2480,1761,5
2017-11-26,10000047,27361,989.98,989.98,989.98,8604,6
2017-11-26,10000047,27371,1149.99,1149.99,1149.99,52145,7
2017-11-26,10000047,27387,1099.95,1099.95,1099.95,15166,5
2017-11-26,10000047,27395,1925,1925,1925,300,1
2017-11-26,10000047,27409,1199.99,1199.99,1199.99,3000,1
2017-11-26,10000047,27423,2400,2400,2400,10020,4
2017-11-26,10000047,27435,1596.56,1596.56,1596.56,2600,3
2017-11-26,10000047,27441,1380,1380,1380,15156,6
2017-11-26,10000047,27447,1367.86,1367.86,1367.86,15000,5
2017-11-26,10000047,27902,120000,120000,120000,1,1
2017-11-26,10000047,27911,14400000,14400000,14400000,1,1
2017-11-26,10000047,27912,1179999.92,899999,1199999.99,30,5
2017-11-26,10000047,27914,1750000,1750000,1750000,5,2
2017-11-26,10000047,27918,1100000,1100000,1100000,7,2
2017-11-26,10000047,27920,1049999.99,1049999.99,1049999.99,3,1
2017-11-26,10000047,28073,9693333.3,9539999.99,9999999.93,3,3
2017-11-26,10000047,28164,5499999.99,5499999.99,5499999.99,2,2
2017-11-26,10000047,28213,1111749.01,853006.32,1245491.2,60,8
2017-11-26,10000047,28215,1150000,1000000,1299999.99,6,2
2017-11-26,10000047,28262,580000,580000,580000,1,1
2017-11-26,10000047,28272,48999994,48999994,48999994,2,1
2017-11-26,10000047,28274,1299999.75,1299999.75,1299999.75,5,1
2017-11-26,10000047,28276,15999887.99,15999887.99,15999887.99,5,1
2017-11-26,10000047,28282,1497995,1497995,1497995,4,1
2017-11-26,10000047,28286,2159999.99,2159999.99,2159999.99,2,1
2017-11-26,10000047,28290,4168179.31,3999995,4299999.99,22,4
2017-11-26,10000047,28332,1399.95,1399.95,1399.95,1500,1
2017-11-26,10000047,28334,850,850,850,500,1
2017-11-26,10000047,28361,51.03,51.03,51.03,1,1
2017-11-26,10000047,28362,404.03,404.03,404.03,1,1
2017-11-26,10000047,28363,70000,70000,70000,1,1
2017-11-26,10000047,28367,330002,330002,330002,64,4
2017-11-26,10000047,28391,425000,425000,425000,100,1
2017-11-26,10000047,28403,50002,50002,50002,7,1
2017-11-26,10000047,28404,50000,50000,50000,11,1
2017-11-26,10000047,28405,50000,50000,50000,21,1
2017-11-26,10000047,28420,400000,400000,400000,500,1
2017-11-26,10000047,28437,450000,450000,450000,98,2
2017-11-26,10000047,28439,450000,450000,450000,46,1
2017-11-26,10000047,28576,866539.74,818997.5,957998.91,59,19
2017-11-26,10000047,28578,891730.57,799995,997999.16,15,6
2017-11-26,10000047,28583,51999995,51999995,51999995,1,1
2017-11-26,10000047,28615,4799998.16,4799998.15,4799998.16,2,2
2017-11-26,10000047,28652,23499999.99,23499999.99,23499999.99,1,1
2017-11-26,10000047,28654,3919997.83,3919997.83,3919997.83,1,1
2017-11-26,10000047,28656,69999995,69999995,69999995,1,1
2017-11-26,10000047,28668,24000,23993,24500,5325,43
2017-11-26,10000047,28682,899999,899999,899999,2,1
2017-11-26,10000047,28756,37621249.37,37499999.73,37985000,4,4
2017-11-26,10000047,28758,40297807.48,40000000,42000000,5,5
2017-11-26,10000047,28999,14285.79,12000,14483.97,29,18
2017-11-26,10000047,29001,18503.13,18331.84,34750,46,16
2017-11-26,10000047,29009,19400,19400,19400,582,27
2017-11-26,10000047,29011,23370.54,17520,90000.01,62,27
2017-11-26,10000047,29013,12740.97,12499,19999.99,31,3
2017-11-26,10000047,29015,15024.06,15000,19999.99,32,3
2017-11-26,10000047,29248,450000,450000,450000,1,1
2017-11-26,10000047,29637,64950000,64950000,64950000,1,1
2017-11-26,10000047,29988,154989665.27,154988996.35,154989999.74,6,6
2017-11-26,10000047,30013,9989.95,9989.95,9989.95,208,14
2017-11-26,10000047,30014,7999999,7999999,7999999,1,1
2017-11-26,10000047,30028,65799.2,65000,75000,50,5
2017-11-26,10000047,30486,526103.42,524999.99,531499.87,87,6
2017-11-26,10000047,30488,464795,445000,475999.93,236,23
2017-11-26,10000047,30540,5999980.49,5999979.99,5999980.99,2,2
2017-11-26,10000047,30546,5788999.99,5788999.98,5788999.99,2,2
2017-11-26,10000047,30550,5937949.74,5875899.88,5999999.6,2,2
2017-11-26,10000047,30553,5997499.87,5994999.99,5999999.74,2,2
2017-11-26,10000047,30652,1774999.99,1749999.98,1800000,2,2
2017-11-26,10000047,30832,1565554.93,1559999.99,2000000,9,9
2017-11-26,10000047,30834,1699829.97,1599744.96,1900000,3,3
2017-11-26,10000047,30836,913333.68,650000.53,1439999.99,6,3
2017-11-26,10000047,30987,454000,409000,499000,4,2
2017-11-26,10000047,30997,299995,299995,299995,1,1
2017-11-26,10000047,30999,1515371.3,1499995,1561500.21,8,5
2017-11-26,10000047,31005,27167499.99,24999999.99,27889999.99,4,3
2017-11-26,10000047,31009,330000.42,330000.42,330000.42,1,1
2017-11-26,10000047,31011,1949084.33,1499975,2499899.99,6,6
2017-11-26,10000047,31015,11949999.91,11899999.82,12000000,4,3
2017-11-26,10000047,31017,21899900,21899900,21899900,2,2
2017-11-26,10000047,31033,299994.97,299994.97,299994.97,1,1
2017-11-26,10000047,31035,1755719.29,1755719.29,1755719.29,2,1
2017-11-26,10000047,31041,23890000,23890000,23890000,3,2
2017-11-26,10000047,31045,678886.67,589995,750000,9,7
2017-11-26,10000047,31047,2426363.63,2000000,2579999.99,11,7
2017-11-26,10000047,31051,9585566.18,9585499.99,9585599.28,3,2
2017-11-26,10000047,31053,35499599.89,35499599.89,35499599.89,1,1
2017-11-26,10000047,31055,1874469.93,1846918.88,2299999.71,27,11
2017-11-26,10000047,31057,8919519.95,7999999.99,9149399.94,5,2
2017-11-26,10000047,31059,21669334.98,20999899.99,23749999.86,34,15
2017-11-26,10000047,31063,494449.36,400000,588898.71,4,3
2017-11-26,10000047,31065,2566598.33,1899995,2899900,3,3
2017-11-26,10000047,31071,35999900,35999900,35999900,1,1
2017-11-26,10000047,31073,2149996.36,1999995,2299997.72,4,2
2017-11-26,10000047,31079,39633333.61,39633333.61,39633333.61,2,2
2017-11-26,10000047,31083,860210.26,740000,980420.52,6,2
2017-11-26,10000047,31085,1875693.62,1750000,1888888,16,8
2017-11-26,10000047,31105,249995,249995,249995,3,1
2017-11-26,10000047,31107,1474397.5,1299995,1648799.99,2,2
2017-11-26,10000047,31113,16899900,16899900,16899900,1,1
2017-11-26,10000047,31117,218000.38,200000.42,380000,10,3
2017-11-26,10000047,31119,1167221.73,1150000,1424999.5,21,9
2017-11-26,10000047,31125,9500000,9500000,9500000,2,1
2017-11-26,10000047,31153,421597.9,369999.99,999999,10,6
2017-11-26,10000047,31155,1500887.8,1349995,1650000,18,9
2017-11-26,10000047,31159,387437.19,324648.16,399995,6,2
2017-11-26,10000047,31161,2079599.6,1999499.75,2399999,5,3
2017-11-26,10000047,31167,16999995,16999995,16999995,1,1
2017-11-26,10000047,31171,7539938.49,6420000,8659876.98,2,2
2017-11-26,10000047,31173,9899929.95,9899900,9899989.85,3,2
2017-11-26,10000047,31177,324610.28,274997.57,373900,9,7
2017-11-26,10000047,31179,1637961.43,1352497.5,1990000.01,7,5
2017-11-26,10000047,31183,3998736.86,2999995,4594580.73,5,5
2017-11-26,10000047,31185,12999999.99,12999999.99,12999999.99,1,1
2017-11-26,10000047,31201,368392.69,220000.42,479688,7,7
2017-11-26,10000047,31207,3460000,3460000,3460000,2,2
2017-11-26,10000047,31213,149998.79,69995,175000,29,14
2017-11-26,10000047,31220,2937497.5,2699995,3600000,4,3
2017-11-26,10000047,31238,218997.14,149995,311000,7,5
2017-11-26,10000047,31274,384999.88,384999.88,384999.88,1,1
2017-11-26,10000047,31276,1299995,1299995,1299995,1,1
2017-11-26,10000047,31286,185000,185000,185000,1,1
2017-11-26,10000047,31298,149999.97,149999.97,149999.97,1,1
2017-11-26,10000047,31304,6398997,6398997,6398997,2,1
2017-11-26,10000047,31322,380467.09,299995,450000.02,12,7
2017-11-26,10000047,31324,1797470.79,1389999.98,2103073.9,7,5
2017-11-26,10000047,31328,3999995,3999995,3999995,3,2
2017-11-26,10000047,31330,15999995,15999995,15999995,1,1
2017-11-26,10000047,31358,638180.07,549995,650000.42,11,5
2017-11-26,10000047,31360,3006079.9,2999999.98,3239548.99,13,12
2017-11-26,10000047,31364,5155197.44,4999995,5258665.74,10,6
2017-11-26,10000047,31366,22926995.32,21999995,25000000,7,6
2017-11-26,10000047,31370,218142.13,190000,239000,7,4
2017-11-26,10000047,31372,1133579.95,1000000.42,1250000,25,16
2017-11-26,10000047,31378,10696353.5,9999995,11674495,14,8
2017-11-26,10000047,31382,150000,150000,150000,1,1
2017-11-26,10000047,31384,2249386.46,1998772.99,2499999.93,2,2
2017-11-26,10000047,31406,569498.75,399995,626000,4,2
2017-11-26,10000047,31408,1665998.33,1499000,1999995,6,5
2017-11-26,10000047,31432,1574000,1574000,1574000,3,1
2017-11-26,10000047,31444,1474999.98,1474999.98,1474999.98,1,1
2017-11-26,10000047,31456,400000,400000,400000,1,1
2017-11-26,10000047,31460,2874999.99,2499999.91,3000000.01,4,4
2017-11-26,10000047,31478,220000,220000,220000,1,1
2017-11-26,10000047,31528,5500000,5500000,5500000,1,1
2017-11-26,10000047,31532,4500000,1500000,7500000,2,2
2017-11-26,10000047,31534,9420000,9420000,9420000,1,1
2017-11-26,10000047,31564,3999999.8,3999999.8,3999999.8,1,1
2017-11-26,10000047,31568,4999995,4999995,4999995,2,1
2017-11-26,10000047,31570,5333333.33,5000000,6000000,3,3
2017-11-26,10000047,31586,399999.71,399999.71,399999.71,1,1
2017-11-26,10000047,31598,399995,399995,399995,1,1
2017-11-26,10000047,31600,1300000.42,1300000.42,1300000.42,2,1
2017-11-26,10000047,31604,4499995.94,4499995.94,4499995.94,2,1
2017-11-26,10000047,31606,12731839.96,11900000,12939799.95,5,3
2017-11-26,10000047,31608,299995,299995,299995,1,1
2017-11-26,10000047,31616,12999995,12999995,12999995,1,1
2017-11-26,10000047,31620,373599,342000,499995,5,2
2017-11-26,10000047,31622,1540000,1540000,1540000,1,1
2017-11-26,10000047,31628,14999995,14999995,14999995,1,1
2017-11-26,10000047,31668,269994.99,249995,299994.99,5,4
2017-11-26,10000047,31670,1911374.69,1911374.69,1911374.69,2,2
2017-11-26,10000047,31680,470797.33,84997.5,985197.11,7,4
2017-11-26,10000047,31682,199995,199995,199995,1,1
2017-11-26,10000047,31716,74319.99,69995,104449.36,9,7
2017-11-26,10000047,31718,395788.2,299995,399899.99,73,33
2017-11-26,10000047,31722,3359998.93,2899999.85,3999999.97,5,4
2017-11-26,10000047,31724,10793333.12,5000000,13789999.69,12,8
2017-11-26,10000047,31748,6899999.99,6899999.99,6899999.99,3,3
2017-11-26,10000047,31752,99995,99995,99995,3,2
2017-11-26,10000047,31754,616082.61,349895,1020000,33,22
2017-11-26,10000047,31758,2299999.99,2299999.99,2299999.99,2,2
2017-11-26,10000047,31760,12577521.67,5999995,15866285,3,3
2017-11-26,10000047,31788,474964.12,449995,499900,6,4
2017-11-26,10000047,31790,2131988,1999995,2131989.99,156,73
2017-11-26,10000047,31792,40999995,40999995,40999995,3,2
2017-11-26,10000047,31794,8499999.99,8499999.99,8500000,6,2
2017-11-26,10000047,31796,22154709.63,21756394.99,24616910.83,21,15
2017-11-26,10000047,31802,1857769.17,1800000.42,2000000,10,5
2017-11-26,10000047,31812,25999994,25999994,25999994,8,3
2017-11-26,10000047,31864,1275261.47,166500.99,2999999.99,23,10
2017-11-26,10000047,31866,1668945.4,509097.09,3189994.95,17,4
2017-11-26,10000047,31868,3364570.15,1220122.25,4599995,30,10
2017-11-26,10000047,31870,4420405.63,1100000.17,5149997.49,98,25
2017-11-26,10000047,31872,2799999.74,2799999.74,2799999.74,10,1
2017-11-26,10000047,31874,2999999.8,2999999.8,2999999.8,4,1
2017-11-26,10000047,31876,3899999.99,3899999.99,3899999.99,5,1
2017-11-26,10000047,31878,1000505.01,1000505.01,1000505.01,5,3
2017-11-26,10000047,31880,2499999.45,1899999.99,2999999,11,2
2017-11-26,10000047,31882,2000709.54,1999995,2001900.45,8,3
2017-11-26,10000047,31884,3074999.99,2899999.99,3950000,6,2
2017-11-26,10000047,31888,1649624.33,1646995,1649999.95,24,4
2017-11-26,10000047,31890,2999999,2999999,2999999,2,2
2017-11-26,10000047,31900,44999998.84,44999998.84,44999998.85,3,2
2017-11-26,10000047,31928,15795000,15795000,15795000,1,1
2017-11-26,10000047,31936,10999998.92,10999998.92,10999998.92,1,1
2017-11-26,10000047,31942,25000000,25000000,25000000,1,1
2017-11-26,10000047,31944,39800000,39800000,39800000,2,2
2017-11-26,10000047,31982,34459.79,34459.79,34459.79,151,1
2017-11-26,10000047,31990,69999.99,69999.99,69999.99,140,3
2017-11-26,10000047,31998,59800,59800,59800,2069,25
2017-11-26,10000047,32006,165000,165000,165000,1086,25
2017-11-26,10000047,32014,259000,259000,259000,137,10
2017-11-26,10000047,32043,2368276.49,1999994.85,3104839.78,3,3
2017-11-26,10000047,32047,34999995,34999995,34999995,1,1
2017-11-26,10000047,32059,1866663.47,1600000.42,1999995,3,2
2017-11-26,10000047,32063,27999995,27999995,27999995,1,1
2017-11-26,10000047,32305,499999999.71,499999999.71,499999999.71,1,1
2017-11-26,10000047,32772,605321.21,599995,626626.06,5,2
2017-11-26,10000047,32774,59497.5,40000,78995,2,2
2017-11-26,10000047,32780,1159000,1159000,1159000,2,1
2017-11-26,10000047,32787,18522.58,16999.99,26284.72,84,13
2017-11-26,10000047,32797,750000,750000,750000,1,1
2017-11-26,10000047,32819,945623.43,869995,999999.99,16,6
2017-11-26,10000047,32858,999999,999999,999999,1,1
2017-11-26,10000047,32872,700000,700000,700000,1,1
2017-11-26,10000047,32874,696665,50000,1019997.5,3,3
2017-11-26,10000047,32878,600000,600000,600000,1,1
2017-11-26,10000047,32880,163077.99,10001.98,277500,13,7
2017-11-26,10000047,32881,5000000,5000000,5000000,1,1
2017-11-26,10000047,32999,299999.99,299999.99,299999.99,1,1
2017-11-26,10000047,33000,239998,239998,239998,1,1
2017-11-26,10000047,33001,239999.99,239999.99,239999.99,1,1
2017-11-26,10000047,33002,240000,240000,240000,1,1
2017-11-26,10000047,33003,233928.71,193750.49,250000,7,3
2017-11-26,10000047,33009,60999.99,60999.99,60999.99,1,1
2017-11-26,10000047,33011,39142.86,38000,40000,7,4
2017-11-26,10000047,33076,199082.92,172000,500000,12,12
2017-11-26,10000047,33078,1198899.86,1198899.86,1198899.86,1,1
2017-11-26,10000047,33091,154974.88,139999.93,199899.73,4,4
2017-11-26,10000047,33092,249999.99,249999.99,249999.99,2,2
2017-11-26,10000047,33093,139285.48,135000,139999.73,7,4
2017-11-26,10000047,33094,140000,140000,140000,1,1
2017-11-26,10000047,33095,1199996.88,1199996.88,1199996.88,2,2
2017-11-26,10000047,33096,1287500,1249999.99,1300000,4,4
2017-11-26,10000047,33097,1299994.73,1299994.73,1299994.73,1,1
2017-11-26,10000047,33101,854925.01,649999.99,1000000.01,20,8
2017-11-26,10000047,33103,188884.99,188884.99,188884.99,1,1
2017-11-26,10000047,33176,188736.84,170000.01,190000,8,8
2017-11-26,10000047,33178,159999.79,159999.79,159999.79,1,1
2017-11-26,10000047,33180,163451.53,157995,169999.37,11,8
2017-11-26,10000047,33195,403.01,403.01,403.01,25,4
2017-11-26,10000047,33199,1600000,1600000,1600000,1,1
2017-11-26,10000047,33201,1699999.99,1699999.99,1699999.99,1,1
2017-11-26,10000047,33330,13995,13995,13995,12,1
2017-11-26,10000047,33332,22995,22995,22995,144,4
2017-11-26,10000047,33359,24800,24800,24800,9006,6
2017-11-26,10000047,33360,22798.69,22000.01,24011.5,68,6
2017-11-26,10000047,33361,15200,15200,15200,1,1
2017-11-26,10000047,33362,25000,25000,25000,6,1
2017-11-26,10000047,33400,6500000,6500000,6500000,1,1
2017-11-26,10000047,33440,116664.47,99995,119998.36,6,2
2017-11-26,10000047,33450,2853784.53,1500000,3180000,21,4
2017-11-26,10000047,33467,3600000,3600000,3600000,1,1
2017-11-26,10000047,33468,67921646.31,65118292.61,70725000,4,4
2017-11-26,10000047,33470,222174999.92,219449999.99,224899999.86,4,4
2017-11-26,10000047,33474,1957272.47,1747499.37,2099999.94,11,8
2017-11-26,10000047,33475,9700000,9000000,9700000,113,40
2017-11-26,10000047,33571,500,500,500,100,1
2017-11-26,10000047,33572,500,500,500,100,1
2017-11-26,10000047,33577,50001.17,50001.17,50001.17,30,1
2017-11-26,10000047,33681,83183341.63,56600024.24,87499999.99,6,4
2017-11-26,10000047,33697,35977801.2,35977801.2,35977801.2,1,1
2017-11-26,10000047,33699,120000,120000,120000,3,3
2017-11-26,10000047,33822,120000,120000,120000,13,1
2017-11-26,10000047,33824,1156896.09,600000.13,1199993.46,20,13
2017-11-26,10000047,33842,133000000,133000000,133000000,2,1
2017-11-26,10000047,33844,136232725.71,127750000,142594769.99,7,4
2017-11-26,10000047,33890,1306761.33,700000.42,1913522.32,10,4
2017-11-26,10000047,33892,4820000.29,4279999.91,5000000.42,4,2
2017-11-26,10000047,33894,3394997.5,2799995,3990000,4,2
2017-11-26,10000047,33896,10299999.89,8200000.42,10999999.71,8,3
2017-11-26,10000047,33915,428441.73,329000,450000,8,7
2017-11-26,10000047,34201,430454.69,165000.29,748999.99,11,7
2017-11-26,10000047,34202,1400000.19,1400000.18,1400000.2,2,2
2017-11-26,10000047,34203,636888.98,570000,656000.12,18,8
2017-11-26,10000047,34204,810200,800000,851000,5,4
2017-11-26,10000047,34205,160000.38,160000.38,160000.38,4,4
2017-11-26,10000047,34206,195000.39,195000.39,195000.39,5,3
2017-11-26,10000047,34207,2000000,2000000,2000000,2,2
2017-11-26,10000047,34317,55724968.08,51950950,59498986.15,2,2
2017-11-26,10000047,34327,48000000,48000000,48000000,1,1
2017-11-26,10000047,34533,1150000,1150000,1150000,1,1
2017-11-26,10000047,34590,130000000,130000000,130000000,1,1
2017-11-26,10000047,34659,59999999.73,59999999.73,59999999.73,1,1
2017-11-26,10000047,35656,23897.83,14999.99,29995,16,16
2017-11-26,10000047,35657,44850.16,40002,119997.5,33,10
2017-11-26,10000047,35658,38136.38,23000,69995,10,10
2017-11-26,10000047,35659,66151.93,50000,74000,17,16
2017-11-26,10000047,35660,76693.17,49000,79997.95,15,12
2017-11-26,10000047,35661,242999.97,240000.01,314999,25,9
2017-11-26,10000047,35662,205892.87,205000.01,230000,28,12
2017-11-26,10000047,35680,1174998.98,1150000,1199997.96,2,2
2017-11-26,10000047,35683,64450000,59900000,69000000,2,2
2017-11-26,10000047,35771,1116307.48,1090000,1121568.97,6,2
2017-11-26,10000047,35788,90000,90000,90000,2,1
2017-11-26,10000047,35790,1758520.87,1500000,1990000.01,27,8
2017-11-26,10000047,35794,17500,15000,20000,8,5
2017-11-26,10000047,35795,36320.14,25000,40093.52,4,3
2017-11-26,10000047,35825,600000000,600000000,600000000,1,1
2017-11-26,10000047,36908,6216665.15,6216665.15,6216665.15,4,1
2017-11-26,10000047,36909,6199999.99,6199999.99,6199999.99,5,1
2017-11-26,10000047,36910,7090908.31,6999991.99,7099999.94,11,3
2017-11-26,10000047,36911,7000000,7000000,7000000,5,1
2017-11-26,10000047,36912,6999999.95,6999999.95,6999999.95,10,1
2017-11-26,10000047,37135,24222222.22,24222222.22,24222222.22,1,1
2017-11-26,10000047,37451,1399999.98,1399999.98,1399999.98,2,1
2017-11-26,10000047,37454,19799000,19799000,19799000,2,1
2017-11-26,10000047,37479,744000,744000,744000,1,1
2017-11-26,10000047,37482,76999999,76999999,76999999,1,1
2017-11-26,10000047,37608,1800000,1800000,1800000,4,1
2017-11-26,10000047,40328,4800000,4800000,4800000,1,1
2017-11-26,10000047,40346,9066666,8000000,9599999,3,2
2017-11-26,10000047,40347,5962222.22,5895000,6500000,9,2
2017-11-26,10000047,40351,159900000,159900000,159900000,1,1
2017-11-26,10000047,40354,35989999.27,35989999.27,35989999.27,1,1
2017-11-26,10000047,40361,2320000,2000000,2800000,30,2
2017-11-26,10000047,40520,815937867.13,815893995.71,815994695.71,7,4
2017-11-26,10000047,40556,12452370.97,11000000,12699000,62,2
2017-11-26,10000047,40573,118893999.99,118893999.99,118893999.99,1,1
2017-11-26,10000047,40661,58999999.93,58999999.93,58999999.93,1,1
2017-11-26,10000047,41031,100000,100000,100000,2,2
2017-11-26,10000047,41032,99999.94,99999.94,99999.94,4,3
2017-11-26,10000047,41033,488437.17,405713.5,529799,3,2
2017-11-26,10000047,41034,141927.11,109000,172919.92,28,3
2017-11-26,10000047,41054,255956,255560.01,256000,30,7
2017-11-26,10000047,41055,250050.7,250050.03,250051,26,10
2017-11-26,10000047,41056,300000.03,300000.03,300000.03,33,11
2017-11-26,10000047,41057,3949997.49,3899999.98,3999995,2,2
2017-11-26,10000047,41155,22156.19,15000,24000,16,13
2017-11-26,10000047,41218,36115239.92,36115239,36115240.39,3,3
2017-11-26,10000047,41238,80000000,80000000,80000000,1,1
2017-11-26,10000047,41263,923.01,923.01,923.01,41,1
2017-11-26,10000047,41411,50999982.86,50999982.86,50999982.86,1,1
2017-11-26,10000047,41466,130000000,130000000,130000000,2,1
2017-11-26,10000047,41486,48600000.04,48600000.04,48600000.04,1,1
2017-11-26,10000047,41489,13000,13000,13000,100,1
2017-11-26,10000047,41490,1100000,1100000,1100000,116,4
2017-11-26,10000047,41491,38999999.69,38999999.69,38999999.69,1,1
2017-11-26,10000047,41492,120000000,120000000,120000000,3,3
2017-11-26,10000047,41493,177800000,177800000,177800000,1,1
2017-11-26,10000047,41498,130000000,130000000,130000000,1,1
2017-11-26,10000047,41503,110000000,110000000,110000000,1,1
2017-11-26,10000047,41507,155000000,155000000,155000000,1,1
2017-11-26,10000047,41534,145000000,145000000,145000000,1,1
2017-11-26,10000047,42244,59166666.67,55000000,67500000,6,6
2017-11-26,10000047,42526,576856.95,499998.73,590000,7,5
2017-11-26,10000047,42527,550000,550000,550000,2,1
2017-11-26,10000047,42528,799998.28,799996.56,800000,6,2
2017-11-26,10000047,42529,549999.97,549999.87,550000,4,3
2017-11-26,10000047,42530,689998.18,689998.18,689998.18,2,2
2017-11-26,10000047,42695,445,445,445,900,1
2017-11-26,10000047,42696,700,700,700,2200,2
2017-11-26,10000047,42739,1000000,1000000,1000000,1,1
2017-11-26,10000047,42829,520.85,520.85,520.85,18600,7
2017-11-26,10000047,42830,525.4,525.4,525.4,27050,10
2017-11-26,10000047,42831,598.91,598.91,598.91,21000,3
2017-11-26,10000047,42832,1899.86,1899.86,1899.86,1500,4
2017-11-26,10000047,42833,750,750,750,1200,3
2017-11-26,10000047,42834,900.01,900.01,900.01,12150,6
2017-11-26,10000047,42840,1152.13,1152.13,1152.13,502,3
2017-11-26,10000047,43551,3603842.74,3542305.56,3699995,14,9
2017-11-26,10000047,43552,2889999.95,2889999.92,2889999.96,3,2
2017-11-26,10000047,43555,3160212.87,3080638.6,3200000,3,3
2017-11-26,10000047,43699,69798,69495,70000,5,2
2017-11-26,10000047,43700,4474750,4399000,4500000,4,2
2017-11-26,10000047,43702,95500,94999.99,96000,2,2
2017-11-26,10000047,43896,1028461.61,899995,1156928.21,2,2
2017-11-26,10000047,44992,3100000,3058508.71,3239994.79,5814,37
2017-11-26,10000047,45592,51299999.39,50999999.98,51999999.73,20,13
2017-11-26,10000047,45604,38571424.58,29999995,39999996.21,7,7
2017-11-26,10000047,45606,52499997.49,44999995,59999999.97,2,2
2017-11-26,10000047,45616,50785713.53,49999999.98,59999999.99,14,14
2017-11-26,10000047,45629,39999982.17,39999982.16,39999982.17,8,8
2017-11-26,10000047,45635,197915999.74,197915999.67,197915999.8,4,4
2017-11-26,10000047,45746,1249999.99,1249999.99,1249999.99,1,1
2017-11-26,10000047,45847,10000000,10000000,10000000,1,1
2017-11-26,10000047,45880,1500000,1500000,1500000,1,1
2017-11-26,10000047,45999,13000000,13000000,13000000,1,1
2017-11-26,10000047,46003,22222220,22222220,22222220,2,1
2017-11-26,10000047,46008,10083007.56,6000000,11999999.99,37,25
2017-11-26,10000047,46152,16000000,16000000,16000000,1,1
2017-11-26,10000047,46153,25000000,25000000,25000000,1,1
2017-11-26,10000047,46154,26066665.33,24133330.66,28000000,2,2
2017-11-26,10000047,46155,32000000,32000000,32000000,1,1
2017-11-26,10000047,46156,38000000,38000000,38000000,1,1
2017-11-26,10000047,46355,386363.18,299995,395000,22,2
2017-11-26,10000047,46356,1200000,1200000,1200000,4,1
2017-11-26,10000047,46365,459565,450000,490000,23,3
2017-11-26,10000047,46366,896261.29,896261.29,896261.29,11,1
2017-11-26,10000047,46367,445000,445000,445000,4,1
2017-11-26,10000047,46368,1183331.67,1149995,1200000,12,4
2017-11-26,10000047,46369,485000,485000,485000,20,1
2017-11-26,10000047,46370,956871.32,954831.49,977269.63,22,2
2017-11-26,10000047,46371,439999.17,399995,448000,24,3
2017-11-26,10000047,46372,965514.75,900000,998272.13,30,2
2017-11-26,10000047,46718,38238095.12,38238095.12,38238095.12,1,1
2017-11-26,10000047,47029,200000000,200000000,200000000,1,1
2017-11-26,10000048,18,61,61,61,3113326,10
2017-11-26,10000048,20,366.72,366.72,366.72,17846,2
2017-11-26,10000048,34,4.5,4,5,28812411,51
2017-11-26,10000048,35,4.5,4.5,4.5,64714823,33
2017-11-26,10000048,36,57,56,60,3666235,33
2017-11-26,10000048,37,57.05,57.05,57.05,335472,18
2017-11-26,10000048,38,398.99,398.99,398.99,123297,20
2017-11-26,10000048,39,1000,1000,1000,241865,26
2017-11-26,10000048,40,1399.99,1011.01,1399.99,4435,11
2017-11-26,10000048,42,1487.41,1481.76,1493.14,905168,4
2017-11-26,10000048,179,4.53,4.53,4.53,1000,1
2017-11-26,10000048,181,0.1,0.1,0.1,100,1
2017-11-26,10000048,187,18.8,18.8,18.8,6000,1
2017-11-26,10000048,189,0.33,0.33,0.33,14760,1
2017-11-26,10000048,192,71.26,68.57,73.95,10000,2
2017-11-26,10000048,193,68.82,68.82,68.82,161,1
2017-11-26,10000048,200,179.95,179.95,179.95,6000,1
2017-11-26,10000048,206,33.77,33.77,33.77,44,1
2017-11-26,10000048,207,49.89,49.89,49.89,36,1
2017-11-26,10000048,209,66,66,66,4000,1
2017-11-26,10000048,210,9.5,9.5,9.5,26500,5
2017-11-26,10000048,215,4.85,4.85,4.85,2626,3
2017-11-26,10000048,217,5.75,5.75,5.75,33300,5
2017-11-26,10000048,218,9.55,9.55,9.55,10200,3
2017-11-26,10000048,220,10.35,10.35,10.35,3700,5
2017-11-26,10000048,221,12.75,12.75,12.75,3400,4
2017-11-26,10000048,222,30,22,32.99,167605,20
2017-11-26,10000048,223,0.01,0.01,0.01,100,1
2017-11-26,10000048,224,30.85,30.85,30.85,1000,1
2017-11-26,10000048,225,24.1,24.1,24.1,16000,2
2017-11-26,10000048,226,0.52,0.52,0.52,9100,2
2017-11-26,10000048,228,0.49,0.49,0.49,100,1
2017-11-26,10000048,230,50.5,50.5,50.5,166112,13
2017-11-26,10000048,236,358,358,358,10100,2
2017-11-26,10000048,237,149.95,149.95,149.95,435,2
2017-11-26,10000048,238,146.99,146.99,146.99,10000,1
2017-11-26,10000048,246,109516.8,93333.33,124105.97,9,4
2017-11-26,10000048,266,4.5,4.5,4.5,4000,1
2017-11-26,10000048,267,339.95,339.95,339.95,74,1
2017-11-26,10000048,377,12398.99,12398.99,12398.99,5,2
2017-11-26,10000048,380,971426.86,800000,999998,7,3
2017-11-26,10000048,393,39000,39000,39000,1,1
2017-11-26,10000048,394,473340.82,416680.82,699980.83,5,3
2017-11-26,10000048,399,43003.32,25000,55005.53,5,4
2017-11-26,10000048,400,742666.65,688999.98,849999.99,3,3
2017-11-26,10000048,434,129999.79,75000,224999.49,5,5
2017-11-26,10000048,438,3481223.15,3187456,3999987.43,16,14
2017-11-26,10000048,439,16244.96,15000,18432.64,22,8
2017-11-26,10000048,440,5080575.84,4924500,5989897.19,13,12
2017-11-26,10000048,442,150000,150000,150000,1,1
2017-11-26,10000048,447,106500,103000,110000,2,2
2017-11-26,10000048,448,2110305,1999999.9,2164999.97,17,16
2017-11-26,10000048,454,750000,750000,750000,2,1
2017-11-26,10000048,482,2000000,2000000,2000000,2,1
2017-11-26,10000048,483,15000,15000,15000,2,1
2017-11-26,10000048,486,17500.52,17500.52,17500.52,2,1
2017-11-26,10000048,488,65000,65000,65000,1,1
2017-11-26,10000048,499,18471.22,14999.99,21942.44,6,2
2017-11-26,10000048,519,1637995.56,1310513.22,1899981.11,9,6
2017-11-26,10000048,523,44282.99,44282.99,44282.99,2,1
2017-11-26,10000048,526,117777.77,117777.77,117777.77,3,3
2017-11-26,10000048,527,1338232.32,1029999.93,1499983.29,12,9
2017-11-26,10000048,530,134999,134999,134999,1,1
2017-11-26,10000048,561,3555,3555,3555,3,2
2017-11-26,10000048,563,100000,100000,100000,1,1
2017-11-26,10000048,564,34993.78,34993.78,34993.78,4,2
2017-11-26,10000048,568,310666,310666,310666,8,1
2017-11-26,10000048,577,60000,60000,60000,1,1
2017-11-26,10000048,578,283185,249777.5,350000,3,3
2017-11-26,10000048,582,29999.99,29999.99,29999.99,1,1
2017-11-26,10000048,583,426666.33,339999.5,600000,3,3
2017-11-26,10000048,584,425000,390000,495000,3,3
2017-11-26,10000048,585,346666.67,345000,350000,3,2
2017-11-26,10000048,586,737500,525000,950000,2,2
2017-11-26,10000048,589,823333.33,470000,1000000,3,3
2017-11-26,10000048,591,365000,365000,365000,1,1
2017-11-26,10000048,592,334761.9,29999.99,350000,21,2
2017-11-26,10000048,593,415514.29,391000,420000,35,14
2017-11-26,10000048,594,398222.21,349000,399999.99,9,9
2017-11-26,10000048,597,888000,440000,1000000,5,3
2017-11-26,10000048,598,489999.99,489999.99,489999.99,2,1
2017-11-26,10000048,601,250000,250000,250000,1,1
2017-11-26,10000048,603,377625,349000,395000,8,4
2017-11-26,10000048,605,633333.33,500000,700000,3,3
2017-11-26,10000048,606,5000,5000,5000,1,1
2017-11-26,10000048,607,703153.21,466666,2499999.99,10,10
2017-11-26,10000048,608,407431.36,320000,449999.99,29,16
2017-11-26,10000048,609,381000,315000,425000,5,5
2017-11-26,10000048,621,10999999.99,10999999.99,10999999.99,30,1
2017-11-26,10000048,622,11499999.98,11499999.98,11499999.98,1,1
2017-11-26,10000048,623,12499999.99,12499999.99,12499999.99,1,1
2017-11-26,10000048,624,7999999.5,7999999,8000000,2,2
2017-11-26,10000048,626,11184995.4,10149999.99,12500000,10,9
2017-11-26,10000048,627,13398998.99,13398998.99,13398998.99,1,1
2017-11-26,10000048,629,11599998.98,11599998.98,11599998.98,1,1
2017-11-26,10000048,630,7899999.99,7899999.99,7899999.99,3,2
2017-11-26,10000048,631,8599999.99,8599999.99,8599999.99,5,1
2017-11-26,10000048,632,9199999.99,9199999.99,9199999.99,10,1
2017-11-26,10000048,634,9999998.99,9999998.99,9999998.99,1,1
2017-11-26,10000048,645,189949949.99,189899899.98,189999999.99,2,2
2017-11-26,10000048,649,2900000,2900000,2900000,1,1
2017-11-26,10000048,650,1350000,1350000,1350000,1,1
2017-11-26,10000048,652,102600,102600,102600,1,1
2017-11-26,10000048,654,2949999.5,2900000,2999999,2,2
2017-11-26,10000048,655,1533333.33,1200000,2200000,3,3
2017-11-26,10000048,656,2650000,2400000,2900000,2,2
2017-11-26,10000048,657,2999999,2999999,2999999,1,1
2017-11-26,10000048,672,78408.62,50000,93749.46,11,11
2017-11-26,10000048,812,160000,160000,160000,1,1
2017-11-26,10000048,819,20000,20000,20000,1,1
2017-11-26,10000048,941,2825000,2825000,2825000,1,1
2017-11-26,10000048,989,3425000,3425000,3425000,1,1
2017-11-26,10000048,991,4287500,4287500,4287500,1,1
2017-11-26,10000048,992,11250000,11250000,11250000,1,1
2017-11-26,10000048,1072,64500,64500,64500,1,1
2017-11-26,10000048,1079,394240,394240,394240,2,2
2017-11-26,10000048,1096,243200,243200,243200,1,1
2017-11-26,10000048,1102,224880,224880,224880,2,2
2017-11-26,10000048,1114,90000,90000,90000,1,1
2017-11-26,10000048,1115,120000,120000,120000,2,2
2017-11-26,10000048,1119,1200000,1200000,1200000,1,1
2017-11-26,10000048,1137,100000,100000,100000,2,2
2017-11-26,10000048,1140,150000,150000,150000,1,1
2017-11-26,10000048,1160,35000,35000,35000,1,1
2017-11-26,10000048,1183,727094.35,600000,749998.97,11,10
2017-11-26,10000048,1185,21333.33,18000,23000,3,2
2017-11-26,10000048,1186,100000,100000,100000,1,1
2017-11-26,10000048,1201,50000,50000,50000,17,2
2017-11-26,10000048,1204,49740,49740,49740,1,1
2017-11-26,10000048,1226,300,300,300,606,2
2017-11-26,10000048,1227,56,56,56,3653991,4
2017-11-26,10000048,1228,16.03,16.02,16.03,99873,8
2017-11-26,10000048,1230,12.6,12.6,12.6,107371,8
2017-11-26,10000048,1231,5994,5994,5994,26852,9
2017-11-26,10000048,1236,745818.65,640995.07,798996,5,5
2017-11-26,10000048,1244,50000,50000,50000,1,1
2017-11-26,10000048,1245,249980,249980,249980,2,2
2017-11-26,10000048,1285,49740,49740,49740,1,1
2017-11-26,10000048,1295,49740,49740,49740,1,1
2017-11-26,10000048,1306,365501.08,324302.09,372991.81,13,8
2017-11-26,10000048,1317,13029.42,12000,14997.92,38,7
2017-11-26,10000048,1318,16640,16640,16640,5,1
2017-11-26,10000048,1319,1011560.51,850000,1198771.91,39,15
2017-11-26,10000048,1334,125000,125000,125000,5,1
2017-11-26,10000048,1335,565997.67,370998.72,799996.4,11,3
2017-11-26,10000048,1355,1249867.37,1249867.37,1249867.37,1,1
2017-11-26,10000048,1403,25624.37,19999,34999.98,8,5
2017-11-26,10000048,1404,54380,54380,54380,1,1
2017-11-26,10000048,1405,894103.49,829888,1099995.84,56,28
2017-11-26,10000048,1422,1697450.96,1697450.96,1697450.97,3,2
2017-11-26,10000048,1436,1699999.94,1699999.94,1699999.94,1,1
2017-11-26,10000048,1445,10000,10000,10000,1,1
2017-11-26,10000048,1447,745997,745997,745997,2,1
2017-11-26,10000048,1541,1609612.73,1456950.93,1762274.53,2,2
2017-11-26,10000048,1814,10.39,10.39,10.39,125,1
2017-11-26,10000048,1818,200,200,200,9500,1
2017-11-26,10000048,1875,50000,50000,50000,7,1
2017-11-26,10000048,1877,1022462.5,309900,1450000,8,2
2017-11-26,10000048,1944,2999999.99,2999999.99,2999999.99,1,1
2017-11-26,10000048,1952,1674778.44,1390000,2530798,9,5
2017-11-26,10000048,1978,2456523.95,2456523.95,2456523.95,4,1
2017-11-26,10000048,1999,1482899.5,1102800,1862999,2,2
2017-11-26,10000048,2019,250000,250000,250000,1,1
2017-11-26,10000048,2032,479180.43,15006,529985.99,4,3
2017-11-26,10000048,2046,24883.24,17775.73,59998.98,12,10
2017-11-26,10000048,2047,50000,50000,50000,1,1
2017-11-26,10000048,2048,657887.42,634999.96,689994.21,56,48
2017-11-26,10000048,2109,1787995.32,1787995.32,1787995.32,1,1
2017-11-26,10000048,2117,4099998.75,3999997.5,4199999.99,2,2
2017-11-26,10000048,2161,190000,190000,190000,1,1
2017-11-26,10000048,2173,40800,40800,40800,1,1
2017-11-26,10000048,2175,1976887.01,1975999,1979995.03,18,5
2017-11-26,10000048,2183,26333.15,1000,41300,37,5
2017-11-26,10000048,2185,1153175.58,1100000,1188997.99,29,9
2017-11-26,10000048,2195,2799999.99,2799999.99,2799999.99,7,2
2017-11-26,10000048,2203,5200.23,3500,9999.99,13,5
2017-11-26,10000048,2204,200000,200000,200000,1,1
2017-11-26,10000048,2205,468898.17,439897.88,499998.71,70,19
2017-11-26,10000048,2281,3999995.86,3999995.86,3999995.86,1,1
2017-11-26,10000048,2297,2177776.99,2177776.99,2177776.99,1,1
2017-11-26,10000048,2299,2711110.98,2222222,3199999.96,2,2
2017-11-26,10000048,2301,3399997.44,3399997.44,3399997.44,1,1
2017-11-26,10000048,2303,2438888,2438888,2438888,1,1
2017-11-26,10000048,2309,1,1,1,388617,1
2017-11-26,10000048,2311,1,1,1,321953,1
2017-11-26,10000048,2333,1450000,1450000,1450000,1,1
2017-11-26,10000048,2364,1413565.48,1293797.97,1899998.96,6,4
2017-11-26,10000048,2393,240.03,240.03,240.03,3160,1
2017-11-26,10000048,2399,481,481,481,8920,1
2017-11-26,10000048,2400,321.32,321.32,321.32,9640,1
2017-11-26,10000048,2401,400,400,400,14317,1
2017-11-26,10000048,2403,7500000,7500000,7500000,2,2
2017-11-26,10000048,2406,1000000,1000000,1000000,12,3
2017-11-26,10000048,2410,1899998.9,1899998.9,1899998.9,4,1
2017-11-26,10000048,2420,6199999.26,6199999,6200000.05,4,3
2017-11-26,10000048,2436,2182387.73,2179988,2188777,22,3
2017-11-26,10000048,2444,72937.89,59990.95,79999.85,17,3
2017-11-26,10000048,2446,2127262.44,1999989.81,2498973.58,27,4
2017-11-26,10000048,2454,25000,25000,25000,284,18
2017-11-26,10000048,2455,250000,250000,250000,2,1
2017-11-26,10000048,2456,394900,394899.99,411496.87,194,29
2017-11-26,10000048,2465,300000,300000,300000,1,1
2017-11-26,10000048,2466,822049.9,799999.98,999998.92,16,3
2017-11-26,10000048,2486,8555.26,8000,9999.99,16,5
2017-11-26,10000048,2487,400000,400000,400000,1,1
2017-11-26,10000048,2488,435948,421999.99,489982.99,136,21
2017-11-26,10000048,2495,500000,500000,500000,32,4
2017-11-26,10000048,2505,500000,500000,500000,52,4
2017-11-26,10000048,2508,400,400,400,48,1
2017-11-26,10000048,2510,452.6,452.6,452.6,8078,2
2017-11-26,10000048,2514,4.4,4.4,4.4,5000,1
2017-11-26,10000048,2516,5.2,5.2,5.2,5000,1
2017-11-26,10000048,2524,80500,80500,80500,5,1
2017-11-26,10000048,2525,81500,81500,81500,5,1
2017-11-26,10000048,2533,81500,81500,81500,5,1
2017-11-26,10000048,2534,81500,81500,81500,5,1
2017-11-26,10000048,2550,80500,80500,80500,5,1
2017-11-26,10000048,2551,81500,81500,81500,5,1
2017-11-26,10000048,2563,2100000,2100000,2100000,2,1
2017-11-26,10000048,2567,2100000,2100000,2100000,2,1
2017-11-26,10000048,2575,2199999.99,2199999.99,2199999.99,2,1
2017-11-26,10000048,2604,16640,16640,16640,5,1
2017-11-26,10000048,2605,530069.54,434870.82,889997.98,23,14
2017-11-26,10000048,2629,1498.97,1498.97,1498.97,16000,3
2017-11-26,10000048,2679,447.97,447.97,447.97,15000,2
2017-11-26,10000048,2817,789,789,789,2100,2
2017-11-26,10000048,2873,999715.53,998863.74,999999.46,8,3
2017-11-26,10000048,2881,979991.02,979990.48,979991.15,20,4
2017-11-26,10000048,2889,700999.98,609999.94,740000,10,2
2017-11-26,10000048,2897,1800005.75,1800005.75,1800005.75,10,2
2017-11-26,10000048,2905,694984.14,694984.14,694984.14,6,2
2017-11-26,10000048,2969,2733333.3,2599999.99,2999999.92,15,3
2017-11-26,10000048,3001,498888,498888,498888,6,1
2017-11-26,10000048,3041,549999.91,549999.91,549999.91,3,1
2017-11-26,10000048,3074,940000,940000,940000,3,1
2017-11-26,10000048,3082,1300000.01,1300000.01,1300000.01,6,1
2017-11-26,10000048,3130,2093132.23,1824989.86,2242100.22,14,3
2017-11-26,10000048,3146,2249249.47,1034100,2424999.94,22,5
2017-11-26,10000048,3162,681621.38,425000,799999.84,37,5
2017-11-26,10000048,3170,724654.93,625000,789999,32,7
2017-11-26,10000048,3178,1082729.71,859887.16,1199999.93,59,15
2017-11-26,10000048,3184,1600000,1600000,1600000,6,2
2017-11-26,10000048,3186,6499998.99,6499998.99,6499998.99,8,2
2017-11-26,10000048,3242,65000,65000,65000,1,1
2017-11-26,10000048,3244,1743250.32,1650000,1943999,22,21
2017-11-26,10000048,3256,15999999,15999999,15999999,2,2
2017-11-26,10000048,3297,8649.99,8649.99,8649.99,2,1
2017-11-26,10000048,3301,30000,20000,40000,2,2
2017-11-26,10000048,3303,20000,20000,20000,100,1
2017-11-26,10000048,3304,100000,100000,100000,4,4
2017-11-26,10000048,3305,100000,100000,100000,2,2
2017-11-26,10000048,3306,100000,100000,100000,51,2
2017-11-26,10000048,3307,2000000,2000000,2000000,5,1
2017-11-26,10000048,3308,2000000,2000000,2000000,6,2
2017-11-26,10000048,3309,2000000,2000000,2000000,26,3
2017-11-26,10000048,3315,1000000,1000000,1000000,5,1
2017-11-26,10000048,3319,20000,20000,20000,1,1
2017-11-26,10000048,3320,10000,10000,10000,154,5
2017-11-26,10000048,3321,20000,20000,20000,203,4
2017-11-26,10000048,3322,25000,25000,25000,100,1
2017-11-26,10000048,3323,30000,30000,30000,100,1
2017-11-26,10000048,3324,100000,100000,100000,51,2
2017-11-26,10000048,3326,350000,350000,350000,30,1
2017-11-26,10000048,3328,40000,40000,40000,153,5
2017-11-26,10000048,3329,40000,40000,40000,101,3
2017-11-26,10000048,3330,40000,40000,40000,101,3
2017-11-26,10000048,3331,40000,40000,40000,104,5
2017-11-26,10000048,3332,500000,500000,500000,61,3
2017-11-26,10000048,3333,500000,500000,500000,61,3
2017-11-26,10000048,3334,500000,500000,500000,60,2
2017-11-26,10000048,3335,500000,500000,500000,50,2
2017-11-26,10000048,3336,4000000,4000000,4000000,12,2
2017-11-26,10000048,3337,4000000,4000000,4000000,23,4
2017-11-26,10000048,3338,5333333.33,4000000,8000000,3,2
2017-11-26,10000048,3339,4000000,4000000,4000000,2,1
2017-11-26,10000048,3340,300000,300000,300000,11,2
2017-11-26,10000048,3341,300000,300000,300000,10,1
2017-11-26,10000048,3342,300000,300000,300000,10,1
2017-11-26,10000048,3343,300000,300000,300000,10,1
2017-11-26,10000048,3348,19375,17500,20000,4,4
2017-11-26,10000048,3349,75000,75000,75000,1,1
2017-11-26,10000048,3350,100000,100000,100000,1,1
2017-11-26,10000048,3355,20000,20000,20000,10,1
2017-11-26,10000048,3356,60000,60000,60000,10,5
2017-11-26,10000048,3357,192000,180000,360000,15,6
2017-11-26,10000048,3358,100000,100000,100000,1,1
2017-11-26,10000048,3359,200000,200000,200000,9,4
2017-11-26,10000048,3361,200000,200000,200000,12,3
2017-11-26,10000048,3363,20000,20000,20000,1,1
2017-11-26,10000048,3373,1000000,1000000,1000000,10,1
2017-11-26,10000048,3380,20000,20000,20000,1,1
2017-11-26,10000048,3385,50000,50000,50000,100,1
2017-11-26,10000048,3386,20000,20000,20000,200,1
2017-11-26,10000048,3387,150000,150000,150000,101,2
2017-11-26,10000048,3388,250000,250000,250000,50,1
2017-11-26,10000048,3389,280000,280000,280000,51,2
2017-11-26,10000048,3393,30000,30000,30000,1,1
2017-11-26,10000048,3395,80000,80000,80000,10,2
2017-11-26,10000048,3396,2000000,2000000,2000000,10,1
2017-11-26,10000048,3397,1000000,1000000,1000000,10,2
2017-11-26,10000048,3403,300000,300000,300000,10,1
2017-11-26,10000048,3405,25000,25000,25000,2,2
2017-11-26,10000048,3406,300000,300000,300000,11,2
2017-11-26,10000048,3409,350000,350000,350000,60,2
2017-11-26,10000048,3410,450000,450000,450000,44,6
2017-11-26,10000048,3412,450000,450000,450000,10,1
2017-11-26,10000048,3416,35000,35000,35000,1,1
2017-11-26,10000048,3420,210000,210000,210000,50,1
2017-11-26,10000048,3421,195000,130000,260000,2,2
2017-11-26,10000048,3423,75000,75000,75000,2,2
2017-11-26,10000048,3425,84000,84000,84000,100,1
2017-11-26,10000048,3430,500000,500000,500000,13,3
2017-11-26,10000048,3433,125000,100000,200000,4,4
2017-11-26,10000048,3434,120000,80000,160000,2,2
2017-11-26,10000048,3438,40000,40000,40000,1,1
2017-11-26,10000048,3439,400000,400000,400000,1,1
2017-11-26,10000048,3440,220000,220000,220000,1,1
2017-11-26,10000048,3441,380000,380000,380000,52,4
2017-11-26,10000048,3442,500000,500000,500000,12,3
2017-11-26,10000048,3443,20000,20000,20000,1,1
2017-11-26,10000048,3446,100000,100000,100000,12,3
2017-11-26,10000048,3447,7500000,7500000,7500000,1,1
2017-11-26,10000048,3449,20000,20000,20000,200,2
2017-11-26,10000048,3452,40000,40000,40000,151,2
2017-11-26,10000048,3453,25000,25000,25000,200,1
2017-11-26,10000048,3454,340000,340000,340000,60,2
2017-11-26,10000048,3456,10000000,10000000,10000000,2,2
2017-11-26,10000048,3488,1849998.77,1849998.77,1849998.77,1,1
2017-11-26,10000048,3512,1450000,1450000,1450000,5,1
2017-11-26,10000048,3520,1799999,1799999,1799999,6,1
2017-11-26,10000048,3529,400000,400000,400000,1,1
2017-11-26,10000048,3530,1858691.98,1600000,2117383.95,2,2
2017-11-26,10000048,3552,2666,2666,2666,570,3
2017-11-26,10000048,3566,25000.01,25000.01,25000.01,1,1
2017-11-26,10000048,3567,112500,112500,112500,1,1
2017-11-26,10000048,3568,1137125,1090000,1248999.99,8,7
2017-11-26,10000048,3645,310.89,310.89,310.89,43258,2
2017-11-26,10000048,3689,3000,3000,3000,16,1
2017-11-26,10000048,3756,64987964.9,64987964.9,64987964.9,1,1
2017-11-26,10000048,3828,9042.1,9042.1,9042.1,4,1
2017-11-26,10000048,3829,26970.13,5,35958.51,8,6
2017-11-26,10000048,3831,1009090.82,900000,1999999,22,9
2017-11-26,10000048,3841,1609998.74,1598989.75,1757496.96,12,6
2017-11-26,10000048,3887,29000,29000,29000,2,1
2017-11-26,10000048,3888,1178998,1178998,1178998,1,1
2017-11-26,10000048,3894,46785000,46785000,46785000,1,1
2017-11-26,10000048,3898,19270000,19270000,19270000,2,1
2017-11-26,10000048,4025,245132.87,48000,340000,33,20
2017-11-26,10000048,4027,273147.99,97200,495549.89,26,17
2017-11-26,10000048,4254,1128195.94,117000.04,1498986.33,4,4
2017-11-26,10000048,4258,1728627.77,800002,2192940.65,3,3
2017-11-26,10000048,4260,2999996.71,2999996.71,2999996.71,1,1
2017-11-26,10000048,4308,65005010.99,65005010.99,65005010.99,2,2
2017-11-26,10000048,4312,21725,21725,23397,53486,5
2017-11-26,10000048,4349,398700000,398700000,398700000,1,1
2017-11-26,10000048,4385,4500000,4500000,4500000,3,2
2017-11-26,10000048,4393,110000,65000,125000,4,3
2017-11-26,10000048,4395,2099999.56,1699998.98,2299999.85,3,3
2017-11-26,10000048,4403,882748.73,570497.95,1194999.5,8,6
2017-11-26,10000048,4405,1655462.92,1489999.91,2147865.9,40,19
2017-11-26,10000048,4411,600000,600000,600000,21,3
2017-11-26,10000048,4435,88996.81,88990.25,88999,4,3
2017-11-26,10000048,4471,317856.38,74999.98,499998.93,7,4
2017-11-26,10000048,4477,399999.94,399999.94,399999.94,1,1
2017-11-26,10000048,4529,200000,200000,200000,1,1
2017-11-26,10000048,4533,250000,250000,250000,1,1
2017-11-26,10000048,4787,101,101,101,1,1
2017-11-26,10000048,4831,500,500,500,1,1
2017-11-26,10000048,4833,489997.15,489997.15,489997.15,1,1
2017-11-26,10000048,4871,4.99,4.99,4.99,1,1
2017-11-26,10000048,5047,5,5,5,1,1
2017-11-26,10000048,5051,438949.99,438949.99,438949.99,1,1
2017-11-26,10000048,5137,74950.16,35152.49,88216.05,8,3
2017-11-26,10000048,5141,79545.44,10000,87499.99,11,9
2017-11-26,10000048,5239,88968.63,12000,90000,16,4
2017-11-26,10000048,5245,115224.86,97000,133449.71,4,2
2017-11-26,10000048,5319,14828,14828,14828,1,1
2017-11-26,10000048,5320,689999.99,689999.99,689999.99,2,2
2017-11-26,10000048,5322,449899.99,449899.99,449899.99,1,1
2017-11-26,10000048,5399,24088.55,24088.55,24088.55,1,1
2017-11-26,10000048,5403,21999.98,21999.98,21999.98,5,3
2017-11-26,10000048,5405,89999,89999,89999,2,2
2017-11-26,10000048,5439,138750,10000.01,160000,16,9
2017-11-26,10000048,5443,99435.8,79998.99,110000,87,12
2017-11-26,10000048,5445,53200,5000.01,65250,5,4
2017-11-26,10000048,5493,158995,158995,158995,4,1
2017-11-26,10000048,5533,79853.63,75000,174499.5,41,7
2017-11-26,10000048,5599,293249.54,160999,690001.14,4,3
2017-11-26,10000048,5631,589994.79,589994.79,589994.79,1,1
2017-11-26,10000048,5697,49999.99,49999.99,49999.99,1,1
2017-11-26,10000048,5721,49999.99,49999.99,49999.99,1,1
2017-11-26,10000048,5747,500,500,500,1,1
2017-11-26,10000048,5755,49999.99,49999.99,49999.99,1,1
2017-11-26,10000048,5759,49999.99,49999.99,49999.99,2,2
2017-11-26,10000048,5839,1755477.21,1560000,2750000,6,6
2017-11-26,10000048,5933,399962.22,399962.22,399962.22,5,1
2017-11-26,10000048,5955,193500,138000,248999.99,2,2
2017-11-26,10000048,5971,133756.75,12001.09,136981.96,26,10
2017-11-26,10000048,5973,588888.47,459999.99,669999.72,48,24
2017-11-26,10000048,5975,119365.74,30000,178942.9,10,10
2017-11-26,10000048,6001,47396.4,17999.98,100000,17,15
2017-11-26,10000048,6003,137333.15,32494.01,347011.45,3,3
2017-11-26,10000048,6005,32000,32000,32000,2,2
2017-11-26,10000048,6131,90000,90000,90000,1,1
2017-11-26,10000048,6135,250000,250000,250000,1,1
2017-11-26,10000048,6159,250000,250000,250000,1,1
2017-11-26,10000048,6160,27000,5000,48999.99,2,2
2017-11-26,10000048,6173,690000,690000,690000,1,1
2017-11-26,10000048,6296,899999,899999,899999,1,1
2017-11-26,10000048,6527,300000,300000,300000,1,1
2017-11-26,10000048,6671,1000000,1000000,1000000,2,1
2017-11-26,10000048,6675,2161249.13,1999999,3290000,8,2
2017-11-26,10000048,7249,100000,100000,100000,5,1
2017-11-26,10000048,7251,1999.41,1999.41,1999.41,1,1
2017-11-26,10000048,7289,136999.5,99999,173999.99,4,2
2017-11-26,10000048,7329,750000,750000,750000,4,1
2017-11-26,10000048,7367,2505111,2505111,2505111,1,1
2017-11-26,10000048,7535,1037818.18,977000,1200000,11,2
2017-11-26,10000048,7541,279514.39,279514.39,279514.39,7,1
2017-11-26,10000048,7579,1366667.38,700002.15,1700000,3,2
2017-11-26,10000048,7581,528499.36,499999,571249.91,5,2
2017-11-26,10000048,7585,784999,699999,824999,25,3
2017-11-26,10000048,7619,3332999.98,3332999.98,3332999.98,4,1
2017-11-26,10000048,7997,690000,490000,890000,2,2
2017-11-26,10000048,8089,1058408.75,735000,1575757,8,5
2017-11-26,10000048,8091,962857.14,890000,975000,7,2
2017-11-26,10000048,8117,438999,438999,438999,24,1
2017-11-26,10000048,8175,124999.98,124999.98,124999.98,2,1
2017-11-26,10000048,8225,499997,499997,499997,1,1
2017-11-26,10000048,8263,449998.25,299999,499998,4,2
2017-11-26,10000048,8427,106700,106700,106700,7,2
2017-11-26,10000048,8433,719875,710000,743000,8,5
2017-11-26,10000048,8517,4429994.63,4400000,4459989.25,6,6
2017-11-26,10000048,8521,358544.03,192500,380000,34,8
2017-11-26,10000048,8529,290421.63,144995.29,399000,13,4
2017-11-26,10000048,8748,431867.76,84840.54,778894.97,2,2
2017-11-26,10000048,9127,3997999.9,3997999.9,3997999.9,4,1
2017-11-26,10000048,9207,200000,200000,200000,4,1
2017-11-26,10000048,9622,85995,85995,85995,3,3
2017-11-26,10000048,9632,457500,450000,464999.99,2,2
2017-11-26,10000048,9728,149502.52,5.04,299000,2,2
2017-11-26,10000048,9834,380,380,380,9,1
2017-11-26,10000048,9842,11991.55,11991.55,11991.55,4,1
2017-11-26,10000048,9848,42000.01,42000.01,42000.01,8,1
2017-11-26,10000048,9852,47.73,44.4,48.06,22,3
2017-11-26,10000048,9899,10590897.5,10590897.5,10590897.5,1,1
2017-11-26,10000048,9941,10999991.1,10999991.1,10999991.1,1,1
2017-11-26,10000048,9945,249940,249940,249940,1,1
2017-11-26,10000048,9947,3500000.01,3500000.01,3500000.01,3,2
2017-11-26,10000048,9950,2850000,2850000,2850000,14,3
2017-11-26,10000048,9957,34999900,34999900,34999900,1,1
2017-11-26,10000048,10039,999,999,999,10,1
2017-11-26,10000048,10155,14999999.86,14999999.86,14999999.86,1,1
2017-11-26,10000048,10190,1285866.61,1245999.9,1299999.99,30,21
2017-11-26,10000048,10221,23749999.16,23500000,23999998.31,2,2
2017-11-26,10000048,10246,31999.99,31999.99,33000,11,3
2017-11-26,10000048,10250,799999.5,499999,1099999.99,10,2
2017-11-26,10000048,10631,503959.56,474999.96,619975.86,34,7
2017-11-26,10000048,10680,949999.25,799999.99,999999,12,4
2017-11-26,10000048,10694,390249.52,389855.41,396555.05,17,8
2017-11-26,10000048,10836,40999,40999,40999,1,1
2017-11-26,10000048,10837,364640,364640,364640,1,1
2017-11-26,10000048,10880,300000,300000,300000,1,1
2017-11-26,10000048,10998,39277.78,29320.51,59700,66,26
2017-11-26,10000048,11083,5098995.96,5098995.96,5098995.96,1,1
2017-11-26,10000048,11105,622674.49,424273.47,790000,12,6
2017-11-26,10000048,11129,56851.03,24500,99998.98,36,35
2017-11-26,10000048,11130,50000,50000,50000,5,1
2017-11-26,10000048,11132,24500.3,19999.99,40749,5,5
2017-11-26,10000048,11133,50000,50000,50000,1,1
2017-11-26,10000048,11134,28961.69,19999.99,55846.77,4,4
2017-11-26,10000048,11178,40000000,40000000,40000000,1,1
2017-11-26,10000048,11186,45498747.5,40997495,50000000,2,2
2017-11-26,10000048,11198,36914256.48,36828516,36999996.95,2,2
2017-11-26,10000048,11200,32997996.57,32997996.57,32997996.57,1,1
2017-11-26,10000048,11202,36962499.43,35849997.73,46000000,4,4
2017-11-26,10000048,11207,500000,500000,500000,12,3
2017-11-26,10000048,11269,1263168.56,870000,1499868.79,40,25
2017-11-26,10000048,11283,1821.54,1821.54,1821.54,1,1
2017-11-26,10000048,11285,5499.67,5200,7000,90,3
2017-11-26,10000048,11287,6900,6900,6900,379,8
2017-11-26,10000048,11309,279999,279999,279999,12,5
2017-11-26,10000048,11317,614326.51,345000,748989.77,3,3
2017-11-26,10000048,11325,871029.94,263089.82,1175000,3,3
2017-11-26,10000048,11327,500000,500000,500000,1,1
2017-11-26,10000048,11341,5.01,5.01,5.01,1,1
2017-11-26,10000048,11343,5,5,5,1,1
2017-11-26,10000048,11349,139999,139999,139999,2,1
2017-11-26,10000048,11370,1773076.73,738000.01,1888999.75,13,11
2017-11-26,10000048,11377,36670801.39,11354010.99,42999998.99,5,4
2017-11-26,10000048,11395,500000,500000,500000,13,4
2017-11-26,10000048,11399,9024,9024,9024,20,2
2017-11-26,10000048,11400,38993843.85,33987689.03,43999998.66,2,2
2017-11-26,10000048,11442,10000000,10000000,10000000,1,1
2017-11-26,10000048,11447,10000000,10000000,10000000,1,1
2017-11-26,10000048,11450,10000000,10000000,10000000,1,1
2017-11-26,10000048,11452,10000000,10000000,10000000,2,2
2017-11-26,10000048,11481,257.28,150,364.56,200,2
2017-11-26,10000048,11489,398210.11,388888,400306.21,7,3
2017-11-26,10000048,11529,10000000,10000000,10000000,1,1
2017-11-26,10000048,11534,1000.01,1000.01,1000.01,4,1
2017-11-26,10000048,11540,1000.02,1000.02,1000.02,62,2
2017-11-26,10000048,11558,1000.01,1000.01,1000.01,6,1
2017-11-26,10000048,11563,323475.13,300000,331300.17,4,2
2017-11-26,10000048,11566,120000,120000,120000,52,3
2017-11-26,10000048,11574,2000000,2000000,2000000,3,2
2017-11-26,10000048,11577,4849961.32,4524944,5499995.97,3,3
2017-11-26,10000048,11578,6544998.99,6299998.78,9731998.99,14,6
2017-11-26,10000048,11579,3500000,3500000,3500000,14,5
2017-11-26,10000048,11584,75000,75000,75000,1,1
2017-11-26,10000048,11612,249600,249600,249600,1,1
2017-11-26,10000048,11640,1094285.14,819999.99,1299999,14,5
2017-11-26,10000048,11644,5000000,5000000,5000000,1,1
2017-11-26,10000048,11646,3698999.99,3698999.99,3698999.99,2,2
2017-11-26,10000048,11887,282640,282640,282640,1,1
2017-11-26,10000048,12017,399999999.99,399999999.99,399999999.99,1,1
2017-11-26,10000048,12032,44899999,44899999,44899999,4,3
2017-11-26,10000048,12034,39999999.99,39999999.99,39999999.99,2,1
2017-11-26,10000048,12038,39999999.99,39999999.99,39999999.99,3,2
2017-11-26,10000048,12042,46388887.77,46388887.77,46388887.77,1,1
2017-11-26,10000048,12056,50000,50000,50000,1,1
2017-11-26,10000048,12058,2838985.05,1800000.14,3358477.5,3,3
2017-11-26,10000048,12076,7400010.02,7400010.02,7400010.02,1,1
2017-11-26,10000048,12092,1000000,1000000,1000000,2,2
2017-11-26,10000048,12093,4000000,4000000,4000000,3,2
2017-11-26,10000048,12180,375000,375000,375000,61,3
2017-11-26,10000048,12181,350000,350000,350000,61,3
2017-11-26,10000048,12182,325000,325000,325000,61,3
2017-11-26,10000048,12183,275000,275000,275000,11,2
2017-11-26,10000048,12184,250000,250000,250000,1,1
2017-11-26,10000048,12185,225000,225000,225000,1,1
2017-11-26,10000048,12186,200000,200000,200000,12,3
2017-11-26,10000048,12187,175000,175000,175000,12,3
2017-11-26,10000048,12188,150000,150000,150000,12,3
2017-11-26,10000048,12189,400000,400000,400000,12,3
2017-11-26,10000048,12190,125000,125000,125000,2,2
2017-11-26,10000048,12191,75000,75000,75000,3,3
2017-11-26,10000048,12192,100000,100000,100000,3,3
2017-11-26,10000048,12193,50000,50000,50000,2,2
2017-11-26,10000048,12194,300000,300000,300000,61,3
2017-11-26,10000048,12195,25000,25000,25000,1,1
2017-11-26,10000048,12196,300000,300000,300000,10,1
2017-11-26,10000048,12198,2616949.33,1850849.99,2999999,3,2
2017-11-26,10000048,12199,6999887.67,6999887.67,6999887.67,2,1
2017-11-26,10000048,12204,8998995.95,8998995.95,8998995.95,1,1
2017-11-26,10000048,12205,18988997.96,18988997.96,18988997.96,1,1
2017-11-26,10000048,12208,6599898.25,6599898.25,6599898.25,1,1
2017-11-26,10000048,12210,983333.33,950000,1000000,3,3
2017-11-26,10000048,12211,3000000,3000000,3000000,1,1
2017-11-26,10000048,12213,4949895,4949895,4949895,1,1
2017-11-26,10000048,12214,3199697.9,3199697.9,3199697.9,1,1
2017-11-26,10000048,12215,10695994,10695994,10695994,1,1
2017-11-26,10000048,12259,4999999.95,4999999.95,4999999.95,1,1
2017-11-26,10000048,12267,4894993.66,4894993.66,4894993.66,2,2
2017-11-26,10000048,12274,126656.25,126656.25,126656.25,2,1
2017-11-26,10000048,12345,1000000,1000000,1000000,1,1
2017-11-26,10000048,12365,120000,120000,120000,3,3
2017-11-26,10000048,12366,120000,120000,120000,52,3
2017-11-26,10000048,12367,120000,120000,120000,2,2
2017-11-26,10000048,12442,315000,315000,315000,1,1
2017-11-26,10000048,12486,3979888,3979888,3979888,1,1
2017-11-26,10000048,12487,6666666,6666666,6666666,1,1
2017-11-26,10000048,12537,58060.65,58060.65,58060.65,1,1
2017-11-26,10000048,12563,198879.84,198879.84,198879.84,4,1
2017-11-26,10000048,12565,74499.99,74499.99,74499.99,7,1
2017-11-26,10000048,12612,73.87,58.79,148.77,55186,17
2017-11-26,10000048,12614,149,149,149,28529,10
2017-11-26,10000048,12618,41.95,41.95,41.95,16460,7
2017-11-26,10000048,12620,43,43,43,24384,8
2017-11-26,10000048,12625,73.99,73.99,73.99,8488,5
2017-11-26,10000048,12631,109.79,109.79,109.79,4000,2
2017-11-26,10000048,12633,124.95,124.95,124.95,1500,1
2017-11-26,10000048,12777,198.98,198.98,198.98,6600,2
2017-11-26,10000048,12785,115,107.95,115,15854,6
2017-11-26,10000048,12789,110,110,110,47205,10
2017-11-26,10000048,12805,1,1,1,600,1
2017-11-26,10000048,12814,499999.99,499999.99,499999.99,6,1
2017-11-26,10000048,12818,239981.24,239981.24,239981.24,5,1
2017-11-26,10000048,13001,2597142.86,2595000,2600000,7,4
2017-11-26,10000048,13003,4179998.25,2500000,4599998,5,4
2017-11-26,10000048,13231,39999999.99,39999999.99,39999999.99,1,1
2017-11-26,10000048,13244,26997300,26997300,26997300,1,1
2017-11-26,10000048,13279,250000,250000,250000,12,3
2017-11-26,10000048,14178,28124,28124,28124,1,1
2017-11-26,10000048,14258,25000060.5,25000060.5,25000060.5,1,1
2017-11-26,10000048,14268,22500060.5,22500060.5,22500060.5,1,1
2017-11-26,10000048,15331,850,850,850,535,45
2017-11-26,10000048,15466,3114611.11,2886300,3399999.99,9,2
2017-11-26,10000048,15479,3999999.98,3999999.98,3999999.98,4,1
2017-11-26,10000048,15508,41500,41500,41500,7,2
2017-11-26,10000048,15510,39899.99,39899.99,39899.99,2,1
2017-11-26,10000048,15592,100000.02,100000.02,100000.02,2,1
2017-11-26,10000048,15596,4500,4500,4500,18,2
2017-11-26,10000048,15597,8000,8000,8000,1,1
2017-11-26,10000048,15598,15000,15000,15000,12,2
2017-11-26,10000048,15599,20000,20000,20000,5,5
2017-11-26,10000048,15600,500000,500000,500000,6,2
2017-11-26,10000048,15601,30000.09,30000.09,30000.09,3,1
2017-11-26,10000048,15602,60000,60000,60000,10,2
2017-11-26,10000048,15607,4500,4500,4500,10,1
2017-11-26,10000048,15608,8000,8000,8000,11,1
2017-11-26,10000048,15610,20000,20000,20000,2,1
2017-11-26,10000048,15656,100000,100000,100000,6,1
2017-11-26,10000048,15766,37192448.95,37192448.95,37192448.95,1,1
2017-11-26,10000048,15895,32800065.55,32800065.55,32800065.55,1,1
2017-11-26,10000048,15992,25000,25000,25000,2,1
2017-11-26,10000048,15996,30000,30000,30000,7,2
2017-11-26,10000048,15999,50000,50000,50000,1,1
2017-11-26,10000048,16002,15000,15000,15000,17,3
2017-11-26,10000048,16227,60000000,60000000,60000000,1,1
2017-11-26,10000048,16236,1789564.95,1789564.95,1789564.95,1,1
2017-11-26,10000048,16238,1100151.5,800304,1399999,2,2
2017-11-26,10000048,16240,1286218.72,1250000,2499999.99,32,10
2017-11-26,10000048,16242,984845.03,500000,990909,30,3
2017-11-26,10000048,16272,499,499,499,1053,1
2017-11-26,10000048,16273,300,300,300,81802,55
2017-11-26,10000048,16274,1400,1400,1400,50000,2
2017-11-26,10000048,16275,6799.98,6799.98,6799.98,10000,1
2017-11-26,10000048,16278,2600000,2000000,3800000,6,2
2017-11-26,10000048,16281,375000,375000,375000,13,4
2017-11-26,10000048,16303,1199999.99,1199999.99,1199999.99,6,3
2017-11-26,10000048,16311,544999.5,489999.99,599999,2,2
2017-11-26,10000048,16359,5.01,5.01,5.01,1,1
2017-11-26,10000048,16361,5.01,5.01,5.01,1,1
2017-11-26,10000048,16375,5.02,5.02,5.02,1,1
2017-11-26,10000048,16379,5.02,5.02,5.02,1,1
2017-11-26,10000048,16383,4.99,4.99,4.99,2,1
2017-11-26,10000048,16385,2999999,2999999,2999999,1,1
2017-11-26,10000048,16391,352758.75,352758.75,352758.75,1,1
2017-11-26,10000048,16429,500000,500000,500000,10,1
2017-11-26,10000048,16447,265865.35,265865.35,265865.35,1,1
2017-11-26,10000048,16457,4995000,4995000,4995000,1,1
2017-11-26,10000048,16469,462998.23,462998.23,462998.23,1,1
2017-11-26,10000048,16475,200000,200000,200000,1,1
2017-11-26,10000048,16507,699990.18,699990.18,699990.18,1,1
2017-11-26,10000048,16527,762482.89,500000,799980.44,8,2
2017-11-26,10000048,16594,1500000,1500000,1500000,6,2
2017-11-26,10000048,16597,20000000,20000000,20000000,2,2
2017-11-26,10000048,16598,3500000,3500000,3500000,3,3
2017-11-26,10000048,16622,5000000,5000000,5000000,4,3
2017-11-26,10000048,17366,570256.12,400000,899999.98,13,4
2017-11-26,10000048,17448,301.11,301.11,301.11,5322,1
2017-11-26,10000048,17452,790,790,790,365,1
2017-11-26,10000048,17455,55.94,55.94,55.94,141250,11
2017-11-26,10000048,17456,55.68,55.68,55.68,338688,7
2017-11-26,10000048,17463,18.17,18.17,18.17,105074,1
2017-11-26,10000048,17464,16.3,16.3,16.3,16859,2
2017-11-26,10000048,17470,13.01,13.01,13.01,107429,2
2017-11-26,10000048,17471,13.22,13.22,13.22,63339,3
2017-11-26,10000048,17480,22159998.8,20000000,23599998,5,4
2017-11-26,10000048,17482,2599899.99,2599899.99,2599899.99,2,1
2017-11-26,10000048,17619,26999999.84,26999999.84,26999999.84,1,1
2017-11-26,10000048,17841,14057049.13,13000000,14197989.01,17,5
2017-11-26,10000048,17843,79347713.57,75501000,79988999,7,3
2017-11-26,10000048,17848,1029020.71,1029000,1029103.55,5,2
2017-11-26,10000048,17849,6900000,6900000,6900000,1,1
2017-11-26,10000048,17868,56,56,56,612241,5
2017-11-26,10000048,17887,1399.75,1000,1399.76,98500,8
2017-11-26,10000048,17888,1296.9,1296.9,1296.9,210000,4
2017-11-26,10000048,17895,200000.02,200000.02,200000.02,1,1
2017-11-26,10000048,17912,4557980.01,4399899.99,4584212.6,7,3
2017-11-26,10000048,17918,305000000,305000000,305000000,1,1
2017-11-26,10000048,17926,51500000,51500000,51500000,1,1
2017-11-26,10000048,17928,40562010.99,40562010.99,40562010.99,1,1
2017-11-26,10000048,17932,48980569.19,42664010.99,52138848.3,3,3
2017-11-26,10000048,17938,29363.6,19500.95,199999.95,19,18
2017-11-26,10000048,17940,500000,500000,500000,44,6
2017-11-26,10000048,18056,87422.06,87422.06,87422.06,15,1
2017-11-26,10000048,18058,47010,47010,47010,40,1
2017-11-26,10000048,18062,44500,44500,44500,40,1
2017-11-26,10000048,18066,45000.01,45000.01,45000.01,40,1
2017-11-26,10000048,18618,209998.98,209998.96,209998.99,54,3
2017-11-26,10000048,18635,394997.63,394997.63,394997.63,19,1
2017-11-26,10000048,18639,268749.94,150000,599999.77,4,4
2017-11-26,10000048,18680,45000000,45000000,45000000,1,1
2017-11-26,10000048,18692,34899999.99,34899999.99,34899999.99,1,1
2017-11-26,10000048,18829,25000080,25000080,25000080,1,1
2017-11-26,10000048,18849,55000080,55000080,55000080,1,1
2017-11-26,10000048,18937,4551,4551,4551,1,1
2017-11-26,10000048,19416,43200000,43200000,43200000,2,1
2017-11-26,10000048,19719,30000000,30000000,30000000,1,1
2017-11-26,10000048,19761,1000000,1000000,1000000,11,2
2017-11-26,10000048,19766,800000,800000,800000,10,1
2017-11-26,10000048,19767,400000,400000,400000,10,1
2017-11-26,10000048,19806,1797988.31,1797987.11,1797989.5,2,2
2017-11-26,10000048,19810,790000,790000,790000,15,1
2017-11-26,10000048,19814,250000,250000,250000,1,1
2017-11-26,10000048,19922,600000,600000,600000,10,1
2017-11-26,10000048,19946,224000,224000,224000,2,1
2017-11-26,10000048,20125,343999999.77,343999999.77,343999999.77,1,1
2017-11-26,10000048,20171,1206.17,1206.17,1206.17,16,1
2017-11-26,10000048,20209,3147203.94,3147203.94,3147203.94,1,1
2017-11-26,10000048,20211,2300000,2300000,2300000,1,1
2017-11-26,10000048,20306,125,125,125,6,1
2017-11-26,10000048,20307,58.09,58.09,58.09,132,1
2017-11-26,10000048,20312,1299500,1299500,1299500,1,1
2017-11-26,10000048,20314,165500,165500,165500,1,1
2017-11-26,10000048,20342,50000000,50000000,50000000,1,1
2017-11-26,10000048,20349,1189998.71,1189998.71,1189998.71,3,3
2017-11-26,10000048,20351,1999999.97,1999999.97,1999999.97,2,2
2017-11-26,10000048,20353,4244416.19,3783604.09,4799700,6,5
2017-11-26,10000048,20412,1002.02,1002.02,1002.02,1,1
2017-11-26,10000048,20415,1000.07,1000.07,1000.07,4,1
2017-11-26,10000048,20418,52001.91,52001.91,52001.91,4,1
2017-11-26,10000048,20419,175000,175000,175000,24,1
2017-11-26,10000048,20424,20000,20000,20000,1,1
2017-11-26,10000048,20495,100000,100000,100000,1,1
2017-11-26,10000048,20527,75000000,75000000,75000000,1,1
2017-11-26,10000048,20532,169999999.96,169999999.96,169999999.96,1,1
2017-11-26,10000048,20533,400000000,400000000,400000000,2,2
2017-11-26,10000048,21059,120000,120000,120000,1,1
2017-11-26,10000048,21071,67200,67200,67200,1,1
2017-11-26,10000048,21096,2273919.8,2090000,3500000,77,23
2017-11-26,10000048,21603,10000000,10000000,10000000,5,4
2017-11-26,10000048,21610,20000000,20000000,20000000,2,2
2017-11-26,10000048,21611,30000000,30000000,30000000,3,3
2017-11-26,10000048,21638,1245541.9,1244999.92,1245799.99,31,2
2017-11-26,10000048,21640,1187992.21,1098999.96,1395640.8,30,5
2017-11-26,10000048,21666,15000000,15000000,15000000,1,1
2017-11-26,10000048,21667,63894999.91,63894999.91,63894999.91,1,1
2017-11-26,10000048,21718,100000,100000,100000,100,1
2017-11-26,10000048,21740,1299,1299,1299,6943,4
2017-11-26,10000048,21789,6750000,6750000,6750000,1,1
2017-11-26,10000048,21803,17500000,17500000,17500000,1,1
2017-11-26,10000048,21815,6200000.02,6200000.02,6200000.02,2,1
2017-11-26,10000048,21857,3200,3200,3200,1,1
2017-11-26,10000048,21894,1998.99,1998.99,1998.99,4,1
2017-11-26,10000048,21896,1188.84,1188.84,1188.84,6600,2
2017-11-26,10000048,21898,608.98,608.98,608.98,15302,8
2017-11-26,10000048,21902,1899.98,1899.98,1899.98,60,1
2017-11-26,10000048,21904,988.98,988.98,988.98,4000,2
2017-11-26,10000048,21906,584.37,584.37,584.37,15248,4
2017-11-26,10000048,21914,999.99,999.99,999.99,900,1
2017-11-26,10000048,21924,780,780,780,26170,5
2017-11-26,10000048,21939,596,596,596,400,1
2017-11-26,10000048,22043,25000000,25000000,25000000,1,1
2017-11-26,10000048,22175,223328.75,206996.04,234334.42,10,9
2017-11-26,10000048,22177,145315.15,111349.98,219993.97,12,11
2017-11-26,10000048,22229,5359111,5359111,5359111,2,1
2017-11-26,10000048,22291,1222856.28,1064999.98,1299998.87,35,9
2017-11-26,10000048,22460,2000000,2000000,2000000,1,1
2017-11-26,10000048,22542,21500.01,0.02,64500,3,3
2017-11-26,10000048,22551,28000000,28000000,28000000,2,2
2017-11-26,10000048,22576,125999,125999,125999,1,1
2017-11-26,10000048,22578,80000,80000,80000,13,4
2017-11-26,10000048,22761,32000000,32000000,32000000,1,1
2017-11-26,10000048,22778,199998,199998,199998,20,1
2017-11-26,10000048,22806,120000,120000,120000,13,4
2017-11-26,10000048,22807,120000,120000,120000,14,5
2017-11-26,10000048,22808,120000,120000,120000,14,5
2017-11-26,10000048,22809,120000,120000,120000,12,3
2017-11-26,10000048,22961,549.66,549.66,549.66,33730,14
2017-11-26,10000048,22975,780,780,780,52000,2
2017-11-26,10000048,22977,711,435.68,789.95,19492,5
2017-11-26,10000048,22983,1999.99,1999.99,1999.99,2000,1
2017-11-26,10000048,22985,1298.84,1298.84,1298.84,29912,1
2017-11-26,10000048,23009,978.88,978.88,978.89,34206,15
2017-11-26,10000048,23019,1999.94,1999.94,1999.94,450,1
2017-11-26,10000048,23025,746.89,746.89,864.86,6745,4
2017-11-26,10000048,23037,1277,1277,1277,2000,1
2017-11-26,10000048,23055,3999999.99,3999999.99,3999999.99,11,1
2017-11-26,10000048,23069,50000000,50000000,50000000,2,2
2017-11-26,10000048,23071,463511.35,399657.97,499999,22,5
2017-11-26,10000048,23091,1452133.31,1452133.31,1452133.31,10,2
2017-11-26,10000048,23527,499999,499999,499999,1,1
2017-11-26,10000048,23606,150000,150000,150000,11,2
2017-11-26,10000048,23618,50000,50000,50000,10,1
2017-11-26,10000048,23707,84578.36,7979.89,199979.92,37,10
2017-11-26,10000048,23711,39999.99,39999.99,39999.99,10,1
2017-11-26,10000048,24241,50000,50000,50000,11,2
2017-11-26,10000048,24242,1000000,1000000,1000000,13,4
2017-11-26,10000048,24268,7500000,7500000,7500000,2,2
2017-11-26,10000048,24270,7500000,7500000,7500000,1,1
2017-11-26,10000048,24313,275056227.63,50112455.26,500000000,2,2
2017-11-26,10000048,24314,500000000,500000000,500000000,3,3
2017-11-26,10000048,24348,1497996.01,1497995.65,1497996.79,19,4
2017-11-26,10000048,24395,301341.3,251511.95,401000,3,2
2017-11-26,10000048,24417,2274896.98,2274896.98,2274896.98,2,2
2017-11-26,10000048,24427,1399999.99,1399999.99,1399999.99,1,1
2017-11-26,10000048,24438,1494998.02,1494998,1494998.03,5,3
2017-11-26,10000048,24471,138.98,138.98,138.98,5350,2
2017-11-26,10000048,24475,64.44,64.44,64.44,12100,4
2017-11-26,10000048,24477,100,100,100,5222,1
2017-11-26,10000048,24483,1500000000,1500000000,1500000000,1,1
2017-11-26,10000048,24486,247.94,247.94,247.94,1500,1
2017-11-26,10000048,24490,199.99,199.99,199.99,1655,1
2017-11-26,10000048,24492,499.98,499.98,499.98,4000,2
2017-11-26,10000048,24495,165.65,165.65,165.65,2000,1
2017-11-26,10000048,24497,117.78,117.78,117.78,1100,1
2017-11-26,10000048,24499,238,238,238,1000,1
2017-11-26,10000048,24501,148.97,148.97,148.97,666,1
2017-11-26,10000048,24509,690,690,690,27,1
2017-11-26,10000048,24511,790,790,790,5002,2
2017-11-26,10000048,24513,823.62,823.62,823.62,1017,2
2017-11-26,10000048,24531,5.01,5.01,5.01,1000,1
2017-11-26,10000048,24571,10000000,10000000,10000000,2,2
2017-11-26,10000048,24613,15000000,15000000,15000000,1,1
2017-11-26,10000048,24698,49900000.02,49900000.02,49900000.02,1,1
2017-11-26,10000048,24700,57001670.33,41005010.99,65000000,3,3
2017-11-26,10000048,25233,150000,150000,150000,10,1
2017-11-26,10000048,25235,150000,150000,150000,10,1
2017-11-26,10000048,25266,3383999,3383999,3383999,3,2
2017-11-26,10000048,25588,6605.73,6605.68,6605.82,15,5
2017-11-26,10000048,25589,946.03,946.03,946.03,48,4
2017-11-26,10000048,25590,65733.81,62126.84,100000,42,8
2017-11-26,10000048,25591,110004.02,110004.02,110004.02,156,20
2017-11-26,10000048,25592,4050,4000,7500.01,70,5
2017-11-26,10000048,25593,7570,7570,7570,20,3
2017-11-26,10000048,25595,16151.26,16151.26,16151.26,44,6
2017-11-26,10000048,25596,15000.71,15000.71,15000.71,162,17
2017-11-26,10000048,25597,1207.01,1207.01,1207.01,123,14
2017-11-26,10000048,25598,6801.01,6801.01,6801.01,445,30
2017-11-26,10000048,25599,1204.54,1204.54,1204.54,583,26
2017-11-26,10000048,25600,17013.03,17013.03,17013.03,323,23
2017-11-26,10000048,25601,5000.02,5000.02,5000.02,604,19
2017-11-26,10000048,25602,5500,5500,5500,38,1
2017-11-26,10000048,25604,4000,4000,4000,119,16
2017-11-26,10000048,25605,15997.85,15997.85,15997.85,190,14
2017-11-26,10000048,25606,45000.02,45000.02,45000.02,14,2
2017-11-26,10000048,25609,120051.11,120051.11,120051.11,15,2
2017-11-26,10000048,25612,11000.19,11000.19,11000.19,3,2
2017-11-26,10000048,25614,50018.24,50018.24,50018.24,12,1
2017-11-26,10000048,25615,1800000.18,1800000.18,1800000.18,3,1
2017-11-26,10000048,25617,205005.93,205005.68,205006.31,10,3
2017-11-26,10000048,25618,8051.39,8051.34,8051.54,13,4
2017-11-26,10000048,25620,15128.93,15128.89,15128.96,19,5
2017-11-26,10000048,25621,150001.31,150001.31,150001.31,11,2
2017-11-26,10000048,25623,5000,5000,5000,1,1
2017-11-26,10000048,25707,498999.99,498999.99,498999.99,1,1
2017-11-26,10000048,25719,250500,250500,250500,1,1
2017-11-26,10000048,25739,450000,450000,450000,50,2
2017-11-26,10000048,25810,450000,450000,450000,31,3
2017-11-26,10000048,25811,450000,450000,450000,52,4
2017-11-26,10000048,25861,169737.01,140000,174998.64,41,12
2017-11-26,10000048,25863,1000000,1000000,1000000,50,2
2017-11-26,10000048,25894,16499999.99,16499999.99,16499999.99,2,1
2017-11-26,10000048,26224,45100000,45100000,45100000,1,1
2017-11-26,10000048,26252,60000,60000,60000,1,1
2017-11-26,10000048,26253,100000,100000,100000,1,1
2017-11-26,10000048,26255,100000,100000,100000,1,1
2017-11-26,10000048,26256,100000,100000,100000,1,1
2017-11-26,10000048,26257,200000,200000,200000,1,1
2017-11-26,10000048,26259,100000,100000,100000,1,1
2017-11-26,10000048,26261,100000,100000,100000,1,1
2017-11-26,10000048,26412,84885000,84885000,84885000,1,1
2017-11-26,10000048,26929,216911.09,199985.87,297291.84,15,13
2017-11-26,10000048,26930,125000,125000,125000,1,1
2017-11-26,10000048,26931,4648868.61,4297738.29,4999998.92,2,2
2017-11-26,10000048,27127,958695.39,926352.53,1023381.11,3,3
2017-11-26,10000048,27191,3000000,3000000,3000000,2,2
2017-11-26,10000048,27196,39999999.99,39999999.99,39999999.99,1,1
2017-11-26,10000048,27197,34999999.99,34999999.99,34999999.99,1,1
2017-11-26,10000048,27333,1188.99,1188.99,1188.99,2630,2
2017-11-26,10000048,27339,2999.8,2999.8,2999.8,10030,2
2017-11-26,10000048,27345,3899.96,3899.96,3899.96,13420,5
2017-11-26,10000048,27351,3689.96,3689.96,3689.96,10008,2
2017-11-26,10000048,27359,3899.96,3899.96,3899.96,11000,2
2017-11-26,10000048,27361,1384.96,1384.96,1384.96,2247,5
2017-11-26,10000048,27371,1094.98,1094.98,1094.98,1700,4
2017-11-26,10000048,27377,2349.83,2349.83,2349.83,8,1
2017-11-26,10000048,27381,1150.93,1150.93,1150.93,420,3
2017-11-26,10000048,27387,1277.64,1277.64,1277.64,216,2
2017-11-26,10000048,27405,1664.44,1664.44,1664.44,35,1
2017-11-26,10000048,27419,1993.96,1993.96,1993.96,1542,3
2017-11-26,10000048,27423,2229.79,2229.79,2229.79,5000,1
2017-11-26,10000048,27435,1499,1499,1499,49,2
2017-11-26,10000048,27441,1455.93,1417.98,1493.88,2000,2
2017-11-26,10000048,27902,100000,100000,100000,1,1
2017-11-26,10000048,27911,12000000,12000000,12000000,1,1
2017-11-26,10000048,27912,1999999.98,1999999.98,1999999.98,1,1
2017-11-26,10000048,28164,4500000,4500000,4500000,2,1
2017-11-26,10000048,28270,1149000,1149000,1149000,5,1
2017-11-26,10000048,28282,990000,990000,990000,3,2
2017-11-26,10000048,28334,998.84,998.84,998.84,5000,1
2017-11-26,10000048,28362,120001.09,120001.09,120001.09,72,1
2017-11-26,10000048,28364,21000,21000,21000,38,1
2017-11-26,10000048,28423,7200,7200,7200,11870,3
2017-11-26,10000048,28427,2448,2448,2448,5381,2
2017-11-26,10000048,28428,2560,2560,2560,1787,2
2017-11-26,10000048,28576,1486744.98,1223489.96,1750000,4,3
2017-11-26,10000048,28615,4000000,4000000,4000000,2,1
2017-11-26,10000048,28667,64000000,64000000,64000000,1,1
2017-11-26,10000048,28668,27494.69,27494.69,27494.69,2953,44
2017-11-26,10000048,28676,1200000,1200000,1200000,2,1
2017-11-26,10000048,28682,1299988,1299988,1299988,1,1
2017-11-26,10000048,28701,800,800,800,32,1
2017-11-26,10000048,28756,44400000,44400000,44400000,1,1
2017-11-26,10000048,28758,38449499.5,38000000,38898998.99,2,2
2017-11-26,10000048,28879,1000000,1000000,1000000,6,2
2017-11-26,10000048,28880,5000000,5000000,5000000,1,1
2017-11-26,10000048,28999,17617.55,15553.98,29999,7,4
2017-11-26,10000048,29000,1500000,1500000,1500000,1,1
2017-11-26,10000048,29001,25552,25552,25552,409,6
2017-11-26,10000048,29005,19900,19900,19900,2,1
2017-11-26,10000048,29007,41668.33,10,50000,6,5
2017-11-26,10000048,29009,24999.04,14999,149999.49,54,4
2017-11-26,10000048,29011,156481.56,114042.72,299999.98,12,5
2017-11-26,10000048,29248,666666.67,500000,1000000,6,5
2017-11-26,10000048,29637,50000000,50000000,50000000,1,1
2017-11-26,10000048,29988,90858010.99,90858010.99,90858010.99,1,1
2017-11-26,10000048,30013,8300,8300,8300,283,17
2017-11-26,10000048,30028,76969,75000,78938,16,2
2017-11-26,10000048,30486,252872.02,205001,490499.12,62,4
2017-11-26,10000048,30488,484498,100000.66,484999,143,13
2017-11-26,10000048,30540,5000000,5000000,5000000,1,1
2017-11-26,10000048,30544,5000000,5000000,5000000,1,1
2017-11-26,10000048,30546,5000000,5000000,5000000,1,1
2017-11-26,10000048,30548,5000000,5000000,5000000,1,1
2017-11-26,10000048,30549,5000000,5000000,5000000,1,1
2017-11-26,10000048,30550,5000000,5000000,5000000,1,1
2017-11-26,10000048,30552,5000000,5000000,5000000,1,1
2017-11-26,10000048,30553,5000000,5000000,5000000,1,1
2017-11-26,10000048,30650,1500000,1500000,1500000,5,1
2017-11-26,10000048,30651,1500000,1500000,1500000,6,2
2017-11-26,10000048,30652,1500000,1500000,1500000,6,2
2017-11-26,10000048,30653,1500000,1500000,1500000,5,1
2017-11-26,10000048,30744,50000.09,50000.09,50000.09,2,1
2017-11-26,10000048,30834,1743571.14,1650000,2304997.97,7,2
2017-11-26,10000048,30836,2365500.03,1941000.17,2789999.88,2,2
2017-11-26,10000048,30987,877609.71,849999.94,877999.96,41,19
2017-11-26,10000048,30997,509958,509958,509958,1,1
2017-11-26,10000048,31009,1779997.72,499993.95,2399999,15,10
2017-11-26,10000048,31011,2865999.79,1999999.99,3298999.69,3,3
2017-11-26,10000048,31021,349994.8,349994.8,349994.8,8,7
2017-11-26,10000048,31033,579999.79,549999.99,749999,5,4
2017-11-26,10000048,31035,3199999.98,3199999.98,3199999.98,1,1
2017-11-26,10000048,31045,1668444.28,1399999.99,1750000,18,10
2017-11-26,10000048,31047,4535610.4,3199999.99,5499998.97,7,4
2017-11-26,10000048,31051,13999980.8,13999980.8,13999980.8,1,1
2017-11-26,10000048,31055,2898296.03,2699996.97,2947870.8,15,7
2017-11-26,10000048,31059,24325795.66,23599999.99,29154772,6,4
2017-11-26,10000048,31063,1200000,1200000,1200000,5,2
2017-11-26,10000048,31065,5499999,5499999,5499999,1,1
2017-11-26,10000048,31069,17987564.12,17987564.12,17987564.12,1,1
2017-11-26,10000048,31083,975000,975000,975000,3,1
2017-11-26,10000048,31105,506996.43,320990,599999.64,3,2
2017-11-26,10000048,31107,984322.99,980990,990988.97,9,2
2017-11-26,10000048,31111,5100000,5100000,5100000,1,1
2017-11-26,10000048,31119,2257799.99,2196000,2298999.99,5,2
2017-11-26,10000048,31153,1314284.29,799999.62,1699997.33,7,5
2017-11-26,10000048,31155,1250990,1250990,1250990,1,1
2017-11-26,10000048,31159,899998.18,599999.99,1499994.57,3,2
2017-11-26,10000048,31161,1990988.85,1990988.85,1990988.85,1,1
2017-11-26,10000048,31165,5195829.13,5195829.13,5195829.13,1,1
2017-11-26,10000048,31171,4999999.99,4999999.99,4999999.99,4,3
2017-11-26,10000048,31177,516936.67,368998.92,599998.98,16,9
2017-11-26,10000048,31179,4299999,4299999,4299999,1,1
2017-11-26,10000048,31183,5912855.06,5912855.06,5912855.06,1,1
2017-11-26,10000048,31201,490000,490000,490000,3,3
2017-11-26,10000048,31213,157288.19,150984.93,178298.99,13,9
2017-11-26,10000048,31220,4450000,4450000,4450000,1,1
2017-11-26,10000048,31238,199999.94,199999.93,199999.94,2,2
2017-11-26,10000048,31274,650000,650000,650000,1,1
2017-11-26,10000048,31276,2290900,2290900,2290900,1,1
2017-11-26,10000048,31292,5951500,5951500,5951500,1,1
2017-11-26,10000048,31300,2999999.99,2999999.99,2999999.99,2,1
2017-11-26,10000048,31358,867262.67,859000,867945,11,5
2017-11-26,10000048,31359,125000,125000,125000,1,1
2017-11-26,10000048,31360,4325859.19,3990974.67,5313344.97,12,10
2017-11-26,10000048,31364,7271577.43,7271577.43,7271577.43,7,1
2017-11-26,10000048,31370,379000,379000,379000,2,2
2017-11-26,10000048,31372,1360359.99,1190989.99,1499999.99,11,8
2017-11-26,10000048,31376,5486111.75,5486111.75,5486111.75,1,1
2017-11-26,10000048,31382,990989,990989,990989,14,1
2017-11-26,10000048,31395,125000,125000,125000,1,1
2017-11-26,10000048,31454,277888,277888,277888,2,2
2017-11-26,10000048,31515,125000,125000,125000,1,1
2017-11-26,10000048,31526,1834000.25,1678000.5,1999999.99,6,6
2017-11-26,10000048,31527,125000,125000,125000,1,1
2017-11-26,10000048,31532,4038886.12,3899999.99,4316658.38,3,2
2017-11-26,10000048,31534,14897654.12,14897654.12,14897654.12,1,1
2017-11-26,10000048,31538,849566.68,849566.68,849566.68,11,6
2017-11-26,10000048,31539,125000,125000,125000,1,1
2017-11-26,10000048,31562,999999.99,999999.99,999999.99,1,1
2017-11-26,10000048,31586,580990,580990,580990,2,2
2017-11-26,10000048,31606,15000000,15000000,15000000,1,1
2017-11-26,10000048,31620,599999.99,599999.99,599999.99,1,1
2017-11-26,10000048,31622,3400000,3400000,3400000,10,1
2017-11-26,10000048,31634,2908909.09,2800000,3998000,11,2
2017-11-26,10000048,31650,4599999.99,4599999.99,4599999.99,2,2
2017-11-26,10000048,31670,2000000,2000000,2000000,1,1
2017-11-26,10000048,31680,196680.13,196680.13,196680.13,1,1
2017-11-26,10000048,31682,2000000,2000000,2000000,1,1
2017-11-26,10000048,31716,230734.45,123995.88,291653.81,25,12
2017-11-26,10000048,31718,599313.96,599313.89,599314.03,2,2
2017-11-26,10000048,31722,2881936.71,2799999.84,2909249,8,4
2017-11-26,10000048,31724,6999988.82,6999988.82,6999988.82,1,1
2017-11-26,10000048,31740,175000,175000,175000,1,1
2017-11-26,10000048,31746,3690000,3690000,3690000,1,1
2017-11-26,10000048,31752,314633.23,298996.59,699999,11,8
2017-11-26,10000048,31758,5187957.91,5187957.91,5187957.91,1,1
2017-11-26,10000048,31788,530909.1,515999.99,550000,16,8
2017-11-26,10000048,31790,2328142.28,2098999.99,2499998.99,7,5
2017-11-26,10000048,31794,8855321.19,8789999.99,8887981.79,6,4
2017-11-26,10000048,31796,24980000,24980000,24980000,1,1
2017-11-26,10000048,31800,1200000,1200000,1200000,1,1
2017-11-26,10000048,31802,2215989.24,1990989.98,2290988.99,4,2
2017-11-26,10000048,31816,630000,630000,630000,1,1
2017-11-26,10000048,31880,2298998.84,2298998.83,2298998.84,9,3
2017-11-26,10000048,31882,2635348.09,2550001.39,2656782.53,19,5
2017-11-26,10000048,31884,7500000,7500000,7500000,40,1
2017-11-26,10000048,31888,1683599.95,1683599.95,1683599.95,5,1
2017-11-26,10000048,31926,17370312.83,17370312.83,17370312.83,1,1
2017-11-26,10000048,31928,12999999.99,12999999.99,12999999.99,1,1
2017-11-26,10000048,31942,58990950.5,58990950.5,58990950.5,1,1
2017-11-26,10000048,31990,399269.73,399260,399280,37,2
2017-11-26,10000048,32006,299962,100085.34,368900,164,12
2017-11-26,10000048,32014,210711.64,17000,250000,59,5
2017-11-26,10000048,32026,125000,125000,125000,1,1
2017-11-26,10000048,32027,1970989.87,1970989.87,1970989.87,1,1
2017-11-26,10000048,32033,1200000,1200000,1200000,1,1
2017-11-26,10000048,32057,748999.99,748999.99,748999.99,1,1
2017-11-26,10000048,32059,3500000,3500000,3500000,7,2
2017-11-26,10000048,32083,4000000,4000000,4000000,1,1
2017-11-26,10000048,32772,1381325.8,714989,2713999,6,4
2017-11-26,10000048,32787,63521.8,40000,75000,30,6
2017-11-26,10000048,32797,500000,500000,500000,12,3
2017-11-26,10000048,32859,50000,50000,50000,1,1
2017-11-26,10000048,32872,1467213.92,1250000,2495997.96,14,7
2017-11-26,10000048,32873,8242751,8242751,8242751,1,1
2017-11-26,10000048,32876,1199999.5,1100000,1299999,2,2
2017-11-26,10000048,32878,999997,999997,999997,2,1
2017-11-26,10000048,32880,384962.97,324999.94,550000,27,18
2017-11-26,10000048,32999,300000,200000,400000,2,2
2017-11-26,10000048,33000,200000,200000,200000,1,1
2017-11-26,10000048,33007,110000,110000,110000,4,1
2017-11-26,10000048,33076,1430560.89,800000.09,2500000,16,14
2017-11-26,10000048,33078,1000000,1000000,1000000,9,5
2017-11-26,10000048,33091,100000,100000,100000,61,3
2017-11-26,10000048,33092,100000,100000,100000,51,2
2017-11-26,10000048,33093,100000,100000,100000,151,3
2017-11-26,10000048,33094,100000,100000,100000,50,1
2017-11-26,10000048,33095,1000000,1000000,1000000,11,2
2017-11-26,10000048,33096,1076923.08,1000000,2000000,13,4
2017-11-26,10000048,33097,1000000,1000000,1000000,41,3
2017-11-26,10000048,33098,1000000,1000000,1000000,11,2
2017-11-26,10000048,33101,622836.58,586192.97,641158.39,3,3
2017-11-26,10000048,33139,6499999.81,6499999.81,6499999.81,5,1
2017-11-26,10000048,33140,21974998.54,16099999.99,24999997.94,12,6
2017-11-26,10000048,33141,16725487.48,14000000,19999990.88,17,7
2017-11-26,10000048,33151,178849997.99,178849997.99,178849997.99,1,1
2017-11-26,10000048,33178,400000,350000,500000,3,2
2017-11-26,10000048,33180,1159374.31,275000,1199999,8,5
2017-11-26,10000048,33195,5121,5121,5121,4,2
2017-11-26,10000048,33201,1900000,1900000,1900000,2,1
2017-11-26,10000048,33332,28906.24,27499.99,40000,80,2
2017-11-26,10000048,33393,98999998.98,98999998.98,98999998.98,1,1
2017-11-26,10000048,33399,5000000,5000000,5000000,2,1
2017-11-26,10000048,33467,3000000,3000000,3000000,3,1
2017-11-26,10000048,33468,71900008.99,71900008.99,71900008.99,2,2
2017-11-26,10000048,33474,2564239.23,2169998.5,2750000,5,5
2017-11-26,10000048,33475,10646191.38,9297000,11320787.08,6,5
2017-11-26,10000048,33681,99998998,99998998,99998998,2,1
2017-11-26,10000048,33697,40837499.99,38999999.99,46350000,4,2
2017-11-26,10000048,33699,107692.31,100000,200000,13,4
2017-11-26,10000048,33818,249499998.99,249499998.99,249499998.99,1,1
2017-11-26,10000048,33826,45224712,45224712,45224712,1,1
2017-11-26,10000048,33828,5000000,5000000,5000000,1,1
2017-11-26,10000048,33856,4000000,4000000,4000000,3,2
2017-11-26,10000048,33890,1599999.24,900000,1699999.13,16,7
2017-11-26,10000048,33892,4265582.77,4189999.63,4489999,12,6
2017-11-26,10000048,33894,4499999.8,4399999.99,5999999,16,4
2017-11-26,10000048,33896,9837078.59,9789999.99,9907696.5,5,2
2017-11-26,10000048,33915,850000,850000,850000,1,1
2017-11-26,10000048,34201,230002.41,200003.01,350000,5,5
2017-11-26,10000048,34203,300000.04,300000.04,300000.04,2,1
2017-11-26,10000048,34204,1070001,550005.01,1200000,5,2
2017-11-26,10000048,34205,210030.08,210030.08,210030.08,3,2
2017-11-26,10000048,34206,150100.05,150100.05,150100.05,2,2
2017-11-26,10000048,34292,3999999.98,3999999.98,3999999.98,8,1
2017-11-26,10000048,34390,1000000,1000000,1000000,10,1
2017-11-26,10000048,34533,1000000,1000000,1000000,11,2
2017-11-26,10000048,34680,9999999,9999999,9999999,1,1
2017-11-26,10000048,35656,87820.4,2401,174400,5,5
2017-11-26,10000048,35658,130398.33,53102.56,284989.88,3,3
2017-11-26,10000048,35659,430100.31,159000.52,999000,10,9
2017-11-26,10000048,35660,79174.9,770.01,118377.34,3,3
2017-11-26,10000048,35661,422500,400000,445000,2,2
2017-11-26,10000048,35662,470900.99,470900.99,470900.99,1,1
2017-11-26,10000048,35680,1000000,1000000,1000000,10,1
2017-11-26,10000048,35683,83504499.96,67008999.92,99999999.99,2,2
2017-11-26,10000048,35685,1000000,1000000,1000000,10,1
2017-11-26,10000048,35794,35000,35000,35000,6,2
2017-11-26,10000048,36909,6499967.66,6499967.66,6499967.66,4,2
2017-11-26,10000048,37455,28998997.92,28998997.92,28998997.92,1,1
2017-11-26,10000048,37457,32500000.01,32500000.01,32500000.01,5,1
2017-11-26,10000048,37479,1499997.87,1499997.87,1499997.87,2,2
2017-11-26,10000048,37483,99999999.99,99999999.99,99999999.99,2,2
2017-11-26,10000048,37545,277.5,55,500,2,2
2017-11-26,10000048,37608,870001,700000,1125002.5,5,3
2017-11-26,10000048,37610,1002400,1002000,1005000,15,3
2017-11-26,10000048,37611,924571.43,912000,1000000,7,3
2017-11-26,10000048,40520,818889466.16,812900000,829800000,25,13
2017-11-26,10000048,40572,100000000,100000000,100000000,3,3
2017-11-26,10000048,41031,699999.58,699999.58,699999.58,1,1
2017-11-26,10000048,41032,150000,150000,150000,1,1
2017-11-26,10000048,41034,517777.33,229998,599999.99,9,5
2017-11-26,10000048,41055,331142.9,325000,339000.06,14,4
2017-11-26,10000048,41056,314288.66,241000,334990.72,17,7
2017-11-26,10000048,41155,128399.99,21000,199999.99,5,3
2017-11-26,10000048,41191,12899008,12899008,12899008,1,1
2017-11-26,10000048,41220,80799999.98,80799999.98,80799999.98,1,1
2017-11-26,10000048,41489,49999.99,49999.99,49999.99,20,1
2017-11-26,10000048,41490,280587.63,523.23,889983.29,86,3
2017-11-26,10000048,41491,81200000,81200000,81200000,1,1
2017-11-26,10000048,42204,50000000,50000000,50000000,1,1
2017-11-26,10000048,42205,75000000,75000000,75000000,1,1
2017-11-26,10000048,42206,100000000,100000000,100000000,1,1
2017-11-26,10000048,42207,150000000,150000000,150000000,1,1
2017-11-26,10000048,42208,250000000,250000000,250000000,1,1
2017-11-26,10000048,42209,450000000,450000000,450000000,1,1
2017-11-26,10000048,42529,1999999.98,1999999.98,1999999.98,1,1
2017-11-26,10000048,42829,849.95,849.95,849.95,900,2
2017-11-26,10000048,42830,849.95,849.95,849.95,900,2
2017-11-26,10000048,42831,900,900,900,600,1
2017-11-26,10000048,42833,1550,1550,1550,1000,1
2017-11-26,10000048,43551,5053866.95,5053866.95,5053866.95,2,1
2017-11-26,10000048,43699,199999,199999,199999,5,1
2017-11-26,10000048,44067,250000000,250000000,250000000,2,2
2017-11-26,10000048,44110,1,1,1,300,1
2017-11-26,10000048,44992,3031000.29,3031000.29,3031000.32,8454,35
2017-11-26,10000048,45593,1455497.9,1455497.9,1455497.9,1,1
2017-11-26,10000048,45604,28122176.49,1244352.97,55000000,2,2
2017-11-26,10000048,45613,74999999.99,74999999.99,74999999.99,1,1
2017-11-26,10000048,45616,42000000,42000000,42000000,1,1
2017-11-26,10000048,45618,1759500,1759500,1759500,1,1
2017-11-26,10000048,45629,1244352.97,1244352.97,1244352.97,1,1
2017-11-26,10000048,45630,1244352.97,1244352.97,1244352.97,1,1
2017-11-26,10000048,45635,174900000,174900000,174900000,3,2
2017-11-26,10000048,45746,1058823.53,1000000,2000000,17,8
2017-11-26,10000048,45748,5000000,5000000,5000000,5,4
2017-11-26,10000048,45749,25000000,25000000,25000000,2,2
2017-11-26,10000048,45750,15000000,15000000,15000000,3,3
2017-11-26,10000048,45847,19999998.99,19999998.99,19999998.99,1,1
2017-11-26,10000048,45999,15000000,15000000,15000000,1,1
2017-11-26,10000048,46001,999999.99,999999.99,999999.99,3,1
2017-11-26,10000048,46002,21108001,21108001,21108001,1,1
2017-11-26,10000048,46003,15000000,15000000,15000000,1,1
2017-11-26,10000048,46006,17500000,17500000,17500000,1,1
2017-11-26,10000048,46008,7108521.57,3000000,8624499.5,23,14
2017-11-26,10000048,46152,10000000,10000000,10000000,5,5
2017-11-26,10000048,46153,15000000,15000000,15000000,4,4
2017-11-26,10000048,46154,20000000,20000000,20000000,4,4
2017-11-26,10000048,46155,25000000,25000000,25000000,4,4
2017-11-26,10000048,46156,30000000,30000000,30000000,5,5
2017-11-26,10000048,46172,10000000,10000000,10000000,4,2
2017-11-26,10000048,46213,20000000,20000000,20000000,2,1
2017-11-26,10000048,46214,20000000,20000000,20000000,2,2
2017-11-26,10000048,46356,2500000,2500000,2500000,4,1
2017-11-26,10000048,46366,2750000,2750000,2750000,4,1
2017-11-26,10000048,46368,3000000,3000000,3000000,4,1
2017-11-26,10000048,46370,3500000,3500000,3500000,4,1
2017-11-26,10000048,46372,3750000,3750000,3750000,4,1
2017-11-26,10000048,46712,9999999.99,9999999.99,9999999.99,1,1
2017-11-26,10000049,20,217,217,217,8000,2
2017-11-26,10000049,34,4.7,4.7,4.85,9179166,27
2017-11-26,10000049,35,5.01,5,5.01,329915,19
2017-11-26,10000049,36,45.56,5,45.56,80929,15
2017-11-26,10000049,37,40,40,40,238310,16
2017-11-26,10000049,38,102,102,102,1610,13
2017-11-26,10000049,39,1799,1799,1799,16631,15
2017-11-26,10000049,40,751,751,751,398,10
2017-11-26,10000049,182,8,8,8,5000,1
2017-11-26,10000049,183,33.95,33.95,33.95,3000,1
2017-11-26,10000049,185,25.81,25.81,25.81,589,1
2017-11-26,10000049,187,39,39,39,10000,1
2017-11-26,10000049,210,11.89,11.89,11.89,4044,3
2017-11-26,10000049,212,20.31,20.31,20.31,8500,3
2017-11-26,10000049,213,25,25,25,6000,2
2017-11-26,10000049,218,15.89,15.89,15.89,300,2
2017-11-26,10000049,219,6,6,6,100,1
2017-11-26,10000049,222,21,21,21,1191,5
2017-11-26,10000049,227,83.9,83.9,83.9,3000,1
2017-11-26,10000049,229,39.99,39.99,39.99,25333,3
2017-11-26,10000049,230,54.89,54.89,54.89,22000,2
2017-11-26,10000049,248,12990,12990,12990,7,2
2017-11-26,10000049,254,15000,15000,15000,5,1
2017-11-26,10000049,377,20999.99,20999.99,20999.99,4,2
2017-11-26,10000049,380,511000.02,455000.12,525000,5,4
2017-11-26,10000049,394,999997,999997,999997,2,2
2017-11-26,10000049,434,100000,100000,100000,1,1
2017-11-26,10000049,438,3050000,3050000,3050000,1,1
2017-11-26,10000049,439,89000,89000,89000,3,3
2017-11-26,10000049,440,5533299.96,4999899.89,5800000,3,3
2017-11-26,10000049,448,1883300.3,1849900.89,1900000,3,3
2017-11-26,10000049,454,75000,75000,75000,4,1
2017-11-26,10000049,482,1428571.68,1200000,2000000.89,7,4
2017-11-26,10000049,483,20867.35,20867.35,20867.35,1,1
2017-11-26,10000049,484,110000,110000,110000,4,1
2017-11-26,10000049,488,165950.95,165950.95,165950.95,2,1
2017-11-26,10000049,499,27000,20000,30000,10,2
2017-11-26,10000049,519,1499999.51,1499999,1499999.89,7,4
2017-11-26,10000049,527,945326.28,850754.55,1039898,2,2
2017-11-26,10000049,562,9000,9000,9000,6,1
2017-11-26,10000049,578,139360.83,137998,140723.65,2,2
2017-11-26,10000049,587,489999.99,489999.99,489999.99,1,1
2017-11-26,10000049,593,399999,399999,399999,1,1
2017-11-26,10000049,597,350000,350000,350000,1,1
2017-11-26,10000049,602,199999.5,49999,350000,2,2
2017-11-26,10000049,605,321249.5,99999,542499.99,2,2
2017-11-26,10000049,606,1,1,1,2,1
2017-11-26,10000049,607,595355.23,595355.23,595355.23,1,1
2017-11-26,10000049,621,10500000,10500000,10500000,1,1
2017-11-26,10000049,626,8233333.33,8000000,8700000,3,2
2017-11-26,10000049,640,136390630.46,120000000,152781260.92,2,2
2017-11-26,10000049,650,2032769.8,2032769.8,2032769.8,2,2
2017-11-26,10000049,655,2800000,2800000,2800000,1,1
2017-11-26,10000049,657,3997975.13,2995950.32,4999999.94,2,2
2017-11-26,10000049,672,32189.56,25000,45414.6,32,11
2017-11-26,10000049,803,8900000,8900000,8900000,2,2
2017-11-26,10000049,804,8900000,8900000,8900000,1,1
2017-11-26,10000049,805,8900000,8900000,8900000,1,1
2017-11-26,10000049,806,8900000,8900000,8900000,1,1
2017-11-26,10000049,808,2290000,2290000,2290000,1,1
2017-11-26,10000049,809,2290000,2290000,2290000,1,1
2017-11-26,10000049,810,2290000,2290000,2290000,1,1
2017-11-26,10000049,813,900000,900000,900000,1,1
2017-11-26,10000049,814,900000,900000,900000,1,1
2017-11-26,10000049,1220,900000,900000,900000,1,1
2017-11-26,10000049,1224,30.11,30.11,30.11,654618,5
2017-11-26,10000049,1228,18.53,18.53,18.53,33294,1
2017-11-26,10000049,1230,12.56,12.56,12.56,93676,2
2017-11-26,10000049,1236,519592,301000,628888,3,2
2017-11-26,10000049,1244,48463.21,48463.21,48463.21,1,1
2017-11-26,10000049,1317,5000.01,5000.01,5000.01,100,1
2017-11-26,10000049,1319,745139.83,743999.74,745899.89,10,4
2017-11-26,10000049,1335,784199,784199,784199,1,1
2017-11-26,10000049,1403,44693.6,44693.6,44693.6,2,1
2017-11-26,10000049,1405,943961.54,709000,975000,26,9
2017-11-26,10000049,1436,3000000,3000000,3000000,1,1
2017-11-26,10000049,1447,749248.59,749248.59,749248.59,1,1
2017-11-26,10000049,1541,1250000,1250000,1250000,3,2
2017-11-26,10000049,1808,100000,100000,100000,1,1
2017-11-26,10000049,1944,1650000,1650000,1650000,1,1
2017-11-26,10000049,1952,2083333.33,1500000,2500000,12,9
2017-11-26,10000049,1977,499987.09,499987.09,499987.09,2,2
2017-11-26,10000049,1987,2499500.5,1999000.99,3000000,2,2
2017-11-26,10000049,1998,94000,94000,94000,1,1
2017-11-26,10000049,1999,1299899.89,1299899.89,1299899.89,2,1
2017-11-26,10000049,2032,548193.63,485000,579790.45,3,3
2017-11-26,10000049,2046,23806.21,21259.32,28900,3,3
2017-11-26,10000049,2048,1280444.81,1249999,1364999,11,11
2017-11-26,10000049,2173,37577.9,36899.89,39950.95,9,3
2017-11-26,10000049,2175,1100000.89,1100000.89,1100000.89,1,1
2017-11-26,10000049,2183,56071.35,44899.89,84000,21,3
2017-11-26,10000049,2185,1194997.53,950000,1500000,10,4
2017-11-26,10000049,2203,9125.44,4100.89,15000,94,11
2017-11-26,10000049,2205,481069.82,449999,500000,37,7
2017-11-26,10000049,2281,3408509.02,3408509.02,3408509.02,4,3
2017-11-26,10000049,2333,1199998.95,1199998.95,1199998.95,1,1
2017-11-26,10000049,2364,1311665.75,1299999,1334999.25,3,2
2017-11-26,10000049,2404,1200000,1200000,1200000,3,1
2017-11-26,10000049,2446,2200000.89,2200000.89,2200000.89,5,1
2017-11-26,10000049,2454,7499.45,2999,12500,53,7
2017-11-26,10000049,2456,398010.94,185000,449888,68,9
2017-11-26,10000049,2464,8567.32,6394.25,14000,7,3
2017-11-26,10000049,2466,429099.97,394000,432999.97,10,2
2017-11-26,10000049,2486,9123.32,8000,25000,29,3
2017-11-26,10000049,2488,536953.24,498995.81,650000,46,11
2017-11-26,10000049,2510,560.15,560.15,560.15,10000,1
2017-11-26,10000049,2513,900000,900000,900000,1,1
2017-11-26,10000049,2517,900000,900000,900000,1,1
2017-11-26,10000049,2531,1888887,1888887,1888887,1,1
2017-11-26,10000049,2539,1393887.62,1393887.35,1393887.75,3,3
2017-11-26,10000049,2547,1488888,1488888,1488888,1,1
2017-11-26,10000049,2550,160003.42,160003.42,160003.42,1,1
2017-11-26,10000049,2553,1949846,1777100,2590000,6,6
2017-11-26,10000049,2605,437267.8,374999,748968.94,33,6
2017-11-26,10000049,2613,225,225,225,50000,1
2017-11-26,10000049,2905,785713.86,700000,899999,7,3
2017-11-26,10000049,2998,84999999,84999999,84999999,1,1
2017-11-26,10000049,3025,1800000,1800000,1800000,5,1
2017-11-26,10000049,3106,2000000,2000000,2000000,2,1
2017-11-26,10000049,3117,12500000,12500000,12500000,2,2
2017-11-26,10000049,3130,1944400,1944400,1944400,2,1
2017-11-26,10000049,3184,2499000.09,2499000.09,2499000.09,1,1
2017-11-26,10000049,3242,109998.99,109998.99,109998.99,1,1
2017-11-26,10000049,3244,1839167.88,1807292.89,2199999.99,15,9
2017-11-26,10000049,3256,9750000,9750000,9750000,1,1
2017-11-26,10000049,3304,110000,110000,110000,1,1
2017-11-26,10000049,3318,370000.87,370000.87,370000.87,1,1
2017-11-26,10000049,3321,196500.42,23000,370000.83,2,2
2017-11-26,10000049,3328,44000,44000,44000,1,1
2017-11-26,10000049,3329,44000,44000,44000,1,1
2017-11-26,10000049,3331,278500.45,199000.08,358000.81,2,2
2017-11-26,10000049,3333,550000,550000,550000,1,1
2017-11-26,10000049,3334,550000,550000,550000,2,1
2017-11-26,10000049,3335,799000,799000,799000,1,1
2017-11-26,10000049,3336,5968000.82,5968000.82,5968000.82,2,2
2017-11-26,10000049,3340,500000.44,330000,670000.87,2,2
2017-11-26,10000049,3355,22000,22000,22000,1,1
2017-11-26,10000049,3363,110500.05,22000,199000.09,2,2
2017-11-26,10000049,3385,55000,55000,55000,1,1
2017-11-26,10000049,3387,349000.8,349000.8,349000.8,1,1
2017-11-26,10000049,3389,310000,310000,310000,1,1
2017-11-26,10000049,3405,30000,30000,30000,1,1
2017-11-26,10000049,3410,495000,495000,495000,2,2
2017-11-26,10000049,3423,370000.87,370000.87,370000.87,1,1
2017-11-26,10000049,3428,100000,100000,100000,1,1
2017-11-26,10000049,3430,970000.87,970000.87,970000.87,1,1
2017-11-26,10000049,3432,110000,110000,110000,1,1
2017-11-26,10000049,3438,236000.82,236000.82,236000.82,2,2
2017-11-26,10000049,3439,399000,399000,399000,1,1
2017-11-26,10000049,3440,570000.87,570000.87,570000.87,1,1
2017-11-26,10000049,3442,699000.09,699000.09,699000.09,1,1
2017-11-26,10000049,3450,25000,25000,25000,1,1
2017-11-26,10000049,3452,44000,44000,44000,1,1
2017-11-26,10000049,3467,89960,89960,89960,1,1
2017-11-26,10000049,3488,50000,50000,50000,1,1
2017-11-26,10000049,3496,1200000,1200000,1200000,1,1
2017-11-26,10000049,3504,3399997.99,3399997.99,3399997.99,1,1
2017-11-26,10000049,3554,861.11,750,1000,45,2
2017-11-26,10000049,3588,1500000,1500000,1500000,1,1
2017-11-26,10000049,3713,9311.9,9311.9,9311.9,468,4
2017-11-26,10000049,3756,31500001.6,31500001.6,31500001.6,1,1
2017-11-26,10000049,3766,650000,650000,650000,1,1
2017-11-26,10000049,3829,48173.97,37705.87,100000,18,6
2017-11-26,10000049,3831,1699992.59,1699988.89,1700000,3,3
2017-11-26,10000049,3841,1499800,1499000,1500000,5,5
2017-11-26,10000049,3887,30000,30000,30000,1,1
2017-11-26,10000049,3898,26897000,26897000,26897000,1,1
2017-11-26,10000049,4025,254000,10000,498000,2,2
2017-11-26,10000049,4027,23000,23000,23000,1,1
2017-11-26,10000049,4246,20350,20350,20350,4884,1
2017-11-26,10000049,4312,28000,28000,28000,50,1
2017-11-26,10000049,4383,1819991.8,1819991.8,1819991.8,1,1
2017-11-26,10000049,4391,50000,50000,50000,1,1
2017-11-26,10000049,4393,71000,71000,71000,5,2
2017-11-26,10000049,4395,1999998.97,1999998.97,1999998.97,1,1
2017-11-26,10000049,4399,13980000,13980000,13980000,1,1
2017-11-26,10000049,4403,2000000,2000000,2000000,2,1
2017-11-26,10000049,4405,1594999.5,1399999,1790000,2,2
2017-11-26,10000049,4471,5,5,5,1,1
2017-11-26,10000049,4477,5,5,5,2,1
2017-11-26,10000049,4787,29800.8,1,59600.6,2,2
2017-11-26,10000049,5011,889000,889000,889000,1,1
2017-11-26,10000049,5137,5,5,5,1,1
2017-11-26,10000049,5239,17157.1,6700,24999.92,7,5
2017-11-26,10000049,5279,19999.99,19999.99,19999.99,3,1
2017-11-26,10000049,5282,9664,9664,9664,1,1
2017-11-26,10000049,5322,14828,14828,14828,1,1
2017-11-26,10000049,5399,25801,5.01,32000,5,5
2017-11-26,10000049,5403,199999.99,199999.99,199999.99,1,1
2017-11-26,10000049,5439,36449.5,36400,36498.99,2,2
2017-11-26,10000049,5443,549898.51,549898.51,549898.51,1,1
2017-11-26,10000049,5599,5,5,5,1,1
2017-11-26,10000049,5839,1400000,1400000,1400000,2,2
2017-11-26,10000049,5933,599000,599000,599000,1,1
2017-11-26,10000049,5945,602339.74,602339.74,602339.74,1,1
2017-11-26,10000049,5971,89899.89,89899.89,89899.89,1,1
2017-11-26,10000049,5973,476400.03,410000.45,662499.28,10,10
2017-11-26,10000049,5975,47089.48,42634.22,56000,3,3
2017-11-26,10000049,6001,59999,59999,59999,1,1
2017-11-26,10000049,6003,21336.06,4.99,42667.13,2,2
2017-11-26,10000049,6005,50999.85,50999.85,50999.85,1,1
2017-11-26,10000049,6159,429050,279999.99,578100,2,2
2017-11-26,10000049,6160,46527.26,43141.25,73615.38,9,9
2017-11-26,10000049,6569,20000,20000,20000,2,2
2017-11-26,10000049,7287,1499000,1499000,1499000,2,1
2017-11-26,10000049,7585,300000,300000,300000,2,1
2017-11-26,10000049,7625,225888,225888,225888,10,2
2017-11-26,10000049,8023,399999,399999,399999,10,2
2017-11-26,10000049,8027,1375000,1375000,1375000,31,7
2017-11-26,10000049,8089,749999.99,749999.99,749999.99,7,1
2017-11-26,10000049,8091,980000.31,980000.31,980000.31,14,4
2017-11-26,10000049,8177,150000,150000,150000,1,1
2017-11-26,10000049,8225,500000,500000,500000,1,1
2017-11-26,10000049,8433,1488500,1488500,1488500,2,2
2017-11-26,10000049,8521,369244.61,242992.81,748000,4,3
2017-11-26,10000049,8529,196670,196670,196670,2,2
2017-11-26,10000049,8815,1139999.9,1139999.9,1139999.9,3,1
2017-11-26,10000049,9521,95000,95000,95000,3,1
2017-11-26,10000049,9580,505333.33,450000,533000,3,3
2017-11-26,10000049,9622,149920,149920,149920,1,1
2017-11-26,10000049,9632,308041.71,277000.16,339083.26,2,2
2017-11-26,10000049,9660,45412,45412,45412,1,1
2017-11-26,10000049,9734,5,5,5,1,1
2017-11-26,10000049,9836,9220.02,9220.02,9220.02,15,1
2017-11-26,10000049,9899,11000000,11000000,11000000,1,1
2017-11-26,10000049,9942,12106461.56,12106461.56,12106461.56,1,1
2017-11-26,10000049,9944,59499.25,59499.25,59499.25,4,2
2017-11-26,10000049,9950,5000000,5000000,5000000,1,1
2017-11-26,10000049,10246,7828.8,4949,14560,25,3
2017-11-26,10000049,10250,1499999.99,1499999.99,1499999.99,4,1
2017-11-26,10000049,10680,650000,650000,650000,2,1
2017-11-26,10000049,10688,499999,499999,499999,5,1
2017-11-26,10000049,10998,44509.41,34999.99,55000,15,5
2017-11-26,10000049,11082,4989988.94,4989988.94,4989988.94,1,1
2017-11-26,10000049,11129,27277.3,25612.42,29805.35,11,8
2017-11-26,10000049,11132,24750.5,24500.99,25000,2,2
2017-11-26,10000049,11134,20294.57,15250,25000,33,31
2017-11-26,10000049,11135,50000,50000,50000,10,1
2017-11-26,10000049,11172,41000000,41000000,41000000,1,1
2017-11-26,10000049,11186,38613333.33,38000000,39840000,3,3
2017-11-26,10000049,11196,36999999,36999999,36999999,1,1
2017-11-26,10000049,11198,39499899.89,39499899.89,39499899.89,1,1
2017-11-26,10000049,11202,37688333,37688333,37688333,1,1
2017-11-26,10000049,11269,900000,900000,900000,1,1
2017-11-26,10000049,11289,5256.63,5256.63,5256.63,12,1
2017-11-26,10000049,11301,70000,70000,70000,1,1
2017-11-26,10000049,11303,98000,98000,98000,1,1
2017-11-26,10000049,11317,499498.5,499498.5,499498.5,1,1
2017-11-26,10000049,11343,5.03,5.03,5.03,1,1
2017-11-26,10000049,11370,2460322.2,2159074.09,2647961.03,6,5
2017-11-26,10000049,11443,14700000.87,14700000.87,14700000.87,1,1
2017-11-26,10000049,11578,6999998.74,6999998.48,6999999,4,4
2017-11-26,10000049,11640,870926.96,870926.96,870926.96,2,1
2017-11-26,10000049,11646,2563648.45,2563648.45,2563648.45,1,1
2017-11-26,10000049,12056,250000,250000,250000,3,3
2017-11-26,10000049,12058,3200000.89,3200000.89,3200000.89,1,1
2017-11-26,10000049,12076,7000000,7000000,7000000,1,1
2017-11-26,10000049,12180,780000.87,780000.87,780000.87,1,1
2017-11-26,10000049,12185,462000.82,462000.82,462000.82,1,1
2017-11-26,10000049,12186,670000.87,670000.87,670000.87,1,1
2017-11-26,10000049,12187,370000.87,370000.87,370000.87,1,1
2017-11-26,10000049,12192,470000.88,470000.88,470000.88,1,1
2017-11-26,10000049,12194,670000.87,670000.87,670000.87,1,1
2017-11-26,10000049,12195,270000.87,270000.87,270000.87,1,1
2017-11-26,10000049,12198,1349899.9,1349899.89,1349899.9,42,11
2017-11-26,10000049,12199,4049899.89,4049899.89,4049899.89,2,1
2017-11-26,10000049,12200,14617896.79,14617896.79,14617896.79,1,1
2017-11-26,10000049,12207,13999000.09,13999000.09,13999000.09,1,1
2017-11-26,10000049,12212,18999000,18999000,18999000,1,1
2017-11-26,10000049,12274,69999.99,69999.99,69999.99,2,1
2017-11-26,10000049,12305,110000,110000,110000,1,1
2017-11-26,10000049,12365,135000,135000,135000,1,1
2017-11-26,10000049,12366,299000,299000,299000,1,1
2017-11-26,10000049,12484,9900000,9900000,9900000,2,1
2017-11-26,10000049,12486,5368000,5368000,5368000,1,1
2017-11-26,10000049,12533,2250,2250,2250,1,1
2017-11-26,10000049,12618,45.89,45.89,45.89,3500,2
2017-11-26,10000049,12620,31.71,31.71,31.71,5126,2
2017-11-26,10000049,12631,364,364,364,2000,2
2017-11-26,10000049,12633,64.99,64.99,64.99,2000,2
2017-11-26,10000049,12818,212000,212000,212000,10,1
2017-11-26,10000049,15331,46.92,41,49.12,70,5
2017-11-26,10000049,15508,30000,30000,30000,10,2
2017-11-26,10000049,15510,30000,30000,30000,1,1
2017-11-26,10000049,15589,15000,15000,15000,1,1
2017-11-26,10000049,15590,20000,20000,20000,2,1
2017-11-26,10000049,15625,4500,4500,4500,8,2
2017-11-26,10000049,15626,8000,8000,8000,1,1
2017-11-26,10000049,15627,15000,15000,15000,2,1
2017-11-26,10000049,15628,20000,20000,20000,1,1
2017-11-26,10000049,15994,25000,25000,25000,2,1
2017-11-26,10000049,15998,50000,50000,50000,1,1
2017-11-26,10000049,16069,470000.87,470000.87,470000.87,1,1
2017-11-26,10000049,16242,1250000,1000000,1499999.99,2,2
2017-11-26,10000049,16272,799,799,799,20000,1
2017-11-26,10000049,16273,199,125,220.99,17050,13
2017-11-26,10000049,16281,670000.87,670000.87,670000.87,1,1
2017-11-26,10000049,16301,400000,400000,400000,1,1
2017-11-26,10000049,16311,296000,296000,296000,2,1
2017-11-26,10000049,16359,999999,999999,999999,1,1
2017-11-26,10000049,16598,4970000.87,4970000.87,4970000.87,1,1
2017-11-26,10000049,17363,569999,569999,569999,1,1
2017-11-26,10000049,17366,100000,100000,100000,4,1
2017-11-26,10000049,17444,400,400,400,5562,1
2017-11-26,10000049,17445,390,390,390,680,1
2017-11-26,10000049,17449,320.01,320.01,320.01,4977,1
2017-11-26,10000049,17452,141.56,141.56,141.56,24500,2
2017-11-26,10000049,17453,138.1,138.1,138.1,24226,2
2017-11-26,10000049,17459,28.81,28.81,28.81,2544329,11
2017-11-26,10000049,17460,40.38,40.38,40.38,6632464,7
2017-11-26,10000049,17463,18.02,18.02,18.02,16820,1
2017-11-26,10000049,17464,14.25,14.25,14.25,112383,3
2017-11-26,10000049,17471,13.67,13.67,13.67,147696,3
2017-11-26,10000049,17476,31999999,31999999,31999999,1,1
2017-11-26,10000049,17478,27999999,27999999,27999999,1,1
2017-11-26,10000049,17728,365000000,365000000,365000000,1,1
2017-11-26,10000049,17888,875,875,875,114159,3
2017-11-26,10000049,17912,5280864.88,5280864.88,5280864.88,2,1
2017-11-26,10000049,17938,93999.95,32999.89,155000,2,2
2017-11-26,10000049,18025,680000.87,680000.87,680000.87,1,1
2017-11-26,10000049,18050,73899.89,73899.89,73899.89,10,1
2017-11-26,10000049,18052,99999.89,99999.89,99999.89,10,1
2017-11-26,10000049,18056,38899.89,38899.89,38899.89,2,1
2017-11-26,10000049,18060,17194.95,14900,19489.89,4,2
2017-11-26,10000049,18066,15699.88,15699.88,15699.88,4,1
2017-11-26,10000049,18606,460000.89,460000.89,460000.89,2,1
2017-11-26,10000049,18612,249999,249999,249999,2,1
2017-11-26,10000049,18614,400000,400000,400000,4,1
2017-11-26,10000049,18639,43166.66,43166.66,43166.66,1,1
2017-11-26,10000049,19139,12000000,12000000,12000000,3,1
2017-11-26,10000049,19404,180000,180000,180000,2,2
2017-11-26,10000049,19405,360000,360000,360000,3,2
2017-11-26,10000049,19406,600000,600000,600000,6,3
2017-11-26,10000049,19407,1200000,1200000,1200000,8,3
2017-11-26,10000049,19408,2100000,2100000,2100000,1,1
2017-11-26,10000049,19416,43200000,43200000,43200000,1,1
2017-11-26,10000049,19417,51680000,51680000,51680000,11,3
2017-11-26,10000049,19418,61200000,61200000,61200000,2,2
2017-11-26,10000049,19419,80000000,80000000,80000000,12,3
2017-11-26,10000049,19421,133837000,133837000,133837000,13,3
2017-11-26,10000049,19719,33000000,33000000,33000000,2,1
2017-11-26,10000049,19810,465000,465000,465000,1,1
2017-11-26,10000049,20213,9900000,9900000,9900000,1,1
2017-11-26,10000049,20312,550000,550000,550000,1,1
2017-11-26,10000049,20315,1100000,1100000,1100000,1,1
2017-11-26,10000049,20342,55000000,55000000,55000000,1,1
2017-11-26,10000049,20411,29572.38,17898.98,50000.83,11,2
2017-11-26,10000049,20414,50002.11,50002.11,50002.11,6,1
2017-11-26,10000049,20416,117179.81,50003.15,120000,39,4
2017-11-26,10000049,20421,52000.14,52000.14,52000.14,10,1
2017-11-26,10000049,20526,82500000,82500000,82500000,1,1
2017-11-26,10000049,20528,97979000,97979000,97979000,1,1
2017-11-26,10000049,21059,499000,499000,499000,1,1
2017-11-26,10000049,21096,2095755.3,1999899.89,2574933.23,12,7
2017-11-26,10000049,21210,520000.16,520000.16,520000.16,5,1
2017-11-26,10000049,21603,17489000.8,17489000.8,17489000.8,3,2
2017-11-26,10000049,21868,1900000,1900000,1900000,1,1
2017-11-26,10000049,21894,1400,1400,1400,5000,1
2017-11-26,10000049,21896,1199.99,1199.99,1199.99,600,1
2017-11-26,10000049,21898,890,890,890,2000,1
2017-11-26,10000049,21939,700,700,700,1500,1
2017-11-26,10000049,22175,129692.31,121884.62,200000,4,4
2017-11-26,10000049,22177,94666.63,85000,99499.94,3,3
2017-11-26,10000049,22291,1055454.54,1000000,1150000,11,8
2017-11-26,10000049,22456,102062994.69,102062994.69,102062994.69,1,1
2017-11-26,10000049,22536,118431.04,110000,599000.08,58,2
2017-11-26,10000049,22541,19700000.87,19700000.87,19700000.87,1,1
2017-11-26,10000049,22544,452000000,452000000,452000000,1,1
2017-11-26,10000049,22552,513758.62,500000,899000.08,29,2
2017-11-26,10000049,22778,149230.07,149000,149905.89,63,3
2017-11-26,10000049,22782,1599998.99,1599998.99,1599998.99,1,1
2017-11-26,10000049,23009,599.89,599.89,599.89,238,2
2017-11-26,10000049,23025,750.78,750.78,750.78,3000,2
2017-11-26,10000049,23039,500,500,500,82200,1
2017-11-26,10000049,23089,950000,950000,950000,5,1
2017-11-26,10000049,23527,313000,310000,319000,3,2
2017-11-26,10000049,23563,248000,248000,248000,2,1
2017-11-26,10000049,23606,299000.09,299000.09,299000.09,1,1
2017-11-26,10000049,23618,127000,55000,199000,2,2
2017-11-26,10000049,24241,205750.22,199000,370000.87,4,4
2017-11-26,10000049,24242,2313000.58,1999000,2470000.87,3,3
2017-11-26,10000049,24348,1298165.74,1289000.09,1299998.87,6,3
2017-11-26,10000049,24395,250232,250232,250232,1,1
2017-11-26,10000049,24445,300000,300000,300000,1,1
2017-11-26,10000049,24478,120,120,120,5000,1
2017-11-26,10000049,24492,350,350,350,5000,1
2017-11-26,10000049,24497,449.99,449.99,449.99,10000,1
2017-11-26,10000049,24625,23332666.67,22000000,23999000,3,3
2017-11-26,10000049,24698,20136590.01,20136590.01,20136590.01,1,1
2017-11-26,10000049,25544,24000000,24000000,24000000,215,2
2017-11-26,10000049,25588,9584.91,9500,11000,53,2
2017-11-26,10000049,25589,2350.36,2350.36,2350.36,13,1
2017-11-26,10000049,25590,21006.25,21006.25,21006.25,207,3
2017-11-26,10000049,25591,160300,160300,160300,26,1
2017-11-26,10000049,25592,3150.94,3150.94,3150.94,172,3
2017-11-26,10000049,25593,6060,6060,6060,14,1
2017-11-26,10000049,25594,30428.03,30428.03,30428.03,160,3
2017-11-26,10000049,25595,16955.03,16955.03,16955.03,6,1
2017-11-26,10000049,25596,33100,33100,33100,21,1
2017-11-26,10000049,25597,3650.65,3650.65,3650.65,5,1
2017-11-26,10000049,25598,10951.46,10951.46,10951.46,389,4
2017-11-26,10000049,25599,1155.25,1155.25,1155.25,299,3
2017-11-26,10000049,25600,12202.08,12202.08,12202.08,347,5
2017-11-26,10000049,25601,4100.3,4100.3,4100.3,436,4
2017-11-26,10000049,25602,5071.2,5071.2,5071.2,10,1
2017-11-26,10000049,25603,7802.12,5002.3,40000,100,3
2017-11-26,10000049,25604,9001.06,9001.06,9001.06,11,1
2017-11-26,10000049,25605,16365.71,16001.04,16400,96,3
2017-11-26,10000049,25619,480000,480000,480000,10,2
2017-11-26,10000049,25620,28785.71,13000,30000,42,2
2017-11-26,10000049,25718,9599897.92,9599897.92,9599897.92,1,1
2017-11-26,10000049,25719,290000.44,110000,470000.88,2,2
2017-11-26,10000049,25861,181755.89,159000,500333,15,8
2017-11-26,10000049,25948,4000000,4000000,4000000,7,2
2017-11-26,10000049,26260,110000,110000,110000,1,1
2017-11-26,10000049,26760,1900000,1900000,1900000,1,1
2017-11-26,10000049,26761,1900000,1900000,1900000,1,1
2017-11-26,10000049,26762,1900000,1900000,1900000,1,1
2017-11-26,10000049,26929,326000,326000,326000,2,2
2017-11-26,10000049,27127,1369898.24,1369898.24,1369898.24,10,2
2017-11-26,10000049,27143,1899899.89,1899899.89,1899899.89,6,2
2017-11-26,10000049,27361,1300.89,1300.89,1300.89,30000,1
2017-11-26,10000049,27371,2999.89,2999.89,2999.89,5180,4
2017-11-26,10000049,27377,2000,2000,2000,2000,1
2017-11-26,10000049,27381,1499.99,1499.99,1499.99,1152,1
2017-11-26,10000049,27906,27500000,27500000,27500000,1,1
2017-11-26,10000049,27916,1499606.48,1499606.48,1499606.48,10,1
2017-11-26,10000049,28426,3799,3799,3799,974,1
2017-11-26,10000049,28427,1400.01,1400.01,1400.01,1971,1
2017-11-26,10000049,28428,1340.01,1340.01,1340.01,1252,1
2017-11-26,10000049,28429,1300.01,1300.01,1300.01,5755,1
2017-11-26,10000049,28431,1100,1100,1100,3039,1
2017-11-26,10000049,28576,1076189.36,980950.95,1099998.99,5,4
2017-11-26,10000049,28585,27400000,27300000,27500000,2,2
2017-11-26,10000049,28668,35000,35000,35000,1325,11
2017-11-26,10000049,28758,39424999.5,36850000,41999999,2,2
2017-11-26,10000049,28999,23461.54,20000,26923.08,2,2
2017-11-26,10000049,29001,13008.34,12950,13066.67,2,2
2017-11-26,10000049,29005,19697.36,19697.36,19697.36,1,1
2017-11-26,10000049,29007,14723.95,12950,16497.9,2,2
2017-11-26,10000049,29009,34834.55,13898.7,38641.07,26,19
2017-11-26,10000049,29011,11981.8,11899.89,12000,44,26
2017-11-26,10000049,29248,398999.69,49999,499999.98,10,4
2017-11-26,10000049,30013,7000,7000,7000,182,3
2017-11-26,10000049,30028,62093.89,62093.89,62093.89,8,1
2017-11-26,10000049,30488,774499,548999,999999,16,2
2017-11-26,10000049,30744,25000.01,25000.01,25000.01,10,1
2017-11-26,10000049,30746,435000,435000,435000,1,1
2017-11-26,10000049,30832,1428993,1428993,1428993,1,1
2017-11-26,10000049,30834,1499353.73,1499353.73,1499353.73,1,1
2017-11-26,10000049,30987,699999,699999,699999,1,1
2017-11-26,10000049,30997,1299999.99,1299999.99,1299999.99,1,1
2017-11-26,10000049,31033,799999.97,799999.97,799999.97,1,1
2017-11-26,10000049,31047,4011110.56,4011110.56,4011110.56,2,1
2017-11-26,10000049,31055,3890000,3890000,3890000,4,2
2017-11-26,10000049,31083,2242000,2242000,2242000,1,1
2017-11-26,10000049,31119,1888888,1888888,1888888,3,1
2017-11-26,10000049,31153,879999,879999,879999,2,1
2017-11-26,10000049,31155,1290000,1290000,1290000,1,1
2017-11-26,10000049,31159,519999.5,340000,699999,2,2
2017-11-26,10000049,31171,9841999,9841999,9841999,3,2
2017-11-26,10000049,31177,789929.59,789192.51,886000,6,5
2017-11-26,10000049,31213,130972.67,111249.5,170419,3,3
2017-11-26,10000049,31322,596659.07,390000,699988.61,12,4
2017-11-26,10000049,31360,3489993,3489993,3489993,1,1
2017-11-26,10000049,31366,24999992.98,24999992.98,24999992.98,1,1
2017-11-26,10000049,31372,1191020,1191020,1191020,6,5
2017-11-26,10000049,31396,2000000,2000000,2000000,1,1
2017-11-26,10000049,31442,170000,170000,170000,1,1
2017-11-26,10000049,31528,5299999,5299999,5299999,1,1
2017-11-26,10000049,31588,2999999,2999999,2999999,1,1
2017-11-26,10000049,31600,4950000,4950000,4950000,1,1
2017-11-26,10000049,31620,490000,489999.99,490000,5,2
2017-11-26,10000049,31622,2999999,2999999,2999999,1,1
2017-11-26,10000049,31668,699999,699999,699999,4,1
2017-11-26,10000049,31724,6899899.89,6899899.89,6899899.89,1,1
2017-11-26,10000049,31788,415731.04,408424.67,418000,8,4
2017-11-26,10000049,31790,2000000,2000000,2000000,1,1
2017-11-26,10000049,31796,22999997,22999997,22999997,1,1
2017-11-26,10000049,31878,3200000,3000000,4000000,5,2
2017-11-26,10000049,31928,13429685.33,12000000,14144528,3,2
2017-11-26,10000049,32006,148712.67,148712.67,148712.67,16,3
2017-11-26,10000049,32014,349999.99,349999.99,349999.99,13,3
2017-11-26,10000049,32772,999990,999990,999990,1,1
2017-11-26,10000049,32780,2000000,2000000,2000000,2,1
2017-11-26,10000049,32787,69498.5,49997.99,88999,10,2
2017-11-26,10000049,32819,1789000,1788999.99,1789000,2,2
2017-11-26,10000049,32874,1049000,1049000,1049000,1,1
2017-11-26,10000049,32876,1000000,1000000,1000000,1,1
2017-11-26,10000049,32880,279483.25,199999.99,300000,8,7
2017-11-26,10000049,32918,44000,44000,44000,1,1
2017-11-26,10000049,33076,2000000,2000000,2000000,1,1
2017-11-26,10000049,33078,1970000.87,1970000.87,1970000.87,1,1
2017-11-26,10000049,33091,469000,469000,469000,1,1
2017-11-26,10000049,33092,110000,110000,110000,1,1
2017-11-26,10000049,33094,110000,110000,110000,1,1
2017-11-26,10000049,33096,1100000,1100000,1100000,2,1
2017-11-26,10000049,33097,1969000.43,1968000.86,1969999.99,2,2
2017-11-26,10000049,33176,269000,269000,269000,1,1
2017-11-26,10000049,33180,399899.89,399899.89,399899.89,1,1
2017-11-26,10000049,33199,2999989.64,2999989.64,2999989.64,2,1
2017-11-26,10000049,33201,2999989.84,2999989.84,2999989.84,1,1
2017-11-26,10000049,33332,21000,21000,21000,50,1
2017-11-26,10000049,33467,3300000,3300000,3300000,1,1
2017-11-26,10000049,33468,73999999,73999999,73999999,2,2
2017-11-26,10000049,33474,2483650.31,2225475.47,3000000,3,3
2017-11-26,10000049,33475,10306715.31,8500000,15731861.26,8,6
2017-11-26,10000049,33699,110000,110000,110000,1,1
2017-11-26,10000049,33816,62500000,62500000,62500000,1,1
2017-11-26,10000049,33856,4400000,4400000,4400000,1,1
2017-11-26,10000049,34201,150001.5,150001.5,150001.5,2,1
2017-11-26,10000049,34203,200001.25,200001.25,200001.25,3,1
2017-11-26,10000049,34204,1350000,1350000,1350000,2,1
2017-11-26,10000049,34207,1000000.4,1000000.4,1000000.4,1,1
2017-11-26,10000049,34562,57500000,47000000,68000000,2,2
2017-11-26,10000049,34718,80000000,80000000,80000000,7,4
2017-11-26,10000049,35656,79899.89,79899.89,79899.89,1,1
2017-11-26,10000049,35658,49999.99,49999.99,49999.99,1,1
2017-11-26,10000049,35659,95213.07,95213.07,95213.07,2,2
2017-11-26,10000049,35662,800000,800000,800000,1,1
2017-11-26,10000049,35771,1185714.26,1185714.26,1185714.26,1,1
2017-11-26,10000049,35833,15500000000,15500000000,15500000000,1,1
2017-11-26,10000049,40328,4970000.88,4970000.88,4970000.88,1,1
2017-11-26,10000049,40520,816699999.99,816699999.99,816699999.99,2,2
2017-11-26,10000049,40598,15000000,15000000,15000000,3,3
2017-11-26,10000049,41034,348000,348000,348000,2,2
2017-11-26,10000049,42528,999000,999000,999000,4,2
2017-11-26,10000049,42695,1750,1750,1750,510,1
2017-11-26,10000049,42829,689.89,689.89,689.89,200,1
2017-11-26,10000049,42830,720,720,720,600,1
2017-11-26,10000049,42831,697.99,697.99,697.99,1,1
2017-11-26,10000049,44992,3039863.92,3039863.92,3039863.92,2496,8
2017-11-26,10000049,45599,58500000,58500000,58500000,1,1
2017-11-26,10000049,45635,192600000,192599999.99,192600000,2,2
2017-11-26,10000049,45748,6499000.09,6499000.09,6499000.09,1,1
2017-11-26,10000049,45876,999999,999999,999999,1,1
2017-11-26,10000049,45999,10300000.89,10300000.89,10300000.89,1,1
2017-11-26,10000049,46000,25000000,25000000,25000000,4,1
2017-11-26,10000049,46002,3700000.89,3700000.89,3700000.89,1,1
2017-11-26,10000049,46008,17249999.75,8999999,20000000,8,4
2017-11-26,10000050,34,4.49,4.49,4.49,300987631,7
2017-11-26,10000050,35,2.5,2.5,2.5,3915854,2
2017-11-26,10000050,36,66,66,66,9333107,6
2017-11-26,10000050,37,34.3,34.3,34.3,2559628,3
2017-11-26,10000050,38,320,285.89,344,539049,3
2017-11-26,10000050,39,975,975,975,250000,4
2017-11-26,10000050,40,1199,1199,1199,120000,4
2017-11-26,10000050,264,850,850,850,50,1
2017-11-26,10000050,380,1000000,1000000,1000000,1,1
2017-11-26,10000050,394,500000.12,500000.12,500000.12,1,1
2017-11-26,10000050,439,25000,25000,25000,1,1
2017-11-26,10000050,448,2477883.84,1976535.34,2645000,4,4
2017-11-26,10000050,519,1314999.65,944998.96,1500000,3,2
2017-11-26,10000050,527,1385000.12,1385000.12,1385000.12,2,1
2017-11-26,10000050,578,120000,120000,120000,2,2
2017-11-26,10000050,602,990000,990000,990000,2,2
2017-11-26,10000050,605,500000,500000,500000,4,4
2017-11-26,10000050,621,850000.03,850000.03,850000.03,1,1
2017-11-26,10000050,626,8899998.99,8899998.99,8899998.99,1,1
2017-11-26,10000050,627,11000000,11000000,11000000,2,1
2017-11-26,10000050,645,169000000,169000000,169000000,1,1
2017-11-26,10000050,652,1699999.99,1699999.99,1699999.99,1,1
2017-11-26,10000050,653,1400000,1400000,1400000,3,3
2017-11-26,10000050,655,1700000,1699999.99,1700000,3,3
2017-11-26,10000050,656,2700000,2700000,2700000,1,1
2017-11-26,10000050,657,1774295.67,1774295.67,1774295.67,1,1
2017-11-26,10000050,1236,600000,600000,600000,1,1
2017-11-26,10000050,1256,999999.12,999999.12,999999.12,1,1
2017-11-26,10000050,1319,554415.06,12356.61,949937,64,12
2017-11-26,10000050,1335,341000,341000,341000,6,2
2017-11-26,10000050,1355,1250000.12,1250000.12,1250000.12,2,1
2017-11-26,10000050,1405,756521.74,750000,799999.99,23,12
2017-11-26,10000050,1447,700000,700000,700000,8,3
2017-11-26,10000050,1875,149999.95,149999.95,149999.95,1,1
2017-11-26,10000050,1877,1404554.12,1404554.12,1404554.12,4,1
2017-11-26,10000050,1952,1449000.12,1449000.12,1449000.12,3,3
2017-11-26,10000050,1977,80000,80000,80000,5,1
2017-11-26,10000050,1978,1289999.99,1289999.99,1289999.99,5,5
2017-11-26,10000050,1998,100000,100000,100000,2,1
2017-11-26,10000050,2032,550000,550000,550000,14,4
2017-11-26,10000050,2048,253963.48,21250,890000,42,12
2017-11-26,10000050,2175,1302763.17,1000000,1399998.12,67,11
2017-11-26,10000050,2185,942372.71,942372.71,942372.72,12,2
2017-11-26,10000050,2193,205384.62,110000,230000,39,4
2017-11-26,10000050,2195,2448486.42,2250000,2492061.38,53,10
2017-11-26,10000050,2203,4800,4800,4800,15,2
2017-11-26,10000050,2205,331446.54,3617.86,549999,50,4
2017-11-26,10000050,2281,3398717.16,3398717.16,3398717.16,17,13
2017-11-26,10000050,2303,2350112.12,2350112.12,2350112.12,6,3
2017-11-26,10000050,2306,9,9,9,1000000,1
2017-11-26,10000050,2398,350,350,350,7840,1
2017-11-26,10000050,2404,1400000.12,1400000.12,1400000.12,7,1
2017-11-26,10000050,2444,149999.95,149999.95,149999.95,4,1
2017-11-26,10000050,2454,4527,4527,4527,2,2
2017-11-26,10000050,2456,406250,300000,450000,56,10
2017-11-26,10000050,2486,7000,7000,7000,20,1
2017-11-26,10000050,2488,455487.57,455487.57,455487.57,6,1
2017-11-26,10000050,2534,150000,150000,150000,2,1
2017-11-26,10000050,2553,1190000.12,1190000.12,1190000.12,4,3
2017-11-26,10000050,2605,439999.99,439999.99,439999.99,10,6
2017-11-26,10000050,2621,600,600,600,5000,1
2017-11-26,10000050,2889,750000,750000,750000,4,1
2017-11-26,10000050,2913,1500000,1500000,1500000,4,1
2017-11-26,10000050,2921,1990000.12,1990000.12,1990000.12,6,1
2017-11-26,10000050,2929,4675391.62,3000000,5420010.12,13,3
2017-11-26,10000050,2961,7532500.12,7532500.12,7532500.12,8,2
2017-11-26,10000050,2969,2599998.12,2599998.12,2599998.12,6,1
2017-11-26,10000050,2998,59900000,59899999.99,59900000,2,2
2017-11-26,10000050,3244,2495000,2490000,2500000,5,5
2017-11-26,10000050,3297,100000.12,100000.12,100000.12,10,1
2017-11-26,10000050,3387,1000000,1000000,1000000,1,1
2017-11-26,10000050,3398,28000000,28000000,28000000,1,1
2017-11-26,10000050,3530,1749726.92,1749726.92,1749726.92,2,1
2017-11-26,10000050,3683,95,95,95,39000,1
2017-11-26,10000050,3831,940300.12,940300.11,940300.12,9,5
2017-11-26,10000050,3841,1357539.29,1345999.12,1399999.99,8,8
2017-11-26,10000050,3888,2799199.12,2799199.12,2799199.12,2,2
2017-11-26,10000050,3898,10000000.27,10000000.27,10000000.27,1,1
2017-11-26,10000050,4025,100000,100000,100000,1,1
2017-11-26,10000050,4250,2400000,2400000,2400000,4,1
2017-11-26,10000050,4254,1000000,1000000,1000000,1,1
2017-11-26,10000050,4383,1799181.82,1799181.82,1799181.82,2,2
2017-11-26,10000050,4403,511418.79,511418.79,511418.79,6,6
2017-11-26,10000050,4405,1492335.98,1415695.78,1500000,11,6
2017-11-26,10000050,5011,200000,200000,200000,1,1
2017-11-26,10000050,5839,832785.06,832785.06,832785.06,2,2
2017-11-26,10000050,5955,111214.07,46000,242857.26,4,3
2017-11-26,10000050,5975,14999.12,14999.12,14999.12,3,3
2017-11-26,10000050,6003,14999.12,14999.12,14999.12,1,1
2017-11-26,10000050,8263,1000000,1000000,1000000,1,1
2017-11-26,10000050,8529,175999.12,175999.12,175999.12,5,3
2017-11-26,10000050,9622,135000.12,135000.12,135000.12,4,1
2017-11-26,10000050,9678,393999.99,393999.99,393999.99,15,4
2017-11-26,10000050,9808,199000,199000,199000,2,1
2017-11-26,10000050,10208,24850000.12,24850000.12,24850000.12,1,1
2017-11-26,10000050,10221,26000000,26000000,26000000,1,1
2017-11-26,10000050,10246,9085.91,9085.91,9085.91,30,3
2017-11-26,10000050,11129,24000,24000,24000,1,1
2017-11-26,10000050,11134,50000,50000,50000,1,1
2017-11-26,10000050,11176,47000000,47000000,47000000,1,1
2017-11-26,10000050,11186,33000000,30000000,36000000,4,4
2017-11-26,10000050,11192,6000000.01,6000000.01,6000000.01,1,1
2017-11-26,10000050,11202,60000000,60000000,60000000,1,1
2017-11-26,10000050,11269,699999.38,699999.12,699999.89,3,3
2017-11-26,10000050,11370,1750000,1750000,1750000,2,2
2017-11-26,10000050,11399,9000,9000,9000,2000,1
2017-11-26,10000050,11561,399999,399999,399999,1,1
2017-11-26,10000050,11578,4000000,4000000,4000000,2,1
2017-11-26,10000050,11640,700000,700000,700000,20,9
2017-11-26,10000050,11642,1600000,1600000,1600000,2,2
2017-11-26,10000050,11644,2875000,2875000,2875000,2,2
2017-11-26,10000050,11648,2085000.12,2085000.12,2085000.12,4,4
2017-11-26,10000050,11987,237000000,237000000,237000000,1,1
2017-11-26,10000050,12034,33350000.12,33350000.12,33350000.12,1,1
2017-11-26,10000050,12056,100000,100000,100000,1,1
2017-11-26,10000050,12212,9999999.99,9999999.99,9999999.99,1,1
2017-11-26,10000050,12271,7999321.12,7999321.12,7999321.12,2,2
2017-11-26,10000050,12344,100000,100000,100000,13,2
2017-11-26,10000050,12618,32,32,32,2000,1
2017-11-26,10000050,12767,470.12,470.12,470.12,2500,1
2017-11-26,10000050,12771,299.99,299.99,299.99,2000,1
2017-11-26,10000050,12775,499.12,499.12,499.12,32,1
2017-11-26,10000050,12777,177.77,177.77,177.77,2500,1
2017-11-26,10000050,12779,300,300,300,992,1
2017-11-26,10000050,12785,84.12,84.12,84.12,2000,1
2017-11-26,10000050,12789,94.12,94.12,94.12,2000,1
2017-11-26,10000050,12807,300,300,300,1500,1
2017-11-26,10000050,13003,2300000,2300000,2300000,1,1
2017-11-26,10000050,15331,24.95,24.95,24.95,19,1
2017-11-26,10000050,15723,8599999.12,8599999.12,8599999.12,1,1
2017-11-26,10000050,15729,35000000.12,35000000.12,35000000.12,5,5
2017-11-26,10000050,15766,32500000.12,32500000.12,32500000.12,1,1
2017-11-26,10000050,15891,120000000,120000000,120000000,1,1
2017-11-26,10000050,16272,700,700,700,2279990,19
2017-11-26,10000050,16273,85.6,79,87.5,63391,32
2017-11-26,10000050,16274,700,700,700,505000,4
2017-11-26,10000050,16275,4200,4200,4200,20500,3
2017-11-26,10000050,16303,455000.12,455000.12,455000.12,3,1
2017-11-26,10000050,16365,140000,140000,140000,1,1
2017-11-26,10000050,16475,160000,160000,160000,3,1
2017-11-26,10000050,16477,150000,150000,150000,1,1
2017-11-26,10000050,16519,250000.12,250000.12,250000.12,6,1
2017-11-26,10000050,17201,100,100,100,3,1
2017-11-26,10000050,17476,26699999,26699999,26699999,3,1
2017-11-26,10000050,17480,16166666.5,10000000,19999999.5,6,6
2017-11-26,10000050,17482,2500000,2500000,2500000,4,2
2017-11-26,10000050,17843,80000000,75000000,85000000,2,2
2017-11-26,10000050,17887,1149,1149,1149,778686,16
2017-11-26,10000050,17888,982.95,982.95,982.95,32000,2
2017-11-26,10000050,17889,1064.98,1064.98,1064.98,139032,5
2017-11-26,10000050,17912,1563125.08,101000.12,4000000,24,5
2017-11-26,10000050,18054,343333.33,300000,386666.66,20,3
2017-11-26,10000050,18590,745000.12,745000.12,745000.12,10,1
2017-11-26,10000050,18592,675000.12,675000.12,675000.12,2,1
2017-11-26,10000050,18598,850000,850000,850000,15,1
2017-11-26,10000050,18639,40000,40000,40000,1,1
2017-11-26,10000050,18941,45000000.12,45000000.12,45000000.12,1,1
2017-11-26,10000050,19806,1499999.12,1499999.12,1499999.12,10,1
2017-11-26,10000050,19810,424999.12,424999.12,424999.12,1,1
2017-11-26,10000050,19812,249999.12,249999.12,249999.12,1,1
2017-11-26,10000050,20209,1100000,1100000,1100000,1,1
2017-11-26,10000050,20353,3399999.12,3399999.12,3399999.12,16,9
2017-11-26,10000050,21096,1995633.83,1699999.99,2500000,11,11
2017-11-26,10000050,21603,15000000,15000000,15000000,1,1
2017-11-26,10000050,21640,1388094.29,1150000,1399999,21,5
2017-11-26,10000050,21802,62500000,62500000,62500000,1,1
2017-11-26,10000050,21896,874.12,874.12,874.12,4500,2
2017-11-26,10000050,21898,650.12,650.12,650.12,2000,1
2017-11-26,10000050,21902,1225,1225,1225,8800,3
2017-11-26,10000050,21910,1550.12,1550.12,1550.12,3500,2
2017-11-26,10000050,21918,900,900,900,10800,4
2017-11-26,10000050,21935,1100,1100,1100,3000,1
2017-11-26,10000050,22175,549999.5,199999,900000,2,2
2017-11-26,10000050,22177,819999.9,819999.9,819999.9,1,1
2017-11-26,10000050,22291,1439540.12,1439540.12,1439540.12,1,1
2017-11-26,10000050,22474,450100100.12,450100100.12,450100100.12,1,1
2017-11-26,10000050,22542,37000,37000,37000,2,1
2017-11-26,10000050,22559,59999999,59999999,59999999,1,1
2017-11-26,10000050,23025,999.12,999.12,999.12,3500,3
2017-11-26,10000050,23055,3200000,3200000,3400000,164,11
2017-11-26,10000050,23527,500000,500000,500000,2,2
2017-11-26,10000050,23561,95000,95000,95000,20,1
2017-11-26,10000050,23563,110000,110000,110000,20,1
2017-11-26,10000050,23707,9001.42,9001.42,9001.42,27,6
2017-11-26,10000050,23717,20000,20000,20000,5,1
2017-11-26,10000050,24283,55999999.96,55999999.96,55999999.96,2,2
2017-11-26,10000050,24305,4350000,4350000,4350000,1,1
2017-11-26,10000050,24348,1526624.12,1526624.12,1526624.12,6,3
2017-11-26,10000050,24417,1735000.12,1735000.12,1735000.12,9,5
2017-11-26,10000050,24427,1450000.12,1450000.12,1450000.12,2,2
2017-11-26,10000050,24438,1999999,1999999,1999999,1,1
2017-11-26,10000050,24443,999999.99,999999.99,999999.99,1,1
2017-11-26,10000050,24483,900000000,900000000,900000000,1,1
2017-11-26,10000050,24495,89,89,89,1000,1
2017-11-26,10000050,24497,300.12,300.12,300.12,742,1
2017-11-26,10000050,24507,399.96,399.96,399.96,4000,2
2017-11-26,10000050,24569,32002500,32000000,32005000,2,2
2017-11-26,10000050,24700,50000000,49999999.99,50000000,2,2
2017-11-26,10000050,25599,200,200,200,7,1
2017-11-26,10000050,25861,491558,257790,550000,15,3
2017-11-26,10000050,25890,8999999.12,8999999.12,8999999.12,2,1
2017-11-26,10000050,25892,6600000,6600000,6600000,1,1
2017-11-26,10000050,25894,13000000,13000000,13000000,8,3
2017-11-26,10000050,25948,5500000,5500000,5500000,3,1
2017-11-26,10000050,26255,750000,750000,750000,1,1
2017-11-26,10000050,26929,125000.12,125000.12,125000.12,1,1
2017-11-26,10000050,27361,1199.12,1199.12,1199.12,6000,1
2017-11-26,10000050,27377,2375,2375,2375,10000,1
2017-11-26,10000050,27447,1599.12,1599.12,1599.12,500,1
2017-11-26,10000050,28197,2380000.12,2380000.12,2380000.12,5,1
2017-11-26,10000050,28213,1695000.12,1695000.12,1695000.12,10,1
2017-11-26,10000050,28290,3000000,3000000,3000000,5,1
2017-11-26,10000050,28292,139999999,139999999,139999999,1,1
2017-11-26,10000050,28324,1550.12,1550.12,1550.12,4000,1
2017-11-26,10000050,28332,1100,1100,1100,3000,1
2017-11-26,10000050,28366,2800,2800,2800,187,1
2017-11-26,10000050,28576,8608.44,8608.44,8608.44,20,1
2017-11-26,10000050,28578,1025000,1000000,1099999.99,8,2
2017-11-26,10000050,28668,26101.07,26101.07,26101.07,230,2
2017-11-26,10000050,28758,37999999.12,37999999.12,37999999.12,1,1
2017-11-26,10000050,29001,12388.53,12000,20547.67,22,8
2017-11-26,10000050,29009,13500,13500,13500,2,2
2017-11-26,10000050,29011,10000,10000,10000,8,1
2017-11-26,10000050,30486,593567.3,488561.53,645000,24,3
2017-11-26,10000050,30488,635000,635000,635000,36,3
2017-11-26,10000050,30993,56633313,53899941.01,57999999,6,4
2017-11-26,10000050,31011,1900000,1900000,1900000,1,1
2017-11-26,10000050,31055,2100000,2100000,2100000,1,1
2017-11-26,10000050,31085,4399000,4399000,4399000,3,1
2017-11-26,10000050,31091,29000000,29000000,29000000,3,2
2017-11-26,10000050,31119,1350000,1350000,1350000,6,2
2017-11-26,10000050,31155,1364999.47,1364999.47,1364999.47,3,1
2017-11-26,10000050,31161,3500000.12,3500000.12,3500000.12,2,1
2017-11-26,10000050,31244,2650000.12,2650000.12,2650000.12,1,1
2017-11-26,10000050,31358,749000.12,749000.12,749000.12,3,2
2017-11-26,10000050,31360,2799999.12,2799999.12,2799999.12,2,2
2017-11-26,10000050,31378,10499000,10499000,10499000,2,1
2017-11-26,10000050,31586,409798.45,409798.45,409798.45,10,2
2017-11-26,10000050,31598,319000.12,319000.12,319000.12,2,1
2017-11-26,10000050,31716,250000.12,250000.12,250000.12,1,1
2017-11-26,10000050,31718,310000,310000,310000,2,2
2017-11-26,10000050,31724,4950000.12,4950000.12,4950000.12,5,5
2017-11-26,10000050,31788,499999.12,499999.12,499999.12,1,1
2017-11-26,10000050,31790,2425927.88,2425927.88,2425927.88,22,7
2017-11-26,10000050,31794,7000000,7000000,7000000,3,1
2017-11-26,10000050,31870,5319997.92,4999998,7000000,25,4
2017-11-26,10000050,31928,17143562.52,13400000.12,28324249.78,8,4
2017-11-26,10000050,31942,59999999,59999999,59999999,2,2
2017-11-26,10000050,31952,36000000,36000000,36000000,3,1
2017-11-26,10000050,32006,450000,450000,450000,40,1
2017-11-26,10000050,32780,1180001,1180001,1180001,1,1
2017-11-26,10000050,32787,500000,500000,500000,5,1
2017-11-26,10000050,32876,800000,800000,800000,1,1
2017-11-26,10000050,33003,1000000,1000000,1000000,3,3
2017-11-26,10000050,33009,250000,250000,250000,1,1
2017-11-26,10000050,33285,55555555,55555555,55555555,1,1
2017-11-26,10000050,33468,74999999.99,74999999.99,74999999.99,1,1
2017-11-26,10000050,33475,11287999.84,11000000,13999999,25,8
2017-11-26,10000050,33520,55999999,55999999,55999999,4,4
2017-11-26,10000050,33824,1495000.12,1495000.12,1495000.12,2,2
2017-11-26,10000050,33844,125000000,125000000,125000000,4,3
2017-11-26,10000050,35656,119999.96,119999.96,119999.96,1,1
2017-11-26,10000050,35658,49999.12,49999.12,49999.12,6,6
2017-11-26,10000050,35659,800000,800000,800000,3,3
2017-11-26,10000050,35660,159999.12,159999.12,159999.12,1,1
2017-11-26,10000050,35662,395000,395000,395000,1,1
2017-11-26,10000050,35794,19999,19999,19999,1,1
2017-11-26,10000050,35795,19999,19999,19999,1,1
2017-11-26,10000050,36910,10000000,10000000,10000000,2,1
2017-11-26,10000050,40358,3379999.97,3379999.97,3379999.97,9,2
2017-11-26,10000050,40362,11466904.15,11337798.32,12000000,59,11
2017-11-26,10000050,40519,140256352.55,427254.25,350000000,5,3
2017-11-26,10000050,40552,9600000,9600000,9600000,7,1
2017-11-26,10000050,40556,14499999,13009000,14500000,122,13
2017-11-26,10000050,40560,38461538.07,38384614.95,38999999.95,24,6
2017-11-26,10000050,40561,38099999,38099999,38099999,7,1
2017-11-26,10000050,41236,33900000,33900000,33900000,4,4
2017-11-26,10000050,41237,125000000,125000000,125000000,1,1
2017-11-26,10000050,41486,80000000,80000000,80000000,1,1
2017-11-26,10000050,41489,34999.99,34999.99,34999.99,940,7
2017-11-26,10000050,41490,955000,955000,955000,108,4
2017-11-26,10000050,42244,65000000,65000000,65000000,1,1
2017-11-26,10000050,42527,1000000,1000000,1000000,1,1
2017-11-26,10000050,42829,600,600,600,1200,2
2017-11-26,10000050,42830,600,600,600,4700,5
2017-11-26,10000050,43552,3299999.99,3299999.99,3299999.99,4,2
2017-11-26,10000050,43896,1350000.12,1350000.12,1350000.12,1,1
2017-11-26,10000050,44992,3198900,3198900,3198900,686,3
2017-11-26,10000050,45998,2900000,2900000,2900000,1,1
2017-11-26,10000050,46000,45000000,45000000,45000000,1,1
2017-11-26,10000050,46006,12400000,12400000,12400000,1,1
2017-11-26,10000050,46008,8971428.03,3000000,13999999,35,12
2017-11-26,10000050,46367,650000,650000,650000,2,1
2017-11-26,10000050,46369,650000,650000,650000,2,1
2017-11-26,10000051,34,0.02,0.02,0.02,8407577,4
2017-11-26,10000051,35,0.35,0.35,0.35,4648520,4
2017-11-26,10000051,36,0.5,0.5,0.5,731755,6
2017-11-26,10000051,37,20,20,20,141853,4
2017-11-26,10000051,38,101,101,101,83075,6
2017-11-26,10000051,39,250,8.25,1299.99,45212,5
2017-11-26,10000051,40,12,12,12,24297,4
2017-11-26,10000051,222,15,15,15,13000,3
2017-11-26,10000051,483,19000,19000,19000,2,1
2017-11-26,10000051,587,457000,457000,457000,1,1
2017-11-26,10000051,621,11999999.99,11999999.99,11999999.99,1,1
2017-11-26,10000051,627,11200000,11200000,11200000,1,1
2017-11-26,10000051,648,500000,500000,500000,1,1
2017-11-26,10000051,652,2500000,2500000,2500000,1,1
2017-11-26,10000051,654,1566666.67,1566666.67,1566666.67,1,1
2017-11-26,10000051,655,2300000,2300000,2300000,1,1
2017-11-26,10000051,656,1525000,1525000,1525000,1,1
2017-11-26,10000051,657,1475000,1100000,2500000,4,4
2017-11-26,10000051,1317,100000,100000,100000,5,1
2017-11-26,10000051,1319,1500000,1500000,1500000,5,3
2017-11-26,10000051,1405,755508.54,755508.54,755508.54,9,3
2017-11-26,10000051,1447,1500000,1500000,1500000,2,1
2017-11-26,10000051,1877,1250000,1250000,1250000,4,1
2017-11-26,10000051,1952,1200000,1200000,1200000,3,2
2017-11-26,10000051,2048,515000,500000,518000,6,3
2017-11-26,10000051,2183,80000,80000,80000,4,1
2017-11-26,10000051,2185,1139784.08,1139784.08,1139784.08,1,1
2017-11-26,10000051,2281,3213095.34,3213095.34,3213095.34,2,2
2017-11-26,10000051,2295,120000,120000,120000,1,1
2017-11-26,10000051,2299,2500000,2500000,2500000,1,1
2017-11-26,10000051,2301,2200000,2200000,2200000,4,1
2017-11-26,10000051,2303,2162000,2162000,2162000,5,2
2017-11-26,10000051,2398,350,350,350,3681,2
2017-11-26,10000051,2436,2575999.99,2575999.99,2575999.99,11,3
2017-11-26,10000051,2456,658325,658325,658325,10,1
2017-11-26,10000051,2464,10000,10000,10000,25,1
2017-11-26,10000051,2488,650000,650000,650000,12,3
2017-11-26,10000051,2549,900000,900000,900000,1,1
2017-11-26,10000051,2551,744000,120000,900000,5,5
2017-11-26,10000051,2605,1000000,1000000,1000000,1,1
2017-11-26,10000051,2969,3500000,3500000,3500000,6,1
2017-11-26,10000051,3082,3500000,3500000,3500000,5,1
2017-11-26,10000051,3691,320,320,320,7,1
2017-11-26,10000051,3756,75000000,75000000,75000000,1,1
2017-11-26,10000051,3831,904997.38,896996.86,1000000,12,6
2017-11-26,10000051,3841,1350000,1350000,1350000,2,1
2017-11-26,10000051,3888,1485720,1485720,1485720,3,1
2017-11-26,10000051,4405,1600000,1600000,1600000,7,3
2017-11-26,10000051,5301,150001.34,150001.34,150001.34,2,1
2017-11-26,10000051,5955,150000,150000,150000,2,1
2017-11-26,10000051,6001,150000,150000,150000,1,1
2017-11-26,10000051,6005,50000,50000,50000,2,2
2017-11-26,10000051,8091,600000,600000,600000,5,1
2017-11-26,10000051,8905,249986.29,249986.29,249986.29,3,1
2017-11-26,10000051,9899,12000000,12000000,12000000,1,1
2017-11-26,10000051,9941,12000000,12000000,12000000,1,1
2017-11-26,10000051,9942,12000000,12000000,12000000,1,1
2017-11-26,10000051,9943,12000000,12000000,12000000,1,1
2017-11-26,10000051,10190,1400000,1400000,1400000,2,1
2017-11-26,10000051,10246,8048.84,8048.84,8048.84,5,1
2017-11-26,10000051,10250,1138499.89,1138499.89,1138499.89,15,2
2017-11-26,10000051,11129,28750,20000,50000,4,4
2017-11-26,10000051,11184,36931051.69,36931051.69,36931051.69,1,1
2017-11-26,10000051,11186,42377487.35,42377487.35,42377487.35,2,2
2017-11-26,10000051,11325,550000.01,550000.01,550000.01,1,1
2017-11-26,10000051,11370,2500000,2500000,2500000,1,1
2017-11-26,10000051,11399,1000,1000,1000,2006,2
2017-11-26,10000051,11577,6000000,6000000,6000000,2,2
2017-11-26,10000051,11578,6700000,6700000,6700000,1,1
2017-11-26,10000051,11640,1500000,1500000,1500000,4,2
2017-11-26,10000051,12058,2850000,2850000,2850000,1,1
2017-11-26,10000051,12805,265,265,265,1500,1
2017-11-26,10000051,16240,800000,800000,800000,1,1
2017-11-26,10000051,16272,500,500,500,10000,1
2017-11-26,10000051,16273,290,290,290,2900,4
2017-11-26,10000051,16278,2132099.94,2132099.94,2132099.94,2,1
2017-11-26,10000051,17480,20237689.6,20237689.6,20237689.6,1,1
2017-11-26,10000051,17482,1913192.41,1700000,2000000,27,7
2017-11-26,10000051,17887,1000,1000,1000,29000,1
2017-11-26,10000051,17912,4882387.34,4882387.34,4882387.34,2,1
2017-11-26,10000051,18036,135913.04,130000,137884.05,8,2
2017-11-26,10000051,18038,109247.57,109247.57,109247.57,6,1
2017-11-26,10000051,18040,73562.65,73562.65,73562.65,6,1
2017-11-26,10000051,18064,344998.8,344998.8,344998.8,6,1
2017-11-26,10000051,18590,1500000,1500000,1500000,2,1
2017-11-26,10000051,19952,250001.26,250001.26,250001.26,1,1
2017-11-26,10000051,21096,2875000.19,2250000,3500000.39,4,3
2017-11-26,10000051,21638,1149885,1149885,1149885,17,3
2017-11-26,10000051,22229,6000000,6000000,6000000,4,1
2017-11-26,10000051,22291,1499000,1499000,1499000,3,3
2017-11-26,10000051,22542,80500,80500,80500,2,1
2017-11-26,10000051,23527,375000,350000,400000,4,2
2017-11-26,10000051,23707,15000,15000,15000,5,1
2017-11-26,10000051,24348,1300000,1300000,1300000,2,2
2017-11-26,10000051,24445,1100000,1100000,1100000,1,1
2017-11-26,10000051,24495,120.01,120.01,120.01,10000,3
2017-11-26,10000051,25274,54500,54500,54500,21181,18
2017-11-26,10000051,25861,62088.49,62088.49,62088.49,1,1
2017-11-26,10000051,26929,275000,275000,275000,10,1
2017-11-26,10000051,27143,1000000,1000000,1000000,1,1
2017-11-26,10000051,27361,975,975,975,1500,1
2017-11-26,10000051,28576,977500,977500,977500,14,2
2017-11-26,10000051,28578,1092499.39,1092499.39,1092499.39,9,1
2017-11-26,10000051,28668,25000,25000,25000,380,4
2017-11-26,10000051,29009,5000,5000,5000,7,1
2017-11-26,10000051,29248,450000,450000,450000,1,1
2017-11-26,10000051,30836,1495000,1495000,1495000,8,1
2017-11-26,10000051,31023,1500000,1500000,1500000,1,1
2017-11-26,10000051,31083,1000000,1000000,1000000,3,1
2017-11-26,10000051,31119,2000000,2000000,2000000,8,3
2017-11-26,10000051,31153,300000,300000,300000,2,1
2017-11-26,10000051,31159,450000,450000,450000,2,1
2017-11-26,10000051,31358,574849.99,574849.99,574849.99,1,1
2017-11-26,10000051,31372,1703758.17,1500000,2111274.51,3,2
2017-11-26,10000051,31454,300000,300000,300000,8,1
2017-11-26,10000051,31718,349000.01,349000.01,349000.01,1,1
2017-11-26,10000051,31730,500000,500000,500000,1,1
2017-11-26,10000051,31742,500000,500000,500000,1,1
2017-11-26,10000051,31754,350000,350000,350000,2,2
2017-11-26,10000051,31790,2200000,2200000,2200000,13,2
2017-11-26,10000051,31876,4999999.99,4999999.99,4999999.99,5,1
2017-11-26,10000051,32787,22250,22250,22250,10,1
2017-11-26,10000051,32880,400000,400000,400000,1,1
2017-11-26,10000051,32999,499000,499000,499000,1,1
2017-11-26,10000051,33001,500000,500000,500000,1,1
2017-11-26,10000051,33002,499000,499000,499000,1,1
2017-11-26,10000051,33475,11450000,11300000,11500000,13,8
2017-11-26,10000051,35658,50000,50000,50000,1,1
2017-11-26,10000051,35659,100000,100000,100000,1,1
2017-11-26,10000051,35771,1758189,1758189,1758189,1,1
2017-11-26,10000051,35790,1900000,1900000,1900000,1,1
2017-11-26,10000051,46008,20000000,20000000,20000000,1,1
2017-11-26,10000051,46355,259323.85,259323.85,259323.85,2,1
2017-11-26,10000051,46356,1500000,1500000,1500000,2,1
2017-11-26,10000052,20,152.03,152.03,152.03,450000,27
2017-11-26,10000052,21,441,441,441,2156,2
2017-11-26,10000052,34,4.89,4.89,4.89,66249534,47
2017-11-26,10000052,35,5.8,5.8,5.8,9982780,36
2017-11-26,10000052,36,60.17,60.17,60.17,126477,29
2017-11-26,10000052,37,35,35,35,29462,29
2017-11-26,10000052,38,300,300,300,18876,21
2017-11-26,10000052,39,1250,1250,1250,103388,8
2017-11-26,10000052,40,1599,1599,1599,1199,14
2017-11-26,10000052,43,319.84,319.76,375.31,287198,22
2017-11-26,10000052,45,93.15,93.15,93.15,10,1
2017-11-26,10000052,178,5,5,5,3888,1
2017-11-26,10000052,179,5,5,5,700,2
2017-11-26,10000052,181,100,100,100,300,2
2017-11-26,10000052,182,1.03,1.03,1.03,100,1
2017-11-26,10000052,183,1,1,1,100,1
2017-11-26,10000052,184,1,1,1,300,1
2017-11-26,10000052,185,16,16,16,4000,1
2017-11-26,10000052,190,1.03,1.03,1.03,62,1
2017-11-26,10000052,192,77.92,77.92,77.92,8400,1
2017-11-26,10000052,199,5,5,5,100,1
2017-11-26,10000052,202,399,399,399,10300,2
2017-11-26,10000052,207,70,70,70,32006,3
2017-11-26,10000052,208,1,1,1,59,1
2017-11-26,10000052,209,0.37,0.37,0.37,103848,3
2017-11-26,10000052,210,15,15,15,3000,1
2017-11-26,10000052,211,12,12,12,8500,1
2017-11-26,10000052,212,21.75,21.75,21.75,5100,2
2017-11-26,10000052,215,0.14,0.14,0.14,56,1
2017-11-26,10000052,216,18.74,18.74,18.74,5060,2
2017-11-26,10000052,217,0.07,0.07,0.07,100,1
2017-11-26,10000052,218,0.03,0.03,0.03,600,1
2017-11-26,10000052,219,0.03,0.03,0.03,637,2
2017-11-26,10000052,221,0.03,0.03,0.03,200,1
2017-11-26,10000052,224,1,1,1,100,1
2017-11-26,10000052,226,0.78,0.78,0.78,80,1
2017-11-26,10000052,227,0.62,0.62,0.62,203,2
2017-11-26,10000052,230,129.99,129.99,129.99,80,1
2017-11-26,10000052,238,10.12,10.12,10.12,16,1
2017-11-26,10000052,239,8000,8000,8000,10,1
2017-11-26,10000052,242,6,6,6,1,1
2017-11-26,10000052,243,445.52,445.52,445.52,1,1
2017-11-26,10000052,250,7.86,7.86,7.86,1,1
2017-11-26,10000052,251,48500,48500,48500,4,2
2017-11-26,10000052,253,7.51,7.51,7.51,1,1
2017-11-26,10000052,261,155000,155000,155000,2,1
2017-11-26,10000052,267,10.01,10.01,10.01,100,1
2017-11-26,10000052,394,328973.52,328973.52,328973.52,1,1
2017-11-26,10000052,434,99999.99,99999.99,99999.99,1,1
2017-11-26,10000052,439,20500,20500,20500,1,1
2017-11-26,10000052,451,14000,14000,14000,10,1
2017-11-26,10000052,452,34000,34000,34000,2,1
2017-11-26,10000052,454,43000,43000,43000,2,1
2017-11-26,10000052,482,1200000,1200000,1200000,2,1
2017-11-26,10000052,483,35000,35000,35000,2,2
2017-11-26,10000052,486,26000,26000,26000,5,2
2017-11-26,10000052,499,25000,25000,25000,5,1
2017-11-26,10000052,578,197999.98,197999.98,197999.98,1,1
2017-11-26,10000052,589,372657.68,345315.36,400000,2,2
2017-11-26,10000052,593,20000,20000,20000,1,1
2017-11-26,10000052,597,400000,400000,400000,1,1
2017-11-26,10000052,602,450000,450000,450000,1,1
2017-11-26,10000052,606,1,1,1,1,1
2017-11-26,10000052,607,499998,399996,600000,2,2
2017-11-26,10000052,629,11000000,11000000,11000000,1,1
2017-11-26,10000052,650,1400000,1400000,1400000,1,1
2017-11-26,10000052,654,1500000,1500000,1500000,1,1
2017-11-26,10000052,655,1900000,1900000,1900000,2,1
2017-11-26,10000052,656,1048333.33,355000,1395000,3,3
2017-11-26,10000052,672,21600.59,21000,25000,67,6
2017-11-26,10000052,807,1700000,1700000,1700000,1,1
2017-11-26,10000052,808,1750000,1750000,1750000,1,1
2017-11-26,10000052,809,1750000,1750000,1750000,1,1
2017-11-26,10000052,812,160000,160000,160000,2,2
2017-11-26,10000052,881,40000,40000,40000,1,1
2017-11-26,10000052,936,2175000,2175000,2175000,4,1
2017-11-26,10000052,938,2875000,2875000,2875000,4,1
2017-11-26,10000052,944,2875000,2875000,2875000,4,1
2017-11-26,10000052,1067,316360,316360,316360,1,1
2017-11-26,10000052,1224,40,40,40,1273175,17
2017-11-26,10000052,1226,250.12,250.12,250.12,4307,2
2017-11-26,10000052,1227,200.99,200.99,200.99,26666,3
2017-11-26,10000052,1228,18.76,18.76,18.76,243956,13
2017-11-26,10000052,1229,302,302,302,95,1
2017-11-26,10000052,1230,12,12,12,3816328,16
2017-11-26,10000052,1231,450.11,450.11,450.11,136,3
2017-11-26,10000052,1236,641249.98,641249.98,641249.98,2,2
2017-11-26,10000052,1244,45000,45000,45000,1,1
2017-11-26,10000052,1319,1108133.33,639999.99,1477000,18,5
2017-11-26,10000052,1335,499997.99,499997.99,499997.99,3,1
2017-11-26,10000052,1404,54380,54380,54380,1,1
2017-11-26,10000052,1405,1199998.99,1199998.99,1199998.99,3,1
2017-11-26,10000052,1563,100000,100000,100000,2,1
2017-11-26,10000052,1810,0.32,0.32,0.32,155,3
2017-11-26,10000052,1814,1.03,1.03,1.03,200,1
2017-11-26,10000052,1816,1,1,1,100,1
2017-11-26,10000052,1820,124,124,124,8100,2
2017-11-26,10000052,1828,1,1,1,100,1
2017-11-26,10000052,1977,14999.99,14999.99,14999.99,1,1
2017-11-26,10000052,1978,2200000,2200000,2200000,1,1
2017-11-26,10000052,2032,1050000,1000000,1100000,8,3
2017-11-26,10000052,2046,28725,25000,54900,4,3
2017-11-26,10000052,2048,1058666.67,41000.01,1567500,3,3
2017-11-26,10000052,2175,1280200,1191200,1298000,6,3
2017-11-26,10000052,2183,30403.7,20000,39960.1,25,4
2017-11-26,10000052,2185,1180946.53,1147997.97,1199997.97,20,9
2017-11-26,10000052,2193,289416.5,3333,575500,2,2
2017-11-26,10000052,2203,2180,900,2249.99,34,6
2017-11-26,10000052,2204,200000,200000,200000,1,1
2017-11-26,10000052,2205,481818.18,474000,560000,33,10
2017-11-26,10000052,2254,81000,81000,81000,1,1
2017-11-26,10000052,2312,10000,10000,10000,340,1
2017-11-26,10000052,2319,6030.49,6030.49,6030.49,255,1
2017-11-26,10000052,2329,7000,7000,7000,340,1
2017-11-26,10000052,2333,1234149.24,1234149.24,1234149.24,2,2
2017-11-26,10000052,2396,200.03,200.03,200.03,4680,1
2017-11-26,10000052,2398,180,180,180,1420,1
2017-11-26,10000052,2404,1066666.67,1000000,1200000,3,3
2017-11-26,10000052,2410,3111000,3111000,3111000,2,1
2017-11-26,10000052,2446,3268318.2,2332000,3999998.99,16,4
2017-11-26,10000052,2454,3273.5,400.01,3500,37,7
2017-11-26,10000052,2456,461347.75,441999.5,496997.92,62,15
2017-11-26,10000052,2464,3420.85,50.15,3700,24,4
2017-11-26,10000052,2466,445989.55,445989.55,445989.55,106,4
2017-11-26,10000052,2476,135000.55,135000.55,135000.55,10,1
2017-11-26,10000052,2486,5966.59,3200,6600,64,5
2017-11-26,10000052,2488,482199.23,479998.87,494000,25,5
2017-11-26,10000052,2505,500000,500000,500000,2,1
2017-11-26,10000052,2524,81000,81000,81000,8,3
2017-11-26,10000052,2534,81000,81000,81000,6,1
2017-11-26,10000052,2549,81000,81000,81000,7,2
2017-11-26,10000052,2553,2171000,2171000,2171000,1,1
2017-11-26,10000052,2605,662040.2,444120.59,771000,3,2
2017-11-26,10000052,2629,789,789,789,2000,1
2017-11-26,10000052,2863,5000000,5000000,5000000,1,1
2017-11-26,10000052,3184,1600000,1600000,1600000,3,3
2017-11-26,10000052,3302,20000,20000,20000,3,3
2017-11-26,10000052,3303,20000,20000,20000,2,2
2017-11-26,10000052,3304,100000,100000,100000,2,2
2017-11-26,10000052,3305,100000,100000,100000,2,2
2017-11-26,10000052,3306,100000,100000,100000,2,2
2017-11-26,10000052,3307,2000000,2000000,2000000,2,2
2017-11-26,10000052,3308,2000000,2000000,2000000,2,2
2017-11-26,10000052,3309,2000000,2000000,2000000,2,2
2017-11-26,10000052,3310,40000,40000,40000,1,1
2017-11-26,10000052,3311,80000,80000,80000,1,1
2017-11-26,10000052,3312,50000,50000,50000,1,1
2017-11-26,10000052,3315,1000000,1000000,1000000,3,3
2017-11-26,10000052,3316,70000,70000,70000,1,1
2017-11-26,10000052,3317,100000,100000,100000,2,2
2017-11-26,10000052,3320,10000,10000,10000,1,1
2017-11-26,10000052,3321,20000,20000,20000,2,2
2017-11-26,10000052,3322,25000,25000,25000,1,1
2017-11-26,10000052,3323,30000,30000,30000,2,2
2017-11-26,10000052,3325,400000,400000,400000,2,2
2017-11-26,10000052,3326,350000,350000,350000,1,1
2017-11-26,10000052,3330,40000,40000,40000,2,2
2017-11-26,10000052,3331,40000,40000,40000,1,1
2017-11-26,10000052,3332,500000,500000,500000,1,1
2017-11-26,10000052,3333,500000,500000,500000,1,1
2017-11-26,10000052,3334,500000,500000,500000,2,2
2017-11-26,10000052,3335,500000,500000,500000,1,1
2017-11-26,10000052,3336,4000000,4000000,4000000,2,2
2017-11-26,10000052,3338,4000000,4000000,4000000,3,3
2017-11-26,10000052,3339,4000000,4000000,4000000,1,1
2017-11-26,10000052,3347,5500000000,5500000000,5500000000,1,1
2017-11-26,10000052,3348,20000,20000,20000,3,3
2017-11-26,10000052,3349,75000,75000,75000,2,2
2017-11-26,10000052,3350,95000,90000,100000,2,2
2017-11-26,10000052,3351,400000,400000,400000,3,3
2017-11-26,10000052,3352,400000,400000,400000,2,2
2017-11-26,10000052,3354,2500000,2500000,2500000,1,1
2017-11-26,10000052,3355,20000,20000,20000,1,1
2017-11-26,10000052,3356,60000,60000,60000,2,2
2017-11-26,10000052,3357,180000,180000,180000,2,2
2017-11-26,10000052,3358,100000,100000,100000,1,1
2017-11-26,10000052,3359,200000,200000,200000,1,1
2017-11-26,10000052,3361,200000,200000,200000,2,2
2017-11-26,10000052,3363,20000,20000,20000,1,1
2017-11-26,10000052,3368,40000,40000,40000,1,1
2017-11-26,10000052,3373,1000000,1000000,1000000,5,3
2017-11-26,10000052,3385,50000,50000,50000,3,1
2017-11-26,10000052,3387,150000,150000,150000,3,3
2017-11-26,10000052,3388,250000,250000,250000,3,2
2017-11-26,10000052,3393,30000,30000,30000,1,1
2017-11-26,10000052,3397,1000000,1000000,1000000,1,1
2017-11-26,10000052,3403,300000,300000,300000,1,1
2017-11-26,10000052,3405,25000,25000,25000,2,2
2017-11-26,10000052,3406,300000,300000,300000,1,1
2017-11-26,10000052,3409,350000,350000,350000,5,3
2017-11-26,10000052,3410,450000,450000,450000,3,3
2017-11-26,10000052,3416,35000,35000,35000,4,4
2017-11-26,10000052,3421,130000,130000,130000,2,2
2017-11-26,10000052,3422,80000,80000,80000,3,3
2017-11-26,10000052,3423,75000,75000,75000,2,2
2017-11-26,10000052,3424,79000,79000,79000,1,1
2017-11-26,10000052,3427,120000,120000,120000,1,1
2017-11-26,10000052,3428,88000,88000,88000,1,1
2017-11-26,10000052,3430,500000,500000,500000,1,1
2017-11-26,10000052,3431,75000,75000,75000,2,2
2017-11-26,10000052,3434,80000,80000,80000,2,2
2017-11-26,10000052,3435,130000,130000,130000,2,2
2017-11-26,10000052,3437,40000,40000,40000,1,1
2017-11-26,10000052,3438,40000,40000,40000,5,5
2017-11-26,10000052,3439,200000,200000,200000,2,2
2017-11-26,10000052,3440,220000,220000,220000,4,4
2017-11-26,10000052,3441,380000,380000,380000,1,1
2017-11-26,10000052,3442,500000,500000,500000,3,3
2017-11-26,10000052,3443,20000,20000,20000,1,1
2017-11-26,10000052,3444,100000,100000,100000,1,1
2017-11-26,10000052,3446,100000,100000,100000,1,1
2017-11-26,10000052,3451,30000,30000,30000,1,1
2017-11-26,10000052,3452,40000,40000,40000,4,4
2017-11-26,10000052,3453,25000,25000,25000,1,1
2017-11-26,10000052,3456,10000000,10000000,10000000,1,1
2017-11-26,10000052,3466,95500,95500,95500,1,1
2017-11-26,10000052,3530,2026050,1977100,2250000,4,3
2017-11-26,10000052,3554,0.1,0.1,0.1,1,1
2017-11-26,10000052,3643,78.28,78.21,78.34,220690,14
2017-11-26,10000052,3647,302.5,302.5,302.5,74763,3
2017-11-26,10000052,3673,1,1,1,20,1
2017-11-26,10000052,3687,860,860,860,30440,4
2017-11-26,10000052,3715,116.42,116.42,116.42,30,1
2017-11-26,10000052,3717,1,1,1,10,1
2017-11-26,10000052,3719,0.1,0.1,0.1,20,1
2017-11-26,10000052,3725,10000.08,10000.08,10000.08,145,1
2017-11-26,10000052,3731,400000,400000,400000,1,1
2017-11-26,10000052,3777,11.03,11.03,11.03,10,1
2017-11-26,10000052,3812,141,141,141,320,10
2017-11-26,10000052,3814,32.4,32.4,32.4,2153,6
2017-11-26,10000052,3828,8000.08,8000.08,8000.08,925,3
2017-11-26,10000052,3829,149889.75,148897.55,149999.99,10,2
2017-11-26,10000052,3841,3000000,3000000,3000000,1,1
2017-11-26,10000052,3893,70000000,70000000,70000000,1,1
2017-11-26,10000052,4247,23999.98,23999.98,23999.98,3037,1
2017-11-26,10000052,4385,4500000,4500000,4500000,2,2
2017-11-26,10000052,4393,178000,178000,178000,3,1
2017-11-26,10000052,4395,547000,547000,547000,1,1
2017-11-26,10000052,4396,750000,750000,750000,1,1
2017-11-26,10000052,4398,1250000,1250000,1250000,1,1
2017-11-26,10000052,4403,1200000,1200000,1200000,1,1
2017-11-26,10000052,4405,1400000,1400000,1400000,3,2
2017-11-26,10000052,4411,600000,600000,600000,1,1
2017-11-26,10000052,4435,25000,25000,25000,22,2
2017-11-26,10000052,4471,3.19,3.19,3.19,1,1
2017-11-26,10000052,4533,293181.82,293181.82,293181.82,1,1
2017-11-26,10000052,4787,100,100,100,1,1
2017-11-26,10000052,4833,5,5,5,2,2
2017-11-26,10000052,5141,22000,22000,22000,7,1
2017-11-26,10000052,5245,43003.7,42005.55,45000,3,3
2017-11-26,10000052,5399,5500,5500,5500,3,1
2017-11-26,10000052,5839,1499999.98,1499999.98,1499999.98,1,1
2017-11-26,10000052,5849,189000,189000,189000,1,1
2017-11-26,10000052,5869,3.16,3.16,3.16,3,1
2017-11-26,10000052,5945,15000.16,15000.16,15000.16,1,1
2017-11-26,10000052,5955,25000,25000,25000,2,2
2017-11-26,10000052,5971,153,153,153,1,1
2017-11-26,10000052,5973,196003.02,196003.02,196003.02,3,3
2017-11-26,10000052,5975,151,151,151,4,4
2017-11-26,10000052,6001,116,116,116,2,2
2017-11-26,10000052,6003,151,151,151,1,1
2017-11-26,10000052,6005,77,77,77,3,2
2017-11-26,10000052,6296,149000,149000,149000,1,1
2017-11-26,10000052,6671,0.01,0.01,0.01,1,1
2017-11-26,10000052,7045,10000.01,10000.01,10000.01,1,1
2017-11-26,10000052,8101,1000,1000,1000,1,1
2017-11-26,10000052,8263,1000,1000,1000,3,3
2017-11-26,10000052,8433,1250000,1250000,1250000,3,1
2017-11-26,10000052,8521,499999,499999,499999,3,1
2017-11-26,10000052,9608,5808,5808,5808,1,1
2017-11-26,10000052,9622,196000,196000,196000,1,1
2017-11-26,10000052,9670,50000,50000,50000,2,1
2017-11-26,10000052,9744,100,100,100,1,1
2017-11-26,10000052,9800,33000.64,33000.64,33000.64,2,1
2017-11-26,10000052,9826,338.28,338.28,338.31,13864,8
2017-11-26,10000052,9830,9000,9000,9000,64,1
2017-11-26,10000052,9834,96000,96000,96000,503,2
2017-11-26,10000052,9836,12000,12000,12000,1000,1
2017-11-26,10000052,9838,9000.04,9000.04,9000.04,855,2
2017-11-26,10000052,9842,10260.01,10260.01,10260.01,255,1
2017-11-26,10000052,9850,520.52,520.39,520.77,123067,7
2017-11-26,10000052,10039,65000,65000,65000,1,1
2017-11-26,10000052,10190,1999999.99,1999999.99,1999999.99,1,1
2017-11-26,10000052,10208,28992522,28992522,28992522,1,1
2017-11-26,10000052,10212,28972522,28972522,28972522,1,1
2017-11-26,10000052,10216,28991774,28991774,28991774,1,1
2017-11-26,10000052,10221,28992522,28992522,28992522,1,1
2017-11-26,10000052,10225,28921654,28921654,28921654,1,1
2017-11-26,10000052,10246,12599.95,11000,14199.89,12,3
2017-11-26,10000052,10247,19986000,19986000,19986000,2,2
2017-11-26,10000052,10836,99999.99,99999.99,99999.99,1,1
2017-11-26,10000052,10998,119000,86000,196000,20,3
2017-11-26,10000052,11083,1000000,1000000,1000000,2,2
2017-11-26,10000052,11129,27571.23,25000,47570.53,9,9
2017-11-26,10000052,11132,25000,25000,25000,8,8
2017-11-26,10000052,11134,29235.01,25000,40950.28,27,21
2017-11-26,10000052,11135,50000,50000,50000,1,1
2017-11-26,10000052,11207,500000,500000,500000,1,1
2017-11-26,10000052,11269,917798.99,917798.99,917798.99,1,1
2017-11-26,10000052,11287,500,500,500,130,1
2017-11-26,10000052,11289,10880.88,20.01,25000,23,3
2017-11-26,10000052,11370,2405650.49,2405650.49,2405650.49,1,1
2017-11-26,10000052,11399,6500,6500,6500,17,1
2017-11-26,10000052,11444,10000000,10000000,10000000,1,1
2017-11-26,10000052,11445,9500000,9500000,9500000,1,1
2017-11-26,10000052,11450,10000000,10000000,10000000,1,1
2017-11-26,10000052,11452,10000000,10000000,10000000,1,1
2017-11-26,10000052,11454,10000000,10000000,10000000,2,2
2017-11-26,10000052,11455,10000000,10000000,10000000,1,1
2017-11-26,10000052,11529,10000000,10000000,10000000,3,2
2017-11-26,10000052,11540,501,501,501,3,2
2017-11-26,10000052,11563,269998,269998,269998,1,1
2017-11-26,10000052,11566,120000,120000,120000,1,1
2017-11-26,10000052,11569,400000,400000,400000,2,2
2017-11-26,10000052,11572,400000,400000,400000,3,3
2017-11-26,10000052,11574,2000000,2000000,2000000,2,2
2017-11-26,10000052,11578,6105500,2500000,9711000,2,2
2017-11-26,10000052,11579,3500000,3500000,3500000,1,1
2017-11-26,10000052,11646,3500000,3500000,3500000,1,1
2017-11-26,10000052,11648,2999999,2999999,2999999,1,1
2017-11-26,10000052,11694,500,500,500,7,1
2017-11-26,10000052,12056,45000,45000,45000,4,2
2017-11-26,10000052,12058,5890000,5890000,5890000,1,1
2017-11-26,10000052,12092,1000000,1000000,1000000,3,1
2017-11-26,10000052,12093,4000000,4000000,4000000,1,1
2017-11-26,10000052,12095,4000000,4000000,4000000,1,1
2017-11-26,10000052,12096,28000000,28000000,28000000,1,1
2017-11-26,10000052,12180,375000,375000,375000,2,2
2017-11-26,10000052,12181,350000,350000,350000,2,2
2017-11-26,10000052,12182,325000,325000,325000,1,1
2017-11-26,10000052,12183,275000,275000,275000,3,3
2017-11-26,10000052,12184,250000,250000,250000,2,2
2017-11-26,10000052,12185,225000,225000,225000,2,2
2017-11-26,10000052,12186,200000,200000,200000,1,1
2017-11-26,10000052,12187,175000,175000,175000,1,1
2017-11-26,10000052,12188,150000,150000,150000,6,4
2017-11-26,10000052,12189,400000,400000,400000,1,1
2017-11-26,10000052,12190,125000,125000,125000,1,1
2017-11-26,10000052,12191,75000,75000,75000,2,2
2017-11-26,10000052,12192,100000,100000,100000,1,1
2017-11-26,10000052,12194,300000,300000,300000,3,3
2017-11-26,10000052,12196,300000,300000,300000,1,1
2017-11-26,10000052,12204,3000000,3000000,3000000,2,2
2017-11-26,10000052,12205,9000000,9000000,9000000,1,1
2017-11-26,10000052,12211,15000000,15000000,15000000,1,1
2017-11-26,10000052,12214,3000000,3000000,3000000,1,1
2017-11-26,10000052,12305,100000,100000,100000,7,7
2017-11-26,10000052,12365,120000,120000,120000,1,1
2017-11-26,10000052,12366,120000,120000,120000,1,1
2017-11-26,10000052,12367,120000,120000,120000,1,1
2017-11-26,10000052,12441,450000,450000,450000,1,1
2017-11-26,10000052,12442,947999.98,947999.98,947999.98,1,1
2017-11-26,10000052,12484,9000000,9000000,9000000,2,2
2017-11-26,10000052,12485,8497986.61,8497986.61,8497986.61,1,1
2017-11-26,10000052,12486,9497985.65,9497985.65,9497985.65,1,1
2017-11-26,10000052,12487,7250000,7250000,7250000,1,1
2017-11-26,10000052,12532,1400005.02,1400005.02,1400005.02,1,1
2017-11-26,10000052,12761,1799.99,1799.99,1799.99,7000,4
2017-11-26,10000052,12787,418.98,418.98,418.98,149723,32
2017-11-26,10000052,12791,297.99,297.94,298.98,197000,36
2017-11-26,10000052,15331,950.1,950.1,950.1,510,41
2017-11-26,10000052,15588,100.01,100.01,100.01,1,1
2017-11-26,10000052,15589,1505.41,1505.41,1505.41,4,1
2017-11-26,10000052,15590,1102.12,1102.12,1102.12,3,2
2017-11-26,10000052,15591,3001.49,3001.49,3001.49,1,1
2017-11-26,10000052,15631,131000,131000,131000,2,1
2017-11-26,10000052,15674,1000.01,1000.01,1000.01,8,2
2017-11-26,10000052,15994,2501.04,2501.04,2501.04,3,2
2017-11-26,10000052,16069,85000,85000,85000,2,2
2017-11-26,10000052,16236,1299999.17,1299999.17,1299999.17,1,1
2017-11-26,10000052,16238,10000.02,10000.02,10000.02,1,1
2017-11-26,10000052,16262,184000.01,184000.01,184000.01,1084,6
2017-11-26,10000052,16272,116.23,116.23,116.23,223,1
2017-11-26,10000052,16273,349.98,349.98,349.98,16363,3
2017-11-26,10000052,16274,500.03,500.03,500.03,1340,1
2017-11-26,10000052,16275,4200.01,4200.01,4200.01,3,1
2017-11-26,10000052,16278,2250000,2250000,2250000,2,1
2017-11-26,10000052,16281,375000,375000,375000,2,2
2017-11-26,10000052,16311,554000,554000,554000,2,1
2017-11-26,10000052,16357,10000,10000,10000,1,1
2017-11-26,10000052,16359,5.05,5.05,5.05,1,1
2017-11-26,10000052,16505,356,356,356,1,1
2017-11-26,10000052,16591,32000000,32000000,32000000,1,1
2017-11-26,10000052,16678,350.05,350.05,350.05,856,1
2017-11-26,10000052,16679,100.01,100.01,100.01,165,1
2017-11-26,10000052,16680,500.01,500.01,500.01,297,1
2017-11-26,10000052,16681,3135,3135,3135,114,1
2017-11-26,10000052,16682,3725.05,3725.05,3725.05,34,1
2017-11-26,10000052,16683,17775,17775,17775,10,1
2017-11-26,10000052,17200,100000,100000,100000,2,1
2017-11-26,10000052,17233,10,10,10,2,1
2017-11-26,10000052,17317,201,201,201,1,1
2017-11-26,10000052,17323,5000000,5000000,5000000,1,1
2017-11-26,10000052,17366,40789.47,40000,45000,19,4
2017-11-26,10000052,17441,251,251,251,22,1
2017-11-26,10000052,17444,462.21,462.21,462.21,111,2
2017-11-26,10000052,17445,476.16,476.16,476.16,225,5
2017-11-26,10000052,17448,300.17,300.17,300.17,101,3
2017-11-26,10000052,17449,250.01,250.01,250.01,235,4
2017-11-26,10000052,17452,178.01,178.01,178.01,249909,17
2017-11-26,10000052,17453,181.08,181.08,181.08,376501,24
2017-11-26,10000052,17459,44.28,44.28,44.28,1148448,21
2017-11-26,10000052,17460,44.04,44.04,44.04,840206,15
2017-11-26,10000052,17463,17.65,17.65,17.65,643157,7
2017-11-26,10000052,17464,18.24,18.24,18.24,1207076,9
2017-11-26,10000052,17470,13.65,13.65,13.65,3042966,22
2017-11-26,10000052,17471,13.82,13.82,13.82,3487440,13
2017-11-26,10000052,17476,30000000,30000000,30000000,2,2
2017-11-26,10000052,17478,22553846.16,21607692.31,23500000,4,3
2017-11-26,10000052,17480,24000000,24000000,24000000,1,1
2017-11-26,10000052,17482,2266666.67,2000000,2400000.01,3,2
2017-11-26,10000052,17740,159400607.46,159400607.46,159400607.46,1,1
2017-11-26,10000052,17867,45.03,45.03,45.03,81209,1
2017-11-26,10000052,17868,46.04,46.04,46.04,4827,1
2017-11-26,10000052,17893,63000.46,63000.45,63000.46,4,2
2017-11-26,10000052,17894,1102.87,1102.87,1102.87,1,1
2017-11-26,10000052,17895,156000.01,156000.01,156000.01,3,2
2017-11-26,10000052,17897,1,1,1,1,1
2017-11-26,10000052,17912,4449994.99,4449994.99,4449994.99,2,1
2017-11-26,10000052,17938,109500.27,99999.99,119000.55,2,2
2017-11-26,10000052,17940,500000,500000,500000,4,4
2017-11-26,10000052,18062,30000,30000,30000,2,1
2017-11-26,10000052,18066,36972,33016,38950,3,2
2017-11-26,10000052,18600,500000,500000,500000,50,1
2017-11-26,10000052,18602,500000,500000,500000,50,1
2017-11-26,10000052,18639,99000,99000,99000,1,1
2017-11-26,10000052,19025,200000,200000,200000,1,1
2017-11-26,10000052,19400,11000,11000,11000,12,1
2017-11-26,10000052,19406,200010.11,200010.11,200010.11,1,1
2017-11-26,10000052,19408,520000,520000,520000,1,1
2017-11-26,10000052,19500,19999,19999,19999,2,1
2017-11-26,10000052,19766,800000,800000,800000,1,1
2017-11-26,10000052,19767,400000,400000,400000,1,1
2017-11-26,10000052,19921,90000,90000,90000,2,2
2017-11-26,10000052,19922,600000,600000,600000,1,1
2017-11-26,10000052,20209,1000000,1000000,1000000,2,2
2017-11-26,10000052,20210,1400000,1400000,1400000,1,1
2017-11-26,10000052,20211,2375000,2350000,2400000,2,2
2017-11-26,10000052,20312,4000000,4000000,4000000,1,1
2017-11-26,10000052,20327,15000000,15000000,15000000,1,1
2017-11-26,10000052,20342,50000000,50000000,50000000,1,1
2017-11-26,10000052,20412,32732.75,32732.75,32732.75,40,1
2017-11-26,10000052,20413,450000,450000,450000,8,1
2017-11-26,10000052,20414,36136.43,36136.43,36136.43,1,1
2017-11-26,10000052,20416,175000,175000,175000,10,1
2017-11-26,10000052,20418,24024.02,24024.02,24024.02,17,1
2017-11-26,10000052,20419,25025.06,25025.06,25025.06,17,1
2017-11-26,10000052,20494,100000,100000,100000,2,2
2017-11-26,10000052,20495,100000,100000,100000,2,2
2017-11-26,10000052,20525,100000000,100000000,100000000,1,1
2017-11-26,10000052,21059,120000,120000,120000,4,4
2017-11-26,10000052,21071,709499.99,499000,919999.97,2,2
2017-11-26,10000052,21610,20000000,20000000,20000000,1,1
2017-11-26,10000052,21611,30000000,30000000,30000000,2,2
2017-11-26,10000052,21638,1325000,1300000,1400000,6,3
2017-11-26,10000052,21640,1283999.98,1283999.98,1283999.98,1,1
2017-11-26,10000052,21740,1600,1599.99,1989,167407,16
2017-11-26,10000052,21803,17500000,17500000,17500000,1,1
2017-11-26,10000052,21815,5200000,5200000,5200000,10,2
2017-11-26,10000052,21867,1,1,1,58,1
2017-11-26,10000052,21894,1600,1600,1600,26054,6
2017-11-26,10000052,22043,25000000,25000000,25000000,1,1
2017-11-26,10000052,22175,119450,90000,148900,2,2
2017-11-26,10000052,22177,98878.54,98878.54,98878.54,1,1
2017-11-26,10000052,22242,75000000,75000000,75000000,2,2
2017-11-26,10000052,22291,2984000,2984000,2984000,1,1
2017-11-26,10000052,22536,269230.08,249999,350000,13,7
2017-11-26,10000052,22541,9000000,9000000,9000000,6,6
2017-11-26,10000052,22551,28000000,28000000,28000000,3,2
2017-11-26,10000052,22552,999999.33,999999,1000000,3,3
2017-11-26,10000052,22578,80000,80000,80000,3,3
2017-11-26,10000052,22761,32000000,32000000,32000000,1,1
2017-11-26,10000052,22806,120000,120000,120000,2,2
2017-11-26,10000052,22807,120000,120000,120000,2,2
2017-11-26,10000052,22808,120000,120000,120000,2,2
2017-11-26,10000052,22809,120000,120000,120000,3,3
2017-11-26,10000052,23005,2000,2000,2000,35000,2
2017-11-26,10000052,23009,1,1,1,85,1
2017-11-26,10000052,23069,50000000,50000000,50000000,1,1
2017-11-26,10000052,23107,1500000,1500000,1500000,10,1
2017-11-26,10000052,23111,1500000,1500000,1500000,10,1
2017-11-26,10000052,23146,515.31,515.31,515.31,1,1
2017-11-26,10000052,23158,1,1,1,99,1
2017-11-26,10000052,23527,1249000,1249000,1249000,2,1
2017-11-26,10000052,23566,400000,400000,400000,7,7
2017-11-26,10000052,23594,450000,450000,450000,2,2
2017-11-26,10000052,23606,150000,150000,150000,4,4
2017-11-26,10000052,23618,50000,50000,50000,6,6
2017-11-26,10000052,23711,56250.28,50000,62500.55,10,2
2017-11-26,10000052,23791,2500.07,2500.07,2500.07,22,1
2017-11-26,10000052,24241,50000,50000,50000,7,7
2017-11-26,10000052,24242,1000000,1000000,1000000,1,1
2017-11-26,10000052,24268,7500000,7500000,7500000,1,1
2017-11-26,10000052,24270,7500000,7500000,7500000,3,2
2017-11-26,10000052,24305,4500000.01,4500000.01,4500000.01,2,1
2017-11-26,10000052,24348,2948000,2948000,2948000,1,1
2017-11-26,10000052,24395,399999.99,399999.99,399999.99,1,1
2017-11-26,10000052,24417,2499999.55,2499999.55,2499999.55,1,1
2017-11-26,10000052,24427,3565000,3565000,3565000,1,1
2017-11-26,10000052,24445,400000,400000,400000,2,2
2017-11-26,10000052,24531,5.02,5.02,5.02,2008,1
2017-11-26,10000052,24533,5.02,5.02,5.02,2784,1
2017-11-26,10000052,24535,5.02,5.02,5.02,2640,1
2017-11-26,10000052,24568,10000000,10000000,10000000,1,1
2017-11-26,10000052,24571,10000000,10000000,10000000,2,2
2017-11-26,10000052,24613,15000000,15000000,15000000,1,1
2017-11-26,10000052,24624,20000000,20000000,20000000,2,1
2017-11-26,10000052,24625,20000000,20000000,20000000,2,2
2017-11-26,10000052,24698,24000100.69,24000100.69,24000100.69,1,1
2017-11-26,10000052,24764,20000000,20000000,20000000,1,1
2017-11-26,10000052,25235,150000,150000,150000,3,3
2017-11-26,10000052,25588,4001.01,4001.01,4001.01,4,1
2017-11-26,10000052,25589,726.84,726.84,726.84,7,4
2017-11-26,10000052,25590,75245.49,75115.22,80000,75,16
2017-11-26,10000052,25591,130000.53,100001.59,150000,6,4
2017-11-26,10000052,25592,7500.02,7500.02,7500.02,22,10
2017-11-26,10000052,25593,5000.04,5000.04,5000.04,3,1
2017-11-26,10000052,25594,25000.06,25000.06,25000.06,93,13
2017-11-26,10000052,25595,8200.76,8200.76,8200.76,1,1
2017-11-26,10000052,25596,8159.01,8159.01,8159.01,13,1
2017-11-26,10000052,25597,1101.22,1101.22,1101.22,67,5
2017-11-26,10000052,25598,9351.17,9351.17,9351.17,111,13
2017-11-26,10000052,25599,797.02,797.02,797.02,102,16
2017-11-26,10000052,25600,17759.03,17759.03,17759.03,109,12
2017-11-26,10000052,25601,3790.79,3765,4500,57,10
2017-11-26,10000052,25603,7015.01,6018.01,12000,24,8
2017-11-26,10000052,25604,5205.01,5205.01,5205.01,5,2
2017-11-26,10000052,25605,11900.38,11900.37,11900.38,30,8
2017-11-26,10000052,25617,400000,400000,400000,2,1
2017-11-26,10000052,25618,1823.43,1823.43,1823.43,1,1
2017-11-26,10000052,25619,650000,650000,650000,4,1
2017-11-26,10000052,25620,45000.91,20005.44,50000,6,2
2017-11-26,10000052,25623,52000,52000,52000,3,1
2017-11-26,10000052,25707,2000.01,2000.01,2000.01,1,1
2017-11-26,10000052,25718,5000000,5000000,5000000,1,1
2017-11-26,10000052,25719,999000,999000,999000,1,1
2017-11-26,10000052,25739,450000,450000,450000,3,3
2017-11-26,10000052,25810,450000,450000,450000,7,4
2017-11-26,10000052,25811,450000,450000,450000,3,3
2017-11-26,10000052,25861,82414.09,55000,118999.55,14,7
2017-11-26,10000052,25929,1250000,1250000,1250000,1,1
2017-11-26,10000052,25931,1250000,1250000,1250000,1,1
2017-11-26,10000052,25933,1250000,1250000,1250000,1,1
2017-11-26,10000052,25935,1250000,1250000,1250000,1,1
2017-11-26,10000052,25937,1250000,1250000,1250000,1,1
2017-11-26,10000052,25948,5140990,5140990,5140990,1,1
2017-11-26,10000052,25949,1250000,1250000,1250000,1,1
2017-11-26,10000052,25951,1250000,1250000,1250000,1,1
2017-11-26,10000052,25953,1250000,1250000,1250000,1,1
2017-11-26,10000052,25955,1250000,1250000,1250000,1,1
2017-11-26,10000052,25957,1250000,1250000,1250000,1,1
2017-11-26,10000052,25969,1250000,1250000,1250000,1,1
2017-11-26,10000052,25971,1000000,1000000,1000000,1,1
2017-11-26,10000052,25973,1250000,1250000,1250000,1,1
2017-11-26,10000052,25975,1250000,1250000,1250000,1,1
2017-11-26,10000052,25977,1250000,1250000,1250000,1,1
2017-11-26,10000052,25979,1250000,1250000,1250000,1,1
2017-11-26,10000052,25981,1250000,1250000,1250000,1,1
2017-11-26,10000052,25997,1250000,1250000,1250000,1,1
2017-11-26,10000052,26001,1250000,1250000,1250000,2,2
2017-11-26,10000052,26005,1250000,1250000,1250000,2,2
2017-11-26,10000052,26007,1250000,1250000,1250000,1,1
2017-11-26,10000052,26017,1250000,1250000,1250000,1,1
2017-11-26,10000052,26021,1250000,1250000,1250000,1,1
2017-11-26,10000052,26023,1250000,1250000,1250000,1,1
2017-11-26,10000052,26027,1250000,1250000,1250000,1,1
2017-11-26,10000052,26029,1250000,1250000,1250000,1,1
2017-11-26,10000052,26031,1250000,1250000,1250000,1,1
2017-11-26,10000052,26097,1250000,1250000,1250000,1,1
2017-11-26,10000052,26101,1250000,1250000,1250000,1,1
2017-11-26,10000052,26103,1250000,1250000,1250000,1,1
2017-11-26,10000052,26105,1250000,1250000,1250000,1,1
2017-11-26,10000052,26107,1250000,1250000,1250000,1,1
2017-11-26,10000052,26109,1250000,1250000,1250000,1,1
2017-11-26,10000052,26111,1250000,1250000,1250000,1,1
2017-11-26,10000052,26113,1250000,1250000,1250000,1,1
2017-11-26,10000052,26252,60000,60000,60000,1,1
2017-11-26,10000052,26253,100000,100000,100000,1,1
2017-11-26,10000052,26254,20000,20000,20000,1,1
2017-11-26,10000052,26255,100000,100000,100000,2,2
2017-11-26,10000052,26256,100000,100000,100000,3,3
2017-11-26,10000052,26257,100000,100000,100000,2,2
2017-11-26,10000052,26258,100000,100000,100000,1,1
2017-11-26,10000052,26259,100000,100000,100000,1,1
2017-11-26,10000052,26260,100000,100000,100000,2,2
2017-11-26,10000052,26929,249000,249000,249000,2,2
2017-11-26,10000052,26930,125000,125000,125000,2,2
2017-11-26,10000052,27321,1017.1,1017.1,1017.1,1000,1
2017-11-26,10000052,27902,100000,100000,100000,3,3
2017-11-26,10000052,28201,1355554.99,1355554.99,1355554.99,1,1
2017-11-26,10000052,28203,1500000,1500000,1500000,1,1
2017-11-26,10000052,28209,1533998,1368993.01,1600000,7,2
2017-11-26,10000052,28211,981294.66,981294.66,981294.66,1,1
2017-11-26,10000052,28213,1635996.38,1464990.94,1750000,5,3
2017-11-26,10000052,28215,1279991.99,1279991.99,1279991.99,1,1
2017-11-26,10000052,28361,1000,1000,1000,51,1
2017-11-26,10000052,28374,500000000,500000000,500000000,2,2
2017-11-26,10000052,28434,210000,210000,210000,4496,1
2017-11-26,10000052,28576,982586.04,972137.66,1000000,8,4
2017-11-26,10000052,28578,874999.98,874999.98,874999.98,1,1
2017-11-26,10000052,28585,25000000,25000000,25000000,1,1
2017-11-26,10000052,28606,679500000.1,614000000.2,745000000,2,2
2017-11-26,10000052,28668,37999.95,37999.95,37999.95,1626,4
2017-11-26,10000052,28710,600000000.38,600000000.38,600000000.38,1,1
2017-11-26,10000052,29001,62500,62500,62500,2,1
2017-11-26,10000052,29009,53950.93,53950.93,53950.93,1,1
2017-11-26,10000052,29011,60000,60000,60000,3,1
2017-11-26,10000052,29044,15000000,15000000,15000000,1,1
2017-11-26,10000052,29046,15000000,15000000,15000000,1,1
2017-11-26,10000052,29050,15000000,15000000,15000000,1,1
2017-11-26,10000052,29066,15000000,15000000,15000000,1,1
2017-11-26,10000052,29076,15000000,15000000,15000000,1,1
2017-11-26,10000052,29078,15000000,15000000,15000000,1,1
2017-11-26,10000052,29080,15000000,15000000,15000000,1,1
2017-11-26,10000052,29090,15000000,15000000,15000000,1,1
2017-11-26,10000052,29106,15000000,15000000,15000000,1,1
2017-11-26,10000052,29248,463358.98,463358.98,463358.98,1,1
2017-11-26,10000052,29249,2775000,2775000,2775000,4,1
2017-11-26,10000052,29637,50000000,50000000,50000000,3,3
2017-11-26,10000052,30013,14799.98,14799.98,14799.98,8,1
2017-11-26,10000052,30028,174761.54,119100,300000,26,3
2017-11-26,10000052,30486,616999.93,616999.93,616999.93,8,1
2017-11-26,10000052,30488,613626.97,521207,619000,56,6
2017-11-26,10000052,30532,5000000,5000000,5000000,1,1
2017-11-26,10000052,30537,5000000,5000000,5000000,1,1
2017-11-26,10000052,30538,5000000,5000000,5000000,1,1
2017-11-26,10000052,30539,5000000,5000000,5000000,1,1
2017-11-26,10000052,30540,5000000,5000000,5000000,1,1
2017-11-26,10000052,30544,5000000,5000000,5000000,1,1
2017-11-26,10000052,30545,5000000,5000000,5000000,1,1
2017-11-26,10000052,30546,5000000,5000000,5000000,1,1
2017-11-26,10000052,30547,5000000,5000000,5000000,1,1
2017-11-26,10000052,30548,5000000,5000000,5000000,1,1
2017-11-26,10000052,30549,5000000,5000000,5000000,2,2
2017-11-26,10000052,30550,5000000,5000000,5000000,1,1
2017-11-26,10000052,30551,5000000,5000000,5000000,2,2
2017-11-26,10000052,30552,5000000,5000000,5000000,2,2
2017-11-26,10000052,30553,5000000,5000000,5000000,1,1
2017-11-26,10000052,30554,5000000,5000000,5000000,2,2
2017-11-26,10000052,30650,1500000,1500000,1500000,1,1
2017-11-26,10000052,30651,1500000,1500000,1500000,2,2
2017-11-26,10000052,30652,1500000,1500000,1500000,1,1
2017-11-26,10000052,30653,1500000,1500000,1500000,2,2
2017-11-26,10000052,30744,200000,200000,200000,4984,14
2017-11-26,10000052,30745,500000,500000,500000,5518,14
2017-11-26,10000052,30746,1500000,1500000,1500000,2185,12
2017-11-26,10000052,30747,5000000,5000000,5000000,1115,11
2017-11-26,10000052,30836,2049499.28,1798998.55,2300000,2,2
2017-11-26,10000052,30997,300000,300000,300000,3,1
2017-11-26,10000052,31036,750000,750000,750000,1,1
2017-11-26,10000052,31047,2888888,2888888,2888888,1,1
2017-11-26,10000052,31065,2250000,2250000,2250000,3,1
2017-11-26,10000052,31083,900000,900000,900000,1,1
2017-11-26,10000052,31086,750000,750000,750000,1,1
2017-11-26,10000052,31119,2841799.86,1888999.76,4271000,5,2
2017-11-26,10000052,31155,1340990,1340990,1340990,6,1
2017-11-26,10000052,31202,125000,125000,125000,1,1
2017-11-26,10000052,31204,750000,750000,750000,1,1
2017-11-26,10000052,31207,7860000,7860000,7860000,1,1
2017-11-26,10000052,31214,125000,125000,125000,1,1
2017-11-26,10000052,31216,750000,750000,750000,1,1
2017-11-26,10000052,31227,125000,125000,125000,1,1
2017-11-26,10000052,31229,750000,750000,750000,1,1
2017-11-26,10000052,31239,125000,125000,125000,1,1
2017-11-26,10000052,31241,750000,750000,750000,1,1
2017-11-26,10000052,31251,125000,125000,125000,1,1
2017-11-26,10000052,31253,750000,750000,750000,1,1
2017-11-26,10000052,31263,125000,125000,125000,1,1
2017-11-26,10000052,31265,750000,750000,750000,1,1
2017-11-26,10000052,31275,125000,125000,125000,1,1
2017-11-26,10000052,31277,750000,750000,750000,1,1
2017-11-26,10000052,31287,125000,125000,125000,1,1
2017-11-26,10000052,31289,750000,750000,750000,1,1
2017-11-26,10000052,31299,125000,125000,125000,1,1
2017-11-26,10000052,31301,750000,750000,750000,1,1
2017-11-26,10000052,31311,125000,125000,125000,1,1
2017-11-26,10000052,31313,750000,750000,750000,1,1
2017-11-26,10000052,31323,125000,125000,125000,1,1
2017-11-26,10000052,31325,750000,750000,750000,1,1
2017-11-26,10000052,31335,125000,125000,125000,1,1
2017-11-26,10000052,31337,750000,750000,750000,1,1
2017-11-26,10000052,31347,125000,125000,125000,1,1
2017-11-26,10000052,31349,750000,750000,750000,1,1
2017-11-26,10000052,31359,125000,125000,125000,1,1
2017-11-26,10000052,31361,750000,750000,750000,1,1
2017-11-26,10000052,31370,875000,875000,875000,3,1
2017-11-26,10000052,31371,125000,125000,125000,1,1
2017-11-26,10000052,31372,3297750,3297000,3300000,4,3
2017-11-26,10000052,31373,750000,750000,750000,1,1
2017-11-26,10000052,31378,30000000,30000000,30000000,2,1
2017-11-26,10000052,31383,125000,125000,125000,1,1
2017-11-26,10000052,31385,750000,750000,750000,1,1
2017-11-26,10000052,31395,125000,125000,125000,1,1
2017-11-26,10000052,31397,750000,750000,750000,1,1
2017-11-26,10000052,31409,750000,750000,750000,1,1
2017-11-26,10000052,31419,125000,125000,125000,1,1
2017-11-26,10000052,31421,750000,750000,750000,1,1
2017-11-26,10000052,31431,125000,125000,125000,1,1
2017-11-26,10000052,31433,750000,750000,750000,1,1
2017-11-26,10000052,31443,125000,125000,125000,1,1
2017-11-26,10000052,31445,750000,750000,750000,1,1
2017-11-26,10000052,31455,125000,125000,125000,1,1
2017-11-26,10000052,31457,750000,750000,750000,1,1
2017-11-26,10000052,31467,125000,125000,125000,1,1
2017-11-26,10000052,31469,750000,750000,750000,1,1
2017-11-26,10000052,31479,125000,125000,125000,1,1
2017-11-26,10000052,31481,750000,750000,750000,1,1
2017-11-26,10000052,31491,125000,125000,125000,1,1
2017-11-26,10000052,31493,750000,750000,750000,1,1
2017-11-26,10000052,31503,125000,125000,125000,1,1
2017-11-26,10000052,31505,750000,750000,750000,1,1
2017-11-26,10000052,31515,125000,125000,125000,1,1
2017-11-26,10000052,31517,750000,750000,750000,1,1
2017-11-26,10000052,31527,125000,125000,125000,1,1
2017-11-26,10000052,31529,750000,750000,750000,1,1
2017-11-26,10000052,31539,125000,125000,125000,1,1
2017-11-26,10000052,31541,750000,750000,750000,1,1
2017-11-26,10000052,31551,125000,125000,125000,1,1
2017-11-26,10000052,31553,750000,750000,750000,1,1
2017-11-26,10000052,31563,125000,125000,125000,1,1
2017-11-26,10000052,31565,750000,750000,750000,1,1
2017-11-26,10000052,31575,125000,125000,125000,1,1
2017-11-26,10000052,31577,750000,750000,750000,1,1
2017-11-26,10000052,31587,125000,125000,125000,1,1
2017-11-26,10000052,31589,750000,750000,750000,1,1
2017-11-26,10000052,31599,125000,125000,125000,1,1
2017-11-26,10000052,31601,750000,750000,750000,1,1
2017-11-26,10000052,31609,125000,125000,125000,1,1
2017-11-26,10000052,31611,750000,750000,750000,2,2
2017-11-26,10000052,31621,125000,125000,125000,1,1
2017-11-26,10000052,31623,750000,750000,750000,1,1
2017-11-26,10000052,31633,125000,125000,125000,1,1
2017-11-26,10000052,31635,750000,750000,750000,1,1
2017-11-26,10000052,31645,125000,125000,125000,1,1
2017-11-26,10000052,31647,750000,750000,750000,1,1
2017-11-26,10000052,31788,1321000,1321000,1321000,4,1
2017-11-26,10000052,31790,4147000,3771000,4711000,5,2
2017-11-26,10000052,31802,3711000,3711000,3711000,1,1
2017-11-26,10000052,31880,3999999.99,3999999.99,3999999.99,7,2
2017-11-26,10000052,31884,4999999.99,4999999.98,4999999.99,17,4
2017-11-26,10000052,32014,360000,360000,360000,29,1
2017-11-26,10000052,32787,62076.89,59999.96,73000,52,10
2017-11-26,10000052,32797,500000,500000,500000,1,1
2017-11-26,10000052,32880,232000,220000,250000,7,6
2017-11-26,10000052,32881,6199999.95,6199999.95,6199999.95,1,1
2017-11-26,10000052,32999,200000,200000,200000,3,3
2017-11-26,10000052,33000,200000,200000,200000,1,1
2017-11-26,10000052,33001,200000,200000,200000,1,1
2017-11-26,10000052,33002,200000,200000,200000,1,1
2017-11-26,10000052,33078,1000000,1000000,1000000,3,3
2017-11-26,10000052,33091,100000,100000,100000,1,1
2017-11-26,10000052,33093,100000,100000,100000,2,2
2017-11-26,10000052,33095,1000000,1000000,1000000,1,1
2017-11-26,10000052,33096,1000000,1000000,1000000,2,2
2017-11-26,10000052,33097,1000000,1000000,1000000,1,1
2017-11-26,10000052,33098,1000000,1000000,1000000,1,1
2017-11-26,10000052,33180,590000.55,590000.55,590000.55,2,1
2017-11-26,10000052,33360,3750,3750,3750,112,1
2017-11-26,10000052,33399,5000000,5000000,5000000,1,1
2017-11-26,10000052,33407,36000000,36000000,36000000,1,1
2017-11-26,10000052,33440,285000,285000,285000,6,1
2017-11-26,10000052,33467,3000000,3000000,3000000,2,2
2017-11-26,10000052,33475,9402941.18,9300000,9775000,17,12
2017-11-26,10000052,33517,1000000,1000000,1000000,1,1
2017-11-26,10000052,33539,1299999,1299999,1299999,5,1
2017-11-26,10000052,33585,25000000,25000000,25000000,2,2
2017-11-26,10000052,33618,54000000,54000000,54000000,1,1
2017-11-26,10000052,33681,90000000,90000000,90000000,1,1
2017-11-26,10000052,33699,100000,100000,100000,1,1
2017-11-26,10000052,33706,50000,50000,50000,1,1
2017-11-26,10000052,33856,4000000,4000000,4000000,4,1
2017-11-26,10000052,34201,257000.64,257000.64,257000.64,1,1
2017-11-26,10000052,34203,675000.31,675000.3,675000.31,4,3
2017-11-26,10000052,34205,206000.01,206000.01,206000.01,1,1
2017-11-26,10000052,34206,230000.54,230000.54,230000.54,4,1
2017-11-26,10000052,34327,35000000,35000000,35000000,2,2
2017-11-26,10000052,34533,1000000,1000000,1000000,2,2
2017-11-26,10000052,35656,5001.01,5001.01,5001.01,3,3
2017-11-26,10000052,35657,18500.03,18500.03,18500.03,2,2
2017-11-26,10000052,35658,51,51,51,1,1
2017-11-26,10000052,35659,5.02,5.02,5.02,1,1
2017-11-26,10000052,35660,51,51,51,2,2
2017-11-26,10000052,35661,80000.03,80000.03,80000.03,3,3
2017-11-26,10000052,35662,15000.07,15000.07,15000.07,1,1
2017-11-26,10000052,35680,1000000,1000000,1000000,4,4
2017-11-26,10000052,35685,1000000,1000000,1000000,1,1
2017-11-26,10000052,35794,100000.5,100000.5,100000.5,1,1
2017-11-26,10000052,37135,41000000,41000000,41000000,2,2
2017-11-26,10000052,37450,610000,610000,610000,1,1
2017-11-26,10000052,37451,1350000,1350000,1350000,2,2
2017-11-26,10000052,37796,5000000,5000000,5000000,3,1
2017-11-26,10000052,37798,5000000,5000000,5000000,3,1
2017-11-26,10000052,37799,5000000,5000000,5000000,3,1
2017-11-26,10000052,40328,4000000,4000000,4000000,2,2
2017-11-26,10000052,40520,823723636.36,805440000,827789999.99,11,7
2017-11-26,10000052,40572,100000000,100000000,100000000,1,1
2017-11-26,10000052,40573,100000000,100000000,100000000,1,1
2017-11-26,10000052,41407,27000000,27000000,27000000,1,1
2017-11-26,10000052,41408,27000000,27000000,27000000,1,1
2017-11-26,10000052,41537,250000000,250000000,250000000,1,1
2017-11-26,10000052,41614,94000000,94000000,94000000,2,1
2017-11-26,10000052,42528,2100000.55,2100000.55,2100000.55,3,2
2017-11-26,10000052,42829,800,800,800,1000,1
2017-11-26,10000052,42830,739.88,739.88,739.88,1000,1
2017-11-26,10000052,42831,850,850,850,1000,1
2017-11-26,10000052,43544,10000000,10000000,10000000,1,1
2017-11-26,10000052,43700,3948999.99,3948999.99,3948999.99,5,1
2017-11-26,10000052,43702,80000,80000,80000,8,4
2017-11-26,10000052,43703,18000000,18000000,18000000,2,1
2017-11-26,10000052,43902,125000,125000,125000,1,1
2017-11-26,10000052,43904,750000,750000,750000,1,1
2017-11-26,10000052,43906,1250000,1250000,1250000,1,1
2017-11-26,10000052,43911,30000000,30000000,30000000,1,1
2017-11-26,10000052,44067,250000000,250000000,250000000,2,2
2017-11-26,10000052,44992,3033978.08,3033976.01,3033978.08,3414,9
2017-11-26,10000052,45635,170400000,170300000,170500000,4,3
2017-11-26,10000052,45746,1000000,1000000,1000000,3,3
2017-11-26,10000052,46005,150000.49,150000.49,150000.49,1,1
2017-11-26,10000052,46008,13090909.09,11500000,14000000,11,11
2017-11-26,10000052,46152,10000000,10000000,10000000,1,1
2017-11-26,10000052,46154,20000000,20000000,20000000,1,1
2017-11-26,10000052,46155,25000000,25000000,25000000,1,1
2017-11-26,10000052,46156,30000000,30000000,30000000,1,1
2017-11-26,10000052,46166,10000000,10000000,10000000,1,1
2017-11-26,10000052,46167,10000000,10000000,10000000,1,1
2017-11-26,10000052,46168,10000000,10000000,10000000,1,1
2017-11-26,10000052,46169,10000000,10000000,10000000,1,1
2017-11-26,10000052,46170,10000000,10000000,10000000,1,1
2017-11-26,10000052,46171,10000000,10000000,10000000,1,1
2017-11-26,10000052,46172,10000000,10000000,10000000,1,1
2017-11-26,10000052,46173,10000000,10000000,10000000,1,1
2017-11-26,10000052,46174,10000000,10000000,10000000,1,1
2017-11-26,10000052,46175,10000000,10000000,10000000,1,1
2017-11-26,10000052,46176,10000000,10000000,10000000,1,1
2017-11-26,10000052,46177,10000000,10000000,10000000,1,1
2017-11-26,10000052,46178,10000000,10000000,10000000,1,1
2017-11-26,10000052,46179,10000000,10000000,10000000,1,1
2017-11-26,10000052,46180,10000000,10000000,10000000,1,1
2017-11-26,10000052,46181,10000000,10000000,10000000,1,1
2017-11-26,10000052,46182,10000000,10000000,10000000,1,1
2017-11-26,10000052,46183,10000000,10000000,10000000,1,1
2017-11-26,10000052,46184,10000000,10000000,10000000,1,1
2017-11-26,10000052,46185,10000000,10000000,10000000,1,1
2017-11-26,10000052,46186,10000000,10000000,10000000,1,1
2017-11-26,10000052,46187,10000000,10000000,10000000,1,1
2017-11-26,10000052,46188,10000000,10000000,10000000,1,1
2017-11-26,10000052,46189,10000000,10000000,10000000,2,2
2017-11-26,10000052,46190,10000000,10000000,10000000,1,1
2017-11-26,10000052,46191,10000000,10000000,10000000,1,1
2017-11-26,10000052,46192,10000000,10000000,10000000,1,1
2017-11-26,10000052,46193,10000000,10000000,10000000,1,1
2017-11-26,10000052,46194,10000000,10000000,10000000,1,1
2017-11-26,10000052,46195,10000000,10000000,10000000,1,1
2017-11-26,10000052,46196,10000000,10000000,10000000,1,1
2017-11-26,10000052,46197,10000000,10000000,10000000,1,1
2017-11-26,10000052,46198,10000000,10000000,10000000,1,1
2017-11-26,10000052,46199,10000000,10000000,10000000,1,1
2017-11-26,10000052,46200,10000000,10000000,10000000,1,1
2017-11-26,10000052,46201,10000000,10000000,10000000,1,1
2017-11-26,10000052,46202,10000000,10000000,10000000,1,1
2017-11-26,10000052,46203,10000000,10000000,10000000,2,2
2017-11-26,10000052,46204,20000000,20000000,20000000,1,1
2017-11-26,10000052,46205,20000000,20000000,20000000,1,1
2017-11-26,10000052,46206,20000000,20000000,20000000,1,1
2017-11-26,10000052,46207,20000000,20000000,20000000,1,1
2017-11-26,10000052,46208,20000000,20000000,20000000,1,1
2017-11-26,10000052,46209,20000000,20000000,20000000,1,1
2017-11-26,10000052,46210,20000000,20000000,20000000,1,1
2017-11-26,10000052,46211,20000000,20000000,20000000,1,1
2017-11-26,10000052,46212,20000000,20000000,20000000,1,1
2017-11-26,10000052,46213,20000000,20000000,20000000,1,1
2017-11-26,10000052,46214,20000000,20000000,20000000,1,1
2017-11-26,10000052,46215,20000000,20000000,20000000,1,1
2017-11-26,10000052,46216,20000000,20000000,20000000,1,1
2017-11-26,10000052,46217,20000000,20000000,20000000,1,1
2017-11-26,10000052,46218,20000000,20000000,20000000,1,1
2017-11-26,10000053,34,4,4,4,86403729,6
2017-11-26,10000053,35,3.1,3.1,3.1,15486946,2
2017-11-26,10000053,36,75,75,75,7457049,5
2017-11-26,10000053,37,44,44,44,11051115,4
2017-11-26,10000053,38,407,407,407,2407583,5
2017-11-26,10000053,40,1600,1600,1600,15995,4
2017-11-26,10000053,183,7,7,7,100,1
2017-11-26,10000053,189,20.5,20.5,20.5,250,2
2017-11-26,10000053,204,298.99,298.99,298.99,3500,1
2017-11-26,10000053,207,60,60,60,10000,1
2017-11-26,10000053,208,70,70,70,21000,2
2017-11-26,10000053,212,25,25,25,5000,1
2017-11-26,10000053,219,6,6,6,98,1
2017-11-26,10000053,380,600000,600000,600000,8,2
2017-11-26,10000053,400,340000,340000,340000,3,2
2017-11-26,10000053,434,210002.19,50000,399999.99,5,5
2017-11-26,10000053,440,5268286.53,5268286.53,5268286.53,1,1
2017-11-26,10000053,444,99999.26,99999.26,99999.26,2,1
2017-11-26,10000053,447,20000,20000,20000,3,1
2017-11-26,10000053,448,2674000,2500000,2900000,5,5
2017-11-26,10000053,501,50000,50000,50000,7,2
2017-11-26,10000053,519,1049999.97,1049999.97,1049999.97,3,1
2017-11-26,10000053,527,1489999.85,1489999.85,1489999.86,5,5
2017-11-26,10000053,578,102181.25,100000,120000.01,27,8
2017-11-26,10000053,583,250000,250000,250000,1,1
2017-11-26,10000053,584,1000000,1000000,1000000,1,1
2017-11-26,10000053,593,300000,300000,300000,1,1
2017-11-26,10000053,599,500000,500000,500000,1,1
2017-11-26,10000053,602,300000,300000,300000,1,1
2017-11-26,10000053,608,399000,399000,399000,1,1
2017-11-26,10000053,631,2500000,2500000,2500000,2,1
2017-11-26,10000053,632,4500000,4500000,4500000,1,1
2017-11-26,10000053,634,7000000,7000000,7000000,3,2
2017-11-26,10000053,639,150000000,150000000,150000000,1,1
2017-11-26,10000053,648,4000000,4000000,4000000,1,1
2017-11-26,10000053,649,2000000,1999999.99,2000000,3,3
2017-11-26,10000053,650,1000000,1000000,1000000,1,1
2017-11-26,10000053,654,1383333.33,1200000,1749999.99,3,3
2017-11-26,10000053,655,1110146.48,1100000,1131172.34,16,9
2017-11-26,10000053,656,1826011.92,1135642.02,2500000,6,6
2017-11-26,10000053,657,1572797.62,1500000,2049999.99,4,4
2017-11-26,10000053,672,16000,16000,16000,1,1
2017-11-26,10000053,1195,1000000,1000000,1000000,10,1
2017-11-26,10000053,1236,683790.4,679999.99,687580.8,4,3
2017-11-26,10000053,1244,25000,25000,25000,3,1
2017-11-26,10000053,1246,50000,50000,50000,2,1
2017-11-26,10000053,1248,1186003.9,1186003.9,1186003.9,3,1
2017-11-26,10000053,1306,989999.99,989999.99,989999.99,3,2
2017-11-26,10000053,1317,99999,99999,99999,5,1
2017-11-26,10000053,1319,1022555.38,999999.98,1089999.99,35,11
2017-11-26,10000053,1335,698999.99,698999.99,698999.99,12,1
2017-11-26,10000053,1353,94000,80000,150000,5,2
2017-11-26,10000053,1403,20000,20000,20000,2,1
2017-11-26,10000053,1405,930970.58,844000,1135999.99,34,15
2017-11-26,10000053,1436,2000000,2000000,2000000,1,1
2017-11-26,10000053,1445,10350,10349.99,10350,4,2
2017-11-26,10000053,1447,1033559.52,899999,1211640.21,7,4
2017-11-26,10000053,1541,1043554.6,840000,1397977.15,11,5
2017-11-26,10000053,1828,349.99,349.99,349.99,26702,2
2017-11-26,10000053,1877,1173320.4,1173320.4,1173320.4,15,3
2017-11-26,10000053,1952,1254674.27,1200000,1268342.84,5,3
2017-11-26,10000053,1963,50000,50000,50000,5,1
2017-11-26,10000053,1964,1700000,1700000,1700000,10,3
2017-11-26,10000053,1969,1499999,1499999,1499999,3,1
2017-11-26,10000053,1978,1349999.99,1349999.99,1349999.99,1,1
2017-11-26,10000053,1999,1229000,1229000,1229000,1,1
2017-11-26,10000053,2018,375000,375000,375000,1,1
2017-11-26,10000053,2024,1574980,1574980,1574980,2,1
2017-11-26,10000053,2032,938700.3,899999.99,977400.61,2,2
2017-11-26,10000053,2046,10000,10000,10000,2,2
2017-11-26,10000053,2048,675156.92,617970.78,699999.98,6,4
2017-11-26,10000053,2117,1900000,1900000,1900000,1,1
2017-11-26,10000053,2173,45600,45600,45600,15,1
2017-11-26,10000053,2175,1316755.45,1300000,1318798.8,46,6
2017-11-26,10000053,2185,1171220.67,1160357.79,1190000,20,6
2017-11-26,10000053,2193,125000,125000,125000,15,3
2017-11-26,10000053,2195,2261925.52,2250000,2413553.06,60,10
2017-11-26,10000053,2203,5999.99,5999.99,5999.99,5,1
2017-11-26,10000053,2205,466586.86,440000,467858.85,31,7
2017-11-26,10000053,2254,1000000,1000000,1000000,1,1
2017-11-26,10000053,2272,3,3,3,2293203,1
2017-11-26,10000053,2281,3285000,3250000,3999999.99,20,13
2017-11-26,10000053,2301,2425666.67,2327000,2475000,3,3
2017-11-26,10000053,2303,1639000,1639000,1639000,1,1
2017-11-26,10000053,2333,1500000,1500000,1500000,1,1
2017-11-26,10000053,2389,560,560,560,100000,1
2017-11-26,10000053,2390,375,375,375,100,1
2017-11-26,10000053,2392,649,649,649,24260,3
2017-11-26,10000053,2393,320.9,320.9,320.9,18480,1
2017-11-26,10000053,2396,300,300,300,29460,1
2017-11-26,10000053,2397,550,550,550,77600,2
2017-11-26,10000053,2398,450,450,450,66180,2
2017-11-26,10000053,2401,851,851,851,84879,2
2017-11-26,10000053,2404,1999997,1999997,1999997,5,1
2017-11-26,10000053,2410,1181770.83,1178125,1200000,6,2
2017-11-26,10000053,2456,463378.9,450000,478798.8,29,6
2017-11-26,10000053,2478,2466666.67,2400000,2500000,6,2
2017-11-26,10000053,2488,424000,424000,424000,35,2
2017-11-26,10000053,2524,1499999.99,1499999.99,1499999.99,2,2
2017-11-26,10000053,2531,672000,672000,672000,2,1
2017-11-26,10000053,2534,1000000,1000000,1000000,1,1
2017-11-26,10000053,2539,1200000,1200000,1200000,3,3
2017-11-26,10000053,2549,1000000,1000000,1000000,2,1
2017-11-26,10000053,2550,1000000,1000000,1000000,1,1
2017-11-26,10000053,2559,193826,193826,193826,4,1
2017-11-26,10000053,2563,1544778,194778,1994778,4,2
2017-11-26,10000053,2567,2432064,2432064,2432064,4,1
2017-11-26,10000053,2571,1840600,1840600,1840600,3,1
2017-11-26,10000053,2575,1999999.99,1999999.99,1999999.99,4,1
2017-11-26,10000053,2603,50000,50000,50000,11,3
2017-11-26,10000053,2605,1299999.99,800000,3000000,4,4
2017-11-26,10000053,2613,122.38,122.38,122.38,25000,4
2017-11-26,10000053,2629,800,800,800,20000,1
2017-11-26,10000053,2679,125,125,125,60000,1
2017-11-26,10000053,2969,2517456,2517456,2517456,1,1
2017-11-26,10000053,2998,74500000,74000000,75000000,2,2
2017-11-26,10000053,3057,5990000,5990000,5990000,4,1
2017-11-26,10000053,3178,1116697.34,1116697.34,1116697.34,3,1
2017-11-26,10000053,3184,2079999.99,2079999.99,2079999.99,2,2
2017-11-26,10000053,3244,1740750,1739000,1750000,8,8
2017-11-26,10000053,3265,8159998.8,8159998.8,8159998.8,1,1
2017-11-26,10000053,3301,25999,25999,25999,1,1
2017-11-26,10000053,3303,25000,24000,25999.99,2,2
2017-11-26,10000053,3306,129999.99,129999.99,129999.99,1,1
2017-11-26,10000053,3309,2599999.98,2599999.98,2599999.98,2,2
2017-11-26,10000053,3320,1000000,1000000,1000000,1,1
2017-11-26,10000053,3321,25999.99,25999.99,25999.99,1,1
2017-11-26,10000053,3322,32400,32400,32400,1,1
2017-11-26,10000053,3323,39000,39000,39000,1,1
2017-11-26,10000053,3324,120000,120000,120000,1,1
2017-11-26,10000053,3326,454999.99,454999.99,454999.99,2,2
2017-11-26,10000053,3328,51999.98,51999.98,51999.98,1,1
2017-11-26,10000053,3329,51999.98,51999.98,51999.98,1,1
2017-11-26,10000053,3330,51999.98,51999.98,51999.98,2,2
2017-11-26,10000053,3331,51999.99,51999.99,51999.99,1,1
2017-11-26,10000053,3334,649999.98,649999.98,649999.98,1,1
2017-11-26,10000053,3335,649999.99,649999.99,649999.99,1,1
2017-11-26,10000053,3338,5199999.99,5199999.99,5199999.99,1,1
2017-11-26,10000053,3340,390000,390000,390000,4,4
2017-11-26,10000053,3385,64999.99,64999.99,64999.99,2,2
2017-11-26,10000053,3389,363999.99,363999.99,363999.99,2,2
2017-11-26,10000053,3394,70000,70000,70000,1,1
2017-11-26,10000053,3405,1000000,1000000,1000000,1,1
2017-11-26,10000053,3409,455000,455000,455000,2,2
2017-11-26,10000053,3410,584999.99,584999.98,585000,3,3
2017-11-26,10000053,3420,272999.99,272999.99,272999.99,1,1
2017-11-26,10000053,3421,168999.98,168999.98,168999.98,3,3
2017-11-26,10000053,3423,97499.99,97499.99,97499.99,1,1
2017-11-26,10000053,3425,109200,109200,109200,1,1
2017-11-26,10000053,3433,130000,130000,130000,1,1
2017-11-26,10000053,3440,246000,246000,246000,1,1
2017-11-26,10000053,3442,600000,600000,600000,1,1
2017-11-26,10000053,3465,200999.97,200999.97,200999.97,4,1
2017-11-26,10000053,3467,5000,5000,5000,2,1
2017-11-26,10000053,3504,2976250,2972500,2979999.99,4,3
2017-11-26,10000053,3520,2250000,2250000,2250000,9,2
2017-11-26,10000053,3540,2333333,2000000,2999999,3,2
2017-11-26,10000053,3551,46000,46000,46000,2,2
2017-11-26,10000053,3554,1400,1400,1400,1000,1
2017-11-26,10000053,3578,2306071.02,2306071.02,2306071.02,4,1
2017-11-26,10000053,3683,390,390,390,60180,1
2017-11-26,10000053,3829,120000.01,120000.01,120000.01,1,1
2017-11-26,10000053,3831,1014982.83,999999,1089900,12,8
2017-11-26,10000053,3839,64499.97,64499.97,64499.97,5,1
2017-11-26,10000053,3841,1380417.4,1336054.29,1399999.99,10,5
2017-11-26,10000053,3887,28000,28000,28000,1,1
2017-11-26,10000053,3989,3999999.96,3999999.96,3999999.96,2,1
2017-11-26,10000053,4051,22000,22000,22000,5000,2
2017-11-26,10000053,4246,22500,22500,22500,5000,1
2017-11-26,10000053,4250,2840681.23,2840022.35,2841999,3,2
2017-11-26,10000053,4254,1549833.34,1250000,1849666.67,2,2
2017-11-26,10000053,4312,19000,19000,19000,1100,2
2017-11-26,10000053,4383,1961041.16,1961041.16,1961041.16,1,1
2017-11-26,10000053,4393,100000,100000,100000,9,3
2017-11-26,10000053,4395,544654.8,544654.8,544654.8,2,2
2017-11-26,10000053,4405,1786216.19,1699999.99,1800000,37,11
2017-11-26,10000053,4435,70000,70000,70000,5,1
2017-11-26,10000053,4871,149999.97,149999.97,149999.97,6,2
2017-11-26,10000053,5282,12500,12500,12500,5,1
2017-11-26,10000053,5302,24000,24000,24000,4,1
2017-11-26,10000053,5365,100000,100000,100000,1,1
2017-11-26,10000053,5405,50000,50000,50000,1,1
2017-11-26,10000053,5439,11992.8,11992.8,11992.8,1,1
2017-11-26,10000053,5443,100000,100000,100000,10,1
2017-11-26,10000053,5839,1661408.05,1592112.08,1800000,3,3
2017-11-26,10000053,5955,499545.45,499545.45,499545.45,1,1
2017-11-26,10000053,5971,447070.36,447070.36,447070.36,1,1
2017-11-26,10000053,5973,465858.63,461918.4,489500,7,7
2017-11-26,10000053,5975,99999,99999,99999,7,4
2017-11-26,10000053,6001,100000,100000,100000,1,1
2017-11-26,10000053,6160,100000,100000,100000,1,1
2017-11-26,10000053,6296,45000,45000,45000,5,1
2017-11-26,10000053,8089,587998.8,587998.8,587998.8,7,2
2017-11-26,10000053,8517,3500000,3500000,3500000,2,2
2017-11-26,10000053,8521,200000,200000,200000,10,6
2017-11-26,10000053,8529,475200,475200,475200,8,7
2017-11-26,10000053,8641,435000,435000,435000,3,1
2017-11-26,10000053,8787,221986.8,221986.8,221986.8,2,1
2017-11-26,10000053,9521,14398.8,14398.8,14398.8,30,1
2017-11-26,10000053,9678,750000,750000,750000,35,1
2017-11-26,10000053,9899,11999999.99,11999999.99,12000000,5,2
2017-11-26,10000053,9941,14208333.33,12750000,14500000,6,3
2017-11-26,10000053,9942,12400000,12000000,12500000,5,3
2017-11-26,10000053,9943,13000000,13000000,13000000,5,2
2017-11-26,10000053,9950,4499999.99,4499999.99,4499999.99,2,1
2017-11-26,10000053,9956,11625000,11250000,12000000,4,3
2017-11-26,10000053,10208,25000000,25000000,25000000,1,1
2017-11-26,10000053,10209,162000000.01,162000000.01,162000000.01,1,1
2017-11-26,10000053,10212,24999999,24999999,24999999,1,1
2017-11-26,10000053,10213,160000000.01,160000000.01,160000000.01,1,1
2017-11-26,10000053,10216,25000000,25000000,25000000,1,1
2017-11-26,10000053,10217,139999999.99,139999999.99,139999999.99,1,1
2017-11-26,10000053,10221,25500000,25500000,25500000,1,1
2017-11-26,10000053,10222,139999999.99,139999999.99,139999999.99,1,1
2017-11-26,10000053,10225,25200000,25200000,25200000,1,1
2017-11-26,10000053,10246,6500,6500,6500,15,2
2017-11-26,10000053,10250,1075000,1075000,1075000,10,1
2017-11-26,10000053,10680,730000,730000,730000,4,1
2017-11-26,10000053,10842,2500000,2500000,2500000,2,2
2017-11-26,10000053,10858,1600000,1600000,1600000,1,1
2017-11-26,10000053,10998,41175.81,24999,89705.87,32,8
2017-11-26,10000053,11178,40000000,40000000,40000000,1,1
2017-11-26,10000053,11186,51000000,51000000,51000000,1,1
2017-11-26,10000053,11196,36000000,36000000,36000000,1,1
2017-11-26,10000053,11219,580000,580000,580000,2,1
2017-11-26,10000053,11229,1098000,1098000,1098000,2,1
2017-11-26,10000053,11249,950000,950000,950000,2,2
2017-11-26,10000053,11269,1076888.88,923000,1199999.99,18,3
2017-11-26,10000053,11287,3500,3500,3500,100,1
2017-11-26,10000053,11370,2265390.08,2200000,2273085.12,6,4
2017-11-26,10000053,11441,13000000,13000000,13000000,1,1
2017-11-26,10000053,11449,12999999.99,12999999.99,12999999.99,1,1
2017-11-26,10000053,11578,7308995.22,7209999.99,7506985.69,3,3
2017-11-26,10000053,11640,1000000,1000000,1000000,11,5
2017-11-26,10000053,11646,1749999,1299998,2199999.99,2,2
2017-11-26,10000053,11648,2000000,2000000,2000000,2,1
2017-11-26,10000053,12044,33000000,33000000,33000000,1,1
2017-11-26,10000053,12052,283333.32,200000,449999.97,3,2
2017-11-26,10000053,12054,2000000,2000000,2000000,1,1
2017-11-26,10000053,12056,350000,350000,350000,1,1
2017-11-26,10000053,12058,3059998.8,3059998.8,3059998.8,1,1
2017-11-26,10000053,12066,297500,280000,349999.99,4,2
2017-11-26,10000053,12076,7366000,7366000,7366000,3,2
2017-11-26,10000053,12092,1300000,1300000,1300000,1,1
2017-11-26,10000053,12093,5199999.99,5199999.99,5199999.99,1,1
2017-11-26,10000053,12182,422500,422500,422500,2,2
2017-11-26,10000053,12183,357500,357500,357500,1,1
2017-11-26,10000053,12200,11999999.97,11999999.97,11999999.97,2,2
2017-11-26,10000053,12202,3900000,3900000,3900000,1,1
2017-11-26,10000053,12257,120000,120000,120000,5,1
2017-11-26,10000053,12267,4101395.2,4100000,4102790.4,2,2
2017-11-26,10000053,12271,6965000,6912500,7000000,5,3
2017-11-26,10000053,12346,2300000,2300000,2300000,3,1
2017-11-26,10000053,12441,103999.99,103999.99,103999.99,1,1
2017-11-26,10000053,12442,130000,129999.99,130000,3,3
2017-11-26,10000053,12486,11699999.98,11699999.98,11699999.98,1,1
2017-11-26,10000053,12612,99.6,99.6,99.6,400,2
2017-11-26,10000053,12614,42,42,42,1400,3
2017-11-26,10000053,12618,53.78,53.78,53.78,3500,2
2017-11-26,10000053,12620,31.14,31.14,31.14,3500,2
2017-11-26,10000053,12743,210000000,160000000,259999999.99,2,2
2017-11-26,10000053,12767,250,250,250,2000,1
2017-11-26,10000053,12771,256.8,256.8,256.8,2000,1
2017-11-26,10000053,12805,225.6,225.6,225.6,2000,1
2017-11-26,10000053,12814,380000,380000,380000,15,2
2017-11-26,10000053,12818,380000,380000,380000,15,2
2017-11-26,10000053,12820,300000,300000,300000,61,3
2017-11-26,10000053,13974,10000000,10000000,10000000,1,1
2017-11-26,10000053,13986,5890563,5890563,5890563,1,1
2017-11-26,10000053,13990,6985000,6985000,6985000,1,1
2017-11-26,10000053,14114,78790940,78790940,78790940,1,1
2017-11-26,10000053,15729,71900000.01,56333333.33,87466666.69,2,2
2017-11-26,10000053,15810,99999999.67,99999999,100000000,3,2
2017-11-26,10000053,15963,208500000,208500000,208500000,3,1
2017-11-26,10000053,16240,900000,900000,900000,1,1
2017-11-26,10000053,16272,525,525,525,1750000,8
2017-11-26,10000053,16273,95,95,95,161575,12
2017-11-26,10000053,16274,925,925,925,105000,3
2017-11-26,10000053,16278,2199999.75,2050000,2499999,24,8
2017-11-26,10000053,16281,487400,487400,487400,3,3
2017-11-26,10000053,16467,150000,150000,150000,6,3
2017-11-26,10000053,16497,230000,230000,230000,5,1
2017-11-26,10000053,16519,80118,80118,80118,8,2
2017-11-26,10000053,17366,88683.11,80000,94997.35,19,5
2017-11-26,10000053,17368,764586.71,764586.71,764586.71,2,1
2017-11-26,10000053,17476,22000000,22000000,22000000,3,3
2017-11-26,10000053,17480,21444444.44,20000000,24000000,9,4
2017-11-26,10000053,17482,2085264.85,2000000,2200000,27,11
2017-11-26,10000053,17843,82500000,80000000,89999999.99,4,3
2017-11-26,10000053,17887,800,800,800,100000,3
2017-11-26,10000053,17889,900,900,900,532000,15
2017-11-26,10000053,17912,4133333.33,4100000,4150000,6,2
2017-11-26,10000053,17918,529686547.62,500000000,559373095.24,2,2
2017-11-26,10000053,17940,649999.99,649999.99,650000,3,3
2017-11-26,10000053,18036,100000,100000,100000,4,2
2017-11-26,10000053,18038,125000,100000,150000,4,2
2017-11-26,10000053,18040,100000,100000,100000,4,3
2017-11-26,10000053,18042,100000,100000,100000,2,1
2017-11-26,10000053,18044,80000,80000,80000,2,1
2017-11-26,10000053,18046,120000,120000,120000,2,1
2017-11-26,10000053,18048,150000,150000,150000,2,1
2017-11-26,10000053,18050,120000,120000,120000,2,1
2017-11-26,10000053,18052,250000,250000,250000,2,1
2017-11-26,10000053,18056,90000,90000,90000,2,1
2017-11-26,10000053,18062,40000,40000,40000,2,1
2017-11-26,10000053,18064,150000,150000,150000,6,3
2017-11-26,10000053,18592,399000,399000,399000,12,2
2017-11-26,10000053,18594,750000,750000,750000,4,1
2017-11-26,10000053,18624,800000,800000,800000,17,3
2017-11-26,10000053,18676,112300000,112300000,112300000,1,1
2017-11-26,10000053,19179,108500000,108500000,108500000,1,1
2017-11-26,10000053,19215,49000000,49000000,49000000,1,1
2017-11-26,10000053,19227,32000000,32000000,32000000,1,1
2017-11-26,10000053,19739,4223333.32,4199999.99,4227999.98,6,2
2017-11-26,10000053,19806,1200000,1200000,1200000,2,2
2017-11-26,10000053,19922,779999.99,779999.99,779999.99,1,1
2017-11-26,10000053,19931,29696,29696,29696,3,1
2017-11-26,10000053,19939,54000,54000,54000,2,1
2017-11-26,10000053,19946,42000,42000,42000,2,1
2017-11-26,10000053,20209,1299999.99,1299999.99,1299999.99,1,1
2017-11-26,10000053,20211,3899999.92,3899999.92,3899999.92,1,1
2017-11-26,10000053,20212,11699999.99,11699999.99,11699999.99,1,1
2017-11-26,10000053,20213,11700000,11700000,11700000,2,2
2017-11-26,10000053,20312,649900,649900,649900,1,1
2017-11-26,10000053,20314,77950,77900,77999.99,2,2
2017-11-26,10000053,20315,1299999.99,1299999.99,1299999.99,2,2
2017-11-26,10000053,20527,97500000,97500000,97500000,1,1
2017-11-26,10000053,20701,60000000,60000000,60000000,1,1
2017-11-26,10000053,20703,57000000,50000000,63999999.99,2,2
2017-11-26,10000053,21071,51900,51900,51900,2,2
2017-11-26,10000053,21096,2064285.29,1750000,2299999,7,5
2017-11-26,10000053,21603,13000000,13000000,13000000,2,2
2017-11-26,10000053,21638,1190000,1190000,1190000,1,1
2017-11-26,10000053,21640,975000,975000,975000,5,1
2017-11-26,10000053,21790,1299999.98,1299999.98,1299999.98,1,1
2017-11-26,10000053,21815,7000010,7000010,7000010,4,3
2017-11-26,10000053,21896,750,750,750,424,1
2017-11-26,10000053,22175,100000,100000,100000,1,1
2017-11-26,10000053,22177,200000,200000,200000,1,1
2017-11-26,10000053,22229,4199999.62,3450000,4999999,13,3
2017-11-26,10000053,22242,97500000,97500000,97500000,1,1
2017-11-26,10000053,22291,1443999.99,1349999.98,1491000,3,2
2017-11-26,10000053,22536,259999.98,259999.98,259999.98,1,1
2017-11-26,10000053,22542,49999.92,49999,50000,13,7
2017-11-26,10000053,22544,435000000,435000000,435000000,2,1
2017-11-26,10000053,22546,319999999.98,319999999.98,319999999.98,1,1
2017-11-26,10000053,22551,36399999.99,36399999.99,36399999.99,3,3
2017-11-26,10000053,22559,55000000,55000000,55000000,1,1
2017-11-26,10000053,22576,49999.06,49999,50000,34,3
2017-11-26,10000053,22761,41599999.99,41599999.99,41599999.99,3,3
2017-11-26,10000053,22765,88938,88938,88938,10,1
2017-11-26,10000053,22778,118500,118500,118500,50,1
2017-11-26,10000053,23055,3160711.13,3000000,3289787.99,88,11
2017-11-26,10000053,23061,1748880.88,1748880.88,1748880.88,23,3
2017-11-26,10000053,23089,547198.8,547198.8,547198.8,6,1
2017-11-26,10000053,23095,660000,660000,660000,6,1
2017-11-26,10000053,23105,900000,900000,900000,33,1
2017-11-26,10000053,23523,103006,103006,103006,10,1
2017-11-26,10000053,23527,254666.67,244000,340000,9,5
2017-11-26,10000053,23533,400000,400000,400000,6,3
2017-11-26,10000053,23559,139999.98,139999.98,139999.98,2,1
2017-11-26,10000053,23563,139999.99,139999.99,139999.99,5,2
2017-11-26,10000053,23566,520000,520000,520000,3,3
2017-11-26,10000053,23606,194999.99,194999.99,194999.99,1,1
2017-11-26,10000053,23707,7242.93,6927.09,7830.25,11,3
2017-11-26,10000053,23911,1200000000,1200000000,1200000000,2,2
2017-11-26,10000053,24283,51999785.71,46000000,64999000,14,6
2017-11-26,10000053,24348,1730000,1730000,1730000,7,1
2017-11-26,10000053,24395,999998.99,999998.99,999998.99,2,2
2017-11-26,10000053,24417,2199999.99,2199999.99,2199999.99,2,1
2017-11-26,10000053,24427,1666363.33,1499545,2000000,3,3
2017-11-26,10000053,24438,1349999.97,1349999.97,1349999.97,3,1
2017-11-26,10000053,24443,924999.99,900000,999999.97,4,4
2017-11-26,10000053,24483,1200000000,1200000000,1200000000,1,1
2017-11-26,10000053,24492,125,125,125,59999,1
2017-11-26,10000053,24533,650,650,650,1500,1
2017-11-26,10000053,24541,499.9,499.9,499.9,1500,1
2017-11-26,10000053,24558,10499000,10499000,10499000,2,1
2017-11-26,10000053,25563,2974320,2974320,2974320,4,1
2017-11-26,10000053,25600,28500,28500,28500,100,1
2017-11-26,10000053,25715,1604333.33,1500000,1679000,12,3
2017-11-26,10000053,25718,3899999.98,3899999.98,3899999.98,1,1
2017-11-26,10000053,25719,99999,99999,99999,1,1
2017-11-26,10000053,25861,50000,50000,50000,12,1
2017-11-26,10000053,25863,1266666.66,1200000,1299999.99,3,3
2017-11-26,10000053,25948,6649209.62,6448148.19,7275406.06,6,4
2017-11-26,10000053,26076,1500000,1500000,1500000,1,1
2017-11-26,10000053,26252,77999.98,77999.98,77999.98,1,1
2017-11-26,10000053,26254,25999.99,25999.99,25999.99,1,1
2017-11-26,10000053,26255,129999.99,129999.99,129999.99,1,1
2017-11-26,10000053,26261,129999.98,129999.98,129999.98,1,1
2017-11-26,10000053,26374,58975509.49,50000000,85300299.69,4,4
2017-11-26,10000053,26436,16999999,16999999,16999999,1,1
2017-11-26,10000053,26929,90000,90000,90000,6,4
2017-11-26,10000053,27174,250000000,250000000,250000000,1,1
2017-11-26,10000053,27361,1000,1000,1000,14000,6
2017-11-26,10000053,27371,1052.4,1052.4,1052.4,3500,2
2017-11-26,10000053,27381,999.99,999.99,999.99,3500,2
2017-11-26,10000053,27387,1186.8,1186.8,1186.8,6180,3
2017-11-26,10000053,27441,1312.8,1312.8,1312.8,1000,1
2017-11-26,10000053,28073,10399999.99,10399999.99,10399999.99,2,2
2017-11-26,10000053,28213,1439997.6,1439997.6,1439997.6,5,1
2017-11-26,10000053,28215,699999.28,699999,700000,36,4
2017-11-26,10000053,28282,1850000,1850000,1850000,3,2
2017-11-26,10000053,28290,2999000,2999000,2999000,5,1
2017-11-26,10000053,28352,2050000000,2050000000,2050000000,1,1
2017-11-26,10000053,28361,8450,8450,8450,1500,2
2017-11-26,10000053,28362,275000,275000,275000,222,2
2017-11-26,10000053,28363,315455.98,315455.98,315455.98,80,1
2017-11-26,10000053,28364,30000,30000,30000,300,2
2017-11-26,10000053,28366,3000000,3000000,3000000,10,1
2017-11-26,10000053,28391,338000,338000,338000,56,1
2017-11-26,10000053,28419,280580.65,280580.65,280580.65,1338,2
2017-11-26,10000053,28420,300000,300000,300000,342,1
2017-11-26,10000053,28576,1299999.99,1299999.99,1299999.99,5,2
2017-11-26,10000053,28578,1709943.18,1499999.98,1800000,33,8
2017-11-26,10000053,28659,2150000000,2150000000,2150000000,1,1
2017-11-26,10000053,28668,26795.69,26795.69,26795.69,1350,5
2017-11-26,10000053,28758,41534026.5,40000000,43068052.99,2,2
2017-11-26,10000053,28879,1299999.99,1299999.99,1299999.99,1,1
2017-11-26,10000053,28880,6499999.99,6499999.99,6499999.99,1,1
2017-11-26,10000053,28999,14160,11360,15000,13,4
2017-11-26,10000053,29001,10092.53,9999.99,10138.8,6,5
2017-11-26,10000053,29009,25000,25000,25000,1,1
2017-11-26,10000053,29011,13852.93,10500,39999.94,17,7
2017-11-26,10000053,29248,1250000.01,1250000.01,1250000.01,1,1
2017-11-26,10000053,30486,843054.9,843054.9,843054.9,11,1
2017-11-26,10000053,30488,644653.44,634914.81,725999.99,56,5
2017-11-26,10000053,30834,1870000,1870000,1870000,1,1
2017-11-26,10000053,30987,500000,500000,500000,4,2
2017-11-26,10000053,31009,616666.64,550000,649999.96,3,3
2017-11-26,10000053,31083,1100000,1100000,1100000,3,1
2017-11-26,10000053,31085,3499999.99,3499999.99,3499999.99,3,1
2017-11-26,10000053,31091,35000000,35000000,35000000,4,2
2017-11-26,10000053,31119,1845833.17,1800000,2250000,20,7
2017-11-26,10000053,31153,499999.9,499999.9,499999.9,4,2
2017-11-26,10000053,31163,35000000,35000000,35000000,2,1
2017-11-26,10000053,31165,3200000,3200000,3200000,1,1
2017-11-26,10000053,31171,5225000,5225000,5225000,1,1
2017-11-26,10000053,31173,14500000,13999999.99,15000000,2,2
2017-11-26,10000053,31185,9690000,9690000,9690000,1,1
2017-11-26,10000053,31358,700000,700000,700000,1,1
2017-11-26,10000053,31360,3172797.6,3172797.6,3172797.6,3,2
2017-11-26,10000053,31364,7999999.99,7999999.99,7999999.99,1,1
2017-11-26,10000053,31370,500000,500000,500000,1,1
2017-11-26,10000053,31372,2091718.12,2059999.99,2738101.87,70,9
2017-11-26,10000053,31378,16140470.49,16140470.49,16140470.49,1,1
2017-11-26,10000053,31380,239100000,239100000,239100000,1,1
2017-11-26,10000053,31620,2000000,2000000,2000000,4,1
2017-11-26,10000053,31622,2500000,2500000,2500000,1,1
2017-11-26,10000053,31718,866666.67,500000,1600000,9,3
2017-11-26,10000053,31724,5000000,5000000,5000000,5,4
2017-11-26,10000053,31726,240000000,240000000,240000000,1,1
2017-11-26,10000053,31736,4800000,4800000,4800000,1,1
2017-11-26,10000053,31754,1661764.71,1523529.41,1800000,6,4
2017-11-26,10000053,31758,3000000,3000000,3000000,2,1
2017-11-26,10000053,31760,4799999,4799999,4799999,2,1
2017-11-26,10000053,31788,750000,750000,750000,2,1
2017-11-26,10000053,31790,3316666.53,2000000,3500000,51,13
2017-11-26,10000053,31792,42925919.97,42888879.96,43000000,3,3
2017-11-26,10000053,31794,7999999.99,7999999.99,7999999.99,1,1
2017-11-26,10000053,31796,24114285.71,24000000,24999999.99,7,3
2017-11-26,10000053,31864,3100000,3100000,3100000,10,1
2017-11-26,10000053,31866,5000000,5000000,5000000,10,1
2017-11-26,10000053,31868,6100000,6100000,6100000,4,2
2017-11-26,10000053,31870,6100000,6100000,6100000,2,1
2017-11-26,10000053,31880,1800000,1800000,1800000,5,1
2017-11-26,10000053,31884,3100000,3100000,3100000,10,1
2017-11-26,10000053,31886,3200000,3200000,3200000,2,1
2017-11-26,10000053,31894,3491598,3491598,3491598,6,2
2017-11-26,10000053,31928,25000000,25000000,25000000,1,1
2017-11-26,10000053,32006,139669.2,139669.2,139669.2,50,1
2017-11-26,10000053,32772,1249000,1249000,1249000,6,3
2017-11-26,10000053,32780,968000,968000,968000,1,1
2017-11-26,10000053,32787,23006.93,18726.16,29000,12,3
2017-11-26,10000053,32797,649999.99,649999.99,649999.99,2,2
2017-11-26,10000053,32817,1999999.99,1999999.99,1999999.99,3,1
2017-11-26,10000053,32819,1274999.25,1200000,1299999,4,2
2017-11-26,10000053,32918,51999.99,51999.99,51999.99,1,1
2017-11-26,10000053,33000,259999.99,259999.99,259999.99,1,1
2017-11-26,10000053,33001,259999.99,259999.99,259999.99,2,2
2017-11-26,10000053,33002,259999.99,259999.99,259999.99,1,1
2017-11-26,10000053,33003,200000,200000,200000,10,1
2017-11-26,10000053,33076,3590000,3590000,3590000,1,1
2017-11-26,10000053,33091,129999.99,129999.99,129999.99,3,3
2017-11-26,10000053,33092,130000,130000,130000,1,1
2017-11-26,10000053,33094,129999.99,129999.99,129999.99,2,2
2017-11-26,10000053,33095,1299999.98,1299999.98,1299999.98,1,1
2017-11-26,10000053,33097,1300000,1300000,1300000,1,1
2017-11-26,10000053,33176,120000,120000,120000,1,1
2017-11-26,10000053,33178,150000,150000,150000,1,1
2017-11-26,10000053,33180,200000,200000,200000,1,1
2017-11-26,10000053,33285,70000000,70000000,70000000,2,1
2017-11-26,10000053,33287,850000000,850000000,850000000,2,1
2017-11-26,10000053,33400,7000000,7000000,7000000,1,1
2017-11-26,10000053,33474,2010774.76,1966488,2055061.52,2,2
2017-11-26,10000053,33475,11519230.04,11499999,11999999.99,26,5
2017-11-26,10000053,33520,49999999.99,49999999.99,49999999.99,2,1
2017-11-26,10000053,33671,103006,103006,103006,5,1
2017-11-26,10000053,33681,107879999.41,98999999,121200000.02,5,3
2017-11-26,10000053,33826,53333332.83,53333332.83,53333332.83,1,1
2017-11-26,10000053,33828,17000000,17000000,17000000,1,1
2017-11-26,10000053,33842,160000000,160000000,160000000,1,1
2017-11-26,10000053,33844,149000000,149000000,149000000,6,4
2017-11-26,10000053,33848,130000000,130000000,130000000,2,1
2017-11-26,10000053,33915,536000,536000,536000,1,1
2017-11-26,10000053,33983,21000000,21000000,21000000,3,2
2017-11-26,10000053,34268,2499998.99,2499998.99,2499998.99,3,1
2017-11-26,10000053,34496,10000000,10000000,10000000,1,1
2017-11-26,10000053,34828,67499999.5,62000000,72999999,2,2
2017-11-26,10000053,35656,52076.59,27346.8,126265.95,4,4
2017-11-26,10000053,35658,89999,89999,89999,2,2
2017-11-26,10000053,35660,374992.99,374992.99,374992.99,1,1
2017-11-26,10000053,35661,545995.2,545995.2,545995.2,2,1
2017-11-26,10000053,35685,1300000,1300000,1300000,1,1
2017-11-26,10000053,35790,2175000,2150000,2200000,2,2
2017-11-26,10000053,37135,40000000,40000000,40000000,1,1
2017-11-26,10000053,37456,10000000,10000000,10000000,1,1
2017-11-26,10000053,37458,22000000.01,22000000.01,22000000.01,1,1
2017-11-26,10000053,37460,24000000.01,24000000.01,24000000.01,2,2
2017-11-26,10000053,37479,724999.5,650000,799999,2,2
2017-11-26,10000053,40346,8400000,7500000,9000000,15,2
2017-11-26,10000053,40347,7000000,7000000,7000000,5,1
2017-11-26,10000053,40348,42999999.99,42999999.99,42999999.99,3,1
2017-11-26,10000053,40357,146900000,146900000,146900000,6,2
2017-11-26,10000053,40358,2000000,2000000,2000000,10,1
2017-11-26,10000053,40520,925000000,925000000,925000000,2,2
2017-11-26,10000053,40556,15000000,15000000,15000000,104,5
2017-11-26,10000053,40560,30187152.34,30000000,30935761.68,30,4
2017-11-26,10000053,40563,25666666.67,25000000,26000000,18,2
2017-11-26,10000053,40570,32000000,32000000,32000000,6,1
2017-11-26,10000053,40573,181200000.01,181200000.01,181200000.01,1,1
2017-11-26,10000053,40734,110000000,110000000,110000000,1,1
2017-11-26,10000053,40758,110000000,110000000,110000000,1,1
2017-11-26,10000053,41030,990000000,980000000,1000000000,8,3
2017-11-26,10000053,41249,40000000,40000000,40000000,1,1
2017-11-26,10000053,41411,64187227.6,63780841.4,65000000.01,3,3
2017-11-26,10000053,41415,163428571.42,157000000,199999999.96,7,4
2017-11-26,10000053,41484,5000000,5000000,5000000,10,1
2017-11-26,10000053,41489,25000,25000,25000,529,2
2017-11-26,10000053,41490,960000,960000,960000,130,1
2017-11-26,10000053,41491,39999999.66,39999999.66,39999999.66,1,1
2017-11-26,10000053,41515,20000000,20000000,20000000,1,1
2017-11-26,10000053,41517,8999.98,8999.98,8999.98,30,1
2017-11-26,10000053,41518,8999.98,8999.98,8999.98,30,1
2017-11-26,10000053,41519,8999.98,8999.98,8999.98,30,1
2017-11-26,10000053,41520,8999.98,8999.98,8999.98,30,1
2017-11-26,10000053,42530,600000,600000,600000,1,1
2017-11-26,10000053,42830,599,599,599,101,2
2017-11-26,10000053,42890,118833333.34,118666666.67,119000000,2,2
2017-11-26,10000053,43555,3999999.97,3999999.97,3999999.97,1,1
2017-11-26,10000053,43699,230000,230000,230000,5,2
2017-11-26,10000053,44992,2500000,2500000,2500000,967,2
2017-11-26,10000053,45589,75000000,75000000,75000000,1,1
2017-11-26,10000053,45635,241200000,241200000,241200000,4,3
2017-11-26,10000053,46008,15587712.87,13500000,18225347.5,34,11
2017-11-26,10000053,46366,1250000,1250000,1250000,4,1
2017-11-26,10000054,34,9.2,9.2,9.2,347196,10
2017-11-26,10000054,35,5,5,5,6172437,8
2017-11-26,10000054,36,51.28,51.28,51.28,19184,4
2017-11-26,10000054,37,45.21,45.21,45.21,1006971,5
2017-11-26,10000054,38,282.69,282.69,282.69,3271,2
2017-11-26,10000054,39,990.3,990.3,990.3,544,2
2017-11-26,10000054,40,1125.27,1125.27,1125.27,5243,4
2017-11-26,10000054,224,90,90,90,2000,1
2017-11-26,10000054,377,1600000,1600000,1600000,1,1
2017-11-26,10000054,434,470000,470000,470000,2,2
2017-11-26,10000054,440,4999999,4999999,4999999,1,1
2017-11-26,10000054,448,1700000,1700000,1700000,2,2
2017-11-26,10000054,482,1000000,1000000,1000000,2,1
2017-11-26,10000054,483,240000,240000,240000,2,2
2017-11-26,10000054,527,1090000,1090000,1090000,1,1
2017-11-26,10000054,578,197600,194000,200000,5,4
2017-11-26,10000054,582,399999,399999,399999,1,1
2017-11-26,10000054,593,550000,550000,550000,1,1
2017-11-26,10000054,603,450000,450000,450000,1,1
2017-11-26,10000054,607,675000,675000,675000,1,1
2017-11-26,10000054,608,390000,390000,390000,3,2
2017-11-26,10000054,626,10500000,10500000,10500000,1,1
2017-11-26,10000054,627,9900000.03,9900000.03,9900000.03,1,1
2017-11-26,10000054,649,2500000,2500000,2500000,1,1
2017-11-26,10000054,656,2499999.99,2499999.99,2499999.99,1,1
2017-11-26,10000054,839,185280,185280,185280,1,1
2017-11-26,10000054,969,83750000,83750000,83750000,1,1
2017-11-26,10000054,970,80750000,80750000,80750000,1,1
2017-11-26,10000054,1133,50000,50000,50000,1,1
2017-11-26,10000054,1162,300000,300000,300000,1,1
2017-11-26,10000054,1169,400000,400000,400000,1,1
2017-11-26,10000054,1183,1000000,1000000,1000000,1,1
2017-11-26,10000054,1231,2743.51,2743.51,2743.51,4000,1
2017-11-26,10000054,1306,814401.85,428803.7,1200000,2,2
2017-11-26,10000054,1319,1249999.61,1199999.34,1299999.89,6,3
2017-11-26,10000054,1405,1543322.21,1089899.87,1600000,9,5
2017-11-26,10000054,1447,1500000,1500000,1500000,5,1
2017-11-26,10000054,1987,1400000,1400000,1400000,2,1
2017-11-26,10000054,2007,82750000,82750000,82750000,1,1
2017-11-26,10000054,2018,880000,880000,880000,1,1
2017-11-26,10000054,2032,1200000,1200000,1200000,2,1
2017-11-26,10000054,2038,3000000,3000000,3000000,1,1
2017-11-26,10000054,2046,20000,20000,20000,1,1
2017-11-26,10000054,2048,2000000,2000000,2000000,1,1
2017-11-26,10000054,2183,49000,49000,49000,1,1
2017-11-26,10000054,2205,750000,750000,750000,5,1
2017-11-26,10000054,2293,460000,460000,460000,1,1
2017-11-26,10000054,2454,75302.08,15000,350000,30,5
2017-11-26,10000054,2456,850000,850000,850000,5,1
2017-11-26,10000054,2524,1000000,1000000,1000000,1,1
2017-11-26,10000054,2533,1000000,1000000,1000000,1,1
2017-11-26,10000054,2534,79166.98,75500.95,81000,3,2
2017-11-26,10000054,2603,120000,120000,120000,2,1
2017-11-26,10000054,2605,971000,970000,974999.99,5,3
2017-11-26,10000054,3106,2000000,2000000,2000000,2,1
2017-11-26,10000054,3303,20000,20000,20000,1,1
2017-11-26,10000054,3305,100000,100000,100000,1,1
2017-11-26,10000054,3306,100000,100000,100000,1,1
2017-11-26,10000054,3309,2000000,2000000,2000000,1,1
2017-11-26,10000054,3320,10000,10000,10000,2,2
2017-11-26,10000054,3321,20000,20000,20000,1,1
2017-11-26,10000054,3323,30000,30000,30000,1,1
2017-11-26,10000054,3324,100000,100000,100000,1,1
2017-11-26,10000054,3329,40000,40000,40000,1,1
2017-11-26,10000054,3333,500000,500000,500000,1,1
2017-11-26,10000054,3334,500000,500000,500000,1,1
2017-11-26,10000054,3335,500000,500000,500000,1,1
2017-11-26,10000054,3336,4000000,4000000,4000000,2,1
2017-11-26,10000054,3337,4000000,4000000,4000000,3,2
2017-11-26,10000054,3338,4000000,4000000,4000000,3,2
2017-11-26,10000054,3339,4000000,4000000,4000000,3,2
2017-11-26,10000054,3348,20000,20000,20000,1,1
2017-11-26,10000054,3355,20000,20000,20000,1,1
2017-11-26,10000054,3357,180000,180000,180000,1,1
2017-11-26,10000054,3359,200000,200000,200000,1,1
2017-11-26,10000054,3393,30000,30000,30000,1,1
2017-11-26,10000054,3403,300000,300000,300000,1,1
2017-11-26,10000054,3405,25000,25000,25000,2,1
2017-11-26,10000054,3434,80000,80000,80000,1,1
2017-11-26,10000054,3439,200000,200000,200000,2,1
2017-11-26,10000054,3452,40000,40000,40000,2,2
2017-11-26,10000054,3456,10000000,10000000,10000000,4,4
2017-11-26,10000054,3466,285000,285000,285000,1,1
2017-11-26,10000054,3488,1500000,1500000,1500000,1,1
2017-11-26,10000054,3529,400000,400000,400000,1,1
2017-11-26,10000054,3713,8000,8000,8000,17560,14
2017-11-26,10000054,3829,530000,530000,530000,3,3
2017-11-26,10000054,4247,26955,26955,26955,15004,3
2017-11-26,10000054,4250,3499997.99,3499997.99,3499997.99,1,1
2017-11-26,10000054,4393,400000,400000,400000,4,2
2017-11-26,10000054,4613,500000,500000,500000,1,1
2017-11-26,10000054,5439,200000,200000,200000,1,1
2017-11-26,10000054,5955,240000,240000,240000,1,1
2017-11-26,10000054,6001,669999.99,650000,689999.97,2,2
2017-11-26,10000054,8748,700000,700000,700000,1,1
2017-11-26,10000054,10247,19986000,19986000,19986000,1,1
2017-11-26,10000054,10998,75240.91,70000,150000,11,6
2017-11-26,10000054,11129,1500000,1500000,1500000,1,1
2017-11-26,10000054,11132,500000,500000,500000,1,1
2017-11-26,10000054,11134,199356.83,162463.66,236249.99,2,2
2017-11-26,10000054,11176,29400000.01,29400000.01,29400000.01,1,1
2017-11-26,10000054,11186,30500000.01,30500000.01,30500000.01,2,2
2017-11-26,10000054,11192,28000000.01,28000000.01,28000000.01,1,1
2017-11-26,10000054,11200,31500000.01,31500000.01,31500000.01,2,2
2017-11-26,10000054,11207,500000,500000,500000,1,1
2017-11-26,10000054,11219,1200000,1200000,1200000,1,1
2017-11-26,10000054,11269,1399999,1399999,1399999,1,1
2017-11-26,10000054,11309,1600000,1600000,1600000,1,1
2017-11-26,10000054,11370,3200000,3000000,3300000,3,2
2017-11-26,10000054,11371,36100000,36100000,36100000,1,1
2017-11-26,10000054,11489,100000,100000,100000,1,1
2017-11-26,10000054,11566,120000,120000,120000,1,1
2017-11-26,10000054,11577,4900000,4900000,4900000,2,2
2017-11-26,10000054,11578,6700000,6700000,6700000,1,1
2017-11-26,10000054,11584,75000,75000,75000,1,1
2017-11-26,10000054,12067,1612800,1612800,1612800,1,1
2017-11-26,10000054,12192,100000,100000,100000,1,1
2017-11-26,10000054,12344,405000,405000,405000,2,1
2017-11-26,10000054,12365,120000,120000,120000,1,1
2017-11-26,10000054,12366,120000,120000,120000,1,1
2017-11-26,10000054,12367,120000,120000,120000,1,1
2017-11-26,10000054,15331,173.5,1.02,200.03,15,3
2017-11-26,10000054,15508,60000,60000,60000,8,1
2017-11-26,10000054,16069,85000,85000,85000,2,2
2017-11-26,10000054,16272,500.5,500.5,500.5,521475,9
2017-11-26,10000054,16273,245,197.99,245,16447,16
2017-11-26,10000054,16278,3499999,3499999,3499999,1,1
2017-11-26,10000054,16423,500000,500000,500000,1,1
2017-11-26,10000054,17480,29999999.99,29999999.99,29999999.99,1,1
2017-11-26,10000054,17482,2500000,2500000,2500000,2,1
2017-11-26,10000054,17888,1295,1295,1295,220000,4
2017-11-26,10000054,17912,4950000,4950000,4950000,2,1
2017-11-26,10000054,17938,440000,440000,440000,1,1
2017-11-26,10000054,18639,120000,120000,120000,3,1
2017-11-26,10000054,19401,20000,20000,20000,1,1
2017-11-26,10000054,19406,600000,600000,600000,4,1
2017-11-26,10000054,19407,1200000,1200000,1200000,13,1
2017-11-26,10000054,19409,6300000,6300000,6300000,1,1
2017-11-26,10000054,19410,9900000,9900000,9900000,1,1
2017-11-26,10000054,19411,13200000,13200000,13200000,1,1
2017-11-26,10000054,19412,17160000,17160000,17160000,1,1
2017-11-26,10000054,19413,21840000,21840000,21840000,1,1
2017-11-26,10000054,19416,43200000,43200000,43200000,4,2
2017-11-26,10000054,19417,51680000,51680000,51680000,27,5
2017-11-26,10000054,19419,80000000,80000000,80000000,4,1
2017-11-26,10000054,19421,133837000,133837000,133837000,62,5
2017-11-26,10000054,19422,3360000,3360000,3360000,1,1
2017-11-26,10000054,19806,1300000,1300000,1300000,2,1
2017-11-26,10000054,20327,15000000,15000000,15000000,3,3
2017-11-26,10000054,20524,75000000,75000000,75000000,1,1
2017-11-26,10000054,20525,100000000,100000000,100000000,2,2
2017-11-26,10000054,20533,400000000,400000000,400000000,2,2
2017-11-26,10000054,21059,120000,120000,120000,1,1
2017-11-26,10000054,21096,3999999.99,3999999.99,4000000,3,2
2017-11-26,10000054,21610,20000000,20000000,20000000,3,3
2017-11-26,10000054,21611,30000000,30000000,30000000,2,2
2017-11-26,10000054,21803,17500000,17500000,17500000,4,2
2017-11-26,10000054,21894,2000,2000,2000,1000,1
2017-11-26,10000054,22043,25000000,25000000,25000000,2,2
2017-11-26,10000054,22175,337500,190000,485000,2,2
2017-11-26,10000054,22177,243333.33,190000,350000,3,3
2017-11-26,10000054,22541,9000000,9000000,9000000,2,2
2017-11-26,10000054,22542,113333.33,60000,140000,3,2
2017-11-26,10000054,22779,2344200,2344200,2344200,2,1
2017-11-26,10000054,22782,1932868,1932868,1932868,1,1
2017-11-26,10000054,22806,120000,120000,120000,2,2
2017-11-26,10000054,22807,120000,120000,120000,3,2
2017-11-26,10000054,22808,120000,120000,120000,3,2
2017-11-26,10000054,22809,120000,120000,120000,3,2
2017-11-26,10000054,23069,50000000,50000000,50000000,1,1
2017-11-26,10000054,24241,50000,50000,50000,1,1
2017-11-26,10000054,24311,500000000,500000000,500000000,4,3
2017-11-26,10000054,24312,500000000,500000000,500000000,2,1
2017-11-26,10000054,24313,500000000,500000000,500000000,2,2
2017-11-26,10000054,24563,250000000,250000000,250000000,1,1
2017-11-26,10000054,24568,10000000,10000000,10000000,3,1
2017-11-26,10000054,24571,10000000,10000000,10000000,2,1
2017-11-26,10000054,24572,10000000,10000000,10000000,3,2
2017-11-26,10000054,24613,15000000,15000000,15000000,1,1
2017-11-26,10000054,25589,802.41,802.41,802.41,1,1
2017-11-26,10000054,25592,1005.39,1005.39,1005.39,1,1
2017-11-26,10000054,25593,470,470,470,1,1
2017-11-26,10000054,25595,16328,16328,16328,1,1
2017-11-26,10000054,25597,2.7,2.7,2.7,11,1
2017-11-26,10000054,25599,165.38,165.38,165.38,3,1
2017-11-26,10000054,25600,14448.06,14448.06,14448.06,6,2
2017-11-26,10000054,25601,2827.01,2827,2827.01,20,2
2017-11-26,10000054,25605,10825.02,10825.02,10825.02,1,1
2017-11-26,10000054,25620,30000,30000,30000,136,1
2017-11-26,10000054,25861,325000,100000,550000,2,2
2017-11-26,10000054,25862,332640,332640,332640,2,2
2017-11-26,10000054,25890,14000000,14000000,14000000,1,1
2017-11-26,10000054,26256,100000,100000,100000,1,1
2017-11-26,10000054,26261,100000,100000,100000,1,1
2017-11-26,10000054,27902,100000,100000,100000,1,1
2017-11-26,10000054,27906,25000000,25000000,25000000,4,2
2017-11-26,10000054,27916,1200000,1200000,1200000,2,1
2017-11-26,10000054,28656,64000000,64000000,64000000,1,1
2017-11-26,10000054,28879,1000000,1000000,1000000,2,1
2017-11-26,10000054,28880,5000000,5000000,5000000,2,1
2017-11-26,10000054,29029,100000000,100000000,100000000,1,1
2017-11-26,10000054,30028,101.65,101.65,101.65,8,1
2017-11-26,10000054,30486,990000,990000,990000,14,1
2017-11-26,10000054,30488,786666.66,700000,829999.99,24,2
2017-11-26,10000054,30744,200000,200000,200000,8639,6
2017-11-26,10000054,30745,500000,500000,500000,9434,7
2017-11-26,10000054,30746,1500000,1500000,1500000,3346,5
2017-11-26,10000054,30747,5000000,5000000,5000000,1685,4
2017-11-26,10000054,31059,29999999.97,29999999.97,29999999.97,1,1
2017-11-26,10000054,31165,3850000,3850000,3850000,3,2
2017-11-26,10000054,31171,4999999.99,4999999.99,4999999.99,3,2
2017-11-26,10000054,31183,5499999,5499999,5499999,1,1
2017-11-26,10000054,31213,400000,400000,400000,2,1
2017-11-26,10000054,31363,50000000,50000000,50000000,1,1
2017-11-26,10000054,31372,3100000,3100000,3100000,2,1
2017-11-26,10000054,31716,145000,145000,145000,1,1
2017-11-26,10000054,31718,500000,500000,500000,1,1
2017-11-26,10000054,31788,525000,525000,525000,2,2
2017-11-26,10000054,31790,1600000,1600000,1600000,6,3
2017-11-26,10000054,32797,500000,500000,500000,4,1
2017-11-26,10000054,32878,800000,800000,800000,1,1
2017-11-26,10000054,32880,475000,475000,475000,1,1
2017-11-26,10000054,33000,200000,200000,200000,3,1
2017-11-26,10000054,33002,200000,200000,200000,3,1
2017-11-26,10000054,33078,1000000,1000000,1000000,1,1
2017-11-26,10000054,33091,100000,100000,100000,1,1
2017-11-26,10000054,33094,100000,100000,100000,1,1
2017-11-26,10000054,33096,1000000,1000000,1000000,5,1
2017-11-26,10000054,33178,219000,219000,219000,1,1
2017-11-26,10000054,33180,219000,219000,219000,1,1
2017-11-26,10000054,33474,3000000,3000000,3000000,1,1
2017-11-26,10000054,33475,9500000,9400000,9600000,4,4
2017-11-26,10000054,33517,1000000,1000000,1000000,1,1
2017-11-26,10000054,33519,30000000,30000000,30000000,1,1
2017-11-26,10000054,33856,4000000,4000000,4000000,2,2
2017-11-26,10000054,34203,350000,350000,350000,2,1
2017-11-26,10000054,34593,25000000,25000000,25000000,2,1
2017-11-26,10000054,35660,100000,100000,100000,1,1
2017-11-26,10000054,35662,775000,775000,775000,1,1
2017-11-26,10000054,40572,100000000,100000000,100000000,1,1
2017-11-26,10000054,40730,27000000,27000000,27000000,2,1
2017-11-26,10000054,41407,27000000,27000000,27000000,1,1
2017-11-26,10000054,41408,27000000,27000000,27000000,1,1
2017-11-26,10000054,41537,250000000,250000000,250000000,1,1
2017-11-26,10000054,42685,22000000.02,22000000.02,22000000.02,1,1
2017-11-26,10000054,45746,1000000,1000000,1000000,1,1
2017-11-26,10000054,46008,8000000,8000000,8000000,2,2
2017-11-26,10000054,46176,10000000,10000000,10000000,2,1
2017-11-26,10000054,46205,20000000,20000000,20000000,3,1
2017-11-26,10000055,34,4.99,4.98,5.2,105039250,28
2017-11-26,10000055,35,5.11,5.11,5.11,34659396,24
2017-11-26,10000055,36,62.92,62.92,62.92,2540401,20
2017-11-26,10000055,37,49.03,49.03,49.04,976548,24
2017-11-26,10000055,38,327.83,327.83,327.83,415466,13
2017-11-26,10000055,39,990.9,990.9,990.9,616466,24
2017-11-26,10000055,40,1238.28,1238.28,1238.28,399157,23
2017-11-26,10000055,179,8.05,8.05,8.05,500,1
2017-11-26,10000055,203,250,250,250,21809,4
2017-11-26,10000055,204,1,1,1,6474,1
2017-11-26,10000055,207,95.05,95.05,95.05,2000,2
2017-11-26,10000055,209,55,55,55,45100,4
2017-11-26,10000055,210,15,15,15,7600,3
2017-11-26,10000055,212,32,32,32,1177,2
2017-11-26,10000055,222,24.01,24.01,24.01,5000,1
2017-11-26,10000055,224,27.04,27.04,27.04,1000,1
2017-11-26,10000055,238,200,200,200,6200,1
2017-11-26,10000055,258,11000,11000,11000,5,1
2017-11-26,10000055,262,100000,100000,100000,5,1
2017-11-26,10000055,267,100,100,100,58000,5
2017-11-26,10000055,380,640000,640000,640000,13,11
2017-11-26,10000055,394,390000.03,390000.03,390000.03,1,1
2017-11-26,10000055,400,640000,639999.99,640000,11,3
2017-11-26,10000055,434,125000,125000,125000,2,2
2017-11-26,10000055,438,2900000,2899999.99,2900000,2,2
2017-11-26,10000055,440,4971428.29,4499998,5100000.01,14,13
2017-11-26,10000055,442,25000,25000,25000,2,2
2017-11-26,10000055,448,1654704.97,1654704.96,1654704.98,12,11
2017-11-26,10000055,482,1000000.02,1000000.02,1000000.02,11,2
2017-11-26,10000055,483,25000,25000,25000,3,2
2017-11-26,10000055,519,1099987.67,1099987.67,1099987.67,11,6
2017-11-26,10000055,527,1123524.35,1119132.93,1149872.9,7,7
2017-11-26,10000055,584,450000,450000,450000,1,1
2017-11-26,10000055,586,5000000,5000000,5000000,1,1
2017-11-26,10000055,587,575000.01,575000.01,575000.01,1,1
2017-11-26,10000055,590,850000.05,850000.05,850000.05,20,1
2017-11-26,10000055,594,519999.98,519999.98,519999.98,1,1
2017-11-26,10000055,597,750000,750000,750000,2,2
2017-11-26,10000055,602,585000,585000,585000,1,1
2017-11-26,10000055,605,483333.33,450000,499999.99,6,3
2017-11-26,10000055,607,900000.04,900000.04,900000.04,6,5
2017-11-26,10000055,608,513000,512999.99,513000,2,2
2017-11-26,10000055,621,10699000,10699000,10699000,1,1
2017-11-26,10000055,626,10201000,10201000,10201000,1,1
2017-11-26,10000055,628,8500000,8500000,8500000,1,1
2017-11-26,10000055,629,10000000,10000000,10000000,1,1
2017-11-26,10000055,631,3399999,3399999,3399999,1,1
2017-11-26,10000055,633,8899999.98,8899999.97,8900000,3,2
2017-11-26,10000055,634,6259000,6259000,6259000,1,1
2017-11-26,10000055,640,35000000.01,35000000.01,35000000.01,1,1
2017-11-26,10000055,644,164999000,164999000,164999000,2,2
2017-11-26,10000055,645,186000000,182000000,190000000,2,2
2017-11-26,10000055,648,1100000.02,1100000.02,1100000.02,2,2
2017-11-26,10000055,650,1400000,1400000,1400000,2,2
2017-11-26,10000055,651,1700000,1700000,1700000,1,1
2017-11-26,10000055,652,1900000.03,1900000.03,1900000.03,4,3
2017-11-26,10000055,655,1700000,1700000,1700000,21,19
2017-11-26,10000055,656,1700000.01,1500000,1900000.01,2,2
2017-11-26,10000055,657,1950000,1950000,1950000,1,1
2017-11-26,10000055,672,53504.23,50000,155555,13,4
2017-11-26,10000055,1182,999999.99,999999.99,999999.99,1,1
2017-11-26,10000055,1183,850000.01,850000.01,850000.01,3,2
2017-11-26,10000055,1195,249999.92,249999.92,249999.92,3,2
2017-11-26,10000055,1201,159108.7,158000,159478.26,4,2
2017-11-26,10000055,1232,1,1,1,74,1
2017-11-26,10000055,1236,833340.83,50,999999,6,3
2017-11-26,10000055,1248,1178989.99,1178989.99,1178989.99,15,6
2017-11-26,10000055,1266,375000.01,375000.01,375000.01,1,1
2017-11-26,10000055,1306,299614.72,299614.72,299614.72,2,2
2017-11-26,10000055,1317,14999,14999,14999,6,1
2017-11-26,10000055,1319,774999.99,774999.99,775000,54,18
2017-11-26,10000055,1355,875000.02,875000.02,875000.02,15,3
2017-11-26,10000055,1405,714999.99,714999.99,714999.99,56,26
2017-11-26,10000055,1422,1085000,1085000,1085000,1,1
2017-11-26,10000055,1436,1850000,1850000,1850000.01,3,3
2017-11-26,10000055,1447,679142.85,650000,683999.99,7,4
2017-11-26,10000055,1541,940000.03,940000.03,940000.03,18,8
2017-11-26,10000055,1877,1550000,1550000,1550000,5,1
2017-11-26,10000055,1944,1600000.01,1600000.01,1600000.01,1,1
2017-11-26,10000055,1952,1478414.32,1037500.01,1698871.79,12,10
2017-11-26,10000055,1969,1950000.01,1900000,2000000.03,4,4
2017-11-26,10000055,1978,3119997.97,3100000,3149994.93,5,3
2017-11-26,10000055,1986,98000,98000,98000,1,1
2017-11-26,10000055,1987,989999.99,989999.99,989999.99,4,4
2017-11-26,10000055,1999,1200000.01,1200000.01,1200000.01,4,4
2017-11-26,10000055,2024,1399998.45,1399998.44,1399998.46,2,2
2017-11-26,10000055,2032,665978.57,550000,674900,28,11
2017-11-26,10000055,2038,1499999.5,1499999,1500000,2,2
2017-11-26,10000055,2046,48750,48500,49000,2,2
2017-11-26,10000055,2048,671254.86,549998.98,674485.41,60,48
2017-11-26,10000055,2117,2899999.99,2899999.99,2899999.99,2,2
2017-11-26,10000055,2173,110000,110000,110000,10,2
2017-11-26,10000055,2175,1450964.38,1450913.27,1450989.94,15,3
2017-11-26,10000055,2185,1049997.94,1049997.94,1049997.94,15,3
2017-11-26,10000055,2195,2697284.8,2696998.72,2697999.99,7,2
2017-11-26,10000055,2205,528304.91,528304.91,528304.91,156,13
2017-11-26,10000055,2254,120000,119999.99,120000,12,6
2017-11-26,10000055,2281,3247958.43,3200000,3249999,49,33
2017-11-26,10000055,2299,2649999.97,2649999.96,2649999.98,12,9
2017-11-26,10000055,2301,2950234.96,2220499.97,3149298.27,14,12
2017-11-26,10000055,2303,2355949.13,1553873.85,2699802.99,10,7
2017-11-26,10000055,2333,1730000,1730000,1730000,4,4
2017-11-26,10000055,2364,1080067.98,1080067.97,1080068,8,5
2017-11-26,10000055,2399,644,644,644,38000,1
2017-11-26,10000055,2403,9000000,9000000,9000000,1,1
2017-11-26,10000055,2404,1295074.9,1291326.55,1297886.16,7,2
2017-11-26,10000055,2406,1500000,1500000,1500000,1,1
2017-11-26,10000055,2410,1599995.99,1599995.99,1599995.99,21,4
2017-11-26,10000055,2420,6299620,6299620,6299620,3,1
2017-11-26,10000055,2436,2254999.77,2254999.76,2254999.77,307,39
2017-11-26,10000055,2446,2298999.99,2298999.99,2298999.99,2,1
2017-11-26,10000055,2454,5000,5000,5000,10,1
2017-11-26,10000055,2456,500154.84,483065.03,550000.03,47,8
2017-11-26,10000055,2464,24717.17,24242.42,25000,48,6
2017-11-26,10000055,2466,394897.97,394834.7,396000,262,22
2017-11-26,10000055,2476,50999,50999,50999,10,1
2017-11-26,10000055,2478,2246213.32,2245898.65,2246999.99,7,2
2017-11-26,10000055,2486,9059.69,9059.69,9059.69,27,2
2017-11-26,10000055,2488,450000,450000,454999.9,181,23
2017-11-26,10000055,2495,1000000,1000000,1000000,1,1
2017-11-26,10000055,2505,999999.97,999999.97,999999.97,1,1
2017-11-26,10000055,2506,100,100,100,5000,2
2017-11-26,10000055,2508,350,350,350,2000,1
2017-11-26,10000055,2510,240,240,240,15809,5
2017-11-26,10000055,2524,120000,120000,120000,24,13
2017-11-26,10000055,2525,123363.64,120000,153636.38,10,6
2017-11-26,10000055,2533,120000,119999.99,120000,12,7
2017-11-26,10000055,2534,120654.76,120000,130476.18,16,10
2017-11-26,10000055,2539,1650000,1650000,1650000,10,8
2017-11-26,10000055,2545,30000,30000,30000,6,2
2017-11-26,10000055,2547,930000.01,930000.01,930000.01,4,3
2017-11-26,10000055,2549,120000,120000,120000,17,9
2017-11-26,10000055,2550,120000,119999.99,120000,7,3
2017-11-26,10000055,2551,213305.21,120000,539873.46,9,5
2017-11-26,10000055,2553,1199999.93,1199998.99,1199999.99,16,6
2017-11-26,10000055,2571,1825000.04,1825000.04,1825000.04,2,2
2017-11-26,10000055,2605,464692.11,387071.54,471996.98,23,16
2017-11-26,10000055,2613,130.02,130.02,130.02,2012,2
2017-11-26,10000055,2629,515.94,515.94,515.94,333740,24
2017-11-26,10000055,2817,56.99,56.99,56.99,465,1
2017-11-26,10000055,2870,1900000,1900000,1900000,10,1
2017-11-26,10000055,2873,1000000,1000000,1000000,6,1
2017-11-26,10000055,2905,625000.01,625000.01,625000.01,4,1
2017-11-26,10000055,2913,1900000.04,1900000.04,1900000.04,8,2
2017-11-26,10000055,2937,2199999,2199999,2199999,10,2
2017-11-26,10000055,2977,1300000,1300000,1300000,5,2
2017-11-26,10000055,2998,55000000,55000000,55000000,1,1
2017-11-26,10000055,3033,1050000.03,1050000.03,1050000.03,4,1
2017-11-26,10000055,3082,3000000.04,3000000.04,3000000.04,6,6
2017-11-26,10000055,3170,1120000,1120000,1120000,3,1
2017-11-26,10000055,3178,1200000,1200000,1200000,5,1
2017-11-26,10000055,3184,2500000,2500000,2500000,2,2
2017-11-26,10000055,3244,1549419.78,1545252.97,1595254.58,12,11
2017-11-26,10000055,3296,27000,27000,27000,2,2
2017-11-26,10000055,3302,300000,300000,300000,1,1
2017-11-26,10000055,3304,400000,400000,400000,2,2
2017-11-26,10000055,3307,2499999.99,2499999.99,2499999.99,1,1
2017-11-26,10000055,3308,2949999.99,2949999.99,2949999.99,1,1
2017-11-26,10000055,3309,2600000,2600000,2600000,1,1
2017-11-26,10000055,3316,300000,300000,300000,1,1
2017-11-26,10000055,3326,999999.99,999999.99,999999.99,1,1
2017-11-26,10000055,3333,999999.58,999999.58,999999.58,1,1
2017-11-26,10000055,3335,999999.86,999999.86,999999.86,1,1
2017-11-26,10000055,3338,6500000,6500000,6500000,1,1
2017-11-26,10000055,3340,1000000,1000000,1000000,5,4
2017-11-26,10000055,3342,1000000,1000000,1000000,1,1
2017-11-26,10000055,3343,300000,300000,300000,5,3
2017-11-26,10000055,3350,300000,300000,300000,1,1
2017-11-26,10000055,3416,225000,50000,400000,8,2
2017-11-26,10000055,3430,1500000,1500000,1500000,2,2
2017-11-26,10000055,3433,500000,500000,500000,2,2
2017-11-26,10000055,3438,500000,500000,500000,1,1
2017-11-26,10000055,3467,30000,30000,30000,6,5
2017-11-26,10000055,3488,950000.03,950000.03,950000.03,1,1
2017-11-26,10000055,3496,2099999.99,2099999.99,2100000,6,4
2017-11-26,10000055,3504,2951269.09,2600000,3300000,10,10
2017-11-26,10000055,3520,2334992.95,2334992.95,2334992.95,3,1
2017-11-26,10000055,3530,1711363.64,25000,1880000,11,9
2017-11-26,10000055,3540,2250000.04,2250000.04,2250000.04,2,1
2017-11-26,10000055,3542,410000000,410000000,410000000,5,5
2017-11-26,10000055,3554,3900,3900,3900,120,2
2017-11-26,10000055,3568,1063636.37,900000.01,1200000,11,7
2017-11-26,10000055,3578,2794166.68,2400000.01,2830000.01,12,8
2017-11-26,10000055,3683,420,420,420,5000,1
2017-11-26,10000055,3685,714,714,714,378925,5
2017-11-26,10000055,3687,835.02,835.02,835.02,141,1
2017-11-26,10000055,3689,10000,10000,10000,1896,7
2017-11-26,10000055,3756,58000000,58000000,58000000,1,1
2017-11-26,10000055,3828,12000.18,12000.18,12000.18,4517,8
2017-11-26,10000055,3831,1415608.72,702500,1545000,13,13
2017-11-26,10000055,3841,1349846.87,1349004.65,1350000,13,9
2017-11-26,10000055,3888,1200000.02,1200000.02,1200000.02,5,5
2017-11-26,10000055,3995,4500000.03,4500000.03,4500000.03,1,1
2017-11-26,10000055,4025,325000,325000,325000,4,3
2017-11-26,10000055,4027,1000000,1000000,1000000,4,4
2017-11-26,10000055,4051,20130.36,20130.36,20130.36,36152,3
2017-11-26,10000055,4246,20000,20000,20000,955,1
2017-11-26,10000055,4250,3299687.44,3299000,3300000,16,4
2017-11-26,10000055,4254,1084799.29,1027198.94,1200000,3,3
2017-11-26,10000055,4260,2100000.04,2100000.04,2100000.04,1,1
2017-11-26,10000055,4294,125000000,125000000,125000000,1,1
2017-11-26,10000055,4302,85000000,85000000,85000000,1,1
2017-11-26,10000055,4383,1599999,1599999,1599999,1,1
2017-11-26,10000055,4385,6499999.98,6499999.98,6499999.98,1,1
2017-11-26,10000055,4391,249995,249995,249995,5,3
2017-11-26,10000055,4393,355559,355559,355559,2,1
2017-11-26,10000055,4395,568999.97,568999.97,568999.98,9,4
2017-11-26,10000055,4403,400000,400000,400000,1,1
2017-11-26,10000055,4405,1704012.47,1702912.98,1799999,83,29
2017-11-26,10000055,4573,1000000,1000000,1000000,1,1
2017-11-26,10000055,4833,165000,165000,165000,1,1
2017-11-26,10000055,5051,116666.7,100000.03,250000,9,4
2017-11-26,10000055,5137,100000,100000,100000,3,1
2017-11-26,10000055,5141,220000,220000,220000,3,2
2017-11-26,10000055,5302,75000.05,75000.05,75000.05,4,4
2017-11-26,10000055,5399,24999.96,24999.96,24999.96,1,1
2017-11-26,10000055,5405,389998.95,389998.94,389998.95,4,4
2017-11-26,10000055,5443,240000.02,240000.02,240000.02,1,1
2017-11-26,10000055,5445,37000,36999.99,37000,3,3
2017-11-26,10000055,5839,1950000,1950000,1950000,3,3
2017-11-26,10000055,5955,148556.38,147112.76,150000,6,5
2017-11-26,10000055,5971,50000,50000,50000,6,6
2017-11-26,10000055,5973,859999.94,859999.83,860000,15,14
2017-11-26,10000055,5975,17857.15,4999.99,20000.01,7,7
2017-11-26,10000055,6001,70000,70000,70000,2,2
2017-11-26,10000055,6005,19999.82,19999,20000.02,10,10
2017-11-26,10000055,6073,99500,99500,99500,2,1
2017-11-26,10000055,6131,49989.94,49989.94,49989.94,1,1
2017-11-26,10000055,6159,24995,24995,24995,1,1
2017-11-26,10000055,6160,8000.01,8000.01,8000.01,7,5
2017-11-26,10000055,6173,5999.99,5999.99,5999.99,658,1
2017-11-26,10000055,6296,84999.99,84999.99,84999.99,1,1
2017-11-26,10000055,6527,999999,999999,999999,1,1
2017-11-26,10000055,6963,540000.01,540000.01,540000.01,12,2
2017-11-26,10000055,7447,398533,398533,398533,5,2
2017-11-26,10000055,7619,3299001.35,3299001.35,3299001.35,5,1
2017-11-26,10000055,8027,1690000,1690000,1690000,3,1
2017-11-26,10000055,8089,575000,575000,575000,4,1
2017-11-26,10000055,8117,170124.99,110000,230000.01,30,11
2017-11-26,10000055,8177,24954.58,24000,25000.04,22,3
2017-11-26,10000055,8419,74994.45,70000,79988.89,4,3
2017-11-26,10000055,8433,876153.85,410000,915000,13,4
2017-11-26,10000055,8517,2802343.59,2604687.19,2999999.98,2,2
2017-11-26,10000055,8521,299999.96,299999.96,299999.96,2,2
2017-11-26,10000055,8529,129760.5,129723.37,129810,7,5
2017-11-26,10000055,8579,66999.99,66999.99,66999.99,5,2
2017-11-26,10000055,8815,350000,350000,350000,3,2
2017-11-26,10000055,9451,2200000,2200000,2200000,6,1
2017-11-26,10000055,9580,299999.98,299999.98,299999.98,1,1
2017-11-26,10000055,9582,10000.01,10000.01,10000.01,1,1
2017-11-26,10000055,9622,199247.49,199247.49,199247.49,1,1
2017-11-26,10000055,9632,200000,200000,200000,18,6
2017-11-26,10000055,9660,299999.9,299999.9,299999.9,11,3
2017-11-26,10000055,9834,101324,101324,101324,145,2
2017-11-26,10000055,9836,9999.99,9999.99,9999.99,410,2
2017-11-26,10000055,9838,16789.99,16789.99,16789.99,1185,1
2017-11-26,10000055,9840,15382.96,15382.96,15382.96,432,1
2017-11-26,10000055,9842,15908,15908,15908,1000,1
2017-11-26,10000055,9848,97000,97000,97000,1867,5
2017-11-26,10000055,9899,16000000,16000000,16000000,1,1
2017-11-26,10000055,9941,14500000,14500000,14500000,1,1
2017-11-26,10000055,9942,16000000,16000000,16000000,1,1
2017-11-26,10000055,9943,14499998.88,14499998.88,14499998.88,1,1
2017-11-26,10000055,9950,3550000,3550000,3550000,10,3
2017-11-26,10000055,9956,14500000,14500000,14500000,1,1
2017-11-26,10000055,10190,1148987.63,1148349.75,1149784.98,9,6
2017-11-26,10000055,10208,25499999.38,25499999.38,25499999.38,1,1
2017-11-26,10000055,10212,24999999.59,24999999.59,24999999.59,1,1
2017-11-26,10000055,10216,24999999.55,24999999.55,24999999.55,1,1
2017-11-26,10000055,10221,25499999.59,25499999.59,25499999.59,1,1
2017-11-26,10000055,10225,25999999.88,25999999.88,25999999.88,1,1
2017-11-26,10000055,10244,40000000,40000000,40000000,1,1
2017-11-26,10000055,10246,39966.98,39798,39998.27,32,4
2017-11-26,10000055,10250,1594110,1176999.98,2352764.62,31,9
2017-11-26,10000055,10631,600000.01,600000.01,600000.01,4,1
2017-11-26,10000055,10850,901679.86,110079.4,1059999.95,6,6
2017-11-26,10000055,10858,1599285.65,1599285.65,1599285.65,1,1
2017-11-26,10000055,10880,200012.5,25,400000,2,2
2017-11-26,10000055,10998,235999.99,148999.99,497000,8,4
2017-11-26,10000055,11084,2000000,2000000,2000000,3,3
2017-11-26,10000055,11129,36666.67,30000,50000,3,3
2017-11-26,10000055,11176,37899998.98,37899998.98,37899998.98,1,1
2017-11-26,10000055,11178,37777776.99,37777776.99,37777776.99,1,1
2017-11-26,10000055,11196,42893912.37,42893912.37,42893912.37,1,1
2017-11-26,10000055,11198,41999956.67,41999913.35,41999999.99,2,2
2017-11-26,10000055,11200,33599999.99,33599999.99,33599999.99,1,1
2017-11-26,10000055,11202,39999999,39999999,39999999,3,2
2017-11-26,10000055,11249,1150000.02,1150000.02,1150000.02,1,1
2017-11-26,10000055,11259,1050000.02,1050000.02,1050000.02,1,1
2017-11-26,10000055,11269,809444.46,800000,810000.02,18,11
2017-11-26,10000055,11287,4121.43,50,4800,14,3
2017-11-26,10000055,11289,4999.99,4999.99,4999.99,263,5
2017-11-26,10000055,11317,460000,460000,460000,1,1
2017-11-26,10000055,11325,777857.16,770000.01,825000.04,7,3
2017-11-26,10000055,11327,782000.02,782000.02,782000.02,2,2
2017-11-26,10000055,11349,120000.04,120000.04,120000.04,1,1
2017-11-26,10000055,11370,2053037.5,2047000,2140000,16,16
2017-11-26,10000055,11377,46359999.19,34999999.99,49199999,5,4
2017-11-26,10000055,11395,600000,600000,600000,1,1
2017-11-26,10000055,11399,10240,10240,10240,135359,20
2017-11-26,10000055,11442,30000000,30000000,30000000,1,1
2017-11-26,10000055,11475,257.03,257.03,257.03,10,3
2017-11-26,10000055,11481,257,257,257,98,3
2017-11-26,10000055,11482,257.05,257.05,257.05,2,2
2017-11-26,10000055,11484,257.05,257.05,257.05,42,1
2017-11-26,10000055,11489,3000000,3000000,3000000,1,1
2017-11-26,10000055,11530,57682,57682,57682,3360,1
2017-11-26,10000055,11533,58389,58389,58389,1110,1
2017-11-26,10000055,11534,39931,39931,39931,2975,2
2017-11-26,10000055,11535,36353,36353,36353,435,1
2017-11-26,10000055,11536,36350,36350,36350,3360,1
2017-11-26,10000055,11540,104000,104000,104000,82,1
2017-11-26,10000055,11541,83253,83253,83253,970,3
2017-11-26,10000055,11544,15206,15206,15206,11040,1
2017-11-26,10000055,11548,197561,197561,197561,4470,1
2017-11-26,10000055,11552,80061,80061,80061,2210,1
2017-11-26,10000055,11558,59539,59539,59539,56847,3
2017-11-26,10000055,11563,383366.36,383366.36,383366.36,1,1
2017-11-26,10000055,11577,4596999.99,4596999.99,4597000,5,5
2017-11-26,10000055,11578,6500000.03,6500000.03,6500000.03,18,17
2017-11-26,10000055,11579,6000000,6000000,6000000,1,1
2017-11-26,10000055,11584,400000,400000,400000,1,1
2017-11-26,10000055,11640,854644.15,854644,854645.51,10,5
2017-11-26,10000055,11642,1449999.99,1449999.99,1449999.99,1,1
2017-11-26,10000055,11644,3093996.09,3093996.09,3093996.09,8,8
2017-11-26,10000055,11646,2350000.03,2350000.03,2350000.03,7,7
2017-11-26,10000055,11648,2600000.01,2600000.01,2600000.01,6,6
2017-11-26,10000055,11689,34023,34023,34023,244,3
2017-11-26,10000055,11690,44355,44355,44355,23,1
2017-11-26,10000055,11691,43177,43177,43177,3360,1
2017-11-26,10000055,11959,245000000.01,245000000,245000000.01,2,2
2017-11-26,10000055,11993,248000000,248000000,248000000,1,1
2017-11-26,10000055,12005,298449863.4,298449840,298449869,5,5
2017-11-26,10000055,12032,45499999.99,45499999.99,45500000,4,4
2017-11-26,10000055,12038,51600000,51599999.99,51600000,2,2
2017-11-26,10000055,12052,225000,225000,225000,1,1
2017-11-26,10000055,12054,1500000,1500000,1500000,1,1
2017-11-26,10000055,12058,3899481.03,3899459.37,3899546,4,4
2017-11-26,10000055,12068,5699999.41,5699999.41,5699999.41,1,1
2017-11-26,10000055,12076,8929494.99,8922989.98,8935999.99,2,2
2017-11-26,10000055,12180,1100000,1100000,1100000,1,1
2017-11-26,10000055,12201,3000000,3000000,3000000,3,3
2017-11-26,10000055,12206,5000000,5000000,5000000,1,1
2017-11-26,10000055,12210,1900000,1900000,1900000,1,1
2017-11-26,10000055,12263,7500000.02,7500000,7500000.03,10,4
2017-11-26,10000055,12267,4289998.87,4289994.22,4290000.03,5,4
2017-11-26,10000055,12271,9100000,9100000,9100000,6,3
2017-11-26,10000055,12484,4999999.98,4999999.98,4999999.98,1,1
2017-11-26,10000055,12487,6000000,6000000,6000000,2,2
2017-11-26,10000055,12557,120000.01,120000.01,120000.01,4,1
2017-11-26,10000055,12559,150000,150000,150000,4,1
2017-11-26,10000055,12612,63,63,63,4040,2
2017-11-26,10000055,12614,46.02,46.02,46.02,4000,3
2017-11-26,10000055,12631,81.05,81.05,81.05,2000,1
2017-11-26,10000055,12633,180.05,180.05,180.05,2000,1
2017-11-26,10000055,12709,115000,115000,115000,1,1
2017-11-26,10000055,12743,232186867.17,232185824.35,232187909.99,2,2
2017-11-26,10000055,12745,309500000,309500000,309500000,1,1
2017-11-26,10000055,12767,234.05,234.05,234.05,2000,1
2017-11-26,10000055,12771,204.05,204.05,204.05,2000,1
2017-11-26,10000055,12773,134.01,134.01,134.01,8500,3
2017-11-26,10000055,12777,200.03,200.03,200.03,7000,2
2017-11-26,10000055,12805,248.05,248.05,248.05,1000,1
2017-11-26,10000055,13003,2150000.02,2150000.02,2150000.02,7,3
2017-11-26,10000055,13119,42.05,42.05,42.05,700,1
2017-11-26,10000055,13216,27649999.99,27649999.99,27649999.99,1,1
2017-11-26,10000055,13279,749999.9,749999.9,749999.9,1,1
2017-11-26,10000055,13937,114999999.99,114999999.99,114999999.99,1,1
2017-11-26,10000055,13947,7000000,7000000,7000000,1,1
2017-11-26,10000055,13966,14977999.98,14977999.98,14977999.98,1,1
2017-11-26,10000055,13968,14889999.98,14889999.98,14889999.98,1,1
2017-11-26,10000055,13969,253550000,219000000,310000000,5,5
2017-11-26,10000055,13980,4249999.99,4249999.99,4249999.99,1,1
2017-11-26,10000055,13982,8499999.99,8499999.99,8499999.99,1,1
2017-11-26,10000055,13984,3299999.99,3299999.99,3299999.99,1,1
2017-11-26,10000055,13990,6000000,6000000,6000000,1,1
2017-11-26,10000055,14035,10000000,10000000,10000000,1,1
2017-11-26,10000055,14039,9999000,9998999.99,9999000,2,2
2017-11-26,10000055,14043,5999999,5999999,5999999,1,1
2017-11-26,10000055,14047,43700000,43700000,43700000,1,1
2017-11-26,10000055,14070,38800000,38800000,38800000,3,3
2017-11-26,10000055,14130,16399999.99,16399999.99,16399999.99,1,1
2017-11-26,10000055,14210,34989999.99,34989999.99,34989999.99,1,1
2017-11-26,10000055,14230,55000000,55000000,55000000,2,1
2017-11-26,10000055,14234,20000000,20000000,20000000,1,1
2017-11-26,10000055,14256,65000000,65000000,65000000,1,1
2017-11-26,10000055,15331,100,100,100,7,1
2017-11-26,10000055,15460,1250000,1250000,1250000,4,2
2017-11-26,10000055,15463,3450000,3450000,3450000,5,2
2017-11-26,10000055,15479,3900000,3900000,3900000,2,2
2017-11-26,10000055,15681,119000000,118999999.99,119000000,10,4
2017-11-26,10000055,15729,38499999.99,38499999.99,38499999.99,2,2
2017-11-26,10000055,15766,33233333.33,32500000,33600000,3,3
2017-11-26,10000055,15806,116400000,116400000,116400000,1,1
2017-11-26,10000055,16227,52999000,52999000,52999000,1,1
2017-11-26,10000055,16238,1214996.78,1214996.78,1214996.78,1,1
2017-11-26,10000055,16272,699.99,699.99,699.99,831085,12
2017-11-26,10000055,16273,117.84,100,159,66100,20
2017-11-26,10000055,16275,3793.99,3000,4000,136852,9
2017-11-26,10000055,16297,544000.29,500000,720001.43,5,2
2017-11-26,10000055,16301,858846.15,490000,990000,13,4
2017-11-26,10000055,16303,2184415.59,1395454.55,2500000,7,3
2017-11-26,10000055,16375,1000000,1000000,1000000,1,1
2017-11-26,10000055,16467,1000000,1000000,1000000,3,3
2017-11-26,10000055,16469,1000000,1000000,1000000,1,1
2017-11-26,10000055,16475,185000.02,170000.01,200000.02,2,2
2017-11-26,10000055,16477,165000.03,165000.03,165000.03,2,2
2017-11-26,10000055,16519,29011.76,50,34999.99,17,4
2017-11-26,10000055,16535,23000000,23000000,23000000,1,1
2017-11-26,10000055,16598,4500000,4500000,4500000,1,1
2017-11-26,10000055,16642,3896.7,3896.7,3896.7,19100,1
2017-11-26,10000055,16648,6499.99,6499.99,6499.99,64879,2
2017-11-26,10000055,16670,220.8,220.8,220.8,245917,8
2017-11-26,10000055,16671,270,270,270,2532416,13
2017-11-26,10000055,16672,241,241,241,9284559,6
2017-11-26,10000055,16673,192.97,192.97,192.97,498113,8
2017-11-26,10000055,16678,432.72,432.72,432.72,721636,5
2017-11-26,10000055,16679,1113,1113,1113,163905,7
2017-11-26,10000055,16680,2498,2498,2498,431355,13
2017-11-26,10000055,16681,4933.99,4933.99,4933.99,67722,13
2017-11-26,10000055,16682,12598,12598,12598,36269,8
2017-11-26,10000055,16683,43999,43999,43999,13029,7
2017-11-26,10000055,17317,88500,88500,88500,1321,7
2017-11-26,10000055,17366,369714.28,100000,999999.99,35,13
2017-11-26,10000055,17476,30799499.5,24999999,36599000,2,2
2017-11-26,10000055,17478,24666665.01,19000000,27499997.51,3,3
2017-11-26,10000055,17480,21469600,21057999.94,21499000,15,6
2017-11-26,10000055,17482,1942383.17,600000,1965000,37,8
2017-11-26,10000055,17715,262000000,262000000,262000000,1,1
2017-11-26,10000055,17720,169000000,169000000,169000000,1,1
2017-11-26,10000055,17843,82249999.06,81999998.98,85000000,12,12
2017-11-26,10000055,17887,996.88,996.87,996.88,862497,19
2017-11-26,10000055,17888,709,709,709,485000,3
2017-11-26,10000055,17889,875.99,875.99,875.99,215000,9
2017-11-26,10000055,17912,4700000.01,4700000,4700000.01,12,7
2017-11-26,10000055,17918,480000000,480000000,480000000,1,1
2017-11-26,10000055,17938,467500,185000,750000,6,4
2017-11-26,10000055,18060,42000,42000,42000,2,1
2017-11-26,10000055,18064,137999.97,137999.97,137999.97,20,1
2017-11-26,10000055,18590,843375,780000,858000,32,7
2017-11-26,10000055,18592,565277.77,549999.99,580555.57,32,6
2017-11-26,10000055,18594,746200,607000,861000,30,6
2017-11-26,10000055,18596,391500,391500,391500,16,4
2017-11-26,10000055,18598,952391.3,834999.95,970000,46,7
2017-11-26,10000055,18604,720000,720000,720000,7,1
2017-11-26,10000055,18608,964705.88,920000,990000,34,3
2017-11-26,10000055,18614,290000,290000,290000,2,1
2017-11-26,10000055,18624,927857.12,869999.95,944999.99,35,11
2017-11-26,10000055,18639,718863.64,145454.55,990000,4,4
2017-11-26,10000055,19187,56852939.57,50000000,57999989.98,7,7
2017-11-26,10000055,19191,254608979.25,235649999.83,264088468.96,3,3
2017-11-26,10000055,19198,680000000,680000000,680000000,1,1
2017-11-26,10000055,19207,180359999.92,180359999.87,180359999.96,2,2
2017-11-26,10000055,19208,89000000,89000000,89000000,1,1
2017-11-26,10000055,19215,18000000,18000000,18000000,2,2
2017-11-26,10000055,19219,33000001.74,33000001.74,33000001.74,1,1
2017-11-26,10000055,19221,40000000,40000000,40000000,1,1
2017-11-26,10000055,19229,28999999.97,28999999.97,28999999.97,1,1
2017-11-26,10000055,19239,29900000,29900000,29900000,2,1
2017-11-26,10000055,19241,18500000,18500000,18500000,2,1
2017-11-26,10000055,19282,166000000.05,166000000.05,166000000.05,1,1
2017-11-26,10000055,19283,45000000,45000000,45000000,2,2
2017-11-26,10000055,19284,34999999.99,34999999.99,34999999.99,7,7
2017-11-26,10000055,19287,54986666.51,54959999.55,54999999.99,3,3
2017-11-26,10000055,19288,43410231.26,40062302.27,44969999.97,12,11
2017-11-26,10000055,19295,267388644.46,259092185.21,280000000,5,5
2017-11-26,10000055,19417,41000000.08,41000000.08,41000000.08,2,2
2017-11-26,10000055,19419,60000000.07,60000000.07,60000000.08,5,4
2017-11-26,10000055,19421,114000000.07,114000000.07,114000000.07,3,3
2017-11-26,10000055,19719,40000000,40000000,40000000,1,1
2017-11-26,10000055,19744,1641666.67,1100000,2183333.34,2,2
2017-11-26,10000055,19767,400000,400000,400000,1,1
2017-11-26,10000055,19806,1350000.03,1350000.03,1350000.03,7,6
2017-11-26,10000055,19812,10000,10000,10000,2,2
2017-11-26,10000055,19814,20000.02,20000.02,20000.02,7,6
2017-11-26,10000055,19927,30000.01,30000.01,30000.01,11,2
2017-11-26,10000055,19939,30000.01,30000.01,30000.01,10,1
2017-11-26,10000055,19946,30000.01,30000.01,30000.01,10,1
2017-11-26,10000055,19952,30000.01,30000.01,30000.01,10,1
2017-11-26,10000055,20212,9000000,9000000,9000000,1,1
2017-11-26,10000055,20280,83000000,83000000,83000000,1,1
2017-11-26,10000055,20307,88.89,88.89,88.89,2000,1
2017-11-26,10000055,20312,1000000,1000000,1000000,1,1
2017-11-26,10000055,20351,2200000.03,2200000.03,2200000.03,1,1
2017-11-26,10000055,20353,3416267.53,3416267.53,3416267.53,11,6
2017-11-26,10000055,20410,98000,98000,98000,436,3
2017-11-26,10000055,20413,175000,175000,175000,320,1
2017-11-26,10000055,20415,109000,109000,109000,50,3
2017-11-26,10000055,20416,175000,175000,175000,766,6
2017-11-26,10000055,20418,105000,105000,105000,12,2
2017-11-26,10000055,20419,181000,181000,181000,12,2
2017-11-26,10000055,20420,129000,129000,129000,42,1
2017-11-26,10000055,20421,51000,51000,51000,116,2
2017-11-26,10000055,20423,103000.01,103000.01,103000.01,42,1
2017-11-26,10000055,20424,50000,50000,50000,40,4
2017-11-26,10000055,20452,71300000.01,71300000.01,71300000.01,3,2
2017-11-26,10000055,20526,95000000,95000000,95000000,1,1
2017-11-26,10000055,20527,99000000,99000000,99000000,1,1
2017-11-26,10000055,20530,105000000,105000000,105000000,1,1
2017-11-26,10000055,20533,415000000,415000000,415000000,1,1
2017-11-26,10000055,20701,61000000,61000000,61000000,2,2
2017-11-26,10000055,20741,5125,5125,5125,2199,1
2017-11-26,10000055,20747,6440.03,6440.03,6440.03,148,1
2017-11-26,10000055,20749,10349.05,10349.05,10349.05,446,1
2017-11-26,10000055,20751,5300.02,5300.02,5300.02,2,1
2017-11-26,10000055,21096,2123682.05,2119000,2139815.23,15,14
2017-11-26,10000055,21603,14999999.98,14999999.98,14999999.98,2,2
2017-11-26,10000055,21610,22000000,22000000,22000000,1,1
2017-11-26,10000055,21638,1041860.39,1000000,1055275.89,78,13
2017-11-26,10000055,21640,1066963.16,1066963.16,1066963.16,15,4
2017-11-26,10000055,21896,939.99,939.99,939.99,7500,2
2017-11-26,10000055,21898,640,640,640,7360,5
2017-11-26,10000055,21904,942,942,942,3500,2
2017-11-26,10000055,21906,648,648,648,1500,1
2017-11-26,10000055,21922,901.99,901.99,901.99,1500,1
2017-11-26,10000055,21937,1000,1000,1000,11230,1
2017-11-26,10000055,22175,60000,60000,60000,4,4
2017-11-26,10000055,22177,200000,200000,200000,4,4
2017-11-26,10000055,22229,5300000,5300000,5300000,17,4
2017-11-26,10000055,22291,1110797.15,999999,1122543.82,56,23
2017-11-26,10000055,22444,470000000.01,470000000.01,470000000.01,1,1
2017-11-26,10000055,22456,87900000,87900000,87900000,1,1
2017-11-26,10000055,22541,13999999.98,13999999.98,13999999.98,1,1
2017-11-26,10000055,22542,99000,99000,99000,12,5
2017-11-26,10000055,22544,399000000,399000000,399000000,1,1
2017-11-26,10000055,22546,359985913.37,359985913.37,359985913.37,1,1
2017-11-26,10000055,22548,345000000,345000000,345000000,1,1
2017-11-26,10000055,22559,62499873.55,62499873.55,62499873.55,1,1
2017-11-26,10000055,22578,499999.99,499999.99,499999.99,2,2
2017-11-26,10000055,22761,39500000,39500000,39500000,1,1
2017-11-26,10000055,22778,202519.58,200000,216949.91,74,2
2017-11-26,10000055,22782,1850000.03,1850000.03,1850000.03,1,1
2017-11-26,10000055,22961,700,700,700,1000,1
2017-11-26,10000055,22977,875,875,875,4666,3
2017-11-26,10000055,23025,950,950,950,22406,1
2017-11-26,10000055,23031,1400,1400,1400,2111,1
2017-11-26,10000055,23055,4099000,4099000,4099000,20,1
2017-11-26,10000055,23057,3276080.41,3100000,3328000,83,9
2017-11-26,10000055,23059,4000000.01,4000000.01,4000000.01,20,1
2017-11-26,10000055,23073,500000.01,500000.01,500000.01,4,1
2017-11-26,10000055,23079,250000.05,250000.05,250000.05,4,1
2017-11-26,10000055,23089,612000,612000,612000,9,2
2017-11-26,10000055,23097,1199999.99,1199999.99,1199999.99,21,4
2017-11-26,10000055,23103,988000,988000,988000,9,2
2017-11-26,10000055,23525,173999,173999,173999,5,1
2017-11-26,10000055,23527,422909.09,422900,423000,11,11
2017-11-26,10000055,23563,120000,120000,120000,8,1
2017-11-26,10000055,23566,2000000,2000000,2000000,1,1
2017-11-26,10000055,23594,1000000,1000000,1000000,1,1
2017-11-26,10000055,23705,49995,49995,49995,10,2
2017-11-26,10000055,23707,12995,12995,12995,145,15
2017-11-26,10000055,23711,12509.5,12509.5,12509.5,10,2
2017-11-26,10000055,23911,1399999999.99,1300000000,1499999999.98,2,2
2017-11-26,10000055,23915,1408000000,1408000000,1408000000,1,1
2017-11-26,10000055,24241,399999.98,399999.98,399999.98,2,2
2017-11-26,10000055,24242,2500000,2500000,2500000,2,1
2017-11-26,10000055,24283,52000000,52000000,52000000,2,1
2017-11-26,10000055,24305,5648500,5647000,5650000,8,3
2017-11-26,10000055,24314,515000000,515000000,515000000,1,1
2017-11-26,10000055,24348,1242285.72,1000000,1500000.02,7,4
2017-11-26,10000055,24395,285000.03,285000.03,285000.03,1,1
2017-11-26,10000055,24417,1540999.99,1540999.99,1540999.99,16,12
2017-11-26,10000055,24427,1588999.99,1588999.99,1589000,14,13
2017-11-26,10000055,24438,1788800,1490000,1988000,5,3
2017-11-26,10000055,24443,1300000.02,1300000.02,1300000.02,2,2
2017-11-26,10000055,24473,72.05,72.05,72.05,404,1
2017-11-26,10000055,24483,1250000000,1250000000,1250000000,1,1
2017-11-26,10000055,24492,146,146,146,58976,9
2017-11-26,10000055,24509,1198,1198,1198,3000,2
2017-11-26,10000055,24513,615.33,615.33,615.33,29400,9
2017-11-26,10000055,24521,2141,2141,2141,3000,1
2017-11-26,10000055,24533,859.83,859.83,859.83,12348,16
2017-11-26,10000055,24696,47999000,47999000,47999000,1,1
2017-11-26,10000055,24698,34200000.01,15000000.01,53400000,2,2
2017-11-26,10000055,25266,3300000,3300000,3300000,2,1
2017-11-26,10000055,25563,2800000.03,2800000.02,2800000.04,10,2
2017-11-26,10000055,25590,121680,121680,121680,4123,4
2017-11-26,10000055,25591,266700,266700,266700,1397,1
2017-11-26,10000055,25592,16634,16634,16634,2793,1
2017-11-26,10000055,25594,63440,63440,63440,1397,1
2017-11-26,10000055,25596,46096,46096,46096,400,1
2017-11-26,10000055,25597,5290,5290,5290,1397,1
2017-11-26,10000055,25598,12455,12455,12455,2173,2
2017-11-26,10000055,25600,32767,32767,32767,20324,8
2017-11-26,10000055,25601,4425,4425,4425,4883,5
2017-11-26,10000055,25602,19750,19750,19750,10243,1
2017-11-26,10000055,25603,51997,51997,51997,1405,2
2017-11-26,10000055,25605,57198,57198,57198,3856,2
2017-11-26,10000055,25606,99999,99999,99999,777,1
2017-11-26,10000055,25613,1133616,1133616,1133616,6,2
2017-11-26,10000055,25614,712296,712296,712296,59,4
2017-11-26,10000055,25617,452390,452390,452390,98,6
2017-11-26,10000055,25618,21960,21960,21960,228,2
2017-11-26,10000055,25619,765440,765440,765440,146,3
2017-11-26,10000055,25620,57502,57502,57502,126,4
2017-11-26,10000055,25621,1143896,1143896,1143896,30,2
2017-11-26,10000055,25715,1920000.01,1920000.01,1920000.01,28,5
2017-11-26,10000055,25718,4999999.98,4999999.98,4999999.98,1,1
2017-11-26,10000055,25861,73916.67,67000,75000,12,6
2017-11-26,10000055,25887,105000,105000,105000,124,4
2017-11-26,10000055,25894,14799800,14799000,14800000,15,6
2017-11-26,10000055,25948,9138166.16,9136999.99,9138999,6,3
2017-11-26,10000055,26072,5800000.03,5800000.03,5800000.03,1,1
2017-11-26,10000055,26088,9999000,9999000,9999000,1,1
2017-11-26,10000055,26253,300000,300000,300000,1,1
2017-11-26,10000055,26260,100000,100000,100000,2,2
2017-11-26,10000055,26374,44329303.79,43999999,44987913.37,3,2
2017-11-26,10000055,26406,59000000.03,59000000.03,59000000.03,1,1
2017-11-26,10000055,26440,16700000.02,16700000.02,16700000.02,1,1
2017-11-26,10000055,26442,18100000.02,18100000.02,18100000.02,1,1
2017-11-26,10000055,26913,2650000.03,2650000.03,2650000.03,3,1
2017-11-26,10000055,26929,102000.03,102000.03,102000.03,6,5
2017-11-26,10000055,27064,62100000.01,62100000.01,62100000.01,1,1
2017-11-26,10000055,27127,1199997.88,1199997.88,1199997.89,13,4
2017-11-26,10000055,27143,812999.99,812999.99,812999.99,1,1
2017-11-26,10000055,27187,37000000,37000000,37000000,1,1
2017-11-26,10000055,27321,1029,1029,1029,500,1
2017-11-26,10000055,27327,981.04,981.04,981.04,500,1
2017-11-26,10000055,27339,2994.02,2994.02,2994.02,2408,2
2017-11-26,10000055,27345,3221,3221,3221,21405,9
2017-11-26,10000055,27351,2819.02,2819.02,2819.02,8116,5
2017-11-26,10000055,27361,1186.91,1186.91,1186.91,5000,2
2017-11-26,10000055,27387,1445.48,1445.48,1445.48,9705,6
2017-11-26,10000055,27395,2312.97,2312.97,2312.97,40410,3
2017-11-26,10000055,27413,1582.01,1582.01,1582.01,13000,3
2017-11-26,10000055,27435,1380.01,5,1503,5003,5
2017-11-26,10000055,27441,1485.04,1485.04,1485.04,7273,4
2017-11-26,10000055,27453,1320.01,49.99,1436.53,3851,3
2017-11-26,10000055,27906,26999999,26999999,26999999,1,1
2017-11-26,10000055,27912,1199000,1199000,1199000,5,1
2017-11-26,10000055,27914,2297971.12,2297913.37,2298000,3,3
2017-11-26,10000055,27920,1482000,1482000,1482000,5,1
2017-11-26,10000055,28199,3600000.03,3600000.03,3600000.03,10,1
2017-11-26,10000055,28209,1549000,1549000,1549000,3,2
2017-11-26,10000055,28215,1480000.01,1480000.01,1480000.01,8,2
2017-11-26,10000055,28308,100000000,100000000,100000000,1,1
2017-11-26,10000055,28367,410000,410000,410000,85,1
2017-11-26,10000055,28385,430500,430500,430500,142,1
2017-11-26,10000055,28388,415000,415000,415000,90,1
2017-11-26,10000055,28418,262500,262500,262500,76,1
2017-11-26,10000055,28420,250000,250000,250000,171,1
2017-11-26,10000055,28576,2769620.52,2768969.98,2770984.99,37,9
2017-11-26,10000055,28578,1045161.3,1000000,1050000.01,31,9
2017-11-26,10000055,28583,64999000,64999000,64999000,1,1
2017-11-26,10000055,28668,28499.96,28499.96,28499.96,5043,18
2017-11-26,10000055,28758,41499999.99,41499999.99,41499999.99,3,3
2017-11-26,10000055,28999,20000.05,20000.05,20000.05,10,4
2017-11-26,10000055,29001,14997.91,14997.91,14997.91,22,10
2017-11-26,10000055,29005,15000,15000,15000,4,2
2017-11-26,10000055,29007,14995,14995,14995,1,1
2017-11-26,10000055,29009,16900.01,16000.01,25000,10,6
2017-11-26,10000055,29011,20000.05,20000.05,20000.05,17,11
2017-11-26,10000055,29013,20000.04,20000.04,20000.04,2,2
2017-11-26,10000055,29015,20294.16,20000.05,25000,17,8
2017-11-26,10000055,29029,130000000,130000000,130000000,1,1
2017-11-26,10000055,29984,184520000,175000000,186900000,5,5
2017-11-26,10000055,30013,40846.13,40500,40999.97,52,4
2017-11-26,10000055,30028,66000,66000,66000,16,1
2017-11-26,10000055,30486,572990,572990,572990,40,4
2017-11-26,10000055,30488,574990.83,574990,575000,96,9
2017-11-26,10000055,30652,2500000,2500000,2500000,1,1
2017-11-26,10000055,30832,1999999.98,1999999.98,1999999.98,3,3
2017-11-26,10000055,30836,1940000,1939999.99,1940000,37,6
2017-11-26,10000055,30993,59999000,59999000,59999000,6,2
2017-11-26,10000055,31009,808999.99,808999.99,808999.99,1,1
2017-11-26,10000055,31017,27879997.5,27878000,27881995,2,2
2017-11-26,10000055,31023,2480992.33,2479989,2482999,3,3
2017-11-26,10000055,31035,2938399.99,2937999.99,2940000,5,5
2017-11-26,10000055,31037,56300000,56300000,56300000,1,1
2017-11-26,10000055,31045,575000.02,575000.02,575000.02,1,1
2017-11-26,10000055,31047,4049810.84,4049736.37,4049866.69,7,6
2017-11-26,10000055,31053,42022998.99,42022998.99,42022998.99,1,1
2017-11-26,10000055,31055,2099989,2099989,2099989,1,1
2017-11-26,10000055,31059,24640988.49,24639991.99,24641984.98,8,5
2017-11-26,10000055,31065,5244000,5244000,5244000,1,1
2017-11-26,10000055,31073,4049999,4049999,4049999,2,1
2017-11-26,10000055,31083,1099999.92,1099999.92,1099999.92,1,1
2017-11-26,10000055,31085,2999000,2999000,2999000,3,1
2017-11-26,10000055,31111,2950000,2950000,2950000,2,2
2017-11-26,10000055,31119,1849454.54,1848999.99,1850000,11,5
2017-11-26,10000055,31125,12488579.79,12488000,12488869.69,3,3
2017-11-26,10000055,31153,314490.59,314490.59,314490.59,4,2
2017-11-26,10000055,31155,1649999.99,1649999.99,1649999.99,3,2
2017-11-26,10000055,31159,472000,472000,472000,9,6
2017-11-26,10000055,31161,1339999.99,1339999.99,1339999.99,2,2
2017-11-26,10000055,31163,34436333.33,34369000,34470000,3,3
2017-11-26,10000055,31165,4777832.83,4776999,4779999.99,6,5
2017-11-26,10000055,31167,19961625.37,19961625.37,19961625.37,3,1
2017-11-26,10000055,31171,4959999.98,4959999.98,4959999.98,3,3
2017-11-26,10000055,31173,13946998.94,13946998.94,13946998.94,1,1
2017-11-26,10000055,31177,365000,365000,365000.01,18,7
2017-11-26,10000055,31179,1733999,1733999,1733999,1,1
2017-11-26,10000055,31183,8743353.87,8742912,8745735.36,7,6
2017-11-26,10000055,31201,170000.03,170000.03,170000.03,3,2
2017-11-26,10000055,31207,4700000,4700000,4700000,1,1
2017-11-26,10000055,31213,90000,90000,90000,2,2
2017-11-26,10000055,31220,4699000,4699000,4699000,1,1
2017-11-26,10000055,31238,80000.03,80000.03,80000.03,1,1
2017-11-26,10000055,31262,275000.03,275000.03,275000.03,5,1
2017-11-26,10000055,31264,675000.04,675000.04,675000.04,2,1
2017-11-26,10000055,31274,429999.98,429999.98,429999.98,10,1
2017-11-26,10000055,31280,3249999.91,3249999.91,3249999.91,1,1
2017-11-26,10000055,31282,10720000,10720000,10720000,1,1
2017-11-26,10000055,31286,120000.02,120000.02,120000.02,1,1
2017-11-26,10000055,31288,850000.04,850000.04,850000.04,2,1
2017-11-26,10000055,31300,525000,525000,525000,6,2
2017-11-26,10000055,31310,500000,500000,500000,1,1
2017-11-26,10000055,31358,781714.28,780000,781999.99,7,3
2017-11-26,10000055,31360,4088989.97,4088989.97,4088989.97,2,2
2017-11-26,10000055,31364,4299652.37,4299652.37,4299652.37,1,1
2017-11-26,10000055,31366,24999999,24999999,24999999,2,2
2017-11-26,10000055,31370,260000,260000,260000,3,1
2017-11-26,10000055,31372,1589441.07,1588765,1592000,26,12
2017-11-26,10000055,31374,29479000,29458999.99,29489000,3,3
2017-11-26,10000055,31378,11255528.06,11249690.37,11279826.7,18,13
2017-11-26,10000055,31380,206909999.99,206909999.99,206909999.99,2,2
2017-11-26,10000055,31486,5390000,5390000,5390000,1,1
2017-11-26,10000055,31586,579999.96,579999.96,579999.97,10,9
2017-11-26,10000055,31598,519999.9,519999.9,519999.9,1,1
2017-11-26,10000055,31600,2499999.89,2499999.89,2499999.89,1,1
2017-11-26,10000055,31606,13200000,13200000,13200000,3,2
2017-11-26,10000055,31616,14975999.98,14975999.98,14975999.99,3,3
2017-11-26,10000055,31620,630000.02,630000.02,630000.02,5,5
2017-11-26,10000055,31622,1874999,1874999,1874999,2,2
2017-11-26,10000055,31664,9930000,9930000,9930000,1,1
2017-11-26,10000055,31682,450000,450000,450000,1,1
2017-11-26,10000055,31694,479999.99,479999.99,479999.99,4,1
2017-11-26,10000055,31716,49999.97,49999.97,49999.97,2,2
2017-11-26,10000055,31718,229705.78,229651.37,229738,16,6
2017-11-26,10000055,31724,5257998.5,5257998,5257999,4,4
2017-11-26,10000055,31726,71300000,71300000,71300000,1,1
2017-11-26,10000055,31736,5000000.02,5000000.02,5000000.02,3,3
2017-11-26,10000055,31742,279444.96,229999.99,288000.62,18,15
2017-11-26,10000055,31748,7445666.56,7443999.5,7446999.95,12,9
2017-11-26,10000055,31754,258235.28,229999.99,269999.99,17,8
2017-11-26,10000055,31756,7200000.04,7200000.04,7200000.04,1,1
2017-11-26,10000055,31760,5994831.16,5992988.95,5999000,6,5
2017-11-26,10000055,31788,398714.29,333000,425000,7,3
2017-11-26,10000055,31790,1685278.77,1518438.46,1700000,37,17
2017-11-26,10000055,31794,9992999.99,9992999.99,9992999.99,3,1
2017-11-26,10000055,31796,20177568.76,20123000,20221223.76,9,5
2017-11-26,10000055,31802,1968504.02,1962520.12,1970000,10,3
2017-11-26,10000055,31872,2799999.99,2799999.99,2799999.99,25,4
2017-11-26,10000055,31874,2876685.08,2875999.99,2876753.59,11,2
2017-11-26,10000055,31876,3454500,3454500,3454500,257,29
2017-11-26,10000055,31878,5354167.38,5353899.99,5354211.95,14,5
2017-11-26,10000055,31884,4990000,4990000,4990000,11,2
2017-11-26,10000055,31888,2969712.99,2969712.99,2969712.99,8,2
2017-11-26,10000055,31902,50000000,50000000,50000000,1,1
2017-11-26,10000055,31926,52499999.99,52499999.99,52499999.99,1,1
2017-11-26,10000055,31928,13200000,13200000,13200000,1,1
2017-11-26,10000055,31942,34900000,34900000,34900000,15,8
2017-11-26,10000055,31952,36000000,36000000,36000000,13,2
2017-11-26,10000055,31990,55800.02,55800.02,55800.02,63,3
2017-11-26,10000055,31998,92000.03,92000.03,92000.03,12,1
2017-11-26,10000055,32006,145000,145000,145000,171,9
2017-11-26,10000055,32014,219000,219000,219000,262,11
2017-11-26,10000055,32035,2850000.04,2850000.04,2850000.04,1,1
2017-11-26,10000055,32043,3097857.14,3085000,3100000,7,4
2017-11-26,10000055,32063,44755825.37,44755825.37,44755825.37,2,2
2017-11-26,10000055,32339,105000000,105000000,105000000,1,1
2017-11-26,10000055,32780,1374999.99,1374999.99,1374999.99,2,1
2017-11-26,10000055,32787,30999.99,30999.99,30999.99,10,2
2017-11-26,10000055,32817,1200000.02,1200000.02,1200000.02,13,2
2017-11-26,10000055,32819,1050000,1050000,1050000,29,5
2017-11-26,10000055,32858,750000,750000,750000,1,1
2017-11-26,10000055,32880,385000,384999.99,385000,2,2
2017-11-26,10000055,32999,500000,500000,500000,1,1
2017-11-26,10000055,33001,500000,500000,500000,1,1
2017-11-26,10000055,33003,389090.91,380000,390000,33,3
2017-11-26,10000055,33076,239367.4,229740.07,297131.35,7,4
2017-11-26,10000055,33078,1300000,1300000,1300000,1,1
2017-11-26,10000055,33091,400000,400000,400000,1,1
2017-11-26,10000055,33095,1500000,1500000,1500000,1,1
2017-11-26,10000055,33098,1500000,1500000,1500000,1,1
2017-11-26,10000055,33101,999998.93,999998.93,999998.93,2,2
2017-11-26,10000055,33180,100000,100000,100000,2,2
2017-11-26,10000055,33199,1600000.04,1600000.04,1600000.04,1,1
2017-11-26,10000055,33270,34000,34000,34000,1,1
2017-11-26,10000055,33281,53973000,53973000,53973000,3,1
2017-11-26,10000055,33359,22467,22467,22467,93617,4
2017-11-26,10000055,33360,24099.97,24099.97,24099.97,7136,2
2017-11-26,10000055,33361,20743,20743,20743,4384,1
2017-11-26,10000055,33362,28566,28566,28566,47289,3
2017-11-26,10000055,33440,50000,50000,50000,6,2
2017-11-26,10000055,33450,3855882.35,3750000,4050000,17,4
2017-11-26,10000055,33467,4000000,4000000,4000000,1,1
2017-11-26,10000055,33468,67000000,67000000,67000000,3,3
2017-11-26,10000055,33470,226798988.01,226798988.01,226798988.01,2,2
2017-11-26,10000055,33474,2449999.33,2449999,2450000,3,3
2017-11-26,10000055,33475,9701694.92,9700000,11000000,59,13
2017-11-26,10000055,33681,96855177.1,96855177.1,96855177.1,2,1
2017-11-26,10000055,33699,500000,500000,500000,3,3
2017-11-26,10000055,33708,4320000.01,4320000.01,4320000.01,10,1
2017-11-26,10000055,33820,780000000,780000000,780000000,1,1
2017-11-26,10000055,33822,950000,950000,950000,1,1
2017-11-26,10000055,33824,2378666.67,2343000,2500000,9,9
2017-11-26,10000055,33830,23989999.99,23989999.99,23989999.99,1,1
2017-11-26,10000055,33844,116799000,116798999.99,116799000,42,12
2017-11-26,10000055,33846,120000000,120000000,120000000,1,1
2017-11-26,10000055,33890,1080000,1080000,1080000,2,1
2017-11-26,10000055,33894,4694999.5,4694999,4695000,12,3
2017-11-26,10000055,33915,279999.99,279999.99,279999.99,2,2
2017-11-26,10000055,34202,2900000,2900000,2900000,20,1
2017-11-26,10000055,34204,1296000,1296000,1296000,28,2
2017-11-26,10000055,34317,60200000,60200000,60200000,1,1
2017-11-26,10000055,34533,2000000,2000000,2000000,1,1
2017-11-26,10000055,34562,54999999.99,54999999.99,54999999.99,1,1
2017-11-26,10000055,34593,19991000,19991000,19991000,3,2
2017-11-26,10000055,35656,24999.77,24999,25000.03,4,4
2017-11-26,10000055,35658,30999.98,30999.95,31000.02,5,5
2017-11-26,10000055,35659,95000,95000,95000,11,11
2017-11-26,10000055,35660,25000.01,25000.01,25000.01,6,6
2017-11-26,10000055,35661,612000,600000,616000,4,4
2017-11-26,10000055,35683,52100000,52100000,52100000,1,1
2017-11-26,10000055,35771,1683333.33,1350000,1850000,3,3
2017-11-26,10000055,35790,2241040,2050000,2249000,25,18
2017-11-26,10000055,35794,20277.78,20000,25000,18,14
2017-11-26,10000055,35795,16000,16000,16000,27,17
2017-11-26,10000055,36910,8374076.35,8374076.35,8374076.35,1,1
2017-11-26,10000055,37135,35800000,35800000,35800000,2,2
2017-11-26,10000055,37451,2199999.73,2199999.73,2199999.73,1,1
2017-11-26,10000055,37604,1250000000,1250000000,1250000000,1,1
2017-11-26,10000055,37607,1200000000,1200000000,1200000000,1,1
2017-11-26,10000055,40347,7999769.23,7999000,8000000,26,3
2017-11-26,10000055,40357,160833333.33,160000000,162500000,3,2
2017-11-26,10000055,40361,3593000,3593000,3593000,7,2
2017-11-26,10000055,40519,422850356.67,422850356.67,422850356.67,1,1
2017-11-26,10000055,40520,963200000,963200000,963200000,6,2
2017-11-26,10000055,40557,11165509.99,11100301,12649000,288,12
2017-11-26,10000055,40566,33582524.58,33582000,33582999.99,61,3
2017-11-26,10000055,40573,105000000,105000000,105000000,1,1
2017-11-26,10000055,41034,145000,145000,145000,4,2
2017-11-26,10000055,41057,5600000,5600000,5600000,1,1
2017-11-26,10000055,41155,16000,16000,16000,6,6
2017-11-26,10000055,41218,33000000,33000000,33000000,3,3
2017-11-26,10000055,41220,94999999.99,94999999.99,94999999.99,1,1
2017-11-26,10000055,41266,182520.03,182520.03,182520.03,159,1
2017-11-26,10000055,41267,457545,457545,457545,2064,1
2017-11-26,10000055,41268,1834671,1834671,1834671,80,1
2017-11-26,10000055,41273,9800.03,9800.03,9800.03,5045,2
2017-11-26,10000055,41411,43893590.63,43738000,43967999.99,22,9
2017-11-26,10000055,41415,165869933.33,165869000,165870000,15,6
2017-11-26,10000055,41463,81599000,81599000,81599000,3,1
2017-11-26,10000055,41486,21000000,21000000,21000000,1,1
2017-11-26,10000055,41489,9313.16,9300,9500,76,3
2017-11-26,10000055,41490,1200000,1200000,1200000,435,3
2017-11-26,10000055,41491,39537000,39537000,39537000,2,2
2017-11-26,10000055,41493,141500000.01,140000000,143000000.01,2,2
2017-11-26,10000055,41498,104999000,104999000,104999000,2,1
2017-11-26,10000055,41521,15000,15000,15000,1,1
2017-11-26,10000055,41522,15000,15000,15000,1,1
2017-11-26,10000055,41523,15000,15000,15000,1,1
2017-11-26,10000055,41524,15000,15000,15000,1,1
2017-11-26,10000055,41528,94990000,94990000,94990000,1,1
2017-11-26,10000055,42244,55999500,49000000,62999000,2,2
2017-11-26,10000055,42529,1500000,1500000,1500000,1,1
2017-11-26,10000055,42694,850.02,850.02,850.02,15001,4
2017-11-26,10000055,42695,850.01,850.01,850.01,5300,2
2017-11-26,10000055,42696,850.02,850.02,850.02,1000,2
2017-11-26,10000055,42829,730,730,730,11200,4
2017-11-26,10000055,42830,739.99,739.99,739.99,13200,5
2017-11-26,10000055,42832,949.99,949.99,949.99,900,2
2017-11-26,10000055,42833,900,900,900,1000,2
2017-11-26,10000055,42834,1000,1000,1000,1300,2
2017-11-26,10000055,42836,1999.99,1999.99,1999.99,15050,2
2017-11-26,10000055,42838,900,900,900,300,1
2017-11-26,10000055,42839,949.99,949.99,949.99,300,1
2017-11-26,10000055,42840,900,900,900,600,2
2017-11-26,10000055,43551,6587199.99,6587000,6587999.99,5,3
2017-11-26,10000055,43552,3050000.01,3050000.01,3050000.01,2,2
2017-11-26,10000055,43555,3000000.03,3000000.03,3000000.03,1,1
2017-11-26,10000055,43556,4000000,4000000,4000000,1,1
2017-11-26,10000055,43699,364708.33,89500,750000,12,5
2017-11-26,10000055,43700,5500000,5500000,5500000,2,1
2017-11-26,10000055,43702,500000,500000,500000,1,1
2017-11-26,10000055,44102,250000,250000,250000,9,1
2017-11-26,10000055,44992,2840002.09,2840002.09,2840002.09,35,1
2017-11-26,10000055,45589,52800000,52800000,52800000,2,2
2017-11-26,10000055,45590,29999999.89,29999999.89,29999999.89,1,1
2017-11-26,10000055,45591,44000000,44000000,44000000,5,5
2017-11-26,10000055,45602,64999999,64999999,64999999,1,1
2017-11-26,10000055,45603,52800000.01,52800000.01,52800000.01,2,2
2017-11-26,10000055,45613,45333333.33,42000000,52000000,3,3
2017-11-26,10000055,45614,57450000,55000000,59900000,2,2
2017-11-26,10000055,45615,39500000,39500000,39500000,1,1
2017-11-26,10000055,45625,14999999.95,14999999.95,14999999.95,1,1
2017-11-26,10000055,45626,37000000,37000000,37000000,3,3
2017-11-26,10000055,45635,213194811.38,199050009.36,255400000.01,12,5
2017-11-26,10000055,46002,5000000,5000000,5000000,1,1
2017-11-26,10000055,46008,21300000,8000000,25000000,10,9
2017-11-26,10000055,46356,4000000,4000000,4000000,4,1
2017-11-26,10000055,46365,850000,850000,850000,4,1
2017-11-26,10000055,46366,3900000,3900000,3900000,4,1
2017-11-26,10000055,46368,4000000,4000000,4000000,4,1
2017-11-26,10000055,46369,1240000,850000,1500000,10,2
2017-11-26,10000055,46370,4000000,4000000,4000000,4,1
2017-11-26,10000055,46371,850000,850000,850000,4,2
2017-11-26,10000055,46372,4000000,4000000,4000000,4,1
2017-11-26,10000056,34,4.38,4.38,4.38,750,1
2017-11-26,10000056,37,47.48,47.48,47.48,12001,2
2017-11-26,10000056,38,320,320,320,270000,5
2017-11-26,10000056,39,989,989,989.5,41150,3
2017-11-26,10000056,40,1499.99,1499.99,1499.99,40000,5
2017-11-26,10000056,199,300,300,300,10000,1
2017-11-26,10000056,211,11.7,11.7,11.7,7999,1
2017-11-26,10000056,448,1699999,1699999,1699999,1,1
2017-11-26,10000056,519,1999999.98,1999999.98,1999999.98,3,2
2017-11-26,10000056,583,550000,550000,550000,1,1
2017-11-26,10000056,598,999999.98,999999.98,999999.98,3,1
2017-11-26,10000056,603,999999.98,999999.98,999999.98,1,1
2017-11-26,10000056,605,550000,550000,550000,1,1
2017-11-26,10000056,609,550000,550000,550000,1,1
2017-11-26,10000056,621,9699999.5,8399999,11000000,2,2
2017-11-26,10000056,626,8700000,8700000,8700000,2,2
2017-11-26,10000056,654,1200000,1200000,1200000,1,1
2017-11-26,10000056,655,1500000,1500000,1500000,1,1
2017-11-26,10000056,656,1300000,1300000,1300000,1,1
2017-11-26,10000056,1236,999999.98,999999.98,999999.98,4,1
2017-11-26,10000056,1319,919999.99,680000,999999.99,4,3
2017-11-26,10000056,1403,50000,50000,50000,10,3
2017-11-26,10000056,1405,700000,700000,700000,14,3
2017-11-26,10000056,1952,1599999.5,1199999.01,1999999.99,2,2
2017-11-26,10000056,2032,908333.32,450000,999999.98,6,4
2017-11-26,10000056,2048,1299999.99,1299999.99,1299999.99,1,1
2017-11-26,10000056,2254,1999999.91,1999999.91,1999999.91,1,1
2017-11-26,10000056,2281,3999999.98,3999999.98,3999999.98,5,4
2017-11-26,10000056,2297,2999999.98,2999999.98,2999999.98,1,1
2017-11-26,10000056,2410,1699999,1699999,1699999,5,1
2017-11-26,10000056,2444,500000,500000,500000,1,1
2017-11-26,10000056,2456,790818.09,790000,798999,11,2
2017-11-26,10000056,2476,47000,47000,47000,7,2
2017-11-26,10000056,2478,2400000,2399999.99,2400000,14,3
2017-11-26,10000056,2488,600000,600000,600000,5,1
2017-11-26,10000056,2524,4000000,4000000,4000000,1,1
2017-11-26,10000056,2533,2499999.91,2499999.91,2499999.91,3,2
2017-11-26,10000056,2534,4500000,4000000,6000000,4,3
2017-11-26,10000056,2549,1999999.91,1999999.91,1999999.91,2,1
2017-11-26,10000056,2551,1999999.99,1999999.99,1999999.99,2,1
2017-11-26,10000056,2605,699999.99,699999.98,700000,3,2
2017-11-26,10000056,2629,100.01,100.01,100.01,15,1
2017-11-26,10000056,2679,200,200,200,30000,1
2017-11-26,10000056,2811,2499.99,2499.99,2499.99,4000,2
2017-11-26,10000056,2889,999999.98,999999.98,999999.98,4,1
2017-11-26,10000056,2977,1199999.99,1199999.99,1199999.99,4,1
2017-11-26,10000056,3244,1699999.98,1699999.98,1699999.98,1,1
2017-11-26,10000056,3325,1999999.98,1999999.98,1999999.98,1,1
2017-11-26,10000056,3340,4999999.99,4999999.99,4999999.99,1,1
2017-11-26,10000056,3504,2500000,2500000,2500000,1,1
2017-11-26,10000056,3841,1999999.98,1999999.98,1999999.98,3,1
2017-11-26,10000056,4246,20000,20000,20000,26000,3
2017-11-26,10000056,4393,300000,300000,300000,2,1
2017-11-26,10000056,4395,692857.12,692857.12,692857.12,1,1
2017-11-26,10000056,4405,2009000,1700000,2499999.99,10,5
2017-11-26,10000056,4833,499999.98,499999.98,499999.98,1,1
2017-11-26,10000056,5971,800000,800000,800000,1,1
2017-11-26,10000056,5973,964444.44,893333.33,999999.99,3,3
2017-11-26,10000056,6759,24000,24000,24000,1,1
2017-11-26,10000056,8007,299999.98,299999.98,299999.98,5,1
2017-11-26,10000056,8529,388999,388999,388999,1,1
2017-11-26,10000056,8907,30000,30000,30000,1,1
2017-11-26,10000056,9632,699999.99,400000,999999.98,2,2
2017-11-26,10000056,10208,25599999.99,25599999.99,25599999.99,1,1
2017-11-26,10000056,10212,25799999.99,25599999.99,25999999.99,2,2
2017-11-26,10000056,10216,25799999.99,25599999.99,25999999.99,2,2
2017-11-26,10000056,10221,25599999.99,25599999.99,25599999.99,1,1
2017-11-26,10000056,10631,899999.98,899999.98,899999.98,6,1
2017-11-26,10000056,10850,400000.01,400000.01,400000.01,1,1
2017-11-26,10000056,10998,195000,195000,195000,6,2
2017-11-26,10000056,11269,985934,985934,985934,2,2
2017-11-26,10000056,11289,6750.01,6750.01,6750.01,5,1
2017-11-26,10000056,11370,2000000,2000000,2000000,1,1
2017-11-26,10000056,11640,999999.99,999999.99,999999.99,3,2
2017-11-26,10000056,12199,20000000,20000000,20000000,1,1
2017-11-26,10000056,12761,749.98,749.98,749.98,28000,2
2017-11-26,10000056,12779,799.99,799.99,799.99,4000,1
2017-11-26,10000056,13262,1299999.89,1299999.89,1299999.89,1,1
2017-11-26,10000056,15681,129999999.99,129999999.99,129999999.99,2,1
2017-11-26,10000056,16273,60,60,60,175000,3
2017-11-26,10000056,16275,5850,5850,5850,48001,2
2017-11-26,10000056,16278,1500000,1500000,1500000,2,1
2017-11-26,10000056,17366,100000,100000,100000,1,1
2017-11-26,10000056,17476,20999000,20999000,20999000,1,1
2017-11-26,10000056,17478,19999999,19999999,19999999,1,1
2017-11-26,10000056,17482,2000000,2000000,2000000,2,1
2017-11-26,10000056,17715,249999999.99,249999999.99,249999999.99,3,3
2017-11-26,10000056,17887,950,950,950,141087,1
2017-11-26,10000056,17889,500.01,500.01,500.01,3243793,3
2017-11-26,10000056,17938,499999.99,499999.99,499999.99,1,1
2017-11-26,10000056,18624,596818.17,596818.17,596818.17,10,1
2017-11-26,10000056,18635,399999.99,399999.99,399999.99,46,4
2017-11-26,10000056,18639,899999.99,899999.99,899999.99,1,1
2017-11-26,10000056,21096,2499999.99,2499999.99,2499999.99,10,1
2017-11-26,10000056,21640,1291769.23,1199000,1499999.99,13,5
2017-11-26,10000056,21898,599.98,599.98,599.98,10000,1
2017-11-26,10000056,21906,599.98,599.98,599.98,10000,1
2017-11-26,10000056,22175,590000,590000,590000,1,1
2017-11-26,10000056,22291,1399999.98,1399999.98,1399999.98,1,1
2017-11-26,10000056,23061,3500000,3500000,3500000,50,1
2017-11-26,10000056,23089,799999,799999,799999,1,1
2017-11-26,10000056,23527,575000,400000,750000,2,2
2017-11-26,10000056,23563,150000,150000,150000,5,1
2017-11-26,10000056,23705,160000,160000,160000,5,1
2017-11-26,10000056,23707,796088.89,99900,995000,9,5
2017-11-26,10000056,24348,1799999,1799999,1799999,4,2
2017-11-26,10000056,24427,1400000,1400000,1400000,4,2
2017-11-26,10000056,24438,1500000,1500000,1500000,2,2
2017-11-26,10000056,24477,99.96,99.96,99.96,2000,1
2017-11-26,10000056,24533,780,780,780,40000,1
2017-11-26,10000056,25596,46000,46000,46000,600,1
2017-11-26,10000056,25861,200000,200000,200000,2,1
2017-11-26,10000056,25948,6999999.99,6999999.99,6999999.99,3,1
2017-11-26,10000056,26374,59999999.99,59999999.99,59999999.99,1,1
2017-11-26,10000056,27395,2179.2,2179.2,2179.2,5222,1
2017-11-26,10000056,27429,2499.99,2499.99,2499.99,28000,1
2017-11-26,10000056,28215,1100000,1100000,1100000,5,1
2017-11-26,10000056,28576,1199999,1199999,1199999,3,1
2017-11-26,10000056,28668,32500,30000,34999.99,200,2
2017-11-26,10000056,28758,44999999.99,44999999.99,44999999.99,6,1
2017-11-26,10000056,29011,2999999.98,2999999.98,2999999.98,1,1
2017-11-26,10000056,30013,20743.31,20743.31,20743.31,8,1
2017-11-26,10000056,30028,50000,50000,50000,40,1
2017-11-26,10000056,30488,799999,799999,799999,8,1
2017-11-26,10000056,31083,899999,899999,899999,12,1
2017-11-26,10000056,31129,999000,999000,999000,1,1
2017-11-26,10000056,31159,699999.99,699999.98,699999.99,4,2
2017-11-26,10000056,31165,5999999.99,5999999.99,5999999.99,2,2
2017-11-26,10000056,31183,3499999.98,3499999.98,3499999.98,1,1
2017-11-26,10000056,31322,499999.98,499999.98,499999.98,1,1
2017-11-26,10000056,31378,15000000,15000000,15000000,1,1
2017-11-26,10000056,31408,2699999.99,2699999.99,2699999.99,2,2
2017-11-26,10000056,31718,599999.96,599999.96,599999.97,12,3
2017-11-26,10000056,31790,1999999.99,1999999.99,1999999.99,16,4
2017-11-26,10000056,31802,1999999.98,1999999.98,1999999.98,3,1
2017-11-26,10000056,31888,1999999.98,1999999.98,1999999.98,5,1
2017-11-26,10000056,31890,3051390.26,2999999.98,3385427.1,15,4
2017-11-26,10000056,31892,3999998.33,3999998,3999999.99,6,3
2017-11-26,10000056,31932,39999999.99,39999999.99,39999999.99,2,1
2017-11-26,10000056,32014,375000,350000,399999.99,40,2
2017-11-26,10000056,32880,200000,200000,200000,1,1
2017-11-26,10000056,33003,450000,450000,450000,5,1
2017-11-26,10000056,33285,64999999.99,64999999.99,64999999.99,2,1
2017-11-26,10000056,33474,5000000,5000000,5000000,2,2
2017-11-26,10000056,33475,10999999,10999999,10999999,3,1
2017-11-26,10000056,33824,1500000,1500000,1500000,1,1
2017-11-26,10000056,33828,19999999.99,19999999.99,19999999.99,1,1
2017-11-26,10000056,33844,149999999.99,149999999.99,149999999.99,1,1
2017-11-26,10000056,33915,599999.99,599999.99,599999.99,1,1
2017-11-26,10000056,35656,500000,500000,500000,3,3
2017-11-26,10000056,35657,999999.99,999999.99,999999.99,1,1
2017-11-26,10000056,35659,350000,350000,350000,1,1
2017-11-26,10000056,37820,29999999.98,29999999.98,29999999.98,3,1
2017-11-26,10000056,40559,13890243.9,13500000,14000000,41,3
2017-11-26,10000056,40564,33899999.99,33899999.99,33899999.99,13,4
2017-11-26,10000056,40569,19000000,19000000,19000000,10,1
2017-11-26,10000056,40570,15000000,15000000,15000000,6,1
2017-11-26,10000056,40571,15000000,15000000,15000000,6,1
2017-11-26,10000056,44992,2800000.03,2800000.03,2800000.03,50,1
2017-11-26,10000057,34,5.05,5.05,5.05,2953599,8
2017-11-26,10000057,35,4.94,4.94,4.94,197835,1
2017-11-26,10000057,36,63,63,63,94785,2
2017-11-26,10000057,37,42,42,42,42211,5
2017-11-26,10000057,38,320,320,320,44902,6
2017-11-26,10000057,39,960,960,960,6484,4
2017-11-26,10000057,40,1050,1050,1050,677,2
2017-11-26,10000057,184,25,25,25,1500,1
2017-11-26,10000057,192,125,125,125,6000,1
2017-11-26,10000057,393,25000,25000,25000,2,1
2017-11-26,10000057,439,20000,20000,20000,1,1
2017-11-26,10000057,584,999999.99,999999.99,999999.99,1,1
2017-11-26,10000057,585,1499999.99,1499999.99,1499999.99,1,1
2017-11-26,10000057,593,800000,800000,800000,1,1
2017-11-26,10000057,597,500000,500000,500000,1,1
2017-11-26,10000057,622,11999999.99,11999999.99,11999999.99,1,1
2017-11-26,10000057,650,1999999.99,1999999.99,1999999.99,1,1
2017-11-26,10000057,1319,2900000,2900000,2900000,7,2
2017-11-26,10000057,2032,2500000,2500000,2500000,1,1
2017-11-26,10000057,2254,90000,90000,90000,1,1
2017-11-26,10000057,2454,15000,15000,15000,2,1
2017-11-26,10000057,2456,400000,400000,400000,29,3
2017-11-26,10000057,2550,90000,90000,90000,1,1
2017-11-26,10000057,3433,100000,100000,100000,1,1
2017-11-26,10000057,3841,1575000,1575000,1575000,1,1
2017-11-26,10000057,4051,19,19,19,69253,1
2017-11-26,10000057,5239,1777777,1777777,1777777,4,2
2017-11-26,10000057,5403,750000,750000,750000,1,1
2017-11-26,10000057,5405,750000,750000,750000,1,1
2017-11-26,10000057,6003,850000,850000,850000,2,2
2017-11-26,10000057,8517,5000000,5000000,5000000,1,1
2017-11-26,10000057,9632,888888,888888,888888,3,3
2017-11-26,10000057,9899,11000000,11000000,11000000,2,2
2017-11-26,10000057,9941,11000000,11000000,11000000,2,2
2017-11-26,10000057,9942,11000000,11000000,11000000,2,2
2017-11-26,10000057,9943,11000000,11000000,11000000,2,2
2017-11-26,10000057,9956,11000000,11000000,11000000,1,1
2017-11-26,10000057,10250,700000,700000,700000,4,1
2017-11-26,10000057,10850,1950000,1950000,1950000,1,1
2017-11-26,10000057,11129,500000,500000,500000,2,2
2017-11-26,10000057,11289,4979,4979,4979,1000,1
2017-11-26,10000057,12056,75000,75000,75000,1,1
2017-11-26,10000057,12198,4000000,4000000,4000000,2,1
2017-11-26,10000057,16267,460000,460000,460000,2,1
2017-11-26,10000057,16273,150,150,150,6100,5
2017-11-26,10000057,16278,2000000,2000000,2000000,2,1
2017-11-26,10000057,16451,31244,31244,31244,1,1
2017-11-26,10000057,17456,64.5,64.5,64.5,73,1
2017-11-26,10000057,17470,13.37,13.37,13.37,39796,1
2017-11-26,10000057,17471,14.01,14.01,14.01,105833,2
2017-11-26,10000057,17476,33000000,33000000,33000000,2,1
2017-11-26,10000057,17481,1400000000,1400000000,1400000000,1,1
2017-11-26,10000057,17482,2500000,1500000,3500000,12,4
2017-11-26,10000057,18025,400000,400000,400000,1,1
2017-11-26,10000057,18598,750000,750000,750000,2,1
2017-11-26,10000057,18639,2000000,1999999.99,2000000,2,2
2017-11-26,10000057,18835,19999999.99,19999999.99,19999999.99,1,1
2017-11-26,10000057,19946,200000,200000,200000,2,1
2017-11-26,10000057,21096,3900000,3900000,3900000,2,1
2017-11-26,10000057,22291,1895000,1895000,1895000,2,1
2017-11-26,10000057,22536,75000,75000,75000,101,2
2017-11-26,10000057,22542,1025000,50000,2000000,2,2
2017-11-26,10000057,22552,400000,400000,400000,101,2
2017-11-26,10000057,23527,1000000,1000000,1000000,3,1
2017-11-26,10000057,24443,1193000,1193000,1193000,4,1
2017-11-26,10000057,24702,36500000,36500000,36500000,1,1
2017-11-26,10000057,25563,2750000,2750000,2750000,1,1
2017-11-26,10000057,25590,80000,80000,80000,14,3
2017-11-26,10000057,25591,100000,100000,100000,30,8
2017-11-26,10000057,25596,20000,20000,20000,13,2
2017-11-26,10000057,25597,4000,4000,4000,17,5
2017-11-26,10000057,25598,8500,8500,8500,62,5
2017-11-26,10000057,25599,800,800,800,29,2
2017-11-26,10000057,25600,24000,24000,24000,3,1
2017-11-26,10000057,25601,4000,4000,4000,30,2
2017-11-26,10000057,25604,10000,10000,10000,12,3
2017-11-26,10000057,25605,20000,20000,20000,3,1
2017-11-26,10000057,26929,245000,245000,245000,1,1
2017-11-26,10000057,27143,2500000,2500000,2500000,1,1
2017-11-26,10000057,28353,3000000000,3000000000,3000000000,3,3
2017-11-26,10000057,28576,1425179.31,1425179.31,1425179.31,1,1
2017-11-26,10000057,28607,900000000,900000000,900000000,1,1
2017-11-26,10000057,28668,35000,35000,35000,150,1
2017-11-26,10000057,28758,60000670.84,60000670.84,60000670.84,1,1
2017-11-26,10000057,29001,50000,50000,50000,1,1
2017-11-26,10000057,29015,40000.01,40000.01,40000.01,40,1
2017-11-26,10000057,29248,648998,648998,648998,1,1
2017-11-26,10000057,30028,119999.99,119999.99,120000,22,3
2017-11-26,10000057,30486,400000,400000,400000,8,1
2017-11-26,10000057,31155,4800000,4800000,4800000,2,1
2017-11-26,10000057,31213,550000,550000,550000,2,1
2017-11-26,10000057,31740,80000,80000,80000,1,1
2017-11-26,10000057,31752,100000,100000,100000,2,1
2017-11-26,10000057,32043,2500000,2500000,2500000,1,1
2017-11-26,10000057,32774,500000,500000,500000,1,1
2017-11-26,10000057,32780,5000000,5000000,5000000,1,1
2017-11-26,10000057,32839,5000000,5000000,5000000,1,1
2017-11-26,10000057,32854,3000000,3000000,3000000,1,1
2017-11-26,10000057,32855,7000000,7000000,7000000,1,1
2017-11-26,10000057,32876,1325000,1325000,1325000,1,1
2017-11-26,10000057,32880,499998.67,499998,499999,3,3
2017-11-26,10000057,33330,17000,17000,17000,20,1
2017-11-26,10000057,33475,11280000,11280000,11280000,1,1
2017-11-26,10000057,36971,4000000000,4000000000,4000000000,1,1
2017-11-26,10000057,37833,1300000,1300000,1300000,1,1
2017-11-26,10000057,37834,1299999.9,1299999.9,1299999.9,1,1
2017-11-26,10000057,37835,1300000,1300000,1300000,1,1
2017-11-26,10000057,37836,1300000,1300000,1300000,1,1
2017-11-26,10000057,42829,500,500,500,245,1
2017-11-26,10000057,42880,10000000,10000000,10000000,1,1
2017-11-26,10000057,42881,10000000,10000000,10000000,1,1
2017-11-26,10000057,42882,10000000,10000000,10000000,1,1
2017-11-26,10000057,43699,200000,200000,200000,5,1
2017-11-26,10000057,43700,5000000.01,5000000.01,5000000.01,1,1
2017-11-26,10000057,45497,1657.58,1657.58,1657.58,679,1
2017-11-26,10000057,45498,2763.74,2763.74,2763.74,45674,18
2017-11-26,10000057,45504,4777.66,4777.66,4777.66,4915,4
2017-11-26,10000057,46152,10000000,10000000,10000000,1,1
2017-11-26,10000057,46294,2254.41,2254.41,2254.41,724,1
2017-11-26,10000057,46296,3178.3,3178.3,3178.3,24889,7
2017-11-26,10000057,46308,5494.31,5494.31,5494.31,505,1
2017-11-26,10000057,46350,10000000,10000000,10000000,1,1
2017-11-26,10000057,46352,10000000,10000000,10000000,1,1
2017-11-26,10000057,46357,10000000,10000000,10000000,1,1
2017-11-26,10000057,46359,10000000,10000000,10000000,1,1
2017-11-26,10000057,46361,10000000,10000000,10000000,1,1
2017-11-26,10000058,20,1600.02,1600.02,1600.02,8000,1
2017-11-26,10000058,34,4.99,4.99,4.99,22972296,5
2017-11-26,10000058,35,3.98,3.98,3.98,1404000,2
2017-11-26,10000058,36,60,60,60,733781,5
2017-11-26,10000058,37,52.29,52.29,52.29,45940,1
2017-11-26,10000058,38,300.02,300.02,300.02,4345,1
2017-11-26,10000058,39,999,999,999,11908,2
2017-11-26,10000058,40,1699,1699,1699,7910,2
2017-11-26,10000058,203,100,100,100,1634,1
2017-11-26,10000058,209,300,300,300,3000,1
2017-11-26,10000058,222,19.95,19.95,19.95,3577,2
2017-11-26,10000058,380,800000,800000,800000,3,3
2017-11-26,10000058,434,150000,150000,150000,1,1
2017-11-26,10000058,438,3399999,3399999,3399999,5,5
2017-11-26,10000058,439,20000,20000,20000,1,1
2017-11-26,10000058,440,5263112.49,5189339.46,5299999,3,3
2017-11-26,10000058,448,1960288.04,1500000.69,2011007.79,7,7
2017-11-26,10000058,485,75000,75000,75000,5,1
2017-11-26,10000058,519,1115000.01,1000000.03,1200000,12,6
2017-11-26,10000058,523,75000,75000,75000,1,1
2017-11-26,10000058,527,1466201.14,1114128.85,2500000,4,4
2017-11-26,10000058,564,85000,85000,85000,3,1
2017-11-26,10000058,578,75000,75000,75000,2,1
2017-11-26,10000058,585,500000,500000,500000,1,1
2017-11-26,10000058,594,600000,600000,600000,1,1
2017-11-26,10000058,605,1000000,500000,1500000,2,2
2017-11-26,10000058,607,15000000,15000000,15000000,2,2
2017-11-26,10000058,608,23550000,650000,35000000,3,3
2017-11-26,10000058,609,537500,537500,537500,1,1
2017-11-26,10000058,624,10000000,10000000,10000000,1,1
2017-11-26,10000058,626,10000000,10000000,10000000,1,1
2017-11-26,10000058,634,1500000,1500000,1500000,1,1
2017-11-26,10000058,643,175000000,175000000,175000000,1,1
2017-11-26,10000058,648,2000000,2000000,2000000,1,1
2017-11-26,10000058,649,3000000,3000000,3000000,1,1
2017-11-26,10000058,650,749999.75,500000,999999.5,2,2
2017-11-26,10000058,654,1916666.67,1916666.67,1916666.67,1,1
2017-11-26,10000058,655,1400000,1400000,1400000,5,3
2017-11-26,10000058,656,833333.33,833333.33,833333.33,1,1
2017-11-26,10000058,657,1850000,1850000,1850000,2,2
2017-11-26,10000058,672,125000,125000,125000,3,3
2017-11-26,10000058,1183,881617.91,877272.64,898999,5,2
2017-11-26,10000058,1195,85000,85000,85000,3,1
2017-11-26,10000058,1236,766666.67,700000,800000,3,3
2017-11-26,10000058,1248,1200000,1200000,1200000,1,1
2017-11-26,10000058,1306,1000000,1000000,1000000,1,1
2017-11-26,10000058,1317,37769.23,3000,45000,13,6
2017-11-26,10000058,1319,1016726.67,1014789.08,1200000,32,8
2017-11-26,10000058,1335,466016.44,330082.2,500000,5,2
2017-11-26,10000058,1353,65000,65000,65000,1,1
2017-11-26,10000058,1405,1018730.8,1000000,1250000,15,7
2017-11-26,10000058,1447,987692.02,971907.21,995584.42,3,3
2017-11-26,10000058,1539,85000,85000,85000,1,1
2017-11-26,10000058,1541,1350000,1200000,1500000,2,2
2017-11-26,10000058,1549,250000,250000,250000,1,1
2017-11-26,10000058,1563,500000,500000,500000,6,6
2017-11-26,10000058,1877,1961290.32,1800000,2000000,31,2
2017-11-26,10000058,1952,1665624.83,1450000,1700000,12,8
2017-11-26,10000058,1978,1000000,1000000,1000000,1,1
2017-11-26,10000058,1987,2000000,2000000,2000000,1,1
2017-11-26,10000058,1999,1299692.74,1200000,1399385.48,4,2
2017-11-26,10000058,2032,760000,700000,780000,4,2
2017-11-26,10000058,2046,75000,75000,75000,1,1
2017-11-26,10000058,2048,624189.27,524999.5,650000,25,25
2017-11-26,10000058,2117,2500000,2500000,2500000,3,2
2017-11-26,10000058,2175,2000000,2000000,2000000,5,1
2017-11-26,10000058,2183,100000.03,100000.03,100000.03,10,1
2017-11-26,10000058,2185,1500000,1500000,1500000,5,1
2017-11-26,10000058,2193,100000,100000,100000,5,1
2017-11-26,10000058,2195,2500000,2500000,2500000,8,1
2017-11-26,10000058,2205,650000,649999.99,650000,26,5
2017-11-26,10000058,2254,323809.52,300000,349999.99,21,4
2017-11-26,10000058,2281,3180484.11,3067892.93,3300000,33,20
2017-11-26,10000058,2297,1999999.25,1400000,2199999,4,2
2017-11-26,10000058,2299,1460677.08,1400000,2128125,12,3
2017-11-26,10000058,2301,2000000,2000000,2000000,10,10
2017-11-26,10000058,2303,1823681.91,1563353.49,2344338.74,3,3
2017-11-26,10000058,2333,2418625.9,2418625.9,2418625.9,1,1
2017-11-26,10000058,2364,1199999,1199999,1199999,6,3
2017-11-26,10000058,2390,450,450,450,540,1
2017-11-26,10000058,2400,350,350,350,143040,2
2017-11-26,10000058,2404,1975000,1300000,2200000,4,2
2017-11-26,10000058,2420,6800000,6800000,6800000,3,1
2017-11-26,10000058,2436,3100000,3100000,3100000,126,13
2017-11-26,10000058,2454,49000,45000,50000,25,2
2017-11-26,10000058,2456,754999.8,750000,999999,10,4
2017-11-26,10000058,2464,50000.01,50000.01,50000.01,20,1
2017-11-26,10000058,2466,732313.51,604980.1,900000,28,5
2017-11-26,10000058,2478,1100000,1100000,1100000,5,1
2017-11-26,10000058,2488,637290.36,500000,650000,99,22
2017-11-26,10000058,2524,198273.43,198207.02,198326.55,9,2
2017-11-26,10000058,2525,90000,90000,90000,5,1
2017-11-26,10000058,2533,173002.94,127185.29,425000,13,5
2017-11-26,10000058,2534,294017.09,200000,500000,12,5
2017-11-26,10000058,2547,1600000,1600000,1600000,2,1
2017-11-26,10000058,2549,259090.91,200000,300000,11,3
2017-11-26,10000058,2550,300000,200000,300000,14,5
2017-11-26,10000058,2551,200000,200000,200000,6,2
2017-11-26,10000058,2553,1447699.38,1170398.75,1725000,2,2
2017-11-26,10000058,2559,1993825.96,1993825.96,1993825.96,1,1
2017-11-26,10000058,2571,1984599.97,1984599.97,1984599.97,1,1
2017-11-26,10000058,2575,1912319.94,1912319.94,1912319.94,1,1
2017-11-26,10000058,2605,773333.33,700000,975000,15,12
2017-11-26,10000058,2613,150,150,150,6759,2
2017-11-26,10000058,2647,150,150,150,6000,1
2017-11-26,10000058,2867,2150000,2150000,2150000,37,1
2017-11-26,10000058,2873,1403087.5,1100000,1706175,20,2
2017-11-26,10000058,2876,2150000,2150000,2150000,100,1
2017-11-26,10000058,2889,744821.05,616070.17,800000,10,3
2017-11-26,10000058,2929,4200147.74,4170206.83,4275000,7,2
2017-11-26,10000058,2937,1900000,1900000,1900000,2,1
2017-11-26,10000058,2977,1000000,1000000,1000000,6,2
2017-11-26,10000058,2998,63499999.99,63499999.99,63499999.99,2,2
2017-11-26,10000058,3033,1300000,1300000,1300000,16,4
2017-11-26,10000058,3074,1200000,1200000,1200000,27,5
2017-11-26,10000058,3082,2468952.38,2200000,2500000,63,11
2017-11-26,10000058,3146,2450000,2450000,2450000,2,1
2017-11-26,10000058,3244,1986363.64,1850000,2000000,11,11
2017-11-26,10000058,3304,7500000,7500000,7500000,1,1
2017-11-26,10000058,3329,10000000.01,10000000.01,10000000.01,1,1
2017-11-26,10000058,3333,10000000.01,10000000.01,10000000.01,1,1
2017-11-26,10000058,3337,19000000,19000000,19000000,1,1
2017-11-26,10000058,3340,10000000.11,10000000.11,10000000.11,1,1
2017-11-26,10000058,3348,9900000,9900000,9900000,2,2
2017-11-26,10000058,3349,4900000.01,4900000.01,4900000.01,1,1
2017-11-26,10000058,3350,9900000.01,9900000.01,9900000.01,1,1
2017-11-26,10000058,3357,10000000.01,10000000.01,10000000.01,1,1
2017-11-26,10000058,3361,10000000.01,10000000.01,10000000.01,1,1
2017-11-26,10000058,3442,10000000.01,10000000.01,10000000.01,1,1
2017-11-26,10000058,3456,25000000,25000000,25000000,1,1
2017-11-26,10000058,3504,3200000,3200000,3200000,1,1
2017-11-26,10000058,3530,1415583.32,1357141.66,1999999.97,11,2
2017-11-26,10000058,3568,1685714.29,1400000,2500000,7,4
2017-11-26,10000058,3578,2580291.99,2000000.01,2870437.98,3,3
2017-11-26,10000058,3683,480,480,480,160000,1
2017-11-26,10000058,3756,43499999,43499999,43499999,3,1
2017-11-26,10000058,3831,929817.23,839284.47,987500,5,4
2017-11-26,10000058,3841,1475423.37,1200000,1500000,28,18
2017-11-26,10000058,3888,1356735.49,1300000,1500000,7,7
2017-11-26,10000058,3898,15500000,15500000,15500000,1,1
2017-11-26,10000058,4025,349999.5,300000,399999,2,2
2017-11-26,10000058,4027,672916.67,345833.33,1000000,2,2
2017-11-26,10000058,4254,1252500,1252500,1252500,1,1
2017-11-26,10000058,4308,3000000,3000000,3000000,1,1
2017-11-26,10000058,4312,20500,20500,20500,4886,2
2017-11-26,10000058,4383,2549999.5,2500000,2599999,4,4
2017-11-26,10000058,4391,950000,950000,950000,5,4
2017-11-26,10000058,4399,10000000,10000000,10000000,1,1
2017-11-26,10000058,4403,1000000,1000000,1000000,3,1
2017-11-26,10000058,4405,2329999.56,1999999,2549999.93,5,2
2017-11-26,10000058,4477,242500,185000,300000,2,2
2017-11-26,10000058,4787,450000,450000,450000,1,1
2017-11-26,10000058,4833,750000,750000,750000,1,1
2017-11-26,10000058,5011,500000,500000,500000,5,5
2017-11-26,10000058,5281,300000,300000,300000,2,1
2017-11-26,10000058,5301,150000,150000,150000,2,2
2017-11-26,10000058,5302,150000,150000,150000,3,3
2017-11-26,10000058,5403,200000,200000,200000,1,1
2017-11-26,10000058,5439,152777.78,150000,158333.33,3,3
2017-11-26,10000058,5443,1000000,1000000,1000000,1,1
2017-11-26,10000058,5493,150000,150000,150000,1,1
2017-11-26,10000058,5839,1840000,1800000,2000000.01,5,5
2017-11-26,10000058,5945,307400.67,307400.67,307400.67,1,1
2017-11-26,10000058,5955,322499.5,245000,399999,2,2
2017-11-26,10000058,5971,300000,300000,300000,4,4
2017-11-26,10000058,5973,815265.89,750000,1107593.61,15,15
2017-11-26,10000058,5975,173470.28,145000,250000,13,4
2017-11-26,10000058,6001,99999,99999,99999,1,1
2017-11-26,10000058,6003,350000,300000,500000.01,5,3
2017-11-26,10000058,6160,100000,100000,100000,15,8
2017-11-26,10000058,6439,100000,100000,100000,1,1
2017-11-26,10000058,7171,1000000,1000000,1000000,10,3
2017-11-26,10000058,7249,350000,350000,350000,3,1
2017-11-26,10000058,7289,100000,100000,100000,42,6
2017-11-26,10000058,7373,300000,300000,300000,12,2
2017-11-26,10000058,7583,200000,200000,200000,10,1
2017-11-26,10000058,7997,100000,100000,100000,18,2
2017-11-26,10000058,8089,950000,700000,1200000,6,2
2017-11-26,10000058,8117,500000,500000,500000,21,7
2017-11-26,10000058,8433,1390000,1000000,1650000,5,3
2017-11-26,10000058,8517,4000000,4000000,4000000,1,1
2017-11-26,10000058,8529,995000,995000,995000,1,1
2017-11-26,10000058,9680,149999,149999,149999,2,2
2017-11-26,10000058,9800,800000,800000,800000,1,1
2017-11-26,10000058,9941,11000000,11000000,11000000,1,1
2017-11-26,10000058,9944,100000,100000,100000,13,7
2017-11-26,10000058,9956,14014199.5,14014199.5,14014199.5,1,1
2017-11-26,10000058,10190,1151946.4,950000,1200000,52,18
2017-11-26,10000058,10208,26250000,25000000,27500000,2,2
2017-11-26,10000058,10212,26500000,26500000,26500000,1,1
2017-11-26,10000058,10216,26500000,26500000,26500000,1,1
2017-11-26,10000058,10221,38435909.09,28000000,48871818.18,2,2
2017-11-26,10000058,10246,25000,25000,25000,15,1
2017-11-26,10000058,10631,679997.96,679997.96,679997.96,15,2
2017-11-26,10000058,10850,1000000,1000000,1000000,1,1
2017-11-26,10000058,10858,1449854.29,1400000,1474781.44,3,2
2017-11-26,10000058,10998,107469.28,70000,147622.85,7,5
2017-11-26,10000058,11129,38750,20000,45000,4,2
2017-11-26,10000058,11176,43000000,43000000,43000000,1,1
2017-11-26,10000058,11178,44000000,44000000,44000000,2,2
2017-11-26,10000058,11196,43000000,43000000,43000000,2,2
2017-11-26,10000058,11200,30000000,30000000,30000000,1,1
2017-11-26,10000058,11202,42000000,42000000,42000000,2,1
2017-11-26,10000058,11269,914372.27,880465.34,1050000,5,4
2017-11-26,10000058,11349,500000,500000,500000,1,1
2017-11-26,10000058,11370,2949112.57,1755556.46,3500000.02,4,3
2017-11-26,10000058,11400,28000000,28000000,28000000,1,1
2017-11-26,10000058,11563,441666.67,412500,500000,3,3
2017-11-26,10000058,11577,4949831.63,4900000,4999663.27,4,4
2017-11-26,10000058,11578,6385716.1,6300002.79,6500000,14,13
2017-11-26,10000058,11640,700000,700000,700000,1,1
2017-11-26,10000058,11644,3200000,3200000,3200000,1,1
2017-11-26,10000058,11648,2200000,2200000,2200000,1,1
2017-11-26,10000058,12034,40000000,40000000,40000000,3,2
2017-11-26,10000058,12038,45000000,45000000,45000000,5,4
2017-11-26,10000058,12076,6497497.25,6497497.25,6497497.25,1,1
2017-11-26,10000058,12092,9900000,9900000,9900000,1,1
2017-11-26,10000058,12191,175993.64,175993.64,175993.64,1,1
2017-11-26,10000058,12198,1800000,1800000,1800000,2,1
2017-11-26,10000058,12200,16999999,16999999,16999999,1,1
2017-11-26,10000058,12267,4039999.84,3875000,4336999.55,7,5
2017-11-26,10000058,12269,550000,550000,550000,5,1
2017-11-26,10000058,12487,8500000,8500000,8500000,1,1
2017-11-26,10000058,12557,150000,150000,150000,16,4
2017-11-26,10000058,12559,150000,150000,150000,12,3
2017-11-26,10000058,12608,100,100,100,3900,2
2017-11-26,10000058,12612,100,100,100,2500,1
2017-11-26,10000058,12614,100,100,100,1500,1
2017-11-26,10000058,12618,60,60,60,7156,3
2017-11-26,10000058,12620,75,75,75,1000,2
2017-11-26,10000058,12625,260,260,260,9700,4
2017-11-26,10000058,12801,200,200,200,9000,8
2017-11-26,10000058,12805,200,200,200,31690,13
2017-11-26,10000058,12816,600000,600000,600000,4,1
2017-11-26,10000058,12824,400000,400000,400000,42,1
2017-11-26,10000058,12828,500000,500000,500000,74,1
2017-11-26,10000058,13003,2500000,2500000,2500000,2,2
2017-11-26,10000058,13261,23000000,23000000,23000000,2,1
2017-11-26,10000058,13976,4000000,4000000,4000000,2,2
2017-11-26,10000058,13980,4000000,4000000,4000000,2,2
2017-11-26,10000058,13984,4000000,4000000,4000000,2,2
2017-11-26,10000058,15466,4100000,4100000,4100000,2,1
2017-11-26,10000058,15479,3999997.01,3999997.01,3999997.01,2,1
2017-11-26,10000058,15508,15000,15000,15000,12,1
2017-11-26,10000058,15510,125000,125000,125000,10,1
2017-11-26,10000058,16118,65000,65000,65000,30,2
2017-11-26,10000058,16120,35000,35000,35000,10,2
2017-11-26,10000058,16121,65000,65000,65000,16,2
2017-11-26,10000058,16122,150000,150000,150000,8,2
2017-11-26,10000058,16123,200000,200000,200000,6,2
2017-11-26,10000058,16124,1000000,1000000,1000000,30,2
2017-11-26,10000058,16125,2000000,2000000,2000000,10,2
2017-11-26,10000058,16227,45000000,45000000,45000000,10,10
2017-11-26,10000058,16229,49000000,49000000,49000000,1,1
2017-11-26,10000058,16238,1214285.71,1200000,1600000,14,10
2017-11-26,10000058,16242,1145000,840000,1450000,2,2
2017-11-26,10000058,16272,430,430,430,310000,3
2017-11-26,10000058,16273,100,100,100,50340,32
2017-11-26,10000058,16274,900,849,900,116000,6
2017-11-26,10000058,16275,2000,2000,2000,51365,11
2017-11-26,10000058,16281,868979.4,868979.4,868979.4,1,1
2017-11-26,10000058,16519,780118,780118,780118,1,1
2017-11-26,10000058,17366,364223.44,249999,1000000,7,3
2017-11-26,10000058,17426,33737.16,33737.16,33737.16,312,1
2017-11-26,10000058,17480,23599999.5,18200000,28999999,6,6
2017-11-26,10000058,17482,2208691.57,1817383.14,2600000,8,4
2017-11-26,10000058,17843,75923882.53,70000000,87771647.59,3,3
2017-11-26,10000058,17887,1600,1600,1600,784677,3
2017-11-26,10000058,17888,945,945,945,370000,4
2017-11-26,10000058,17889,950,950,950,60500,4
2017-11-26,10000058,17912,4670415.3,4399999,4805623.45,6,3
2017-11-26,10000058,17938,75000,75000,75000,1,1
2017-11-26,10000058,18054,479758,479758,479758,2,1
2017-11-26,10000058,18635,325000,325000,325000,14,1
2017-11-26,10000058,18639,237499.25,99999,650000,4,4
2017-11-26,10000058,19211,2500000,2500000,2500000,1,1
2017-11-26,10000058,19739,5000000,5000000,5000000,6,1
2017-11-26,10000058,19806,1000000,1000000,1000000,1,1
2017-11-26,10000058,19810,200000,200000,200000,7,6
2017-11-26,10000058,19929,350000,350000,350000,1,1
2017-11-26,10000058,20212,19000000,19000000,19000000,1,1
2017-11-26,10000058,20307,60,60,60,10000,1
2017-11-26,10000058,20342,99000000.01,99000000.01,99000000.01,1,1
2017-11-26,10000058,20353,3757142.86,2850000,4400000,7,3
2017-11-26,10000058,20495,9900000.01,9900000.01,9900000.01,1,1
2017-11-26,10000058,21096,3191176.47,2850000,3500000.01,17,16
2017-11-26,10000058,21610,39000000,39000000,39000000,1,1
2017-11-26,10000058,21611,59000000,59000000,59000000,1,1
2017-11-26,10000058,21640,1451724,1200000,1525000,29,5
2017-11-26,10000058,21896,900,900,900,6000,3
2017-11-26,10000058,21898,650,650,650,3900,2
2017-11-26,10000058,21902,1800,1800,1800,1400,1
2017-11-26,10000058,21906,700,700,700,1000,1
2017-11-26,10000058,21914,500,500,500,1000,2
2017-11-26,10000058,21918,2000,2000,2000,1400,1
2017-11-26,10000058,21924,650,650,650,3591,3
2017-11-26,10000058,22175,111757.58,90136.37,155000,3,3
2017-11-26,10000058,22177,145357.15,115714.29,175000,2,2
2017-11-26,10000058,22291,1265393.9,975000,1300000,21,11
2017-11-26,10000058,22542,206250,162500,250000,4,3
2017-11-26,10000058,22778,189879.52,150000,200000,207,5
2017-11-26,10000058,22782,1698695.18,1698695.18,1698695.18,2,1
2017-11-26,10000058,22983,1199.99,1199.99,1199.99,2500,1
2017-11-26,10000058,23009,700,700,700,13510,13
2017-11-26,10000058,23015,700,700,700,6275,8
2017-11-26,10000058,23017,700,700,700,4818,7
2017-11-26,10000058,23021,700,700,700,2688,6
2017-11-26,10000058,23023,700,700,700,3926,7
2017-11-26,10000058,23025,1000,1000,1000,26203,20
2017-11-26,10000058,23031,1450,1450,1450,33360,15
2017-11-26,10000058,23033,900,900,900,4958,2
2017-11-26,10000058,23035,700,700,700,4500,1
2017-11-26,10000058,23039,1000,1000,1000,11290,8
2017-11-26,10000058,23061,3508148,3508148,3508148,9,2
2017-11-26,10000058,23071,500000,500000,500000,20,5
2017-11-26,10000058,23079,500000,500000,500000,4,1
2017-11-26,10000058,23105,1000000,1000000,1000000,60,1
2017-11-26,10000058,23113,870000,870000,870000,60,1
2017-11-26,10000058,23119,870000,870000,870000,4,1
2017-11-26,10000058,23533,75000,75000,75000,2,2
2017-11-26,10000058,23705,150000,150000,150000,2,1
2017-11-26,10000058,23707,95039.68,37500,100000,63,5
2017-11-26,10000058,23719,15000,15000,15000,6,1
2017-11-26,10000058,24242,9900000,9900000,9900000,1,1
2017-11-26,10000058,24305,4999998.98,4999998.98,4999998.98,2,1
2017-11-26,10000058,24348,1473450,1473450,1473450,4,2
2017-11-26,10000058,24395,240000,240000,240000,1,1
2017-11-26,10000058,24417,1860000,1700000,2100000,5,4
2017-11-26,10000058,24427,1499999.89,1499999.89,1499999.89,1,1
2017-11-26,10000058,24488,500,500,500,1111,1
2017-11-26,10000058,24495,200,200,200,6500,2
2017-11-26,10000058,24497,150,150,150,6000,1
2017-11-26,10000058,24499,150,150,150,6000,1
2017-11-26,10000058,24501,150,150,150,6000,1
2017-11-26,10000058,24503,150,150,150,6000,1
2017-11-26,10000058,24505,150,150,150,6000,1
2017-11-26,10000058,24531,500,500,500,3240,1
2017-11-26,10000058,24698,40000000,40000000,40000000,1,1
2017-11-26,10000058,24702,37000000,35000000,39000000,2,2
2017-11-26,10000058,25861,142784.08,61921.76,200000,22,7
2017-11-26,10000058,25894,7750000,7750000,7750000,5,2
2017-11-26,10000058,25948,5500000,5500000,5500000,3,1
2017-11-26,10000058,25978,2600000,2600000,2600000,3,1
2017-11-26,10000058,26082,1000000,1000000,1000000,1,1
2017-11-26,10000058,26088,9500000,9500000,9500000,2,1
2017-11-26,10000058,26324,100000000,100000000,100000000,2,1
2017-11-26,10000058,26914,2450000,2450000,2450000,4,1
2017-11-26,10000058,26929,149999.2,149999,150000,5,5
2017-11-26,10000058,27127,1975000,1000000,2950000,2,2
2017-11-26,10000058,27339,3000,3000,3000,2310,5
2017-11-26,10000058,27359,1250,1250,1250,1308,3
2017-11-26,10000058,27361,1200,1200,1200,6000,1
2017-11-26,10000058,27371,1200,1200,1200,11000,5
2017-11-26,10000058,27377,1800,1800,1800,7500,2
2017-11-26,10000058,27381,1200,1200,1200,6000,1
2017-11-26,10000058,27387,1200,1200,1200,7035,2
2017-11-26,10000058,27423,1800,1800,1800,4300,3
2017-11-26,10000058,27429,1800,1800,1800,4500,2
2017-11-26,10000058,27441,1500,1500,1500,7500,4
2017-11-26,10000058,27447,1500,1500,1500,175,1
2017-11-26,10000058,27914,2500000,2500000,2500000,6,6
2017-11-26,10000058,27922,800000,800000,800000,1,1
2017-11-26,10000058,27924,1300000,1300000,1300000,2,1
2017-11-26,10000058,28576,1175833.33,935000,1500000,6,4
2017-11-26,10000058,28646,5753000,5500000,5755000,5,4
2017-11-26,10000058,28668,28500,28500,28500,4150,33
2017-11-26,10000058,28999,100000,100000,100000,1,1
2017-11-26,10000058,29001,40000,10000,100000,3,2
2017-11-26,10000058,29009,100000,100000,100000,17,9
2017-11-26,10000058,29011,100000,100000,100000,23,11
2017-11-26,10000058,29013,100000,100000,100000,1,1
2017-11-26,10000058,29015,100000,100000,100000,2,2
2017-11-26,10000058,30013,56666.65,50000,59999.98,24,3
2017-11-26,10000058,30028,221999,221999,221999,50,2
2017-11-26,10000058,30486,850000,850000,850000,112,14
2017-11-26,10000058,30488,705169.16,610338.32,800000,32,2
2017-11-26,10000058,30834,1300000,1300000,1300000,2,1
2017-11-26,10000058,30836,1800000,1800000,1800000,1,1
2017-11-26,10000058,30987,489999,489999,489999,3,1
2017-11-26,10000058,31009,500000,500000,500000,1,1
2017-11-26,10000058,31029,29999999,29999999,29999999,1,1
2017-11-26,10000058,31055,2100000,2100000,2100000,3,1
2017-11-26,10000058,31085,5000000,5000000,5000000,2,1
2017-11-26,10000058,31105,687500,650000,800000,4,3
2017-11-26,10000058,31153,414833.33,400000,429666.67,4,3
2017-11-26,10000058,31155,2076838.91,2076838.91,2076838.91,3,1
2017-11-26,10000058,31159,700000,700000,700000,5,2
2017-11-26,10000058,31171,4500000,4500000,4500000,5,3
2017-11-26,10000058,31177,542242.16,526984.31,650000,4,4
2017-11-26,10000058,31183,3500000,3500000,3500000,1,1
2017-11-26,10000058,31213,220000,220000,220000,4,1
2017-11-26,10000058,31238,285000,285000,285000,1,1
2017-11-26,10000058,31280,3250000,3250000,3250000,1,1
2017-11-26,10000058,31358,986500,750000,1000000,20,16
2017-11-26,10000058,31360,3500000,3500000,3500000,1,1
2017-11-26,10000058,31366,30000000,30000000,30000000,2,1
2017-11-26,10000058,31370,769999.99,769999.99,769999.99,1,1
2017-11-26,10000058,31372,2083333.33,1850000,2200000,6,2
2017-11-26,10000058,31408,5099999.96,5099999.96,5099999.96,1,1
2017-11-26,10000058,31444,592227,592227,592227,3,1
2017-11-26,10000058,31454,850000,850000,850000,1,1
2017-11-26,10000058,31456,1800000,1800000,1800000,1,1
2017-11-26,10000058,31478,500000,500000,500000,2,1
2017-11-26,10000058,31484,2000000,2000000,2000000,8,4
2017-11-26,10000058,31562,1000000,1000000,1000000,18,9
2017-11-26,10000058,31570,6000000,6000000,6000000,2,1
2017-11-26,10000058,31620,687500,650000,700000,4,4
2017-11-26,10000058,31650,5000000,5000000,5000000,2,2
2017-11-26,10000058,31670,748999,748999,748999,1,1
2017-11-26,10000058,31680,450000,450000,450000,1,1
2017-11-26,10000058,31716,99999,99999,99999,1,1
2017-11-26,10000058,31718,371289.83,350000,402739,12,5
2017-11-26,10000058,31722,2500000,2500000,2500000,2,2
2017-11-26,10000058,31724,5056250,4850000,5400000,8,7
2017-11-26,10000058,31740,309999.93,309999.93,309999.93,1,1
2017-11-26,10000058,31742,450998.91,450998.91,450998.91,1,1
2017-11-26,10000058,31754,500000,500000,500000,2,2
2017-11-26,10000058,31760,6500000,6500000,6500000,11,11
2017-11-26,10000058,31788,657000,657000,657000,2,2
2017-11-26,10000058,31790,2284000,1700000,2500000,50,16
2017-11-26,10000058,31794,8000000,8000000,8000000,3,1
2017-11-26,10000058,31796,24738636.29,23750000,25000000,11,8
2017-11-26,10000058,31876,4499999.98,4499999.98,4499999.98,36,2
2017-11-26,10000058,31928,14500000,14000000,15000000,4,2
2017-11-26,10000058,31936,22000000,22000000,22000000,1,1
2017-11-26,10000058,31990,45000,45000,45000,150,2
2017-11-26,10000058,31998,179456.52,150000,200000,92,3
2017-11-26,10000058,32006,400000,400000,400000,170,7
2017-11-26,10000058,32014,400000,400000,500000,182,8
2017-11-26,10000058,32083,3100000,3100000,3100000,1,1
2017-11-26,10000058,32772,650000,650000,650000,1,1
2017-11-26,10000058,32774,100000,100000,100000,1,1
2017-11-26,10000058,32787,132500,65000,200000,10,2
2017-11-26,10000058,32819,1199999.99,1199999.99,1199999.99,1,1
2017-11-26,10000058,32878,1099999.99,1099999.99,1099999.99,1,1
2017-11-26,10000058,32880,500000,500000,500000,1,1
2017-11-26,10000058,33009,10000,10000,10000,8,1
2017-11-26,10000058,33076,1400000,899999.99,1900000,4,4
2017-11-26,10000058,33094,10000000.06,10000000.06,10000000.06,1,1
2017-11-26,10000058,33098,9900000.01,9900000.01,9900000.01,2,2
2017-11-26,10000058,33103,650000,650000,650000,1,1
2017-11-26,10000058,33151,145000000,145000000,145000000,1,1
2017-11-26,10000058,33178,365000,365000,365000,1,1
2017-11-26,10000058,33180,115000,115000,115000,1,1
2017-11-26,10000058,33270,756000,756000,756000,1,1
2017-11-26,10000058,33332,20000,20000,20000,150,1
2017-11-26,10000058,33440,568170.42,568170.42,568170.42,4,1
2017-11-26,10000058,33475,10455170.18,9799984.03,10500000,29,8
2017-11-26,10000058,33824,1818421.05,1818421.05,1818421.05,1,1
2017-11-26,10000058,33915,833000,332000,999999.99,4,3
2017-11-26,10000058,34562,55000000,55000000,55000000,1,1
2017-11-26,10000058,34593,22170002.96,20020017.79,24999999.98,6,6
2017-11-26,10000058,35656,133333.33,133333.33,133333.33,1,1
2017-11-26,10000058,35658,90000,90000,90000,7,7
2017-11-26,10000058,35659,373428.57,369000,400000,7,2
2017-11-26,10000058,35660,100000,100000,100000,8,8
2017-11-26,10000058,35774,300000,300000,300000,4,4
2017-11-26,10000058,36910,6000000,6000000,6000000,2,2
2017-11-26,10000058,36912,7200000,7200000,7200000,1,1
2017-11-26,10000058,40557,11428571.43,11000000,11500000,35,2
2017-11-26,10000058,41155,100000,100000,100000,2,2
2017-11-26,10000058,41476,450000,450000,450000,1,1
2017-11-26,10000058,41489,13500,12000,15000,200,2
2017-11-26,10000058,41490,900000,900000,900000,120,2
2017-11-26,10000058,42529,1500000,1500000,1500000,2,1
2017-11-26,10000058,42694,3000,3000,3000,20,2
2017-11-26,10000058,42696,1500,1500,1500,120,4
2017-11-26,10000058,42838,1441.96,1441.96,1441.96,300,1
2017-11-26,10000058,43555,3000000,3000000,3000000,1,1
2017-11-26,10000058,43556,3999999.99,3999999.99,3999999.99,2,1
2017-11-26,10000058,45635,243200000,243200000,243200000,1,1
2017-11-26,10000058,45835,1000000,1000000,1000000,1,1
2017-11-26,10000058,45836,500000,500000,500000,1,1
2017-11-26,10000058,46008,11238840.82,10000000,12000000,5,5
2017-11-26,10000058,46154,31499999.88,31499999.88,31499999.88,1,1
2017-11-26,10000058,46156,33000000,33000000,33000000,1,1
2017-11-26,10000059,11132,57500,57500,57500,1,1
2017-11-26,10000059,16273,40,40,40,4300,4
2017-11-26,10000059,31868,5383772.4,5383772.4,5383772.4,2,1
2017-11-26,10000060,19,1350.26,1350.26,1350.26,7023,16
2017-11-26,10000060,22,3100.43,3100.43,3100.43,1312,5
2017-11-26,10000060,34,3.06,3.01,3.71,1578577605,197
2017-11-26,10000060,35,2.75,2.38,2.8,515173655,170
2017-11-26,10000060,36,71.39,70.09,71.4,139728024,176
2017-11-26,10000060,37,32,32,32,121606749,162
2017-11-26,10000060,38,315,308.7,324.8,9376796,156
2017-11-26,10000060,39,960,919.78,969.98,3748194,161
2017-11-26,10000060,40,1000,1000,1000,6834593,152
2017-11-26,10000060,44,11689.69,10500.05,12489.93,62414,13
2017-11-26,10000060,185,24.99,24.99,24.99,10613,15
2017-11-26,10000060,190,79.96,79.96,79.96,40000,14
2017-11-26,10000060,191,76.69,76.69,76.69,46500,18
2017-11-26,10000060,192,70,70,70,18000,6
2017-11-26,10000060,193,62.9,62.9,62.9,50000,17
2017-11-26,10000060,201,183,183,183,10897,2
2017-11-26,10000060,202,209.94,209.94,209.94,35800,4
2017-11-26,10000060,204,243.92,243.92,243.93,43115,9
2017-11-26,10000060,208,159.9,159.9,159.9,5066,2
2017-11-26,10000060,210,14.94,14.94,14.94,15100,16
2017-11-26,10000060,211,4.08,4.08,4.08,45288,15
2017-11-26,10000060,212,8.19,8.19,8.19,18468,17
2017-11-26,10000060,213,6.77,6.77,6.77,8764,9
2017-11-26,10000060,215,19.99,19.99,19.99,500,1
2017-11-26,10000060,222,9.85,9.85,9.85,30392,13
2017-11-26,10000060,224,150,150,150,10000,1
2017-11-26,10000060,225,49.83,49.83,49.83,10000,1
2017-11-26,10000060,227,199.99,199.99,199.99,6750,5
2017-11-26,10000060,228,20,20,20,288,1
2017-11-26,10000060,230,25.01,25.01,25.01,14846,7
2017-11-26,10000060,231,25,25,25,5000,1
2017-11-26,10000060,232,250,250,250,1500,1
2017-11-26,10000060,234,50,50,50,1500,1
2017-11-26,10000060,235,150,150,150,3000,2
2017-11-26,10000060,236,90,90,90,1500,2
2017-11-26,10000060,237,70,70,70,1500,2
2017-11-26,10000060,238,170.97,170.97,170.97,26700,3
2017-11-26,10000060,239,1.3,1.3,1.3,8,4
2017-11-26,10000060,240,5,5,5,9,6
2017-11-26,10000060,241,121,121,121,4,4
2017-11-26,10000060,242,139.23,1,600,13,4
2017-11-26,10000060,243,1,1,1,7,5
2017-11-26,10000060,244,1,1,1,5,4
2017-11-26,10000060,245,1,1,1,4,4
2017-11-26,10000060,246,9000.67,1,27000,21,9
2017-11-26,10000060,247,7414.3,1.3,9990,31,11
2017-11-26,10000060,248,2684.14,3.3,7599,17,8
2017-11-26,10000060,249,1.5,1.5,1.5,14,11
2017-11-26,10000060,250,1466.67,1000,3800,36,10
2017-11-26,10000060,251,3.28,3.26,3.3,15,7
2017-11-26,10000060,252,1416.13,1416.13,1416.13,1,1
2017-11-26,10000060,253,4039.09,6,7400,11,3
2017-11-26,10000060,254,0.83,0.76,1,7,5
2017-11-26,10000060,255,17410.56,30,49999.99,23,13
2017-11-26,10000060,256,4439.91,101,17999,33,14
2017-11-26,10000060,257,191,191,191,49,17
2017-11-26,10000060,258,37042,11,87000,28,11
2017-11-26,10000060,259,80.87,10,1108.43,31,17
2017-11-26,10000060,260,10,10,10,32,11
2017-11-26,10000060,261,8968.2,140,38763.36,35,11
2017-11-26,10000060,262,44996.99,44995,50000,304,24
2017-11-26,10000060,263,300,300,300,7,1
2017-11-26,10000060,264,899.77,899.77,899.77,7,1
2017-11-26,10000060,266,8.89,8.89,8.89,1037,1
2017-11-26,10000060,377,77433.94,77433.92,77433.95,21,12
2017-11-26,10000060,380,570170.86,549000,579878.44,69,26
2017-11-26,10000060,394,547091.36,500555,549999.88,17,7
2017-11-26,10000060,399,119999.68,119999.67,119999.68,2,2
2017-11-26,10000060,400,457999.97,457999.97,457999.98,4,4
2017-11-26,10000060,434,69454.91,600,76898.97,41,38
2017-11-26,10000060,438,3157439.83,2000000,3253893.45,13,12
2017-11-26,10000060,439,49470.04,49000,82700.43,10,10
2017-11-26,10000060,440,4335214.57,4299000,4399851.02,39,36
2017-11-26,10000060,442,500000,500000,500000,5,5
2017-11-26,10000060,443,38000.01,38000.01,38000.01,7,3
2017-11-26,10000060,444,210500,200000,242000,4,3
2017-11-26,10000060,447,45785.44,345.01,47898.95,45,14
2017-11-26,10000060,448,1792899.95,1792899.95,1792899.95,142,123
2017-11-26,10000060,451,240000,240000,240000,7,2
2017-11-26,10000060,482,2299997.97,2299997.97,2299997.97,3,2
2017-11-26,10000060,483,49849.5,41699,58000,4,2
2017-11-26,10000060,484,48000,48000,48000,4,3
2017-11-26,10000060,486,158925.63,158900,158946.99,11,4
2017-11-26,10000060,488,248992,248992,248992,13,3
2017-11-26,10000060,491,197998,197998,197998,4,1
2017-11-26,10000060,493,1210358.94,1210358.94,1210358.94,6,2
2017-11-26,10000060,496,1136363.42,1136363.41,1136363.42,14,4
2017-11-26,10000060,499,7197.42,2600,7498.89,65,17
2017-11-26,10000060,501,78999.98,78999.98,78999.98,5,1
2017-11-26,10000060,503,139999.9,139999.9,139999.9,2,1
2017-11-26,10000060,519,1199999.99,1180887.22,1212998.95,156,80
2017-11-26,10000060,520,99284.61,87838.29,100000,17,3
2017-11-26,10000060,523,149999.98,149999.98,149999.98,1,1
2017-11-26,10000060,526,43675,500,49500,16,13
2017-11-26,10000060,527,1015954.09,781000.58,1024744.51,86,68
2017-11-26,10000060,530,64357.27,501,74999.98,14,9
2017-11-26,10000060,533,29999.99,29999.99,29999.99,3,1
2017-11-26,10000060,563,285370.37,285000,285555.55,3,2
2017-11-26,10000060,564,241588.64,241000,242295,11,3
2017-11-26,10000060,565,149888,149888,149888,3,1
2017-11-26,10000060,569,499999.99,499999.99,499999.99,5,1
2017-11-26,10000060,570,450000,450000,450000,6,1
2017-11-26,10000060,578,89162.1,25000,94997.99,36,27
2017-11-26,10000060,580,149999.88,149999.88,149999.88,1,1
2017-11-26,10000060,582,699995.96,699995.96,699995.96,5,5
2017-11-26,10000060,583,244953.57,244900,250000,28,17
2017-11-26,10000060,584,333626.19,324893,333999.99,30,7
2017-11-26,10000060,585,369060.75,41999,440495,11,10
2017-11-26,10000060,586,598883.7,594997.74,684374.9,23,4
2017-11-26,10000060,587,386863.35,250000,387999.99,22,9
2017-11-26,10000060,589,428074.8,312999,448997.44,13,9
2017-11-26,10000060,590,459000,235000,795000,5,3
2017-11-26,10000060,591,763294.13,750000,789882.4,3,3
2017-11-26,10000060,592,794997.93,794997.93,794997.93,1,1
2017-11-26,10000060,593,699596.64,500000,749495.8,5,5
2017-11-26,10000060,594,649897.02,649897.02,649897.02,1,1
2017-11-26,10000060,597,443894.51,443893.41,443899.99,6,2
2017-11-26,10000060,598,774997,774997,774997,2,1
2017-11-26,10000060,599,399000,395000,400000,5,2
2017-11-26,10000060,601,250000,250000,250000,5,4
2017-11-26,10000060,602,274134.73,273000,283212.59,9,9
2017-11-26,10000060,603,470792.96,342790.28,598795.65,4,3
2017-11-26,10000060,605,545550.06,544989.92,546000,18,14
2017-11-26,10000060,607,678238.3,599999.99,697798.25,5,5
2017-11-26,10000060,608,407677.04,399899.99,825424.04,17,14
2017-11-26,10000060,609,280887.49,270000,283999,9,9
2017-11-26,10000060,620,6999198.72,6998993.6,7000000,5,5
2017-11-26,10000060,621,6509371.52,5002006.49,7249000,27,14
2017-11-26,10000060,622,8049074.89,8049074.89,8049074.89,3,1
2017-11-26,10000060,623,9799999.95,9799999.95,9799999.95,2,2
2017-11-26,10000060,624,8355998.86,7500000,8498996.02,7,5
2017-11-26,10000060,625,5997247.02,5997000,5997988.06,4,4
2017-11-26,10000060,626,8096167.4,7998000,10449785.07,25,25
2017-11-26,10000060,627,11048749.7,6500000,11698999.41,8,8
2017-11-26,10000060,628,9259066.64,9143333.21,9288000,5,4
2017-11-26,10000060,629,7699999.94,7699999.94,7699999.94,3,3
2017-11-26,10000060,630,8296994.89,8296994.89,8296994.89,1,1
2017-11-26,10000060,631,6933232.63,6899899.48,6999898.95,3,3
2017-11-26,10000060,632,7999499.99,7998999.99,7999999.99,2,2
2017-11-26,10000060,633,10998666.57,10997999.9,10999999.9,3,3
2017-11-26,10000060,634,6999833.32,6999499.97,7000000,3,3
2017-11-26,10000060,638,144771301.01,144771301,144771301.01,3,3
2017-11-26,10000060,639,90000000,90000000,90000000,1,1
2017-11-26,10000060,641,166874999.19,110000005.02,174999998.99,8,8
2017-11-26,10000060,642,139999998.78,139999998.78,139999998.78,1,1
2017-11-26,10000060,644,129332666.66,128000000,129998999.99,3,3
2017-11-26,10000060,645,136176934.26,134999997.65,139999999.98,13,11
2017-11-26,10000060,648,1573236.22,750000,1899969.95,7,7
2017-11-26,10000060,649,1627249.64,500000,1799786.99,19,18
2017-11-26,10000060,650,1676524.04,1500000,1694440.64,24,15
2017-11-26,10000060,651,1727647.05,1680000,1749999.99,17,13
2017-11-26,10000060,652,1474999.25,1425000,1499998.84,6,6
2017-11-26,10000060,653,1625962.61,1599998.7,1759090.61,18,8
2017-11-26,10000060,654,1961759.75,1934769.72,1984999.95,8,8
2017-11-26,10000060,655,1442444.74,1399996.9,1500000,28,27
2017-11-26,10000060,656,1651049.47,1500000,1699994.12,14,14
2017-11-26,10000060,657,1944985.96,1800000,1999996.64,41,39
2017-11-26,10000060,672,73333.33,20000,100000,3,3
2017-11-26,10000060,690,2700000,2700000,2700000,1,1
2017-11-26,10000060,977,81500000,81500000,81500000,1,1
2017-11-26,10000060,1146,200000,200000,200000,1,1
2017-11-26,10000060,1156,10000,10000,10000,1,1
2017-11-26,10000060,1157,12500,12500,12500,1,1
2017-11-26,10000060,1182,101183.01,99799.98,151012.23,37,27
2017-11-26,10000060,1183,922961.52,602000.06,935999.99,26,25
2017-11-26,10000060,1195,21733.33,500,24999.99,15,11
2017-11-26,10000060,1198,47121.01,47121.01,47121.01,1,1
2017-11-26,10000060,1223,2000,2000,2000,442,6
2017-11-26,10000060,1225,2003.41,2003.41,2003.41,2399,11
2017-11-26,10000060,1229,800.15,800.15,800.15,15213,11
2017-11-26,10000060,1232,640.08,640.08,640.08,2305,5
2017-11-26,10000060,1236,588783.87,400000.15,599999.99,43,26
2017-11-26,10000060,1244,60166.22,500,89999.33,3,3
2017-11-26,10000060,1248,1059090.19,600000,1099999.48,22,15
2017-11-26,10000060,1256,697036.66,695555,699999.97,3,3
2017-11-26,10000060,1266,799999.99,799999.99,799999.99,1,1
2017-11-26,10000060,1276,799999.82,799999.82,799999.82,2,2
2017-11-26,10000060,1296,520625,41250,999999.99,2,2
2017-11-26,10000060,1304,139999.99,139999.99,139999.99,2,2
2017-11-26,10000060,1306,485118.37,399000,498995.99,41,24
2017-11-26,10000060,1317,12543.97,500,13998.99,47,13
2017-11-26,10000060,1319,526998.95,526897.88,526998.98,592,172
2017-11-26,10000060,1333,121110.73,121110.73,121110.73,3,1
2017-11-26,10000060,1335,317685.85,48010.56,336999.92,54,20
2017-11-26,10000060,1355,871873.54,203121,983899.99,22,19
2017-11-26,10000060,1403,24969.08,24822.96,24973,36,18
2017-11-26,10000060,1405,699099.84,699099.83,699099.84,448,187
2017-11-26,10000060,1422,903434.36,845227.5,949999.85,9,4
2017-11-26,10000060,1436,15714284.71,14999999,19999999,7,5
2017-11-26,10000060,1447,697989.96,697989.96,697989.96,112,54
2017-11-26,10000060,1539,16598.98,16299.99,16897.96,6,4
2017-11-26,10000060,1541,1086992.86,1086992.86,1086992.86,103,80
2017-11-26,10000060,1559,2998310.57,1500000.1,3297977.09,6,6
2017-11-26,10000060,1563,200000,200000,200000,1,1
2017-11-26,10000060,1565,3230738.41,2000000,3999949.91,13,9
2017-11-26,10000060,1808,59033.32,58999.98,59150,18,14
2017-11-26,10000060,1814,124.94,124.94,124.94,5150,2
2017-11-26,10000060,1816,500,500,500,250,2
2017-11-26,10000060,1828,420,420,420,1000,1
2017-11-26,10000060,1875,84399.96,84399.96,84399.96,45,3
2017-11-26,10000060,1877,1294416.27,1199000,1297994.67,83,22
2017-11-26,10000060,1944,1518810.52,1468999.93,1693147.56,9,9
2017-11-26,10000060,1952,1386739.06,1355555,1398999.98,93,60
2017-11-26,10000060,1964,1408332.41,400000.09,1499998.98,24,9
2017-11-26,10000060,1969,1804744.67,602072.44,2055542.99,29,22
2017-11-26,10000060,1973,120000,120000,120000,7,4
2017-11-26,10000060,1977,46644.96,46644.96,46644.96,19,10
2017-11-26,10000060,1978,1083608.45,1049999.97,1099998.95,71,48
2017-11-26,10000060,1986,199000,199000,199000,2,2
2017-11-26,10000060,1987,1318926.93,802266.88,1395879.92,17,15
2017-11-26,10000060,1999,1137373.47,1100000,1189999.95,76,38
2017-11-26,10000060,2006,6948993.3,6948993.3,6948993.3,1,1
2017-11-26,10000060,2024,1165999.42,1098999.98,1194998.95,16,15
2017-11-26,10000060,2032,614999.96,614999.96,614999.96,197,116
2017-11-26,10000060,2038,1211081.61,1199966.81,1300000,9,9
2017-11-26,10000060,2046,7000,7000,7000,20,20
2017-11-26,10000060,2048,519997.98,519997.97,519998.52,414,364
2017-11-26,10000060,2082,247871128.14,235050000,252999998.99,7,7
2017-11-26,10000060,2109,1561309.98,350000.01,1595899.98,30,25
2017-11-26,10000060,2117,2413199.84,2066000,2499999.8,5,5
2017-11-26,10000060,2161,325000,325000,325000,1,1
2017-11-26,10000060,2173,52688.37,48899.4,122496.98,100,16
2017-11-26,10000060,2175,1199999.96,1199999.95,1199999.97,498,92
2017-11-26,10000060,2183,46767.49,43326.64,46999.98,79,12
2017-11-26,10000060,2185,1118694.85,1118694.84,1118694.86,274,50
2017-11-26,10000060,2193,61413.25,20,65662.88,90,15
2017-11-26,10000060,2195,2199999.79,2199999.76,2199999.84,545,100
2017-11-26,10000060,2203,3198.98,3198.98,3199,226,32
2017-11-26,10000060,2205,497999.89,497999,497999.9,856,108
2017-11-26,10000060,2254,737948.71,699999.99,799999.99,39,14
2017-11-26,10000060,2281,3194898.97,3194898,3194899,263,190
2017-11-26,10000060,2291,125000,125000,125000,1,1
2017-11-26,10000060,2293,198188,198188,198188,2,2
2017-11-26,10000060,2295,90000,90000,90000,9,8
2017-11-26,10000060,2297,1584954.25,1467991.92,1779891.46,8,4
2017-11-26,10000060,2299,1698998.93,1698998.93,1698998.93,10,6
2017-11-26,10000060,2301,2318946.52,1006920.32,2355549.99,74,59
2017-11-26,10000060,2303,1866037.35,601000.12,1944998.96,38,33
2017-11-26,10000060,2310,3.49,3.49,3.49,674184,2
2017-11-26,10000060,2312,9104.01,9104.01,9104.01,1680,1
2017-11-26,10000060,2317,7500.05,7500.05,7500.05,36402,1
2017-11-26,10000060,2319,9000,9000,9000,14365,7
2017-11-26,10000060,2328,6500.13,6500.13,6500.13,1085,2
2017-11-26,10000060,2329,3001.76,3001.76,3001.76,12774,5
2017-11-26,10000060,2333,2573603.85,1400000.18,2599889.78,43,39
2017-11-26,10000060,2341,1500000,1500000,1500000,1,1
2017-11-26,10000060,2344,60000,60000,60000,489,1
2017-11-26,10000060,2349,100800,100800,100800,136,4
2017-11-26,10000060,2351,101000,101000,101000,2171,8
2017-11-26,10000060,2352,148998.99,148998.99,148998.99,12,3
2017-11-26,10000060,2355,500,500,500,1,1
2017-11-26,10000060,2364,1379739.78,1378000,1379998.9,54,28
2017-11-26,10000060,2389,479.43,479.43,479.43,31689,6
2017-11-26,10000060,2390,1.42,1.42,1.42,122530,2
2017-11-26,10000060,2392,476.42,476.42,476.42,41820,2
2017-11-26,10000060,2393,552.41,552.41,552.41,415667,9
2017-11-26,10000060,2395,1011.2,1011.2,1011.2,600,1
2017-11-26,10000060,2396,200,200,200,62397,6
2017-11-26,10000060,2397,699.99,699.99,699.99,134145,6
2017-11-26,10000060,2398,501.44,501.44,501.44,245940,12
2017-11-26,10000060,2399,500.42,500.42,500.42,175765,10
2017-11-26,10000060,2400,356.44,356.44,357.42,231855,6
2017-11-26,10000060,2401,817,801.42,817,8761,5
2017-11-26,10000060,2403,9999999.96,9999999.96,9999999.96,3,3
2017-11-26,10000060,2404,1099998.99,1099998.99,1099998.99,118,32
2017-11-26,10000060,2406,1350000,1350000,1350000,6,3
2017-11-26,10000060,2410,679999.99,679999.99,679999.99,904,14
2017-11-26,10000060,2420,3863999.21,264001.21,4295998.48,10,3
2017-11-26,10000060,2436,2321428.14,1999999,2499999.87,14,3
2017-11-26,10000060,2444,40001,40001,40001,147,12
2017-11-26,10000060,2446,1898998.94,1898998.94,1898998.94,134,28
2017-11-26,10000060,2454,5109.93,5109.92,5109.95,147,22
2017-11-26,10000060,2456,473799.96,473799.93,473799.97,328,54
2017-11-26,10000060,2463,3600.28,3600.28,3600.28,4395,2
2017-11-26,10000060,2464,4489.96,17.02,4890,23,7
2017-11-26,10000060,2466,693363.62,250000.07,739999.95,55,11
2017-11-26,10000060,2476,39999.98,39999.98,39999.98,3,1
2017-11-26,10000060,2478,1799999.99,1799999.99,1800000,7,2
2017-11-26,10000060,2486,6994.93,6994.9,6994.98,119,26
2017-11-26,10000060,2488,443002.98,443002.95,443002.98,1281,135
2017-11-26,10000060,2495,670000,670000,670000,4,4
2017-11-26,10000060,2505,670000,670000,670000,3,3
2017-11-26,10000060,2506,4.75,4.75,4.75,18560,3
2017-11-26,10000060,2508,9,9,9,128,2
2017-11-26,10000060,2510,546,546,546,3380,2
2017-11-26,10000060,2512,28.83,28.83,28.83,9870,4
2017-11-26,10000060,2514,39.99,39.99,39.99,1500,2
2017-11-26,10000060,2524,883244.69,849999.99,899999.99,58,27
2017-11-26,10000060,2525,432475,399900,450000,20,9
2017-11-26,10000060,2531,469999.87,469999.87,469999.87,1,1
2017-11-26,10000060,2533,499999.98,499999.98,499999.99,12,6
2017-11-26,10000060,2534,957358.4,899999.99,1099994.58,50,20
2017-11-26,10000060,2537,69999.99,69999.99,69999.99,5,5
2017-11-26,10000060,2539,2285655.96,1612690.34,2399998.3,31,21
2017-11-26,10000060,2547,889599.67,889599.67,889599.67,2,2
2017-11-26,10000060,2549,1009056.15,999999,1049999.87,53,23
2017-11-26,10000060,2550,730952.38,549999.99,750000,21,8
2017-11-26,10000060,2551,580000,500000,900000,5,5
2017-11-26,10000060,2553,1019053.65,450030.91,1039896.94,89,74
2017-11-26,10000060,2559,1844990.89,1844990,1844991,9,3
2017-11-26,10000060,2563,2844552.43,1729000,2983996.49,9,4
2017-11-26,10000060,2567,4990000,4989999.99,4990000,5,2
2017-11-26,10000060,2571,1521664.33,1299000,1799994.99,9,5
2017-11-26,10000060,2575,2029999.31,1890000,2099998.97,3,2
2017-11-26,10000060,2589,227789657.3,227787996,227789987,6,6
2017-11-26,10000060,2603,2200.01,500,2471.97,27,17
2017-11-26,10000060,2605,316181.96,316181.93,316181.97,213,119
2017-11-26,10000060,2613,137,137,137.99,40950,37
2017-11-26,10000060,2621,779.9,779.9,779.9,152319,20
2017-11-26,10000060,2629,450,450,450,14890,7
2017-11-26,10000060,2637,649.49,649.49,649.49,47500,6
2017-11-26,10000060,2679,124,124,124,11764,5
2017-11-26,10000060,2811,1808.22,1808.22,1808.22,5000,2
2017-11-26,10000060,2817,135.95,135.95,135.95,15250,5
2017-11-26,10000060,2867,2295996,2295996,2295996,2601,12
2017-11-26,10000060,2868,2824461.29,2520000,2899944.99,60,5
2017-11-26,10000060,2869,1330000,1330000,1330000.05,126,5
2017-11-26,10000060,2870,1144994.99,1144994.99,1144999.99,293,9
2017-11-26,10000060,2872,2600000,2600000,2600000,164,1
2017-11-26,10000060,2873,677954.77,590000,680397.96,37,11
2017-11-26,10000060,2875,1642999.23,1640998,1642999.24,2920,14
2017-11-26,10000060,2876,2939979,2939979,2939979,128,8
2017-11-26,10000060,2881,849000,848999.99,849000,25,8
2017-11-26,10000060,2889,619396.6,578999.99,749497.99,38,12
2017-11-26,10000060,2897,1635775.96,1499000,1693978.38,67,14
2017-11-26,10000060,2905,999856.99,999856.99,999856.99,9,4
2017-11-26,10000060,2913,1491053.22,1490000,1600000.73,57,13
2017-11-26,10000060,2921,1252997,1149500,1321994.99,5,5
2017-11-26,10000060,2929,4298808.21,4298777,4298876.09,22,4
2017-11-26,10000060,2937,2565909.1,2500000.01,2790000,22,5
2017-11-26,10000060,2961,4530000.01,2900000.03,6159999.99,16,9
2017-11-26,10000060,2969,2099442.98,2099442.98,2099442.98,108,21
2017-11-26,10000060,2977,1165827.07,550001,1189992.95,54,18
2017-11-26,10000060,2993,587939.12,587939.09,587939.15,8,2
2017-11-26,10000060,2998,58238696.53,55900000,63999999.4,42,35
2017-11-26,10000060,3001,344131.91,340000,344793,58,8
2017-11-26,10000060,3009,3823999.99,3823999.99,3823999.99,3,1
2017-11-26,10000060,3017,1986999,1986999,1986999,8,1
2017-11-26,10000060,3025,1597525.3,1597525.3,1597525.3,3,1
2017-11-26,10000060,3033,2299998.99,2299998.99,2299998.99,8,1
2017-11-26,10000060,3041,892666.67,890000,900000,15,7
2017-11-26,10000060,3057,5897902.98,5897902.98,5897902.98,12,3
2017-11-26,10000060,3065,5500000,5500000,5500000,4,1
2017-11-26,10000060,3074,865118.69,750000,870000,50,10
2017-11-26,10000060,3082,1859957.76,1300004.02,1999789,75,25
2017-11-26,10000060,3084,899995899.87,899995899.87,899995899.87,1,1
2017-11-26,10000060,3088,7499099.99,7499099.99,7499099.99,2,2
2017-11-26,10000060,3090,3399999.32,2600000.01,3799998.98,21,3
2017-11-26,10000060,3106,2697922.83,2697922.83,2697922.83,13,4
2017-11-26,10000060,3130,1647555.99,1647555.99,1647556,17,4
2017-11-26,10000060,3138,2178260.52,1900000,2449999,23,10
2017-11-26,10000060,3146,1870536.1,700112.1,2010986.98,28,10
2017-11-26,10000060,3162,524999.99,524999.99,524999.99,3,1
2017-11-26,10000060,3170,1142673.34,1104673.34,1199673.34,5,2
2017-11-26,10000060,3178,1369999.95,1369999.93,1369999.96,38,14
2017-11-26,10000060,3184,2744916.92,2148990,9900000,13,13
2017-11-26,10000060,3186,3999999.5,3999999,4000000,16,4
2017-11-26,10000060,3193,18000000,18000000,18000000,1,1
2017-11-26,10000060,3242,28799.98,27499.97,34000,5,5
2017-11-26,10000060,3244,1600113.58,1500000,1643394.04,98,87
2017-11-26,10000060,3253,9999999.99,9999999.99,9999999.99,1,1
2017-11-26,10000060,3256,7499331.65,7499148.55,7499999.99,12,12
2017-11-26,10000060,3265,8999999.96,8999999.95,8999999.96,15,15
2017-11-26,10000060,3268,26498916.55,26498916.54,26498916.55,2,2
2017-11-26,10000060,3285,1949999.99,1949999.99,1949999.99,6,1
2017-11-26,10000060,3293,744749.99,744749.99,744749.99,27,18
2017-11-26,10000060,3296,1818439.31,1818439.31,1818439.31,1,1
2017-11-26,10000060,3297,46359.82,40000,49994,11,7
2017-11-26,10000060,3301,250000,250000,250000,1,1
2017-11-26,10000060,3302,208333.35,0.1,250000,6,6
2017-11-26,10000060,3303,100000,100000,100000,4,4
2017-11-26,10000060,3304,135000,135000,135000,7,7
2017-11-26,10000060,3305,134999,134999,134999,6,6
2017-11-26,10000060,3306,117857.14,0.01,135000,7,7
2017-11-26,10000060,3307,2199990,2199990,2199990,4,4
2017-11-26,10000060,3308,2133326.66,2000000,2199989.99,3,3
2017-11-26,10000060,3309,2700000,2700000,2700000,3,3
2017-11-26,10000060,3311,149999.97,149999.97,149999.97,1,1
2017-11-26,10000060,3320,544999,544999,544999,1,1
2017-11-26,10000060,3321,49999.79,0.09,99999.48,4,3
2017-11-26,10000060,3322,38790,38380,39200,2,2
2017-11-26,10000060,3323,100000,100000,100000,8,8
2017-11-26,10000060,3324,134966.26,134966.26,134966.26,3,3
2017-11-26,10000060,3325,5914358.88,5892999.07,5999797.93,5,5
2017-11-26,10000060,3326,470000,470000,470000,1,1
2017-11-26,10000060,3328,99999,99999,99999,4,4
2017-11-26,10000060,3329,120000,120000,120000,5,5
2017-11-26,10000060,3330,100000,100000,100000,4,4
2017-11-26,10000060,3331,93987.17,93987,93987.99,6,6
2017-11-26,10000060,3332,668990,668990,668990,8,8
2017-11-26,10000060,3333,658325,600000,669990,6,6
2017-11-26,10000060,3334,1211110.96,1000000,1500000,9,9
2017-11-26,10000060,3335,669990,669990,669990,10,10
2017-11-26,10000060,3336,5400000,5400000,5400000,13,13
2017-11-26,10000060,3337,5400000,5400000,5400000,6,6
2017-11-26,10000060,3338,5390917,5390917,5390917,5,5
2017-11-26,10000060,3339,5299990,5299990,5299990,9,9
2017-11-26,10000060,3340,399998,399998,399998,9,8
2017-11-26,10000060,3341,400000,400000,400000,3,3
2017-11-26,10000060,3343,399990,399990,399990,1,1
2017-11-26,10000060,3348,272499.89,250000,474998.94,10,7
2017-11-26,10000060,3349,130000,130000,130000,2,2
2017-11-26,10000060,3350,135000,135000,135000,7,7
2017-11-26,10000060,3351,540000,540000,540000,4,4
2017-11-26,10000060,3352,540000,540000,540000,3,3
2017-11-26,10000060,3354,3900000,3900000,3900000,3,3
2017-11-26,10000060,3355,350000,350000,350000,4,4
2017-11-26,10000060,3357,280000,280000,280000,1,1
2017-11-26,10000060,3358,1000000,1000000,1000000,1,1
2017-11-26,10000060,3361,6999999.83,6999999.83,6999999.83,1,1
2017-11-26,10000060,3380,134987,134987,134987,1,1
2017-11-26,10000060,3385,49990.05,0.1,99980,2,2
2017-11-26,10000060,3387,179990,179990,179990,9,5
2017-11-26,10000060,3388,334440,334440,334440,1,1
2017-11-26,10000060,3389,253333.37,0.1,380000,3,3
2017-11-26,10000060,3392,88999.33,88999.33,88999.33,1,1
2017-11-26,10000060,3393,74444.44,74444.44,74444.44,3,3
2017-11-26,10000060,3394,92000,92000,92000,1,1
2017-11-26,10000060,3396,2699798,2699798,2699798,1,1
2017-11-26,10000060,3398,36749973,33499946.99,39999999,2,2
2017-11-26,10000060,3403,400000,400000,400000,2,2
2017-11-26,10000060,3405,5099999.5,1000000,9999998.99,20,9
2017-11-26,10000060,3406,400000,400000,400000,4,4
2017-11-26,10000060,3409,479993.86,479990,479999,7,6
2017-11-26,10000060,3410,448469.64,0.1,598990,4,4
2017-11-26,10000060,3416,811110.16,811110.16,811110.16,1,1
2017-11-26,10000060,3417,48979.99,48979.99,48979.99,1,1
2017-11-26,10000060,3418,229989.99,229989.99,229989.99,1,1
2017-11-26,10000060,3420,280000,280000,280000,1,1
2017-11-26,10000060,3421,173944.21,173944,173945.26,6,6
2017-11-26,10000060,3422,120000,120000,120000,11,11
2017-11-26,10000060,3423,99678,99678,99678,9,9
2017-11-26,10000060,3424,699999,699999,699999,1,1
2017-11-26,10000060,3428,250000.01,250000.01,250000.01,1,1
2017-11-26,10000060,3430,670000,670000,670000,4,4
2017-11-26,10000060,3431,200000.01,200000.01,200000.01,1,1
2017-11-26,10000060,3432,110000,110000,110000,1,1
2017-11-26,10000060,3433,134998,134998,134998,7,7
2017-11-26,10000060,3435,134989,134989,134989,2,2
2017-11-26,10000060,3438,98890.99,98890.99,98890.99,8,8
2017-11-26,10000060,3439,300000,300000,300000,2,2
2017-11-26,10000060,3440,370513.12,240000,399990,11,11
2017-11-26,10000060,3441,520000,520000,520000,9,9
2017-11-26,10000060,3442,670000,670000,670000,8,8
2017-11-26,10000060,3444,1730544.37,1730544.37,1730544.37,3,3
2017-11-26,10000060,3446,1199999.8,1199999.8,1199999.8,1,1
2017-11-26,10000060,3447,10000000,10000000,10000000,1,1
2017-11-26,10000060,3451,100000,100000,100000,1,1
2017-11-26,10000060,3452,1500000,1500000,1500000,2,2
2017-11-26,10000060,3453,200000,200000,200000,1,1
2017-11-26,10000060,3456,13499997.14,13499997.12,13499997.22,11,11
2017-11-26,10000060,3465,299989.93,299989.93,299989.93,1,1
2017-11-26,10000060,3466,179163.79,179163.79,179163.79,7,3
2017-11-26,10000060,3467,98998.89,98998.89,98998.89,2,2
2017-11-26,10000060,3482,776648605.72,776648605.72,776648605.72,1,1
2017-11-26,10000060,3488,951500,951500,951500,2,2
2017-11-26,10000060,3496,1999771.74,1999769.49,1999773.99,8,8
2017-11-26,10000060,3504,2680015.79,2100100.01,2692998.97,21,19
2017-11-26,10000060,3512,1399900.9,1399900.9,1399900.9,4,1
2017-11-26,10000060,3520,1620401.2,1600000,1796997.82,29,8
2017-11-26,10000060,3530,1244195.99,1100010,1248999.78,92,76
2017-11-26,10000060,3534,724492987.95,724492987.95,724492987.95,1,1
2017-11-26,10000060,3536,248888778.61,248888778.61,248888778.61,2,2
2017-11-26,10000060,3540,1757777.15,1699000,1786999,9,8
2017-11-26,10000060,3542,394705882.26,342000000.01,397999999.95,17,17
2017-11-26,10000060,3544,350211906.64,200000037.05,373890000,11,9
2017-11-26,10000060,3552,3999.99,3999.99,3999.99,120,2
2017-11-26,10000060,3554,4898.96,4898.96,4898.96,112,3
2017-11-26,10000060,3563,410000000,410000000,410000000,6,1
2017-11-26,10000060,3566,25999.97,25999.97,25999.97,1,1
2017-11-26,10000060,3568,1262718.8,519098.04,1299899.98,21,20
2017-11-26,10000060,3575,219999568,219999568,219999568,1,1
2017-11-26,10000060,3578,2363062.49,1999000,2499999.99,16,12
2017-11-26,10000060,3588,1199998.38,1199998.38,1199998.38,3,3
2017-11-26,10000060,3598,1087886.39,454545.57,1298999.99,4,3
2017-11-26,10000060,3608,1254153.94,275000,1424999.95,5,4
2017-11-26,10000060,3616,32167487.62,31000000,32489985.53,20,16
2017-11-26,10000060,3618,177499999.98,177499999.96,177500000,4,2
2017-11-26,10000060,3645,545.42,545.42,545.42,174032,12
2017-11-26,10000060,3683,404.45,404.45,404.45,306276,11
2017-11-26,10000060,3687,1400,1400,1400,120,2
2017-11-26,10000060,3689,9300,8644.44,9300.01,133607,15
2017-11-26,10000060,3691,8999.93,8999.93,8999.93,43615,11
2017-11-26,10000060,3693,10000,10000,10000,2435,1
2017-11-26,10000060,3695,7500.01,7500.01,7500.01,2380,1
2017-11-26,10000060,3721,705,705,705,42,1
2017-11-26,10000060,3725,14197.99,14197.99,14197.99,21520,6
2017-11-26,10000060,3756,51894999.49,51889999,51899999.98,4,4
2017-11-26,10000060,3766,448989.24,448989,448991.73,23,4
2017-11-26,10000060,3767,2300000,2300000,2300000,1,1
2017-11-26,10000060,3775,10011.22,10011.22,10011.22,3200,1
2017-11-26,10000060,3779,925,925,925,321740,3
2017-11-26,10000060,3810,50,50,50,10,1
2017-11-26,10000060,3828,12946,12946,12946,18859,18
2017-11-26,10000060,3829,33615.81,32699.5,46000,24,14
2017-11-26,10000060,3831,936841.27,849000,947799.99,92,63
2017-11-26,10000060,3839,78789.98,78789.98,78789.98,12,3
2017-11-26,10000060,3841,1249988.93,1120000,1249988.98,166,91
2017-11-26,10000060,3887,79705.84,79411.74,79999.94,2,2
2017-11-26,10000060,3888,1130715.96,1099000,1134952.13,50,44
2017-11-26,10000060,3898,18945183.05,18699000,18999890.4,11,8
2017-11-26,10000060,3977,10500,10500,10500,29,1
2017-11-26,10000060,3979,5000000,5000000,5000000,2,2
2017-11-26,10000060,3981,1000,1000,1000,20,1
2017-11-26,10000060,3987,1000,1000,1000,1,1
2017-11-26,10000060,3989,6777776.95,6777776.95,6777776.95,3,3
2017-11-26,10000060,3993,3600000,3600000,3600000,14,1
2017-11-26,10000060,3995,3436688.69,3400000,3437999,29,8
2017-11-26,10000060,4025,43684.9,999.42,49999.97,47,40
2017-11-26,10000060,4027,68551.33,7403.09,69994.98,73,33
2017-11-26,10000060,4051,20095,20095,20095,16700,7
2017-11-26,10000060,4246,20230,20230,20230,60032,9
2017-11-26,10000060,4247,19495,19495,19495,100226,21
2017-11-26,10000060,4248,6749500,6500000,6999000,2,2
2017-11-26,10000060,4250,2374981.99,2299998.98,2399999.99,28,13
2017-11-26,10000060,4254,852268.9,382002.19,879989.97,36,33
2017-11-26,10000060,4256,263000.28,263000.28,263000.28,1,1
2017-11-26,10000060,4258,1956665.04,499992.67,2098998.78,12,11
2017-11-26,10000060,4260,1899998.98,1899998.98,1899999,6,6
2017-11-26,10000060,4292,115399719.91,109000000.01,116999649.88,5,5
2017-11-26,10000060,4294,107082498.31,105000000,107498997.98,6,6
2017-11-26,10000060,4302,40321333.45,33032000.18,54900000,3,3
2017-11-26,10000060,4306,64399984.95,64399984.95,64399984.95,1,1
2017-11-26,10000060,4308,71999998.85,71999998.85,71999998.85,1,1
2017-11-26,10000060,4310,64000000,64000000,64000000,1,1
2017-11-26,10000060,4312,21000,21000,21000,3346,6
2017-11-26,10000060,4347,1222988991.5,1222988991,1222988991.99,6,5
2017-11-26,10000060,4348,719779976.29,719779976.29,719779976.29,2,1
2017-11-26,10000060,4349,350008469.03,350008333.98,350008506,14,12
2017-11-26,10000060,4383,1606723.28,1585996.93,1712000.05,38,37
2017-11-26,10000060,4385,5999989.99,5999989.99,5999990,8,8
2017-11-26,10000060,4391,105499.74,105000,106998.97,8,6
2017-11-26,10000060,4393,47068.62,20000,55188,13,6
2017-11-26,10000060,4395,643759.81,639999.96,750842.41,30,24
2017-11-26,10000060,4397,11888794.36,11888794.36,11888794.36,2,1
2017-11-26,10000060,4399,8049704.46,7796791.89,9956845.58,9,9
2017-11-26,10000060,4403,386365.7,1400.02,407999.63,60,59
2017-11-26,10000060,4405,1429798.8,1429798.78,1429798.87,389,173
2017-11-26,10000060,4409,44949.99,44949.99,44949.99,2,2
2017-11-26,10000060,4435,9732.73,500,20700,55,26
2017-11-26,10000060,4471,94147.29,834,104000,42,29
2017-11-26,10000060,4477,221638.78,5750,264399,18,14
2017-11-26,10000060,4529,500,500,500,3,1
2017-11-26,10000060,4531,1785.71,500,5000,7,6
2017-11-26,10000060,4533,62999.16,20000,138997.49,6,5
2017-11-26,10000060,4535,500,500,500,2,2
2017-11-26,10000060,4569,500,500,500,4,3
2017-11-26,10000060,4571,500,500,500,4,3
2017-11-26,10000060,4573,268302.6,1026.13,297999.99,10,8
2017-11-26,10000060,4575,500,500,500,6,4
2017-11-26,10000060,4609,11065.21,500,13999.99,69,13
2017-11-26,10000060,4611,6394.21,5005.01,25842.99,15,13
2017-11-26,10000060,4613,2004.26,2004.26,2004.26,7,7
2017-11-26,10000060,4615,4503.63,2006.04,26981.99,10,7
2017-11-26,10000060,4787,26348.68,3005,39999,19,17
2017-11-26,10000060,4829,500,500,500,6,3
2017-11-26,10000060,4831,103,103,103,6,4
2017-11-26,10000060,4833,301654.53,5003.19,393899.95,30,24
2017-11-26,10000060,4835,1,1,1,1,1
2017-11-26,10000060,4871,253478.66,12100.04,378000,85,66
2017-11-26,10000060,5007,9,9,9,4,3
2017-11-26,10000060,5009,2500.75,1,9999.99,4,3
2017-11-26,10000060,5011,185516.63,178998.99,279499.5,60,18
2017-11-26,10000060,5013,5,5,5,4,4
2017-11-26,10000060,5047,5002.87,5001.18,5003.29,15,11
2017-11-26,10000060,5049,8027.48,8027.24,8027.56,17,10
2017-11-26,10000060,5051,36999.91,36999.91,36999.91,104,18
2017-11-26,10000060,5053,43998.95,43998.95,43998.95,126,13
2017-11-26,10000060,5087,500,500,500,1,1
2017-11-26,10000060,5089,500,500,500,1,1
2017-11-26,10000060,5091,44647.63,2.5,49900,19,6
2017-11-26,10000060,5137,145279.45,4016,262999,11,10
2017-11-26,10000060,5141,279605.55,85.66,324086,15,11
2017-11-26,10000060,5239,8038.46,500,25000,13,8
2017-11-26,10000060,5245,500,500,500,8,7
2017-11-26,10000060,5279,83416.67,500.01,100000,6,4
2017-11-26,10000060,5281,12500,10000,15000,2,2
2017-11-26,10000060,5299,533396.44,323.02,666664.8,10,5
2017-11-26,10000060,5301,464999.96,464999.96,464999.96,1,1
2017-11-26,10000060,5302,83182.03,75000,99999,33,17
2017-11-26,10000060,5320,26403.9,12.76,43997.99,15,9
2017-11-26,10000060,5322,348945.99,344173.18,350000,10,4
2017-11-26,10000060,5340,50000,50000,50000,3,2
2017-11-26,10000060,5361,999994.92,999994.92,999994.92,1,1
2017-11-26,10000060,5363,321000,321000,321000,2,1
2017-11-26,10000060,5399,5169.14,1512,10955,36,24
2017-11-26,10000060,5403,39289.06,21122,39999.38,17,16
2017-11-26,10000060,5405,25144.54,3621.02,26300,26,25
2017-11-26,10000060,5439,20429.65,1500,37599,40,27
2017-11-26,10000060,5443,151113.06,4097.07,158896.96,40,21
2017-11-26,10000060,5445,14885.04,51,16898,25,15
2017-11-26,10000060,5493,398000.02,275000,890000.1,15,5
2017-11-26,10000060,5533,266624.7,250000,295000,23,10
2017-11-26,10000060,5599,1099999,1099999,1099999,2,1
2017-11-26,10000060,5631,66899.92,66899.92,66899.92,6,3
2017-11-26,10000060,5647,3575.52,500.02,5799.99,33,13
2017-11-26,10000060,5649,1432.1,500,8888.88,9,8
2017-11-26,10000060,5683,1921.67,1000.02,2106,6,5
2017-11-26,10000060,5693,500,500,500,4,4
2017-11-26,10000060,5697,89499.99,89499.99,89499.99,150,20
2017-11-26,10000060,5719,2103.01,2000.02,2206,10,6
2017-11-26,10000060,5721,2047.13,2000.02,2106.02,9,5
2017-11-26,10000060,5723,62124.69,2106.13,71998.98,37,13
2017-11-26,10000060,5743,500,500,500,2,2
2017-11-26,10000060,5745,1016.62,500,3599.74,6,6
2017-11-26,10000060,5747,2239.99,500,3399.99,5,2
2017-11-26,10000060,5755,84000,38997.97,89000,108,23
2017-11-26,10000060,5757,6567.42,2000.02,7605.47,27,17
2017-11-26,10000060,5759,8430.3,2000.02,13106.87,19,10
2017-11-26,10000060,5839,1099998.5,905000.01,1100000,164,54
2017-11-26,10000060,5849,10000.01,10000,10000.01,10,7
2017-11-26,10000060,5869,500,500,500,5,4
2017-11-26,10000060,5945,274990,250108.98,280000,213,46
2017-11-26,10000060,5955,45617.72,16603.39,78888.99,76,61
2017-11-26,10000060,5971,250841.67,41000.02,268900,71,56
2017-11-26,10000060,5973,489895.96,489895.96,489895.97,247,179
2017-11-26,10000060,5975,247337.73,199999,444000,74,42
2017-11-26,10000060,6001,110563.3,15100.01,145100.01,30,22
2017-11-26,10000060,6003,61160.16,24.28,69890,24,17
2017-11-26,10000060,6005,49910.61,4000,68598.98,45,39
2017-11-26,10000060,6073,34284.62,7900,56900,13,10
2017-11-26,10000060,6131,7900,500,19000,10,8
2017-11-26,10000060,6135,200000,200000,200000,1,1
2017-11-26,10000060,6159,76999,76999,76999,2,2
2017-11-26,10000060,6160,19369.23,1000,38400,39,30
2017-11-26,10000060,6173,399999.42,399999.42,399999.42,3,3
2017-11-26,10000060,6296,37495.75,999.42,68900,26,21
2017-11-26,10000060,6325,689999.42,689999.42,689999.42,6,2
2017-11-26,10000060,6443,240.14,240.14,240.14,1,1
2017-11-26,10000060,6485,500,500,500,9,6
2017-11-26,10000060,6527,500,500,500,9,8
2017-11-26,10000060,6569,26099.94,500,50000,17,17
2017-11-26,10000060,6635,15001,15001,15001,1,1
2017-11-26,10000060,6673,1,1,1,3,3
2017-11-26,10000060,6675,848318.5,2006.36,1190000,19,9
2017-11-26,10000060,6715,1,1,1,4,3
2017-11-26,10000060,6717,37500.75,1,149999.99,4,4
2017-11-26,10000060,6719,4594.53,2000.02,7189.03,2,2
2017-11-26,10000060,6721,1,1,1,3,3
2017-11-26,10000060,6805,1589996.21,1589996.21,1589996.21,3,1
2017-11-26,10000060,6859,500,500,500,1,1
2017-11-26,10000060,6919,6205,6205,6205,4,3
2017-11-26,10000060,6921,500,500,500,3,3
2017-11-26,10000060,6923,244409.81,49122.01,449122.01,10,6
2017-11-26,10000060,6925,500,500,500,3,3
2017-11-26,10000060,6959,500,500,500,6,6
2017-11-26,10000060,6961,25005,25005,25005,1,1
2017-11-26,10000060,6963,139170.83,2005,825000,6,6
2017-11-26,10000060,6965,500,500,500,1,1
2017-11-26,10000060,6999,10006.3,10006.3,10006.3,9,6
2017-11-26,10000060,7001,5235,5235,5235,10,8
2017-11-26,10000060,7003,6005.07,6005.07,6005.07,5,4
2017-11-26,10000060,7005,47000.07,47000.07,47000.07,4,4
2017-11-26,10000060,7043,2005,2005,2005,1,1
2017-11-26,10000060,7045,2012.52,2012.52,2012.52,2,2
2017-11-26,10000060,7047,33761.89,2000.02,76111.05,7,5
2017-11-26,10000060,7049,4018.81,4018.81,4018.81,7,5
2017-11-26,10000060,7085,114999.99,113999.99,140000,118,19
2017-11-26,10000060,7087,177095.88,2000.02,199921.51,26,8
2017-11-26,10000060,7123,79001.58,79001.58,79001.58,2,2
2017-11-26,10000060,7125,118308.22,2000.02,170000.75,13,8
2017-11-26,10000060,7127,2005.01,2005.01,2005.01,4,3
2017-11-26,10000060,7131,206999.99,206999.99,206999.99,128,18
2017-11-26,10000060,7167,214000.49,2000.02,216001.38,83,18
2017-11-26,10000060,7169,213999.94,208007.16,220000,145,26
2017-11-26,10000060,7171,231716.42,220006.55,389996,83,13
2017-11-26,10000060,7173,194620,5000,245000,50,13
2017-11-26,10000060,7287,1525999.21,199997.82,2188999.9,3,2
2017-11-26,10000060,7367,1159109.9,25281.05,1500000,23,5
2017-11-26,10000060,7373,999998,999998,999998,4,2
2017-11-26,10000060,7447,799326.07,798000,799977.99,85,13
2017-11-26,10000060,7583,199999,199999,199999,5,2
2017-11-26,10000060,7663,1500000,1500000,1500000,5,1
2017-11-26,10000060,8027,2264000,2000000,2300000,25,8
2017-11-26,10000060,8089,626023.82,0.01,648939.49,98,21
2017-11-26,10000060,8091,636068.82,619999.99,1290000.21,42,12
2017-11-26,10000060,8101,236875,179999.98,250000,16,5
2017-11-26,10000060,8105,3996992.52,3996984.32,3996997.98,10,3
2017-11-26,10000060,8113,194117.61,194117.6,194117.64,9,3
2017-11-26,10000060,8117,282480.18,237987,629527,44,15
2017-11-26,10000060,8133,18800,18800,18800,1,1
2017-11-26,10000060,8135,2528.95,190.23,18900,8,7
2017-11-26,10000060,8175,3366.39,500,6590,36,22
2017-11-26,10000060,8177,66811,501.2,168699.45,56,20
2017-11-26,10000060,8225,30573.88,2501.02,45899.98,34,16
2017-11-26,10000060,8263,62915.48,1,99938.98,27,16
2017-11-26,10000060,8335,49999.42,49999.42,49999.42,1,1
2017-11-26,10000060,8419,134993.95,134993.95,134993.95,3,2
2017-11-26,10000060,8427,516666.66,100000,599999.99,6,5
2017-11-26,10000060,8433,1005587.68,10000.01,1332998.94,17,12
2017-11-26,10000060,8517,3629215.04,1710101,3698999.42,55,43
2017-11-26,10000060,8521,894274.42,879986.78,980000.24,21,12
2017-11-26,10000060,8529,265683.95,249000,269372.35,31,23
2017-11-26,10000060,8531,1404.1,1404,1404.15,3,3
2017-11-26,10000060,8535,210980.15,154850,275500,40,9
2017-11-26,10000060,8537,307469.2,305000,319699.93,26,11
2017-11-26,10000060,8579,118249.68,41000,149798.99,22,14
2017-11-26,10000060,8583,2,2,2,4,3
2017-11-26,10000060,8585,66068.75,15000.01,117849.98,16,11
2017-11-26,10000060,8635,320000,320000,320000,2,2
2017-11-26,10000060,8641,914338.84,500001.02,1098489,13,9
2017-11-26,10000060,8748,250000,249999.99,250000,11,6
2017-11-26,10000060,8815,998765.97,998765.97,998765.97,33,3
2017-11-26,10000060,8821,529670.51,529670.51,529670.51,2,1
2017-11-26,10000060,8869,499999.99,499999.99,499999.99,16,2
2017-11-26,10000060,9093,1350000,1350000,1350000,6,1
2017-11-26,10000060,9135,1950000,1950000,1950000,8,2
2017-11-26,10000060,9327,998999.94,998999.92,998999.94,78,6
2017-11-26,10000060,9367,7500000,7500000,7500000,1,1
2017-11-26,10000060,9411,5753993.78,5753993.78,5753993.78,3,1
2017-11-26,10000060,9451,2499999.96,2499999.95,2499999.99,54,8
2017-11-26,10000060,9491,6242135.43,3750000.01,6998992.89,49,6
2017-11-26,10000060,9521,149999.72,149999.72,149999.72,2,1
2017-11-26,10000060,9556,1,1,1,3,3
2017-11-26,10000060,9568,499999.42,499999.42,499999.42,1,1
2017-11-26,10000060,9580,294110.75,294110.74,294110.75,22,17
2017-11-26,10000060,9582,999999.42,999999.42,999999.42,1,1
2017-11-26,10000060,9608,193332.86,193332.86,193332.86,3,3
2017-11-26,10000060,9622,26879.44,1502,44799.98,29,22
2017-11-26,10000060,9632,546282.05,25000,560000,39,21
2017-11-26,10000060,9646,164998.99,164998.99,164998.99,1,1
2017-11-26,10000060,9668,139496.99,139496.99,139496.99,701,42
2017-11-26,10000060,9670,1,1,1,1,1
2017-11-26,10000060,9678,195998,131200.55,196998.9,209,33
2017-11-26,10000060,9680,449506.5,14,898999,2,2
2017-11-26,10000060,9728,29228.68,2000.02,37008.29,9,6
2017-11-26,10000060,9734,177075.51,20004.29,195998.99,54,13
2017-11-26,10000060,9744,87500.5,1,175000,2,2
2017-11-26,10000060,9762,74644.61,2000.02,101886.33,11,7
2017-11-26,10000060,9772,170020.26,170000,172998.99,375,34
2017-11-26,10000060,9784,285434.71,9,998999,7,6
2017-11-26,10000060,9800,73467.54,40085.5,79999.98,31,13
2017-11-26,10000060,9808,159897,125202.39,169999,313,42
2017-11-26,10000060,9826,20,20,20,67,7
2017-11-26,10000060,9828,902.01,902.01,902.01,363104,2
2017-11-26,10000060,9830,13997,13997,13997,2965,3
2017-11-26,10000060,9832,9144.44,9144.44,9144.44,128200,12
2017-11-26,10000060,9834,99933.96,99899.98,99997,77,5
2017-11-26,10000060,9836,8500,8500,8500,11210,6
2017-11-26,10000060,9838,13188.96,13188.96,13188.96,11767,6
2017-11-26,10000060,9840,12400,12400,12400,10001,6
2017-11-26,10000060,9842,18174.92,18174.92,18174.92,1023,7
2017-11-26,10000060,9848,82000,73555.02,86999.97,22803,25
2017-11-26,10000060,9852,5000.01,5000.01,5000.01,1,1
2017-11-26,10000060,9899,17288567.01,11953991.56,17999871.16,17,16
2017-11-26,10000060,9941,17996982.07,11978952.41,18999988,14,13
2017-11-26,10000060,9942,14555899.83,11454466.21,14998970.16,16,15
2017-11-26,10000060,9943,11571759.7,11477011,11964238.38,11,11
2017-11-26,10000060,9947,4099000,4099000,4099000,1,1
2017-11-26,10000060,9950,3999999.98,3999999.98,3999999.99,13,4
2017-11-26,10000060,9956,10817793.99,10795018.24,11000000,9,8
2017-11-26,10000060,10155,19221790.28,19221790.28,19221790.28,6,2
2017-11-26,10000060,10156,36800000,36800000,36800000,2,2
2017-11-26,10000060,10190,1252389.67,1090000,1288692.22,96,51
2017-11-26,10000060,10208,26895161.97,25000001.51,28160532.9,41,36
2017-11-26,10000060,10209,149832939.2,149666213,149999665.4,4,4
2017-11-26,10000060,10212,23998977.41,23998976.98,23998980.99,29,29
2017-11-26,10000060,10213,171199719.8,171198987.95,171199900.7,5,5
2017-11-26,10000060,10216,29553729.49,22000000,29878994.99,26,26
2017-11-26,10000060,10217,141998968.18,141998884.99,141998988.98,5,5
2017-11-26,10000060,10221,24954271.95,24909547,24996696.99,41,34
2017-11-26,10000060,10222,149994726.31,149994707.3,149994747.99,5,5
2017-11-26,10000060,10225,29467203.88,17000000,29999997.95,22,22
2017-11-26,10000060,10226,129961897.82,129961897.81,129961897.87,5,5
2017-11-26,10000060,10246,5064.88,4623.65,8000,90,19
2017-11-26,10000060,10250,1195999.69,1195997.6,1196964.66,144,24
2017-11-26,10000060,10629,27799,27799,27799,12,5
2017-11-26,10000060,10631,520423.92,509998.99,523898.9,36,10
2017-11-26,10000060,10678,211256.67,211256.67,211256.67,4,1
2017-11-26,10000060,10680,665064.97,665064.97,665064.97,15,4
2017-11-26,10000060,10694,1188988.58,1188988.58,1188988.58,11,2
2017-11-26,10000060,10842,1725470.05,269273.6,2696264.71,5,4
2017-11-26,10000060,10850,898999.98,898999.96,899000,10,9
2017-11-26,10000060,10858,1787132.73,1592149.04,1814987.39,8,8
2017-11-26,10000060,10872,91.51,91.51,91.51,4,3
2017-11-26,10000060,10880,999999.41,999999.41,999999.41,1,1
2017-11-26,10000060,10888,445999,445999,445999,1,1
2017-11-26,10000060,10998,99900,99900,99900,315,105
2017-11-26,10000060,11082,7369987.81,7369987.81,7369987.81,1,1
2017-11-26,10000060,11083,1350000,1350000,1350000,2,2
2017-11-26,10000060,11105,150000.04,25000.06,400000,3,2
2017-11-26,10000060,11129,92975.83,49989.11,100000,16,7
2017-11-26,10000060,11132,42999.36,38998.99,50000,11,11
2017-11-26,10000060,11134,60932.89,49000,69023.77,12,12
2017-11-26,10000060,11172,37999999.99,37999999.98,37999999.99,6,6
2017-11-26,10000060,11174,43749000,43749000,43749000,1,1
2017-11-26,10000060,11176,38055558.42,25000000,43749999,9,7
2017-11-26,10000060,11178,55599963.27,49999999,56999951.83,5,5
2017-11-26,10000060,11182,38907973.22,38907973.22,38907973.22,2,2
2017-11-26,10000060,11184,41249999.9,41249999.85,41250000,9,6
2017-11-26,10000060,11186,58999917.84,58999906,58999936.87,13,11
2017-11-26,10000060,11188,39999998.93,39999998.9,39999999,3,2
2017-11-26,10000060,11192,43498987.98,43498985,43498989,5,5
2017-11-26,10000060,11194,27299000,27299000,27299000,2,2
2017-11-26,10000060,11196,43642738.7,38998763,44999999.98,21,21
2017-11-26,10000060,11198,52999995.48,46249999.5,55999993,13,12
2017-11-26,10000060,11200,44881499.49,44879998.97,44883000,2,2
2017-11-26,10000060,11202,52999903.88,25000000.51,54999899.94,15,14
2017-11-26,10000060,11207,502500.02,0.1,669999.99,4,4
2017-11-26,10000060,11219,856999.85,856999,856999.99,7,6
2017-11-26,10000060,11229,1062500,949999.99,1400000,4,4
2017-11-26,10000060,11249,947810.99,947810.99,947810.99,5,4
2017-11-26,10000060,11259,1130553.24,791999,1299830.36,3,3
2017-11-26,10000060,11267,142624.24,500,189998.99,4,3
2017-11-26,10000060,11269,957970.97,957970.97,957970.98,215,134
2017-11-26,10000060,11277,500,500,500,1,1
2017-11-26,10000060,11279,1999992.99,1999992.99,1999992.99,1,1
2017-11-26,10000060,11283,3287.95,3287.95,3287.95,84,2
2017-11-26,10000060,11285,3798.18,3798.17,3798.2,18,2
2017-11-26,10000060,11287,3999.99,3999.99,25000,212,6
2017-11-26,10000060,11289,4394.71,4394.71,4394.71,407,4
2017-11-26,10000060,11301,500,500,500,1,1
2017-11-26,10000060,11309,159523.61,15004.9,279000,23,15
2017-11-26,10000060,11311,195200.03,30000.21,446500,10,8
2017-11-26,10000060,11317,183410.72,7507.52,357507.52,53,36
2017-11-26,10000060,11319,80933,2000.02,111002.71,29,12
2017-11-26,10000060,11325,399000,397996.99,399000,357,63
2017-11-26,10000060,11327,359999.99,359999.98,393997.99,207,35
2017-11-26,10000060,11341,22.59,22.59,22.59,4,4
2017-11-26,10000060,11343,13,13,13,6,6
2017-11-26,10000060,11349,258383.07,69272.64,447493.5,4,4
2017-11-26,10000060,11351,39970.41,511.17,296455.5,15,10
2017-11-26,10000060,11357,500,500,500,1,1
2017-11-26,10000060,11370,1954166,1900000,1989776.49,90,83
2017-11-26,10000060,11371,44674999.97,44000000,44899999.95,4,4
2017-11-26,10000060,11377,42519999.6,41000000,42899999.5,5,5
2017-11-26,10000060,11387,32375001.61,20000006.49,36499999.98,4,4
2017-11-26,10000060,11393,33750000,33000000,34499999.99,2,2
2017-11-26,10000060,11395,670000,670000,670000,6,5
2017-11-26,10000060,11396,14000,14000,14000,55,2
2017-11-26,10000060,11399,7507,7507,7507,246132,33
2017-11-26,10000060,11443,13500000,13499999.99,13500000,2,2
2017-11-26,10000060,11444,9621648.31,8869999.97,11124945,3,3
2017-11-26,10000060,11446,13500000,13499999.99,13500000,5,5
2017-11-26,10000060,11450,13195994,13195994,13195994,2,1
2017-11-26,10000060,11453,54909998.34,54909998.34,54909998.34,1,1
2017-11-26,10000060,11455,13300000,13300000,13300000,1,1
2017-11-26,10000060,11475,620.85,620.78,620.91,7,3
2017-11-26,10000060,11476,323.76,323.76,323.76,1010,2
2017-11-26,10000060,11478,300,300,300,9217,7
2017-11-26,10000060,11481,390,390,390,1040,5
2017-11-26,10000060,11482,320.63,320.63,320.63,7,1
2017-11-26,10000060,11483,1000,1000,1000,2,1
2017-11-26,10000060,11486,849.54,849.54,849.54,6,3
2017-11-26,10000060,11489,164998.25,164998.25,164998.25,5,4
2017-11-26,10000060,11531,72900,72900,72900,119,2
2017-11-26,10000060,11535,50000,50000,50000,45,1
2017-11-26,10000060,11540,122500,122500,122500,361,6
2017-11-26,10000060,11541,91999.99,91999.99,91999.99,500,1
2017-11-26,10000060,11543,45294.44,45294.44,45294.44,285,1
2017-11-26,10000060,11545,50027.55,50027.55,50027.55,500,2
2017-11-26,10000060,11547,325000,300000,330000,90,2
2017-11-26,10000060,11553,109999.99,109999.99,109999.99,75,1
2017-11-26,10000060,11555,2007.01,2007.01,2007.01,16,1
2017-11-26,10000060,11558,10919.11,2111.02,99000,44,2
2017-11-26,10000060,11561,1682257.48,1682257.48,1682257.48,2,2
2017-11-26,10000060,11563,161422.98,1150,208599.87,52,35
2017-11-26,10000060,11566,149868.33,149868,149868.66,4,4
2017-11-26,10000060,11569,540000,540000,540000,4,4
2017-11-26,10000060,11572,550000,550000,550000,6,6
2017-11-26,10000060,11574,2700000,2700000,2700000,7,7
2017-11-26,10000060,11577,4875624.95,3000006,5113999.99,37,36
2017-11-26,10000060,11578,7161324.34,5001433.04,7289999.78,96,89
2017-11-26,10000060,11579,5040097.79,4999786.8,5523829.55,13,12
2017-11-26,10000060,11584,2020000,100000,4900000,5,4
2017-11-26,10000060,11640,649994.93,600000,649994.94,123,45
2017-11-26,10000060,11642,1630962.51,1599000,1699999.99,16,14
2017-11-26,10000060,11644,2056414.17,600015.4,2499975.22,14,11
2017-11-26,10000060,11646,1707546.29,405023.9,1949899,27,24
2017-11-26,10000060,11648,1692019.67,510118.03,1937999.99,18,13
2017-11-26,10000060,11689,48000,48000,48000,210,2
2017-11-26,10000060,11695,32200,32200,32200,138,1
2017-11-26,10000060,11969,339895494.1,339895494.1,339895494.1,1,1
2017-11-26,10000060,11971,299994997,299994997,299994997,1,1
2017-11-26,10000060,11978,197885997.97,197885997.97,197885997.97,1,1
2017-11-26,10000060,11985,309999998.76,309999998.76,309999998.76,1,1
2017-11-26,10000060,11987,232665455.34,225999998.96,245996368.11,3,3
2017-11-26,10000060,11989,207999999,207999999,207999999,1,1
2017-11-26,10000060,11993,186011000,186011000,186011000,1,1
2017-11-26,10000060,11999,253000000,253000000,253000000,2,2
2017-11-26,10000060,12005,304999999.99,304999999.99,304999999.99,1,1
2017-11-26,10000060,12013,403995450,403995450,403995450,1,1
2017-11-26,10000060,12023,322492496.5,275000000,369984993,2,2
2017-11-26,10000060,12032,42856061.74,39999999,43499500,8,7
2017-11-26,10000060,12034,39866666.64,39799999.99,39899999.97,9,9
2017-11-26,10000060,12038,44749991.98,44749984,44749999.96,4,3
2017-11-26,10000060,12042,29995500,29995500,29995500,2,2
2017-11-26,10000060,12044,35000000,35000000,35000000,3,3
2017-11-26,10000060,12052,167499.98,155000,179999.95,2,2
2017-11-26,10000060,12056,69000,69000,69000,2,2
2017-11-26,10000060,12058,2886543.39,2700555,2947864.04,38,38
2017-11-26,10000060,12068,4941092.62,2111019.03,5344500,7,7
2017-11-26,10000060,12076,6897552.1,6400000.24,6996873.42,13,13
2017-11-26,10000060,12084,11641811.45,5100007.48,12295991.94,11,11
2017-11-26,10000060,12092,1989990.33,1950000,1997988,6,6
2017-11-26,10000060,12093,5399999.99,5399999.99,5400000,6,6
2017-11-26,10000060,12095,5499989,5499989,5499989,2,2
2017-11-26,10000060,12096,43111107.43,42999999.34,43999971.97,9,9
2017-11-26,10000060,12098,26998989.91,26998989.91,26998989.92,4,4
2017-11-26,10000060,12180,500000,500000,500000,5,4
2017-11-26,10000060,12181,470000,470000,470000,6,5
2017-11-26,10000060,12182,450000,450000,450000,5,4
2017-11-26,10000060,12183,375000,375000,375000,5,4
2017-11-26,10000060,12184,7999997.23,7999996.1,7999998.93,5,4
2017-11-26,10000060,12189,5998160.22,5998160.22,5998160.22,5,4
2017-11-26,10000060,12194,400000,400000,400000,5,4
2017-11-26,10000060,12196,303722.22,303000,304444.44,2,2
2017-11-26,10000060,12198,1795238.09,1499999.99,2300000,21,12
2017-11-26,10000060,12199,5899998.64,5899998.64,5899998.64,1,1
2017-11-26,10000060,12200,15998537.32,15998537.32,15998537.32,3,2
2017-11-26,10000060,12201,4499999.98,4499999.98,4499999.98,4,4
2017-11-26,10000060,12202,13447999.86,13447999.86,13447999.86,3,3
2017-11-26,10000060,12203,17021818.77,17021818.77,17021818.77,1,1
2017-11-26,10000060,12204,3499990,3499990,3499990,2,2
2017-11-26,10000060,12205,14016666.24,11049998.72,15500000,3,3
2017-11-26,10000060,12206,7890997.86,7890997.86,7890997.86,6,6
2017-11-26,10000060,12207,14800000,14800000,14800000,1,1
2017-11-26,10000060,12208,12907988.83,12907988.83,12907988.83,1,1
2017-11-26,10000060,12209,15399999.98,15399999.98,15399999.98,4,4
2017-11-26,10000060,12210,13399700,13399700,13399700,1,1
2017-11-26,10000060,12211,13498979,13498979,13498979,4,4
2017-11-26,10000060,12212,19999968,19999968,19999968,2,2
2017-11-26,10000060,12213,1350000,1350000,1350000,3,3
2017-11-26,10000060,12214,3499990,3499990,3499990,5,5
2017-11-26,10000060,12215,11999999.99,11999999.99,11999999.99,2,2
2017-11-26,10000060,12219,36070196.17,36000000,36087995.45,5,5
2017-11-26,10000060,12223,72000596.53,72000596.52,72000596.53,2,2
2017-11-26,10000060,12259,5861419.91,5861419.91,5861419.91,8,5
2017-11-26,10000060,12263,7999999.97,7999999.97,7999999.97,1,1
2017-11-26,10000060,12267,3549399,3549399,3549399,14,11
2017-11-26,10000060,12271,6363919.13,3204001.35,6699888.64,11,6
2017-11-26,10000060,12274,64967.5,64900,64990,28,6
2017-11-26,10000060,12305,132142.86,115000,135000,7,7
2017-11-26,10000060,12346,2251141.99,1500000,2372999.29,35,6
2017-11-26,10000060,12365,145000,145000,145000,3,3
2017-11-26,10000060,12366,160000,160000,160000,3,3
2017-11-26,10000060,12367,149545,149545,149545,3,3
2017-11-26,10000060,12441,100000,100000,100000,2,2
2017-11-26,10000060,12442,5999395,5999395,5999395,2,2
2017-11-26,10000060,12484,6561896.66,4599998,6712809.75,14,10
2017-11-26,10000060,12485,9199999.93,9199999.91,9199999.96,6,6
2017-11-26,10000060,12486,6999996.26,6999996.25,6999996.27,3,3
2017-11-26,10000060,12487,8987442.71,8987442.09,8987443.94,3,3
2017-11-26,10000060,12533,302.01,302.01,302.01,1,1
2017-11-26,10000060,12535,1001.02,1001.02,1001.02,13,6
2017-11-26,10000060,12557,116803.96,100000,123525.89,28,4
2017-11-26,10000060,12559,277997.44,277996.98,277997.9,16,3
2017-11-26,10000060,12563,171996.35,171995.99,171996.63,88,12
2017-11-26,10000060,12565,90800.94,90800.9,90800.97,63,9
2017-11-26,10000060,12608,69,68.99,69,43887,21
2017-11-26,10000060,12612,61.41,61.41,61.41,50303,16
2017-11-26,10000060,12614,39.79,39.79,39.79,28817,14
2017-11-26,10000060,12618,30.81,30.81,30.81,27627,7
2017-11-26,10000060,12620,25,25,25,22645,4
2017-11-26,10000060,12625,67.66,67.66,67.66,22036,16
2017-11-26,10000060,12631,59.9,59.9,59.9,29860,16
2017-11-26,10000060,12633,64.97,64.97,64.97,11580,4
2017-11-26,10000060,12709,64993.45,64992.99,64996.64,8,4
2017-11-26,10000060,12729,293956982.91,293956982.91,293956982.91,1,1
2017-11-26,10000060,12731,335000000,335000000,335000000,1,1
2017-11-26,10000060,12743,281470999.92,279999999.98,282941999.86,2,2
2017-11-26,10000060,12747,335875000,335875000,335875000,1,1
2017-11-26,10000060,12753,349999000,349999000,349999000,1,1
2017-11-26,10000060,12767,323.87,323.87,323.87,11901,12
2017-11-26,10000060,12771,299,299,299.99,15200,15
2017-11-26,10000060,12773,238.96,238.96,238.96,52920,20
2017-11-26,10000060,12775,439.39,439.39,439.39,10000,2
2017-11-26,10000060,12777,156,156,156,45481,19
2017-11-26,10000060,12779,510.02,510.02,510.02,15720,2
2017-11-26,10000060,12785,123.89,123.89,123.89,26111,12
2017-11-26,10000060,12787,315,315,315,13600,5
2017-11-26,10000060,12789,148.7,148.7,148.7,38373,14
2017-11-26,10000060,12791,209,209,209,11001,4
2017-11-26,10000060,12801,335.94,335.94,335.97,17121,12
2017-11-26,10000060,12803,129.99,129.99,129.99,10000,1
2017-11-26,10000060,12805,170,170,170,28979,13
2017-11-26,10000060,12807,247.93,247.93,247.93,25000,2
2017-11-26,10000060,12814,879996.42,879995.85,879996.69,40,8
2017-11-26,10000060,12816,538810.59,538810.58,538810.6,62,7
2017-11-26,10000060,12818,299866,299866,299866,312,14
2017-11-26,10000060,12820,635997.34,635997.34,635997.34,154,11
2017-11-26,10000060,12822,224999,224999,224999,5,1
2017-11-26,10000060,12824,499999.99,499999.98,499999.99,24,4
2017-11-26,10000060,12826,271200,270000,274999.99,25,3
2017-11-26,10000060,12828,428651.44,428651.44,428651.44,2,1
2017-11-26,10000060,13001,3315812.62,1303002.54,3449999.95,16,12
2017-11-26,10000060,13003,2988998.26,2988998.25,2988998.27,16,12
2017-11-26,10000060,13119,252.63,252.63,252.63,2800,3
2017-11-26,10000060,13209,59974316.67,59972975,59977000,3,3
2017-11-26,10000060,13216,25578160.53,24885977.79,32500000,11,11
2017-11-26,10000060,13224,14999999,14999999,14999999,1,1
2017-11-26,10000060,13238,999999.99,999999.99,999999.99,1,1
2017-11-26,10000060,13240,27790000,27790000,27790000,4,4
2017-11-26,10000060,13242,84999999.99,84999999.99,84999999.99,1,1
2017-11-26,10000060,13244,44990899.98,44990899.97,44990899.98,3,3
2017-11-26,10000060,13249,41999544.77,41999544.77,41999544.77,1,1
2017-11-26,10000060,13252,7700000,7700000,7700000,2,2
2017-11-26,10000060,13256,26049635,26000000,26099270,2,2
2017-11-26,10000060,13259,28742505.62,28000000,28848791.36,8,8
2017-11-26,10000060,13260,26001348.5,26000000,26002697,2,2
2017-11-26,10000060,13261,24999993.42,24999991.14,24999995.7,18,14
2017-11-26,10000060,13262,1900199.65,1900199.65,1900199.65,1,1
2017-11-26,10000060,13263,45000000,45000000,45000000,3,2
2017-11-26,10000060,13279,299950,299950,299950,8,4
2017-11-26,10000060,13283,129895,129895,129895,2,2
2017-11-26,10000060,13285,1199909.99,1199904.22,1199912.88,3,3
2017-11-26,10000060,13286,1000000,1000000,1000000,3,3
2017-11-26,10000060,13287,1399997,1399997,1399997,2,2
2017-11-26,10000060,13320,298800,298800,298800,14,1
2017-11-26,10000060,13815,8000001.7,8000001.7,8000001.7,1,1
2017-11-26,10000060,13817,32500007.97,30000000,35000015.93,2,2
2017-11-26,10000060,13876,6888000,6888000,6888000,1,1
2017-11-26,10000060,13941,63545176.47,58408622.68,64999999.98,7,7
2017-11-26,10000060,13954,25000000,25000000,25000000,2,1
2017-11-26,10000060,13957,16688640.68,10021974.01,20021974.01,3,3
2017-11-26,10000060,13960,164999999,164999998,165000000,2,2
2017-11-26,10000060,13969,289989989.96,289989989.96,289989989.96,2,2
2017-11-26,10000060,13970,12654854.53,12654854.53,12654854.53,1,1
2017-11-26,10000060,13972,3882381.14,1883336.01,4489998.99,7,7
2017-11-26,10000060,13976,2484668.34,1883336.01,3687000,9,7
2017-11-26,10000060,13978,12658548.97,12658548.97,12658548.97,1,1
2017-11-26,10000060,13980,2398000,2000000,2994999.99,5,5
2017-11-26,10000060,13982,12999999.92,12999999.92,12999999.92,1,1
2017-11-26,10000060,13984,4097499.99,1600000,4499999.97,8,8
2017-11-26,10000060,13998,80000000,80000000,80000000,1,1
2017-11-26,10000060,14003,3575000.5,2250001,4900000,4,4
2017-11-26,10000060,14009,1515,1515,1515,1,1
2017-11-26,10000060,14015,173,173,173,1,1
2017-11-26,10000060,14021,37516.66,68.08,49999.56,4,4
2017-11-26,10000060,14027,46841.75,5789,170000,4,3
2017-11-26,10000060,14047,69999994,69999994,69999994,1,1
2017-11-26,10000060,14059,8048989.98,8048989.98,8048989.98,1,1
2017-11-26,10000060,14070,36769225.15,34000002,39999988,13,11
2017-11-26,10000060,14072,40000000,40000000,40000000,1,1
2017-11-26,10000060,14074,67999999,67999999,67999999,1,1
2017-11-26,10000060,14076,371953,23812,488000,4,4
2017-11-26,10000060,14082,2999999.93,2999999.91,2999999.94,6,6
2017-11-26,10000060,14084,4900000,4900000,4900000,1,1
2017-11-26,10000060,14086,1105555.5,1100000,1111111,2,2
2017-11-26,10000060,14088,1018605.87,989990,1449994.47,8,8
2017-11-26,10000060,14094,835199.99,798499.98,999999.99,5,5
2017-11-26,10000060,14112,19999999.99,19999999.99,19999999.99,1,1
2017-11-26,10000060,14114,75000000,75000000,75000000,1,1
2017-11-26,10000060,14128,8202739.87,4500001.05,8888868.9,17,15
2017-11-26,10000060,14134,35461294.99,30000000,38888886.44,6,5
2017-11-26,10000060,14136,73899621.98,73899621.98,73899621.98,2,1
2017-11-26,10000060,14142,26624512.43,25987997,29999998.99,9,8
2017-11-26,10000060,14144,45831999.09,22000008.53,50495995,6,6
2017-11-26,10000060,14152,11685333.25,1744000.02,14999110.99,4,4
2017-11-26,10000060,14160,64521452.55,64521452.55,64521452.55,1,1
2017-11-26,10000060,14164,54999999.66,54999999,55000000,3,3
2017-11-26,10000060,14176,10000000.12,10000000.12,10000000.12,1,1
2017-11-26,10000060,14188,144499999.5,110000001,178999998,2,2
2017-11-26,10000060,14204,70000000,69999999.99,70000000,2,2
2017-11-26,10000060,14206,80000000,80000000,80000000,2,1
2017-11-26,10000060,14230,58949982.93,58949982.93,58949982.93,4,4
2017-11-26,10000060,14234,24399978.68,24399978.35,24399979,2,2
2017-11-26,10000060,14238,213998999,213998999,213998999,1,1
2017-11-26,10000060,14242,103500823.2,92105017.73,114899999,6,4
2017-11-26,10000060,14252,76306761.75,75970566.39,78991131,13,10
2017-11-26,10000060,14256,77000000,77000000,77000000,1,1
2017-11-26,10000060,14258,123899899.99,123899899.99,123899899.99,1,1
2017-11-26,10000060,14262,57563344.33,56230011.5,60230010,3,3
2017-11-26,10000060,14272,150000,150000,150000,4,1
2017-11-26,10000060,14278,1998999.41,1998999.41,1998999.41,5,1
2017-11-26,10000060,14296,6706245,6706245,6706245,1,1
2017-11-26,10000060,14297,6988998,6988998,6988998,1,1
2017-11-26,10000060,14299,8899952.34,8899952.34,8899952.34,1,1
2017-11-26,10000060,15331,500.03,500.03,500.03,1937,152
2017-11-26,10000060,15460,3889989.54,3889989.54,3889989.54,5,1
2017-11-26,10000060,15463,2295998.83,2295000,2297996.5,3,2
2017-11-26,10000060,15464,9499999.98,9499999.98,9499999.98,10,1
2017-11-26,10000060,15479,3987366.86,3200000,4099991.33,16,8
2017-11-26,10000060,15480,14999999,14999999,14999999,2,1
2017-11-26,10000060,15508,59400,59400,59400,20,1
2017-11-26,10000060,15510,49994.21,49994.2,49994.39,59,5
2017-11-26,10000060,15596,4499.95,4499.95,4499.95,3,1
2017-11-26,10000060,15597,8000,8000,8000,3,2
2017-11-26,10000060,15599,20000,20000,20000,2,1
2017-11-26,10000060,15607,4500,4500,4500,17,1
2017-11-26,10000060,15681,107092019.44,60011109.99,122500000,15,12
2017-11-26,10000060,15729,34891581.78,33000000,38497767.74,14,11
2017-11-26,10000060,15753,68000000,68000000,68000000,1,1
2017-11-26,10000060,15766,27999999.67,27999999,28000000,3,3
2017-11-26,10000060,15770,69696696.28,69696696.28,69696696.28,2,1
2017-11-26,10000060,15790,23999686.51,23999686,23999686.77,3,3
2017-11-26,10000060,15806,121989856.71,121989856.7,121989856.71,10,5
2017-11-26,10000060,15810,83566166.72,82915416.81,84000000,5,4
2017-11-26,10000060,15887,51332999.82,30000000.48,61999499.49,3,3
2017-11-26,10000060,15889,61989433.55,61989433.5,61989433.6,2,2
2017-11-26,10000060,15891,136333311.1,135000000,136999966.65,3,3
2017-11-26,10000060,15895,108890000,108890000,108890000,1,1
2017-11-26,10000060,15963,130380395.53,93500153.91,133494999,13,8
2017-11-26,10000060,15965,106021949.99,106021949.98,106021949.99,3,3
2017-11-26,10000060,16004,243999902.45,243999880,243999913.67,3,3
2017-11-26,10000060,16008,28999985.82,28999985.82,28999985.82,1,1
2017-11-26,10000060,16062,54959975.61,54959972.61,54959978.61,10,2
2017-11-26,10000060,16069,134994.12,134993.98,134996.95,7,7
2017-11-26,10000060,16227,41911625.06,38051156.65,44999999.7,18,14
2017-11-26,10000060,16229,42178270.56,35001108.8,47899999.96,9,6
2017-11-26,10000060,16231,47199995.84,47199995.84,47199995.84,1,1
2017-11-26,10000060,16236,806597.68,800000,816496.7,5,5
2017-11-26,10000060,16238,1574100.12,1175000,1995000,10,9
2017-11-26,10000060,16240,1012718.07,94999.01,1249999.97,11,7
2017-11-26,10000060,16242,1012154.53,845779,1095342.3,3,3
2017-11-26,10000060,16248,185687999.98,185687999.98,185687999.98,1,1
2017-11-26,10000060,16272,821,815,834.41,48058534,343
2017-11-26,10000060,16273,44.94,44.94,44.94,19073875,191
2017-11-26,10000060,16274,599.99,599.95,600,4117158,52
2017-11-26,10000060,16275,1600,1600,1600,2446534,47
2017-11-26,10000060,16278,2244500.06,1800000,2439000,8,5
2017-11-26,10000060,16281,389992.5,389990,390000,4,4
2017-11-26,10000060,16301,469998.92,469998.92,469998.92,13,4
2017-11-26,10000060,16303,1886079.94,1886079.02,1886080.87,14,8
2017-11-26,10000060,16305,500,500,500,5,5
2017-11-26,10000060,16307,500,500,500,2,2
2017-11-26,10000060,16309,700,700,700,5,4
2017-11-26,10000060,16311,59501.93,5005.4,168495,3,3
2017-11-26,10000060,16313,500,500,500,5,3
2017-11-26,10000060,16315,500,500,500,5,3
2017-11-26,10000060,16317,7555.56,500,20000,9,7
2017-11-26,10000060,16321,500,500,500,4,3
2017-11-26,10000060,16323,500,500,500,7,5
2017-11-26,10000060,16325,500,500,500,13,5
2017-11-26,10000060,16327,500,500,500,6,5
2017-11-26,10000060,16329,500,500,500,5,3
2017-11-26,10000060,16331,500,500,500,4,4
2017-11-26,10000060,16333,500,500,500,3,2
2017-11-26,10000060,16335,500,500,500,9,6
2017-11-26,10000060,16337,500.01,500.01,500.01,5,3
2017-11-26,10000060,16339,500,500,500,3,3
2017-11-26,10000060,16341,500,500,500,8,6
2017-11-26,10000060,16343,500,500,500,6,5
2017-11-26,10000060,16345,500,500,500,7,4
2017-11-26,10000060,16347,500,500,500,5,4
2017-11-26,10000060,16349,500,500,500,5,5
2017-11-26,10000060,16351,500,500,500,7,5
2017-11-26,10000060,16353,56777.18,2000.97,69999,90,12
2017-11-26,10000060,16355,47366.93,2100.81,69999.99,39,10
2017-11-26,10000060,16357,8693.46,2104.01,67998.5,20,10
2017-11-26,10000060,16359,72000,71994.99,75000,162,24
2017-11-26,10000060,16361,49408.42,4000.05,69000,71,20
2017-11-26,10000060,16363,59996.98,59996.35,59999,152,27
2017-11-26,10000060,16365,81916.98,10001.81,95999.98,84,18
2017-11-26,10000060,16367,74833.76,48998.74,79999,80,25
2017-11-26,10000060,16369,84306.92,2401.84,112999.99,92,11
2017-11-26,10000060,16371,71998.97,71998,71999.49,122,25
2017-11-26,10000060,16373,94994.99,94989.99,94994.99,117,22
2017-11-26,10000060,16375,33290.53,2009,75000,42,13
2017-11-26,10000060,16377,14310.33,2000.14,120998,29,14
2017-11-26,10000060,16379,10995.49,1,63969.88,6,5
2017-11-26,10000060,16381,79999,79998.98,85000,141,19
2017-11-26,10000060,16383,6822.98,999.42,100000,17,10
2017-11-26,10000060,16385,64766.79,22225.19,149850,6,6
2017-11-26,10000060,16387,45251,602,89900,6,5
2017-11-26,10000060,16389,56185.92,20005.01,219000,11,6
2017-11-26,10000060,16391,198999.92,198999.92,198999.92,191,25
2017-11-26,10000060,16393,600,600,600,1,1
2017-11-26,10000060,16395,1105.05,1105.05,1105.05,2,2
2017-11-26,10000060,16397,600,600,600,5,4
2017-11-26,10000060,16399,44749.99,500,88999.98,4,4
2017-11-26,10000060,16401,20000,20000,20000,4,1
2017-11-26,10000060,16403,1125.38,1125.07,1126,3,3
2017-11-26,10000060,16405,600,600,600,4,4
2017-11-26,10000060,16407,73378.5,507,194999.99,8,6
2017-11-26,10000060,16409,600,600,600,8,5
2017-11-26,10000060,16411,11800,600,78999.99,7,6
2017-11-26,10000060,16413,600,600,600,6,4
2017-11-26,10000060,16415,5000,5000,5000,4,4
2017-11-26,10000060,16417,600,600,600,6,3
2017-11-26,10000060,16419,500.01,500.01,500.01,5,3
2017-11-26,10000060,16421,600,600,600,6,4
2017-11-26,10000060,16423,17670.83,1405,99000,6,5
2017-11-26,10000060,16425,600,600,600,4,1
2017-11-26,10000060,16427,624.79,624.05,625.09,7,5
2017-11-26,10000060,16429,600,600,600,6,6
2017-11-26,10000060,16431,600,600,600,4,3
2017-11-26,10000060,16433,70183,505,174700,5,5
2017-11-26,10000060,16435,500.22,500.22,500.22,2,2
2017-11-26,10000060,16439,26566.67,500,78700,3,3
2017-11-26,10000060,16441,70914.29,500,164800,7,4
2017-11-26,10000060,16443,48899.85,500.2,169898.98,7,4
2017-11-26,10000060,16447,65214.29,6500,88700,14,9
2017-11-26,10000060,16451,212277.4,10005.01,414549.78,6,2
2017-11-26,10000060,16455,140000,139999.99,140000,10,5
2017-11-26,10000060,16457,10000000,10000000,10000000,1,1
2017-11-26,10000060,16467,255422.45,6609.38,345900,15,10
2017-11-26,10000060,16469,34982.51,10008.08,39600,32,28
2017-11-26,10000060,16475,74996.99,74995,75000,160,27
2017-11-26,10000060,16477,97560.22,49000.6,135997,41,21
2017-11-26,10000060,16481,31999.99,31999.99,31999.99,199,15
2017-11-26,10000060,16483,500,500,500,19,8
2017-11-26,10000060,16485,10000.19,10000.19,10000.19,17,12
2017-11-26,10000060,16487,49998.98,49998.98,56999.99,253,27
2017-11-26,10000060,16489,500,500,500,4,2
2017-11-26,10000060,16491,160059.6,100,399999,5,4
2017-11-26,10000060,16493,500,500,500,3,2
2017-11-26,10000060,16495,255220.83,127500,319300,24,16
2017-11-26,10000060,16497,88995.99,88994,89000,128,20
2017-11-26,10000060,16499,90000,89997,96000,115,28
2017-11-26,10000060,16505,39860.71,88.06,64700,13,9
2017-11-26,10000060,16507,113188.28,3833.51,121799,55,31
2017-11-26,10000060,16519,73525.3,72998.99,73998.98,19,4
2017-11-26,10000060,16521,99999,99999,99999,9,4
2017-11-26,10000060,16527,889999.97,889999.97,889999.97,22,5
2017-11-26,10000060,16533,6499982.49,6499982.49,6499982.49,1,1
2017-11-26,10000060,16535,25998998.99,25998998.99,25998998.99,1,1
2017-11-26,10000060,16537,28899999.97,28899999.97,28899999.98,3,3
2017-11-26,10000060,16591,42999997.98,42999997.98,42999997.98,1,1
2017-11-26,10000060,16594,10999998.99,10999998.99,10999998.99,2,2
2017-11-26,10000060,16595,37999999.33,37999999.33,37999999.33,1,1
2017-11-26,10000060,16597,27000000,27000000,27000000,2,2
2017-11-26,10000060,16598,19992999.24,19992999.24,19992999.25,3,3
2017-11-26,10000060,16622,6560858,6560858,6560858,2,2
2017-11-26,10000060,16634,1907.4,1907.4,1907.4,7142,1
2017-11-26,10000060,16635,9999,9999,9999,3989,1
2017-11-26,10000060,16636,3601.03,3601.03,3601.03,60,1
2017-11-26,10000060,16638,3353,3353,3353,60,1
2017-11-26,10000060,16640,3400.01,3400.01,3400.01,593,1
2017-11-26,10000060,16641,11998.95,11998.95,11998.95,14874,2
2017-11-26,10000060,16643,13497.94,13497.94,13497.94,10559,3
2017-11-26,10000060,16644,7497.89,7497.89,7497.89,20000,1
2017-11-26,10000060,16647,14999.99,14999.99,14999.99,10000,1
2017-11-26,10000060,16650,79000,79000,79000,41763,1
2017-11-26,10000060,16653,32008.25,32008.25,32008.25,66,1
2017-11-26,10000060,16670,232,232,232,221849,5
2017-11-26,10000060,16671,245.98,245.98,245.98,10056880,14
2017-11-26,10000060,16672,260,260,260,8233,4
2017-11-26,10000060,16673,289.59,289.59,289.59,1199614,7
2017-11-26,10000060,16678,446.34,446.34,446.34,6861158,17
2017-11-26,10000060,16679,1006.81,1006.81,1006.81,2896966,17
2017-11-26,10000060,16680,2400,2350,2499.9,347074,16
2017-11-26,10000060,16681,4559.82,4559.82,4559.82,234806,15
2017-11-26,10000060,16682,12297,12297,12297,38776,11
2017-11-26,10000060,16683,42970,42970,42970,38411,10
2017-11-26,10000060,17136,78178.2,77999.99,79999.95,56,4
2017-11-26,10000060,17201,6999,6999,6999,824,16
2017-11-26,10000060,17202,201.02,201.02,201.02,12,5
2017-11-26,10000060,17204,557.57,557.57,557.57,9,5
2017-11-26,10000060,17231,1,1,1,1,1
2017-11-26,10000060,17234,1,1,1,3,3
2017-11-26,10000060,17235,100,100,100,1,1
2017-11-26,10000060,17238,365.01,365.01,365.01,1,1
2017-11-26,10000060,17317,84444.44,84444.44,84444.44,36160,6
2017-11-26,10000060,17366,74000.19,69000.21,95492.87,136,54
2017-11-26,10000060,17367,800000,800000,800000,1,1
2017-11-26,10000060,17368,1899224.69,1200000,1981910.65,33,18
2017-11-26,10000060,17425,2500,2500,2500,254,4
2017-11-26,10000060,17426,4001.59,4001.59,4001.59,90,2
2017-11-26,10000060,17428,2000,2000,2000,841,9
2017-11-26,10000060,17429,2600.6,2600.6,2600.6,106,2
2017-11-26,10000060,17432,2000,2000,2000,3366,14
2017-11-26,10000060,17433,2000.28,2000.28,2000.28,82,3
2017-11-26,10000060,17436,600,600,600,274,7
2017-11-26,10000060,17437,640.06,640.06,640.06,110,2
2017-11-26,10000060,17464,1,1,1,24,1
2017-11-26,10000060,17466,1600.19,1600.19,1600.19,3149,18
2017-11-26,10000060,17467,1300,1300,1300,618,6
2017-11-26,10000060,17470,1,1,1,24600,1
2017-11-26,10000060,17476,19318057.4,16000010,19999999.74,36,19
2017-11-26,10000060,17478,16156956.9,15999990.95,20648125.69,21,12
2017-11-26,10000060,17480,15098412.48,13999999.4,19766666.5,21,19
2017-11-26,10000060,17482,1908444.31,925000,1989999.8,92,35
2017-11-26,10000060,17526,23984017.77,23898020.65,24500000,7,6
2017-11-26,10000060,17559,74712580.67,70000000,79496999,6,6
2017-11-26,10000060,17619,21499999.92,21499999.9,21499999.95,4,4
2017-11-26,10000060,17634,59999999.97,20000000,99999999.94,2,2
2017-11-26,10000060,17666,750,750,750,10000,1
2017-11-26,10000060,17674,2199.98,2199.98,2199.98,5000,1
2017-11-26,10000060,17703,42252005.33,42252005.33,42252005.33,1,1
2017-11-26,10000060,17713,72033343.47,71100030.41,72500000,3,3
2017-11-26,10000060,17715,196963373.52,171001232.69,209944443.94,3,3
2017-11-26,10000060,17720,161333323.36,150000000,166999985.04,3,2
2017-11-26,10000060,17722,235999500,235000000,236999000,4,3
2017-11-26,10000060,17736,424999999.98,424999999.98,424999999.98,1,1
2017-11-26,10000060,17738,527727687.07,503759009.51,537999980.19,10,10
2017-11-26,10000060,17740,449999999.96,449999999.96,449999999.96,1,1
2017-11-26,10000060,17841,15500050.5,11000101,20000000,2,2
2017-11-26,10000060,17843,71455877.05,69999995,71999996.31,68,67
2017-11-26,10000060,17865,1280.33,1280.33,1280.33,15973,12
2017-11-26,10000060,17866,1360.35,1360.35,1360.35,79,2
2017-11-26,10000060,17869,14500,14500,14500,68,1
2017-11-26,10000060,17870,15000.16,15000.16,15000.16,595,2
2017-11-26,10000060,17887,1028.01,1027.97,1028.23,11227896,287
2017-11-26,10000060,17888,865.99,864.97,868,4207627,60
2017-11-26,10000060,17889,949.82,949.66,949.99,4207939,89
2017-11-26,10000060,17893,200005.13,200005.13,200005.13,5,2
2017-11-26,10000060,17894,200001,200001,200001,11,6
2017-11-26,10000060,17895,276000.01,276000,276000.02,4,3
2017-11-26,10000060,17898,144993,144993,144993,12,3
2017-11-26,10000060,17912,4501886.62,3695000.53,4599690.99,37,18
2017-11-26,10000060,17918,480322227.06,420100050.24,487849999.16,18,18
2017-11-26,10000060,17920,216875000,205000000,228750000,4,4
2017-11-26,10000060,17922,71439999.98,71399999.99,71499999.98,5,4
2017-11-26,10000060,17928,76777776.97,76777776.97,76777776.97,1,1
2017-11-26,10000060,17930,35000001.09,35000001.09,35000001.09,1,1
2017-11-26,10000060,17932,60611112.32,60000000,61222224.63,2,2
2017-11-26,10000060,17938,180923.55,174999,199999,38,38
2017-11-26,10000060,17978,300000,300000,300000,2,1
2017-11-26,10000060,18025,442250,440000,450000,4,4
2017-11-26,10000060,18036,95000,94999.99,95000,14,4
2017-11-26,10000060,18037,5500000,5500000,5500000,1,1
2017-11-26,10000060,18038,278249.87,140000,297999.99,16,7
2017-11-26,10000060,18040,155948.58,153023.05,157898.94,15,4
2017-11-26,10000060,18042,115665.99,115000,115998.99,6,3
2017-11-26,10000060,18044,226999.33,226999.33,226999.33,2,1
2017-11-26,10000060,18054,449989.61,449989.6,449989.7,14,2
2017-11-26,10000060,18064,322782.74,299999.98,448089.4,26,8
2017-11-26,10000060,18590,824970.61,675000,849965.86,28,6
2017-11-26,10000060,18592,909968.91,909966,909970.84,32,5
2017-11-26,10000060,18594,752026.28,739981.27,886530.92,73,10
2017-11-26,10000060,18596,789880.01,699999,797999.75,41,5
2017-11-26,10000060,18598,949998.13,949997.94,999999.99,48,8
2017-11-26,10000060,18608,924991.39,924991.35,924991.39,116,9
2017-11-26,10000060,18624,934504,934504,934504,109,11
2017-11-26,10000060,18635,222222.21,222222.21,222222.21,142,2
2017-11-26,10000060,18639,153289.82,146833.82,157000,40,37
2017-11-26,10000060,18676,68499998.99,68499998.99,68499998.99,1,1
2017-11-26,10000060,18710,103399997.4,101000000,103999996.75,5,4
2017-11-26,10000060,18760,4999945,4999945,4999945,1,1
2017-11-26,10000060,18766,2999999.99,2999999.99,2999999.99,1,1
2017-11-26,10000060,18795,4249999,4249999,4249999,3,2
2017-11-26,10000060,18797,3750000,3750000,3750000,2,2
2017-11-26,10000060,18831,140129959.67,138999878.07,140695000.47,3,2
2017-11-26,10000060,18845,18000000,18000000,18000000,2,1
2017-11-26,10000060,18865,40241600.86,39999951.99,40644320.53,8,6
2017-11-26,10000060,18869,29888995.98,29888995.98,29888995.98,1,1
2017-11-26,10000060,18873,99997998,99997998,99997998,1,1
2017-11-26,10000060,18877,21999986,21999986,21999986,1,1
2017-11-26,10000060,18881,879998998.73,879997999.99,879999997.47,2,2
2017-11-26,10000060,18885,37899999.98,37899999.98,37899999.98,1,1
2017-11-26,10000060,18897,33899999.99,33899999.99,33899999.99,1,1
2017-11-26,10000060,18933,53993114.7,31000080.83,60989693.88,9,8
2017-11-26,10000060,18935,112249820.97,112000000,112999283.89,4,4
2017-11-26,10000060,18937,54333333.33,53000000,55000000,3,3
2017-11-26,10000060,18939,99000000,99000000,99000000,1,1
2017-11-26,10000060,18941,25305000.98,17010002.58,34999998.98,10,8
2017-11-26,10000060,18945,79997243.23,79989990.96,79999990.97,4,4
2017-11-26,10000060,19009,67999999.95,67999999.95,67999999.95,1,1
2017-11-26,10000060,19015,72859663.77,72859663.77,72859663.77,2,1
2017-11-26,10000060,19017,179000000,178999999.99,179000000,2,2
2017-11-26,10000060,19027,294869999,294869999,294869999,2,2
2017-11-26,10000060,19036,95000000,95000000,95000000,1,1
2017-11-26,10000060,19045,87712571.16,67002999.75,102495000,7,6
2017-11-26,10000060,19105,43999999.17,43999998.88,43999999.9,7,5
2017-11-26,10000060,19111,19999981.75,19999980,19999986,4,3
2017-11-26,10000060,19119,13800605.34,12002014.35,14999999,5,5
2017-11-26,10000060,19141,30000000,30000000,30000000,1,1
2017-11-26,10000060,19187,31833333.33,31500000,32000000,3,3
2017-11-26,10000060,19191,246000000,246000000,246000000,1,1
2017-11-26,10000060,19198,610166665.83,609999998.99,611000000,6,6
2017-11-26,10000060,19200,307000000,273000000,340999999.99,2,2
2017-11-26,10000060,19203,93797998.13,93797998.13,93797998.13,1,1
2017-11-26,10000060,19207,198624246.43,198468983,199469043.5,7,7
2017-11-26,10000060,19208,109299999.99,109299999.98,109299999.99,5,5
2017-11-26,10000060,19211,3920000,3920000,3920000,1,1
2017-11-26,10000060,19215,19718976.58,19718971.16,19718982,4,4
2017-11-26,10000060,19225,2950102,2950102,2950102,2,1
2017-11-26,10000060,19227,49922500,49900000,49990000,4,4
2017-11-26,10000060,19229,52999981.27,52999981.27,52999981.27,1,1
2017-11-26,10000060,19231,87824443.95,66666666.66,93299999.24,5,5
2017-11-26,10000060,19264,80899799.96,80899799.96,80899799.96,1,1
2017-11-26,10000060,19279,160000000,160000000,160000000,1,1
2017-11-26,10000060,19281,85899833,82800000,88999998.99,6,4
2017-11-26,10000060,19282,130489231.24,96000023.07,131869904.77,26,23
2017-11-26,10000060,19283,19898987.55,19898987.55,19898987.55,5,5
2017-11-26,10000060,19284,37998971.79,37998970.95,37998972.5,11,11
2017-11-26,10000060,19288,50999959.94,50999959.94,50999959.94,1,1
2017-11-26,10000060,19295,255104596.85,249491976.31,259594520,9,8
2017-11-26,10000060,19301,182749992.04,181999999,182899989.13,6,6
2017-11-26,10000060,19315,177999999.65,177000000,178999999.3,2,2
2017-11-26,10000060,19325,49909931.91,49909931.91,49909931.91,1,1
2017-11-26,10000060,19359,257288664.89,257287998.7,257288886.93,4,4
2017-11-26,10000060,19417,42345678.97,42345678.93,42345678.98,9,6
2017-11-26,10000060,19418,50100004.48,50100004.48,50100004.48,1,1
2017-11-26,10000060,19419,72100013.14,72100013.14,72100013.14,1,1
2017-11-26,10000060,19420,79000003.38,79000003.38,79000003.38,1,1
2017-11-26,10000060,19421,123456905.77,123456905.72,123456905.98,57,31
2017-11-26,10000060,19500,1000000,1000000,1000000,4,3
2017-11-26,10000060,19534,23000000,23000000,23000000,2,2
2017-11-26,10000060,19535,32000000,26500000,35000000,5,5
2017-11-26,10000060,19536,45000000,45000000,45000000,1,1
2017-11-26,10000060,19537,72633332.67,71900000,72999999,3,3
2017-11-26,10000060,19538,40000000,40000000,40000000,1,1
2017-11-26,10000060,19539,130000000,130000000,130000000,1,1
2017-11-26,10000060,19549,230089808.47,230089808.47,230089808.47,3,3
2017-11-26,10000060,19550,188289530.69,188289427.37,188289737.34,3,3
2017-11-26,10000060,19660,431792.96,431792.96,431792.96,2,2
2017-11-26,10000060,19686,202769959.66,202769959.66,202769959.66,1,1
2017-11-26,10000060,19693,209998311.84,209998311.83,209998311.84,2,2
2017-11-26,10000060,19719,44089833.33,44088000,44099000,6,6
2017-11-26,10000060,19720,1599999997.71,1599999997.71,1599999997.71,1,1
2017-11-26,10000060,19722,1333333330.59,1200000003.58,1399999994.1,3,3
2017-11-26,10000060,19724,1250000000,1250000000,1250000000,1,1
2017-11-26,10000060,19726,1010011111.39,1010011111.39,1010011111.39,1,1
2017-11-26,10000060,19739,3872937.65,3199997,3999949.99,64,19
2017-11-26,10000060,19744,1623116.1,1489999.99,1822790.27,5,5
2017-11-26,10000060,19760,220833.33,220000,230000,12,2
2017-11-26,10000060,19761,1349990,1349990,1349990,1,1
2017-11-26,10000060,19766,800000,800000,800000,1,1
2017-11-26,10000060,19767,519998,519998,519998,2,2
2017-11-26,10000060,19806,927150.59,433006.11,983999.97,20,19
2017-11-26,10000060,19810,280733.68,280733.68,280733.68,9,6
2017-11-26,10000060,19812,194991.47,194984.8,194994.81,3,3
2017-11-26,10000060,19814,74183.84,44444.42,169665,41,26
2017-11-26,10000060,19921,7333333.33,5999999.99,10000000,3,3
2017-11-26,10000060,19922,4999785.5,4999785,4999786,2,2
2017-11-26,10000060,19923,288999.81,288999.81,288999.81,2,1
2017-11-26,10000060,19927,29895,29895,29895,12,7
2017-11-26,10000060,19931,89999,89999,89999,4,1
2017-11-26,10000060,19935,8999,8999,8999,2,2
2017-11-26,10000060,19939,7083.74,50,14899,19,12
2017-11-26,10000060,19942,40000,40000,40000,2,1
2017-11-26,10000060,19946,74999.99,74999.99,75000,12,7
2017-11-26,10000060,19952,96999,96999,96999,12,6
2017-11-26,10000060,19996,139,139,139,1000,1
2017-11-26,10000060,20026,14098799.45,14098798.99,14098799.9,6,2
2017-11-26,10000060,20032,7399099.97,7399099.94,7399099.99,6,2
2017-11-26,10000060,20060,119000000,119000000,119000000,2,2
2017-11-26,10000060,20157,144919992.96,144919992.96,144919992.96,1,1
2017-11-26,10000060,20159,364457778.63,364457778.63,364457778.63,1,1
2017-11-26,10000060,20171,74400,74400,74400,704,11
2017-11-26,10000060,20172,279990,279990,279990,200,1
2017-11-26,10000060,20183,1598999999.99,1598999999.99,1598999999.99,1,1
2017-11-26,10000060,20185,1499999000,1499999000,1499999000,1,1
2017-11-26,10000060,20209,7497698.78,7497698.78,7497698.78,1,1
2017-11-26,10000060,20210,3289997,3289997,3289997,3,3
2017-11-26,10000060,20211,8039698,8039698,8039698,1,1
2017-11-26,10000060,20212,16448911.04,8796008.48,18999882.92,4,4
2017-11-26,10000060,20213,18235733.87,18209800,18287606.63,6,6
2017-11-26,10000060,20280,39000011,25000022,53000000,2,2
2017-11-26,10000060,20307,99.95,99.95,99.95,1500,1
2017-11-26,10000060,20308,184.47,184.47,184.47,2000,1
2017-11-26,10000060,20312,1499980.41,1499980.41,1499980.41,4,4
2017-11-26,10000060,20314,997499.83,989999.87,999999.81,4,4
2017-11-26,10000060,20315,8455195.69,8455195.67,8455195.71,3,3
2017-11-26,10000060,20327,20000000,20000000,20000000,1,1
2017-11-26,10000060,20342,62681873.12,62680000,62683997,8,8
2017-11-26,10000060,20345,1696662.95,1696662.95,1696662.95,2,1
2017-11-26,10000060,20347,1295593.33,1294871.98,1298478.72,5,5
2017-11-26,10000060,20349,947979.71,947900,947992.99,7,6
2017-11-26,10000060,20351,1892998.98,1892998.97,1892998.99,8,8
2017-11-26,10000060,20353,3677003.03,2999998,3949644,44,34
2017-11-26,10000060,20410,1749735.87,1749735.87,1749735.87,168,4
2017-11-26,10000060,20411,316092,316092,316092,539,4
2017-11-26,10000060,20412,76383,72732.64,81040.35,66,2
2017-11-26,10000060,20413,106361.04,106360.95,106361.2,22,3
2017-11-26,10000060,20414,76036.2,76036.19,76036.21,10,2
2017-11-26,10000060,20415,194399.99,194399.99,194399.99,32,1
2017-11-26,10000060,20416,149999.18,149999,150000,28,3
2017-11-26,10000060,20421,57000.02,39000,88500,88,6
2017-11-26,10000060,20424,70987,50987.99,70988,506,9
2017-11-26,10000060,20452,54380999.98,54380999.98,54380999.98,3,1
2017-11-26,10000060,20454,44999001.5,44999000,44999008.99,6,3
2017-11-26,10000060,20494,135000,135000,135000,1,1
2017-11-26,10000060,20499,98999998.64,98999998,98999998.8,4,4
2017-11-26,10000060,20501,127998499.23,127997998.99,128000000,4,4
2017-11-26,10000060,20503,285848471.33,280000000,288772707,3,3
2017-11-26,10000060,20505,476663666.62,469999999.95,489990999.96,3,3
2017-11-26,10000060,20506,75000000,75000000,75000000,1,1
2017-11-26,10000060,20507,208999923.33,208999906.5,208999956.99,3,3
2017-11-26,10000060,20509,1129973614.2,1129973221.69,1129973810.45,3,3
2017-11-26,10000060,20524,89640000,89640000,89640000,2,2
2017-11-26,10000060,20532,119642000,119642000,119642000,5,5
2017-11-26,10000060,20533,446173111.11,400000000,451794000,9,8
2017-11-26,10000060,20701,38999499.24,34000000,43998998.48,2,2
2017-11-26,10000060,20703,55200001.11,47500001.7,59399999.95,6,6
2017-11-26,10000060,20741,6438.52,6438.52,6438.52,14000,3
2017-11-26,10000060,20743,7062.47,7062.47,7062.47,2250,2
2017-11-26,10000060,20747,6901.82,6901.82,6901.82,2741,2
2017-11-26,10000060,20751,8499.72,8499.72,8499.72,750,1
2017-11-26,10000060,20847,2887999.99,2887999.99,2887999.99,6,1
2017-11-26,10000060,21013,2500000.01,2500000.01,2500000.01,1,1
2017-11-26,10000060,21023,7500000,7500000,7500000,15,2
2017-11-26,10000060,21025,9899999.99,9899999.99,9899999.99,1,1
2017-11-26,10000060,21035,6500000,6500000,6500000,10,2
2017-11-26,10000060,21059,159870,159870,159870,3,3
2017-11-26,10000060,21071,2119999.99,1000000,2399999.99,5,5
2017-11-26,10000060,21096,1568997.95,1568997.82,1568999.96,181,141
2017-11-26,10000060,21224,140156.62,103096.34,145000,7,4
2017-11-26,10000060,21226,35710.51,1,39899.97,19,9
2017-11-26,10000060,21228,128266,128000,128798,3,3
2017-11-26,10000060,21230,281267.65,2606,336999.98,6,3
2017-11-26,10000060,21254,6399999.98,6399999.98,6399999.98,3,1
2017-11-26,10000060,21450,1,1,1,1,1
2017-11-26,10000060,21603,23285003.74,14781342.39,23992998.95,13,13
2017-11-26,10000060,21606,3316230899.91,3316230899.91,3316230899.91,1,1
2017-11-26,10000060,21610,26863204.64,26862882.41,26863890,19,18
2017-11-26,10000060,21611,39999959.89,39999959,39999960,9,9
2017-11-26,10000060,21638,1133891.63,1100000,1137999.71,37,7
2017-11-26,10000060,21640,1100000,1100000,1100000,154,24
2017-11-26,10000060,21666,23945000,23945000,23945000,1,1
2017-11-26,10000060,21667,32993000,32992000,32994000,4,4
2017-11-26,10000060,21718,134990,134990,134990,1,1
2017-11-26,10000060,21740,1399.97,1399.97,1399.97,216793,19
2017-11-26,10000060,21790,349000,349000,349000,2,2
2017-11-26,10000060,21791,393999.98,393999.98,393999.98,1,1
2017-11-26,10000060,21802,41075424.03,40999989.98,41984938.71,13,13
2017-11-26,10000060,21803,23499986.85,23499986.85,23499986.86,3,3
2017-11-26,10000060,21815,7785728.63,5000201.01,7999999.99,14,2
2017-11-26,10000060,21888,48999000,48999000,48999000,1,1
2017-11-26,10000060,21889,47960000,47960000,47960000,1,1
2017-11-26,10000060,21890,68474000,68474000,68474000,1,1
2017-11-26,10000060,21894,1399.97,1399.97,1399.97,98042,13
2017-11-26,10000060,21896,743.54,743.54,743.54,120083,53
2017-11-26,10000060,21898,496.74,496.74,496.74,59754,44
2017-11-26,10000060,21902,1080,1080,1080,10000,3
2017-11-26,10000060,21904,797.98,797.98,797.98,76097,35
2017-11-26,10000060,21906,693.32,693.32,693.32,26444,13
2017-11-26,10000060,21910,1044.92,1044.92,1044.92,900,1
2017-11-26,10000060,21912,891.9,891.9,891.9,2000,1
2017-11-26,10000060,21914,904.92,904.92,904.92,3940,4
2017-11-26,10000060,21918,1499.99,1499.99,1499.99,22600,7
2017-11-26,10000060,21922,749.96,749.95,749.96,77632,37
2017-11-26,10000060,21924,639.82,639.75,639.86,27611,18
2017-11-26,10000060,21928,873.24,873.24,873.24,480,1
2017-11-26,10000060,21935,1165.98,1165.98,1165.98,11400,8
2017-11-26,10000060,21937,639.99,639.99,639.99,13460,11
2017-11-26,10000060,21939,949.96,949.96,949.96,4370,5
2017-11-26,10000060,22043,33999979.78,33999979.76,33999979.78,5,5
2017-11-26,10000060,22122,179999233.32,179998899.99,179999899.97,3,3
2017-11-26,10000060,22131,20000000,19999999.99,20000000,2,2
2017-11-26,10000060,22133,27890000,27890000,27890000,1,1
2017-11-26,10000060,22134,30000000,30000000,30000000,1,1
2017-11-26,10000060,22175,237460.68,74500,249998.62,28,28
2017-11-26,10000060,22177,185301.64,56000.02,188998.71,33,32
2017-11-26,10000060,22229,4688235.47,600000.03,4799999.99,34,16
2017-11-26,10000060,22242,94999927.48,94999926,94999927.96,4,4
2017-11-26,10000060,22291,1287463.79,1287463.78,1287463.79,159,91
2017-11-26,10000060,22430,1390000000,1390000000,1390000000,1,1
2017-11-26,10000060,22442,420000000,420000000,420000000,1,1
2017-11-26,10000060,22444,489999999.98,489999999.97,489999999.98,2,2
2017-11-26,10000060,22446,553033014.06,553033014.06,553033014.06,1,1
2017-11-26,10000060,22448,399999999,399999999,399999999,1,1
2017-11-26,10000060,22452,70487510.75,62000043,73000000,4,4
2017-11-26,10000060,22456,80911328.88,58202004.83,83999993.33,9,9
2017-11-26,10000060,22464,98993000,98993000,98993000,2,1
2017-11-26,10000060,22534,23592529.64,23000000,23651984.44,10,10
2017-11-26,10000060,22536,4689889.83,4689889.83,4689889.83,5,5
2017-11-26,10000060,22541,14101333.18,13364000,19999999,9,9
2017-11-26,10000060,22542,62468.39,47000,65989,88,19
2017-11-26,10000060,22544,436464369.28,391000304.01,462499998.88,14,12
2017-11-26,10000060,22546,319472233.61,287050000.08,359999899.99,9,8
2017-11-26,10000060,22548,298886666.96,256000000.85,369989999.95,9,8
2017-11-26,10000060,22551,34762000,33000000,36524000,2,2
2017-11-26,10000060,22552,9042499.74,7999999.99,9389999.63,8,8
2017-11-26,10000060,22559,49991500,49990000,49993000,4,4
2017-11-26,10000060,22576,63000,63000,63000,4,1
2017-11-26,10000060,22578,134990,134990,134990,1,1
2017-11-26,10000060,22611,21000000,21000000,21000000,1,1
2017-11-26,10000060,22761,43499997.85,43499997.85,43499997.85,1,1
2017-11-26,10000060,22765,100997.11,100996,100998,27,4
2017-11-26,10000060,22778,100000,100000,100000,2488,23
2017-11-26,10000060,22782,1474387.61,1401440.61,1479998.9,14,13
2017-11-26,10000060,22806,160000,160000,160000,4,4
2017-11-26,10000060,22807,160000,160000,160000,4,4
2017-11-26,10000060,22808,160000,160000,160000,5,5
2017-11-26,10000060,22809,160000,160000,160000,3,3
2017-11-26,10000060,22961,766.64,766.64,766.64,8000,3
2017-11-26,10000060,22977,1235.89,1235.89,1235.89,7745,3
2017-11-26,10000060,22993,1496.11,1496.11,1496.11,5555,1
2017-11-26,10000060,23009,538.65,538.65,538.65,38762,24
2017-11-26,10000060,23011,1184.31,1184.31,1184.31,1000,2
2017-11-26,10000060,23013,798.85,798.85,798.85,500,1
2017-11-26,10000060,23015,1340,1340,1340,1500,2
2017-11-26,10000060,23021,494.25,494.25,494.25,500,1
2017-11-26,10000060,23023,837.96,837.96,837.96,940,3
2017-11-26,10000060,23025,678.94,678.94,678.94,100144,39
2017-11-26,10000060,23027,1588.23,1588.23,1588.23,3320,1
2017-11-26,10000060,23029,989.99,989.99,989.99,922,1
2017-11-26,10000060,23031,1193.55,1193.4,1193.59,24246,14
2017-11-26,10000060,23033,1497.21,1497.21,1497.21,5200,3
2017-11-26,10000060,23035,1386.71,1386.71,1386.71,13741,7
2017-11-26,10000060,23039,1539.59,0.01,1539.64,9701,7
2017-11-26,10000060,23045,1749,1749,1749,72000,7
2017-11-26,10000060,23047,2999.95,2999.95,2999.95,1500,1
2017-11-26,10000060,23049,1098.96,1098.96,1098.96,5000,1
2017-11-26,10000060,23055,3399996.95,3300000,3497998.94,1152,85
2017-11-26,10000060,23057,2989522.14,2989522.1,2989522.29,143,11
2017-11-26,10000060,23059,3199999,3199998,3199999,111,13
2017-11-26,10000060,23061,3062501.71,2999999.99,3249999.81,60,5
2017-11-26,10000060,23069,52624000,39000000,56030000,5,5
2017-11-26,10000060,23071,498461.97,498461.95,498461.98,66,9
2017-11-26,10000060,23079,1069862.98,799657.44,1250000,20,4
2017-11-26,10000060,23087,932.2,898.32,999.95,3,3
2017-11-26,10000060,23089,639498.84,624999.99,648493.15,52,11
2017-11-26,10000060,23097,949878.21,949878.21,949878.22,15,3
2017-11-26,10000060,23105,1093968.84,1093968.84,1093968.85,70,9
2017-11-26,10000060,23109,1997971.63,1997971.63,1997971.63,20,2
2017-11-26,10000060,23111,1679999.99,1679999.99,1679999.99,8,1
2017-11-26,10000060,23113,1342902.88,1342902.88,1342902.88,24,5
2017-11-26,10000060,23121,300000,299999.99,300000,3,2
2017-11-26,10000060,23143,1.02,1.02,1.02,2,1
2017-11-26,10000060,23148,1001.1,1001.1,1001.1,1,1
2017-11-26,10000060,23158,4.25,3.35,5.03,648,8
2017-11-26,10000060,23159,5,5,5,95,2
2017-11-26,10000060,23160,3.35,2.73,4.17,835,10
2017-11-26,10000060,23161,3.04,3.04,3.04,187,3
2017-11-26,10000060,23162,8.24,8.24,8.24,82,2
2017-11-26,10000060,23167,1,1,1,201,2
2017-11-26,10000060,23176,1000,1000,1000,1,1
2017-11-26,10000060,23473,159333.33,138999.98,200000,24,4
2017-11-26,10000060,23523,340944.44,340000,342000,36,6
2017-11-26,10000060,23525,73389.46,60000,74399.99,57,16
2017-11-26,10000060,23527,244999.77,244979.74,244999.99,111,88
2017-11-26,10000060,23533,127822.14,0.01,129959.99,13,11
2017-11-26,10000060,23559,99499,99499,99499,15,3
2017-11-26,10000060,23561,50000,50000,50000,26,3
2017-11-26,10000060,23563,68996.07,68995.79,68998,32,7
2017-11-26,10000060,23566,525000,450000,540000,6,5
2017-11-26,10000060,23594,816611.06,610000,4698999,18,14
2017-11-26,10000060,23606,999998.2,999998,999999,10,10
2017-11-26,10000060,23618,89993.33,89990,90000,6,6
2017-11-26,10000060,23659,101000,101000,101000,5,1
2017-11-26,10000060,23705,66992.99,66992.99,66992.99,162,11
2017-11-26,10000060,23707,4100,4100,5000,8130,82
2017-11-26,10000060,23711,5499.99,5499.98,5499.99,67,12
2017-11-26,10000060,23719,49997.98,49997.98,49997.98,111,1
2017-11-26,10000060,23731,39362.11,39362.11,39362.11,11,2
2017-11-26,10000060,23757,989999999,989999999,989999999,1,1
2017-11-26,10000060,23821,49000000,49000000,49000000,1,1
2017-11-26,10000060,23868,112500000,112500000,112500000,1,1
2017-11-26,10000060,23911,1195801218.81,1100222002.02,1255494992.48,6,6
2017-11-26,10000060,23915,1124999499,1075000000,1174998997.99,2,2
2017-11-26,10000060,23953,783989864,783989864,783989864,1,1
2017-11-26,10000060,24241,200000,200000,200000,4,4
2017-11-26,10000060,24242,1134998,1134998,1134998,7,7
2017-11-26,10000060,24268,10000000,10000000,10000000,1,1
2017-11-26,10000060,24270,9999887,9999887,9999887,2,2
2017-11-26,10000060,24283,51105580.64,48499999.83,54499996.83,57,34
2017-11-26,10000060,24305,3700269.84,3498998.41,5127168.62,32,15
2017-11-26,10000060,24311,533765000,533765000,533765000,3,3
2017-11-26,10000060,24313,533697398,533697000,533698990,5,5
2017-11-26,10000060,24314,533401249.99,533400499.98,533402000,4,4
2017-11-26,10000060,24348,1393950.55,861003.34,1399997.49,99,38
2017-11-26,10000060,24395,261344.9,150000,270997.98,52,26
2017-11-26,10000060,24417,1585025.23,1295001.25,1588591,92,57
2017-11-26,10000060,24427,1418227.05,960000.03,1469985.79,94,62
2017-11-26,10000060,24438,1138456.12,947350.94,1145876.97,53,39
2017-11-26,10000060,24443,2052366.59,1399999,2098949.99,15,13
2017-11-26,10000060,24445,249968.26,249967.97,249970,7,3
2017-11-26,10000060,24471,47.84,47.84,47.84,10200,6
2017-11-26,10000060,24473,53.24,53.24,53.24,8500,3
2017-11-26,10000060,24475,157.97,157.97,157.97,7746,7
2017-11-26,10000060,24477,149.13,149.13,149.13,600,1
2017-11-26,10000060,24483,1020687768.35,991521100.75,1079021104.29,6,6
2017-11-26,10000060,24486,277.99,277.99,277.99,3500,2
2017-11-26,10000060,24488,86.9,86.9,86.9,2500,1
2017-11-26,10000060,24490,299.99,299.99,299.99,78100,9
2017-11-26,10000060,24492,99.99,99.99,99.99,4969,3
2017-11-26,10000060,24493,271.86,271.86,271.86,5714,3
2017-11-26,10000060,24494,598.99,598.99,598.99,7500,2
2017-11-26,10000060,24495,329.99,329.99,329.99,11464,12
2017-11-26,10000060,24497,117.99,117.99,117.99,51000,32
2017-11-26,10000060,24499,135.84,135.84,135.84,12578,11
2017-11-26,10000060,24503,98.99,98.99,98.99,1600,2
2017-11-26,10000060,24507,442.99,442.99,442.99,4511,5
2017-11-26,10000060,24509,698.94,698.94,698.94,12379,6
2017-11-26,10000060,24511,540.97,540.97,540.97,1500,2
2017-11-26,10000060,24513,710,710,788.91,4760,4
2017-11-26,10000060,24517,699.97,699.97,699.97,1000,1
2017-11-26,10000060,24519,1299.99,1299.99,1299.99,4700,3
2017-11-26,10000060,24521,1731.01,1731.01,1731.01,10680,3
2017-11-26,10000060,24523,250,250,250,8717,4
2017-11-26,10000060,24529,550,550,550,4621,2
2017-11-26,10000060,24531,649.99,649.99,649.99,3000,2
2017-11-26,10000060,24533,520,520,520,24875,3
2017-11-26,10000060,24535,990,990,990,78913,12
2017-11-26,10000060,24537,564.91,564.91,564.91,1000,1
2017-11-26,10000060,24541,539.12,539.12,539.12,35995,4
2017-11-26,10000060,24552,348995000,348995000,348995000,1,1
2017-11-26,10000060,24558,6000000.01,6000000.01,6000000.01,1,1
2017-11-26,10000060,24562,63950000,63900000,63999999.99,2,2
2017-11-26,10000060,24568,13499999.99,13499999.99,13499999.99,3,3
2017-11-26,10000060,24569,24999999.99,24999999.99,24999999.99,2,1
2017-11-26,10000060,24571,24049659.91,13500000,28844958.69,16,16
2017-11-26,10000060,24572,13499997,13499997,13499997,6,6
2017-11-26,10000060,24613,19999969,19999968.99,19999969,4,4
2017-11-26,10000060,24624,30595979.17,27000000,44979895.86,5,5
2017-11-26,10000060,24625,26999951.08,26999949.47,26999964,9,9
2017-11-26,10000060,24638,184224807.28,184224807.28,184224807.28,1,1
2017-11-26,10000060,24639,224989460.5,224989460.5,224989460.5,1,1
2017-11-26,10000060,24644,84646985.07,63940955.32,94999999.95,3,3
2017-11-26,10000060,24688,147901665.52,112000005.1,159868885.69,4,4
2017-11-26,10000060,24694,110000050.23,50000101.05,169999999.41,2,2
2017-11-26,10000060,24696,52264705,52264705,52264705,1,1
2017-11-26,10000060,24698,39749998.93,39500000,39999997.87,4,4
2017-11-26,10000060,24700,37900000.48,32500004.23,39699999.22,8,7
2017-11-26,10000060,24702,36395480.68,29199022.13,37499998,23,22
2017-11-26,10000060,24764,26485710,26485710,26485710,3,3
2017-11-26,10000060,25233,200000,200000,200000,1,1
2017-11-26,10000060,25235,3714280.2,2000000,3999993.56,7,7
2017-11-26,10000060,25239,10100.02,10100.02,10100.02,6,6
2017-11-26,10000060,25266,2039999.92,1999999.9,2200000,10,4
2017-11-26,10000060,25530,65000000,65000000,65000000,1,1
2017-11-26,10000060,25538,144999000,144999000,144999000,1,1
2017-11-26,10000060,25547,15999998.98,15999998.98,15999998.98,1,1
2017-11-26,10000060,25561,59999.99,59999.99,59999.99,8,5
2017-11-26,10000060,25563,2089825.25,2088991.97,2089991.91,6,4
2017-11-26,10000060,25565,199948.3,199948.3,199948.3,6,3
2017-11-26,10000060,25571,189999.9,189999.9,189999.9,2,1
2017-11-26,10000060,25588,1500.02,1500.02,1500.02,2,1
2017-11-26,10000060,25589,1833.5,1764.03,3535.62,51,4
2017-11-26,10000060,25590,110990.03,110990.01,110990.05,9701,73
2017-11-26,10000060,25591,181058.07,181058,181059.02,90,3
2017-11-26,10000060,25592,7519.24,7519.22,7519.26,5342,58
2017-11-26,10000060,25593,1055.36,1055.36,1055.36,14,3
2017-11-26,10000060,25594,51999.97,38055.25,52099.98,24995,104
2017-11-26,10000060,25595,20100.05,20100.05,20100.05,9,1
2017-11-26,10000060,25596,28305.06,28305.06,28305.06,258,4
2017-11-26,10000060,25597,3722.06,3722.06,4999.99,5414,19
2017-11-26,10000060,25598,8225.38,8225.31,9998.98,24104,85
2017-11-26,10000060,25599,1123.51,1123.51,1123.51,16141,69
2017-11-26,10000060,25600,26148.27,26147.23,30000,27627,92
2017-11-26,10000060,25601,2000.2,2000.18,2000.2,14877,61
2017-11-26,10000060,25602,12109.64,12109.64,12109.64,2,1
2017-11-26,10000060,25603,23369.01,23368.45,29899.95,9037,78
2017-11-26,10000060,25604,9303.65,9303.65,9303.67,72,4
2017-11-26,10000060,25605,38033.2,38033.14,38033.26,12785,91
2017-11-26,10000060,25606,119998.13,119998.13,119998.13,902,5
2017-11-26,10000060,25607,83249.4,26355,85000,67,2
2017-11-26,10000060,25608,405802.26,405800.01,405809.01,4,2
2017-11-26,10000060,25609,307006.01,307006.01,307006.01,17,1
2017-11-26,10000060,25610,56134,56134,56134,34,2
2017-11-26,10000060,25611,95000,95000,95000,8,1
2017-11-26,10000060,25612,1375000,1375000,1375000,14,4
2017-11-26,10000060,25613,656517.66,577248.35,969739.99,75,17
2017-11-26,10000060,25614,785522.49,600907.11,800907.11,13,3
2017-11-26,10000060,25615,3999998.99,3999998.99,3999998.99,169,5
2017-11-26,10000060,25616,9899.6,9899.57,14897,124,12
2017-11-26,10000060,25617,416966,396966.01,499989.99,324,21
2017-11-26,10000060,25618,17203.04,17203.04,17203.04,777,22
2017-11-26,10000060,25619,733999.95,700088.16,773999.97,192,17
2017-11-26,10000060,25620,45400,45400,45400,158,18
2017-11-26,10000060,25621,1599999.99,1599999.99,1599999.99,2,1
2017-11-26,10000060,25622,648898,648897.96,662500,471,28
2017-11-26,10000060,25623,36673.02,32073,55072.58,20,4
2017-11-26,10000060,25624,3500000.01,3500000.01,3500000.01,1,1
2017-11-26,10000060,25625,2113177.01,2113177.01,2113177.01,7,1
2017-11-26,10000060,25707,627272.73,600000,660000,11,2
2017-11-26,10000060,25715,2145586.83,1999997.13,2897799.99,37,9
2017-11-26,10000060,25718,9999999.97,9999999.97,9999999.97,1,1
2017-11-26,10000060,25736,6446519.83,6446519.83,6446519.84,4,4
2017-11-26,10000060,25739,600000,600000,600000,1,1
2017-11-26,10000060,25810,600000,600000,600000,6,6
2017-11-26,10000060,25811,600000,600000,600000,1,1
2017-11-26,10000060,25861,99859.97,99859.96,99859.99,313,78
2017-11-26,10000060,25863,1341517,1341517,1341517,1,1
2017-11-26,10000060,25887,300000,300000,300000,100,1
2017-11-26,10000060,25892,13499999.99,13499999.99,13499999.99,13,13
2017-11-26,10000060,25894,12942248.73,12899999.9,12982998.85,52,23
2017-11-26,10000060,25896,17940235.22,17940235.22,17940235.22,4,3
2017-11-26,10000060,25898,28163989.98,28163988.98,28163990.48,3,3
2017-11-26,10000060,25906,7230000,7200000,7289999.99,3,2
2017-11-26,10000060,25916,38599964.86,38599964.86,38599964.86,1,1
2017-11-26,10000060,25920,14649998.2,14599998.2,14699998.2,2,2
2017-11-26,10000060,25948,7755945.24,7749939.36,7794989.75,45,26
2017-11-26,10000060,25954,13999972.74,13999972.74,13999972.74,1,1
2017-11-26,10000060,25956,15677000,15677000,15677000,2,2
2017-11-26,10000060,26020,11900000,11900000,11900000,1,1
2017-11-26,10000060,26028,14800000,14800000,14800000,4,3
2017-11-26,10000060,26068,9300000,9300000,9300000,8,3
2017-11-26,10000060,26076,1274000,1273999.99,1274000,2,2
2017-11-26,10000060,26082,2979999.27,2979999.27,2979999.27,1,1
2017-11-26,10000060,26084,12298920.63,12298920.63,12298920.63,2,1
2017-11-26,10000060,26086,19999999.85,19999999.85,19999999.85,2,1
2017-11-26,10000060,26088,999993,999993,999993,112,8
2017-11-26,10000060,26252,31818.64,1,60000,11,7
2017-11-26,10000060,26253,134987.5,134900,135000,8,8
2017-11-26,10000060,26254,100000,100000,100000,4,4
2017-11-26,10000060,26255,1563474.49,150000,2976948.98,6,5
2017-11-26,10000060,26256,149999.97,149999.97,149999.97,5,5
2017-11-26,10000060,26257,135000,135000,135000,2,2
2017-11-26,10000060,26258,58280.4,1,97200,5,4
2017-11-26,10000060,26259,135000,135000,135000,3,3
2017-11-26,10000060,26260,134850,134850,134850,4,4
2017-11-26,10000060,26261,147931.8,134915,199999,5,5
2017-11-26,10000060,26292,199899852.06,199899852.06,199899852.06,1,1
2017-11-26,10000060,26294,159900000,159900000,159900000,1,1
2017-11-26,10000060,26302,118899999.9,118899999.9,118899999.9,1,1
2017-11-26,10000060,26328,219886999.99,219886999.99,219886999.99,2,1
2017-11-26,10000060,26374,35507407.4,35499999.99,35899999.99,27,24
2017-11-26,10000060,26430,64999999,64999999,64999999,1,1
2017-11-26,10000060,26436,15024988.69,14999985.7,15099985.78,4,4
2017-11-26,10000060,26442,17039997.58,16499999.99,18999988,5,5
2017-11-26,10000060,26448,100599999.95,100599999.95,100599999.95,1,1
2017-11-26,10000060,26450,101500000,101500000,101500000,3,1
2017-11-26,10000060,26888,29999951.98,29999951.98,29999951.98,5,3
2017-11-26,10000060,26890,18438972.31,18438944.61,18439000,4,2
2017-11-26,10000060,26892,6127877.93,6127877.93,6127877.93,7,4
2017-11-26,10000060,26912,2987499.99,2800000,2999999.99,16,4
2017-11-26,10000060,26913,1000002.33,1000002.33,1000002.33,2,2
2017-11-26,10000060,26914,1399000,1399000,1399000,2,2
2017-11-26,10000060,26929,168079.19,149045.19,169899.99,47,27
2017-11-26,10000060,26931,2211555.5,2210000,2219999.99,10,9
2017-11-26,10000060,27064,84867516.19,84867516.19,84867516.2,7,5
2017-11-26,10000060,27093,1799999.99,1799999.99,1799999.99,1,1
2017-11-26,10000060,27096,4500000,4500000,4500000,2,2
2017-11-26,10000060,27116,216999484.11,216999463.55,216999525.22,3,3
2017-11-26,10000060,27118,209899450,209899400,209899500,2,2
2017-11-26,10000060,27119,3299999.98,3299999.98,3299999.99,4,2
2017-11-26,10000060,27120,8999962,8999962,8999962,1,1
2017-11-26,10000060,27126,216599850,216599800,216599900,2,2
2017-11-26,10000060,27127,1199807.45,1170000,1348750,13,9
2017-11-26,10000060,27131,4499989.44,4499989.44,4499989.44,1,1
2017-11-26,10000060,27143,1074192.08,998989.98,1374999.5,10,9
2017-11-26,10000060,27169,39999799,39999799,39999799,1,1
2017-11-26,10000060,27174,157791134.6,157790716.41,157791971,3,3
2017-11-26,10000060,27179,216999999.99,216999999.99,216999999.99,1,1
2017-11-26,10000060,27181,227982000,227982000,227982000,1,1
2017-11-26,10000060,27186,43966503.03,43966503.03,43966503.03,1,1
2017-11-26,10000060,27187,33000000,33000000,33000000,1,1
2017-11-26,10000060,27188,38999930.82,38999930.82,38999930.82,2,2
2017-11-26,10000060,27191,5000000,5000000,5000000,1,1
2017-11-26,10000060,27193,5000000,5000000,5000000,1,1
2017-11-26,10000060,27195,5000000,5000000,5000000,2,2
2017-11-26,10000060,27197,44999974.77,44999974.77,44999974.77,1,1
2017-11-26,10000060,27198,60000000,60000000,60000000,1,1
2017-11-26,10000060,27259,700000,700000,700000,2,2
2017-11-26,10000060,27260,64000000,64000000,64000000,1,1
2017-11-26,10000060,27315,1464.68,1464.68,1464.68,2000,5
2017-11-26,10000060,27321,1134.48,1134.48,1134.48,6450,7
2017-11-26,10000060,27327,1238.3,1238.3,1238.3,13500,8
2017-11-26,10000060,27331,998.99,998.99,998.99,1000,1
2017-11-26,10000060,27333,1094.79,1094.79,1094.79,9700,10
2017-11-26,10000060,27339,2249.99,2249.99,2249.99,2568,6
2017-11-26,10000060,27345,3200,3200,3200,956,2
2017-11-26,10000060,27351,3071.8,3071.8,3071.8,20850,3
2017-11-26,10000060,27359,3490.32,3490.32,3490.32,7210,10
2017-11-26,10000060,27361,1002.41,1002.4,1002.42,63726,50
2017-11-26,10000060,27371,1128.79,1128.79,1128.79,47729,43
2017-11-26,10000060,27377,1887.99,1887.99,1887.99,51262,13
2017-11-26,10000060,27381,1084.91,1075.48,1172.98,62106,48
2017-11-26,10000060,27387,1163.73,1163.72,1163.73,87398,53
2017-11-26,10000060,27395,1886.42,1886.42,1886.42,20135,3
2017-11-26,10000060,27401,1758.45,1758.45,1758.45,3980,2
2017-11-26,10000060,27413,1487.19,1487.19,1487.19,3220,5
2017-11-26,10000060,27423,2593.76,2593.76,2593.76,93914,19
2017-11-26,10000060,27429,997,997,997,11200,2
2017-11-26,10000060,27435,1222.99,1222.99,1222.99,10460,7
2017-11-26,10000060,27441,1194.19,1194.19,1194.19,26544,10
2017-11-26,10000060,27447,1199.99,1199.99,1199.99,3750,3
2017-11-26,10000060,27453,890,889,890,4800,5
2017-11-26,10000060,27902,135000,135000,135000,2,2
2017-11-26,10000060,27906,31499979.98,31499979.98,31499979.98,6,6
2017-11-26,10000060,27911,16000000,16000000,16000000,8,7
2017-11-26,10000060,27912,1000000,1000000,1000000,7,2
2017-11-26,10000060,27914,1747617.22,803001,1872999.99,17,17
2017-11-26,10000060,27916,747610.73,100000,949989.08,21,7
2017-11-26,10000060,27918,940727.86,937969.85,1000000,45,12
2017-11-26,10000060,27920,988874.36,980000,989989.88,18,5
2017-11-26,10000060,27922,678274.92,663989.19,683989.21,7,2
2017-11-26,10000060,27924,999989.09,999989.09,999989.09,2,1
2017-11-26,10000060,27951,50712857.14,48990000,50999999.99,7,7
2017-11-26,10000060,28073,21539899.98,21539899.96,21539899.99,2,2
2017-11-26,10000060,28164,5410729.66,5399950,5432289,3,3
2017-11-26,10000060,28197,2519999.99,2519999.99,2519999.99,28,4
2017-11-26,10000060,28199,4449999.97,4449999.96,4449999.98,24,4
2017-11-26,10000060,28209,1211110.56,1100000,1299999,18,4
2017-11-26,10000060,28211,899728.99,899000,899998.98,37,7
2017-11-26,10000060,28213,1097000,1096999.25,1097999.24,133,37
2017-11-26,10000060,28215,969998.97,969998.95,969998.97,35,8
2017-11-26,10000060,28262,749999.92,749999.91,749999.93,53,6
2017-11-26,10000060,28270,2730000,2730000,2730000,5,1
2017-11-26,10000060,28274,1999998.91,1999998.91,1999998.91,3,1
2017-11-26,10000060,28282,1899996.76,1899996.76,1899996.76,20,5
2017-11-26,10000060,28290,2928029.97,2818979,5000000,20,6
2017-11-26,10000060,28294,3499498.95,3499498.95,3499498.95,4,1
2017-11-26,10000060,28298,5999999.94,5999999.94,5999999.94,18,5
2017-11-26,10000060,28326,852.66,852.66,852.66,3500,3
2017-11-26,10000060,28328,997.38,997.38,997.38,5000,1
2017-11-26,10000060,28332,1278.99,1278.99,1278.99,5900,3
2017-11-26,10000060,28334,886.6,886.6,886.6,30800,16
2017-11-26,10000060,28336,836.31,836.31,836.31,18191,12
2017-11-26,10000060,28352,1950246146.47,1891100000,1951099998.61,13,13
2017-11-26,10000060,28363,125000,125000,125000,1,1
2017-11-26,10000060,28365,22031.19,21500,22499.98,64,3
2017-11-26,10000060,28367,417047.2,417046.32,417047.72,5838,28
2017-11-26,10000060,28374,540266999.83,530000000,542322000,6,6
2017-11-26,10000060,28385,455001.37,455000.14,455001.5,3643,18
2017-11-26,10000060,28387,442014.16,442014.11,470000,1376,8
2017-11-26,10000060,28388,395004.08,380016.12,395004.65,11788,36
2017-11-26,10000060,28389,424006.26,424006.03,424009.17,2580,8
2017-11-26,10000060,28390,414006.24,414005.29,414009.3,6743,27
2017-11-26,10000060,28391,316208.21,316202.71,316208.22,26362,36
2017-11-26,10000060,28392,335026.14,335026.14,335026.14,3801,12
2017-11-26,10000060,28393,336303.48,336303.44,336303.64,25866,46
2017-11-26,10000060,28394,104005.45,104005.45,104005.45,12606,13
2017-11-26,10000060,28395,100424.62,100424.6,100424.67,3382,10
2017-11-26,10000060,28396,100002.57,100002.53,100002.74,21055,23
2017-11-26,10000060,28397,121021,121020.99,121021,36346,28
2017-11-26,10000060,28398,133000.12,133000.1,133000.21,37408,32
2017-11-26,10000060,28399,148999,148999,148999,13632,11
2017-11-26,10000060,28412,1801008.3,1801008.3,1801008.3,211,12
2017-11-26,10000060,28413,1934459.44,1934459.44,1934459.44,463,13
2017-11-26,10000060,28414,1900002,1900002,1900002,373,3
2017-11-26,10000060,28415,8500,8500,8500,235,2
2017-11-26,10000060,28418,297007.97,297007.97,297007.97,42782,43
2017-11-26,10000060,28419,312014.53,312014.27,329998.98,10446,22
2017-11-26,10000060,28420,290011.86,290011.59,300009,60953,44
2017-11-26,10000060,28435,400000.73,400000.61,400000.74,1857,7
2017-11-26,10000060,28436,250502.1,250502.1,250502.1,2873,7
2017-11-26,10000060,28437,485378.85,485378.85,485378.85,1513,7
2017-11-26,10000060,28439,800000,761001.24,899991.11,2074,7
2017-11-26,10000060,28440,420022.9,420022.9,420022.9,150,1
2017-11-26,10000060,28576,949994.17,949994.17,949994.17,170,43
2017-11-26,10000060,28578,893878.08,889999.99,899999.98,33,14
2017-11-26,10000060,28583,57296187.79,55048883.41,57999999.98,14,14
2017-11-26,10000060,28585,31594100.84,30500000,31796999.78,10,10
2017-11-26,10000060,28606,789766949.81,679302850.52,844998999.45,3,3
2017-11-26,10000060,28609,43000000,42999999.99,43000000,3,3
2017-11-26,10000060,28615,5299946,5299946,5299946,4,4
2017-11-26,10000060,28646,4098999.65,4098999.57,4098999.96,5,5
2017-11-26,10000060,28652,34999999.9,34999999.89,34999999.9,2,2
2017-11-26,10000060,28654,4998987.66,4998987.66,4998987.66,2,1
2017-11-26,10000060,28656,84171291.33,82513893.98,84999990,3,3
2017-11-26,10000060,28659,2001989995.95,2001989995.95,2001989995.95,1,1
2017-11-26,10000060,28667,87000000,87000000,87000000,1,1
2017-11-26,10000060,28668,27499.95,26594,27585.96,40240,211
2017-11-26,10000060,28672,1139486.39,1100000,1149357.99,5,3
2017-11-26,10000060,28674,1280000,1280000,1280000,1,1
2017-11-26,10000060,28756,34583682.97,34399974.95,38600000,15,15
2017-11-26,10000060,28758,34399979.88,32000000,34499979,25,24
2017-11-26,10000060,28844,9500000000,9500000000,9500000000,1,1
2017-11-26,10000060,28879,1349999.99,1349999.99,1349999.99,2,2
2017-11-26,10000060,28880,6699999.99,6699999.99,6699999.99,4,4
2017-11-26,10000060,28999,19994.99,19994,19994.99,154,73
2017-11-26,10000060,29001,19426,19423.98,19426,175,91
2017-11-26,10000060,29003,119999.94,119999.94,119999.94,7,3
2017-11-26,10000060,29005,22999.28,22999.28,22999.28,57,28
2017-11-26,10000060,29007,20006.89,69.96,22498.99,90,35
2017-11-26,10000060,29009,14550,14550,14550,506,66
2017-11-26,10000060,29011,4997.99,4997.99,4997.99,420,98
2017-11-26,10000060,29013,4020.16,3999,5141.94,54,33
2017-11-26,10000060,29015,18662.14,101.02,20000,58,35
2017-11-26,10000060,29248,533454.45,460000,598000,11,8
2017-11-26,10000060,29336,69999999.99,69999999.99,69999999.99,2,2
2017-11-26,10000060,29340,100000000,100000000,100000000,1,1
2017-11-26,10000060,29637,63996638.72,59999999.95,65994961,6,4
2017-11-26,10000060,29984,171370369.97,145000000,184555554.96,3,3
2017-11-26,10000060,29986,180472465,179000000,181944929.99,2,2
2017-11-26,10000060,29988,156001704.54,122502556.81,222999999.99,3,3
2017-11-26,10000060,29990,182499807.56,150000103.55,188999748.4,6,6
2017-11-26,10000060,30013,8340.88,8340.88,8340.88,791,34
2017-11-26,10000060,30028,100000,100000,100000,289,26
2017-11-26,10000060,30324,13500000,13500000,13500000,1,1
2017-11-26,10000060,30327,13500000,13500000,13500000,1,1
2017-11-26,10000060,30372,2000,2000,2000,1,1
2017-11-26,10000060,30486,519996.92,499698.99,519997.16,585,52
2017-11-26,10000060,30488,459999.99,459999.99,539779.9,1560,80
2017-11-26,10000060,30497,101.25,101.25,101.25,11,5
2017-11-26,10000060,30532,6648980,6648980,6648980,2,2
2017-11-26,10000060,30537,6648980,6648980,6648980,2,2
2017-11-26,10000060,30538,6649995,6649995,6649995,2,2
2017-11-26,10000060,30539,6649991,6649991,6649991,2,2
2017-11-26,10000060,30545,6650000,6650000,6650000,3,3
2017-11-26,10000060,30547,6650000,6650000,6650000,4,4
2017-11-26,10000060,30548,6649990,6649990,6649990,1,1
2017-11-26,10000060,30551,6650000,6650000,6650000,4,4
2017-11-26,10000060,30554,6650000,6650000,6650000,3,3
2017-11-26,10000060,30650,2000000,2000000,2000000,2,2
2017-11-26,10000060,30653,11799999.88,11799999.86,11799999.89,2,2
2017-11-26,10000060,30744,100000,100000,100000,35,1
2017-11-26,10000060,30745,251000.08,251000.08,251000.08,72,2
2017-11-26,10000060,30746,1001000.03,1001000.03,1001000.03,12,1
2017-11-26,10000060,30747,3750000.2,3750000.2,3750000.2,3,1
2017-11-26,10000060,30832,1466331.69,1390000,1477998.28,15,15
2017-11-26,10000060,30834,1497997.63,1497997.61,1497997.64,12,12
2017-11-26,10000060,30836,1631857.21,1599899.47,2000000,56,21
2017-11-26,10000060,30987,499998.97,499998.97,499998.98,30,10
2017-11-26,10000060,30993,53079999.99,53000000,53099999.99,15,8
2017-11-26,10000060,30997,287690.38,287690.38,287690.38,2,2
2017-11-26,10000060,30999,3297362.92,3297339.12,3297390.99,20,20
2017-11-26,10000060,31005,19999999.12,19999999.11,19999999.13,10,5
2017-11-26,10000060,31009,439998,439998,439998,7,7
2017-11-26,10000060,31011,2299821.25,2299821.25,2299821.26,19,19
2017-11-26,10000060,31013,74499999.99,68999999.99,79999999.99,2,2
2017-11-26,10000060,31015,12949999,12899999,12999999,2,2
2017-11-26,10000060,31017,23669444,22888888,26000000,4,4
2017-11-26,10000060,31021,351748.46,351748.46,351748.46,2,2
2017-11-26,10000060,31023,2794618.52,2794616.73,2794620.32,4,4
2017-11-26,10000060,31027,11199996.09,11199996.09,11199996.09,1,1
2017-11-26,10000060,31033,458999.99,458999.99,458999.99,3,3
2017-11-26,10000060,31035,3119586.83,3109349.54,3119905.84,33,31
2017-11-26,10000060,31041,22899990.99,22899990.98,22899990.99,3,2
2017-11-26,10000060,31045,1649017.62,1648772.09,1650000,15,12
2017-11-26,10000060,31047,3492993.09,3492992.32,3492993.34,60,37
2017-11-26,10000060,31051,8249999.98,8199999.99,8299999.97,4,4
2017-11-26,10000060,31053,36281000.01,35699999,39776552.97,13,10
2017-11-26,10000060,31055,2599999.99,2599999.99,2599999.99,146,60
2017-11-26,10000060,31057,11066067.33,9871127,12499995.73,11,8
2017-11-26,10000060,31059,20405873.92,8000000.65,22298946.95,37,22
2017-11-26,10000060,31061,563344344.88,559900000,564899776,9,6
2017-11-26,10000060,31063,349995.25,349995.25,349995.25,2,2
2017-11-26,10000060,31065,3241666.67,3200000,3250000,12,11
2017-11-26,10000060,31069,9999999.95,9999999.95,9999999.96,3,3
2017-11-26,10000060,31073,3499999.01,3499999.01,3499999.01,4,3
2017-11-26,10000060,31075,73000000,73000000,73000000,5,5
2017-11-26,10000060,31083,980906.39,899999.98,998891.97,39,13
2017-11-26,10000060,31085,3287716.68,2997417.16,3289999.49,63,29
2017-11-26,10000060,31089,14999832.97,14999832.97,14999832.97,5,2
2017-11-26,10000060,31091,34747363.3,34399996.99,36699980,19,10
2017-11-26,10000060,31105,169999.41,169999.41,169999.41,15,9
2017-11-26,10000060,31107,2699994.17,2699993.49,2699994.86,4,4
2017-11-26,10000060,31111,5718657.7,5554666,5827985.5,5,3
2017-11-26,10000060,31113,14789972.41,14789972.02,14789972.8,2,2
2017-11-26,10000060,31119,1400926.26,1339892.8,1590995,88,36
2017-11-26,10000060,31123,4696437,4696437,4696437,8,5
2017-11-26,10000060,31125,12887996.8,12887864.2,12890954.96,50,23
2017-11-26,10000060,31153,322539.88,204499.99,324999,49,31
2017-11-26,10000060,31155,1716655.34,1594558.36,2223955.54,46,26
2017-11-26,10000060,31159,739654.05,739654.05,739654.05,110,34
2017-11-26,10000060,31161,1740885.98,1740885.94,1740886,14,11
2017-11-26,10000060,31163,43999973.47,43999960.79,43999991,17,9
2017-11-26,10000060,31165,5339148.73,5339148.05,5339149.78,27,18
2017-11-26,10000060,31167,14089887.69,14089887.59,14089887.94,14,4
2017-11-26,10000060,31169,369999999.97,369999999.97,369999999.97,2,1
2017-11-26,10000060,31171,5116973.92,5116929.56,5116987.99,46,35
2017-11-26,10000060,31173,11499973.66,11499956.5,11499985.91,12,6
2017-11-26,10000060,31177,499700,499699.99,499700,22,15
2017-11-26,10000060,31179,1699893.79,1699893.69,1699894.73,21,15
2017-11-26,10000060,31183,5472552.91,5472552.9,5472552.91,7,7
2017-11-26,10000060,31185,12997000.68,12997000.25,12997001.55,3,3
2017-11-26,10000060,31189,399919.69,399919.69,399919.69,1,1
2017-11-26,10000060,31191,2495987.46,2495987.46,2495987.46,3,1
2017-11-26,10000060,31201,191252.13,191086.07,192746.69,10,9
2017-11-26,10000060,31203,1499999.98,1499999.98,1499999.98,1,1
2017-11-26,10000060,31207,5000000,5000000,5000000,1,1
2017-11-26,10000060,31209,9999999.69,9999999.69,9999999.69,1,1
2017-11-26,10000060,31213,88953.35,66666,89885.63,50,30
2017-11-26,10000060,31220,2892306.93,100000.07,3399999,13,11
2017-11-26,10000060,31222,14989983.54,14989983.54,14989983.54,1,1
2017-11-26,10000060,31238,392784.9,371921.31,497094.21,6,6
2017-11-26,10000060,31240,1444993.68,1444993.68,1444993.68,1,1
2017-11-26,10000060,31244,2549995.02,100000.04,4999990,2,2
2017-11-26,10000060,31250,389397,389397,389397,1,1
2017-11-26,10000060,31274,229991.99,229991.99,229991.99,10,6
2017-11-26,10000060,31276,1999497.99,1999497.99,1999497.99,5,3
2017-11-26,10000060,31280,7399997.58,7399997.58,7399997.58,1,1
2017-11-26,10000060,31286,199995,199995,199995,3,3
2017-11-26,10000060,31288,696998.99,696998.99,696998.99,3,2
2017-11-26,10000060,31292,9500000,9500000,9500000,2,2
2017-11-26,10000060,31298,181999.98,181999.97,181999.98,27,8
2017-11-26,10000060,31304,4999999.77,4999999.77,4999999.77,2,1
2017-11-26,10000060,31310,249999.99,249999.99,249999.99,5,4
2017-11-26,10000060,31316,4999999.99,4999999.99,4999999.99,2,2
2017-11-26,10000060,31322,299121,299121,299121,9,5
2017-11-26,10000060,31324,2092770.7,2092770.7,2092770.7,2,1
2017-11-26,10000060,31328,7098996.68,7098996.67,7098996.68,5,3
2017-11-26,10000060,31358,802938.19,673900,809989.87,42,27
2017-11-26,10000060,31360,2767998.88,2767998.87,2767998.88,103,62
2017-11-26,10000060,31364,5294080.7,4859998.41,5388989,11,9
2017-11-26,10000060,31366,27906129.87,27897967.2,27998029.97,25,19
2017-11-26,10000060,31370,178831.4,170000,178994.95,55,20
2017-11-26,10000060,31372,1153790.17,1151210.48,1243999.98,71,40
2017-11-26,10000060,31374,28693600,26800000,32480799.99,3,3
2017-11-26,10000060,31376,4157222.22,2500000,4260000,18,13
2017-11-26,10000060,31378,9715999.21,9699998.89,9799999,25,21
2017-11-26,10000060,31380,198765498.45,198760998.9,198769998,4,3
2017-11-26,10000060,31406,521984.75,521984.75,521984.75,2,2
2017-11-26,10000060,31414,23999703.64,23999703.46,23999703.99,3,2
2017-11-26,10000060,31418,500000,500000,500000,2,2
2017-11-26,10000060,31442,574955.2,574955.2,574955.2,2,2
2017-11-26,10000060,31454,117565.78,117565.78,117565.78,5,5
2017-11-26,10000060,31456,689000,689000,689000,1,1
2017-11-26,10000060,31466,414994.77,414994.77,414994.77,2,2
2017-11-26,10000060,31478,647992.97,647992.97,647992.97,1,1
2017-11-26,10000060,31480,1744409,1744409,1744409,3,1
2017-11-26,10000060,31484,3999957.37,3999957.37,3999957.37,1,1
2017-11-26,10000060,31486,6490000,6490000,6490000,2,1
2017-11-26,10000060,31490,1249710.12,1249710.12,1249710.12,1,1
2017-11-26,10000060,31526,1878987.64,1878986.27,1878989,2,2
2017-11-26,10000060,31528,5499947.16,5499947.16,5499947.16,1,1
2017-11-26,10000060,31532,9999656.35,9999655,9999657.69,2,2
2017-11-26,10000060,31538,1943997.99,1943997.99,1943997.99,1,1
2017-11-26,10000060,31540,3899999.9,3899999.9,3899999.9,2,1
2017-11-26,10000060,31562,987999.99,987999.99,987999.99,1,1
2017-11-26,10000060,31568,6164989.99,6164989.99,6164989.99,6,3
2017-11-26,10000060,31586,499999.98,499999.98,499999.98,6,6
2017-11-26,10000060,31598,1399981.87,1399981.87,1399981.87,2,2
2017-11-26,10000060,31600,1286425.45,1285324.11,1286562.99,9,4
2017-11-26,10000060,31604,4039417.81,4039417.25,4039419,31,30
2017-11-26,10000060,31606,13998916.19,13998916.19,13998916.19,1,1
2017-11-26,10000060,31608,999997.97,999997.96,999997.97,2,2
2017-11-26,10000060,31610,2989996.63,2989996.63,2989996.63,2,2
2017-11-26,10000060,31620,399999.98,399999.98,399999.98,6,6
2017-11-26,10000060,31622,1679599.95,1679599.95,1679599.95,2,2
2017-11-26,10000060,31626,8799992,8799992,8799992,1,1
2017-11-26,10000060,31628,29969949.98,29969949.98,29969949.98,1,1
2017-11-26,10000060,31640,29400000.04,29400000.04,29400000.04,1,1
2017-11-26,10000060,31644,999999.99,999999.99,999999.99,5,4
2017-11-26,10000060,31656,499999.99,499999.99,499999.99,2,1
2017-11-26,10000060,31658,4799999.99,4799999.99,4799999.99,2,1
2017-11-26,10000060,31668,743857.91,743847.47,743867,9,7
2017-11-26,10000060,31670,648993.55,648993.55,648993.55,1,1
2017-11-26,10000060,31674,5008431.62,3066875,6949988.24,2,2
2017-11-26,10000060,31676,14999996.66,14999996.66,14999996.66,1,1
2017-11-26,10000060,31680,399918.58,399000,399947.28,33,6
2017-11-26,10000060,31682,799999,799999,799999,2,2
2017-11-26,10000060,31686,5499994.75,5499994.65,5499996,13,13
2017-11-26,10000060,31704,589724.92,589724.92,589724.92,1,1
2017-11-26,10000060,31716,261909,175443.58,269770,24,21
2017-11-26,10000060,31718,456244.03,454665.49,456998.43,65,48
2017-11-26,10000060,31720,12750000,12750000,12750000,1,1
2017-11-26,10000060,31722,3357499.42,2500000,3479999.34,8,7
2017-11-26,10000060,31724,4769625.88,4700000,4789999.9,41,36
2017-11-26,10000060,31726,79998494.39,79998494.39,79998494.39,1,1
2017-11-26,10000060,31728,32120.97,32120.97,32120.97,1,1
2017-11-26,10000060,31736,4829997.35,4829997.35,4829997.35,2,2
2017-11-26,10000060,31742,289999.41,289999.41,289999.41,2,2
2017-11-26,10000060,31748,18522000.79,18522000,18522001.59,4,4
2017-11-26,10000060,31752,144229.59,144229.24,144230,15,13
2017-11-26,10000060,31754,537048.02,532260.9,559999.99,22,19
2017-11-26,10000060,31758,9111176.95,9111176.95,9111176.95,1,1
2017-11-26,10000060,31760,5203844.68,5199997.59,5299999.88,26,24
2017-11-26,10000060,31765,125000,125000,125000,1,1
2017-11-26,10000060,31768,13798997.13,13798997.13,13798997.13,4,2
2017-11-26,10000060,31772,10999999.89,10999999.89,10999999.89,2,2
2017-11-26,10000060,31788,459981.91,459980.99,459981.96,81,45
2017-11-26,10000060,31790,3199996.3,3155554.8,3199996.99,225,89
2017-11-26,10000060,31792,49999998.49,49999998.48,49999998.54,36,14
2017-11-26,10000060,31794,7089989.1,7089988.93,7089989.92,91,50
2017-11-26,10000060,31796,22646236.16,22500000,22699999.89,37,23
2017-11-26,10000060,31798,485261106.11,479000000,486399489.39,13,7
2017-11-26,10000060,31802,2100652.31,2089996.98,2299989.97,61,12
2017-11-26,10000060,31812,22366666,22200000,22699998,3,3
2017-11-26,10000060,31818,1899998.99,1899998.99,1899999,3,3
2017-11-26,10000060,31820,60716639.68,51733369.49,69699909.86,4,3
2017-11-26,10000060,31864,2499998.84,2499998.78,2499998.85,113,22
2017-11-26,10000060,31866,4193788.18,2000004.08,4398999.97,66,18
2017-11-26,10000060,31868,4847126.17,4799998.99,4849999.99,87,23
2017-11-26,10000060,31870,4987997,4987996.89,4987997.92,409,102
2017-11-26,10000060,31872,1000000,1000000,1000000,4,4
2017-11-26,10000060,31876,5020005,5020005,5020005,9,4
2017-11-26,10000060,31878,4999999.93,4999999.92,4999999.93,10,3
2017-11-26,10000060,31880,1555322.29,1399999,1649098.54,34,8
2017-11-26,10000060,31882,2184994.05,2184989,2184999.98,48,10
2017-11-26,10000060,31884,2276882.21,1000007.19,2399979.91,77,18
2017-11-26,10000060,31886,3449999.69,3449999,3450000,13,4
2017-11-26,10000060,31888,1395995.7,1395995.7,1395995.77,265,12
2017-11-26,10000060,31890,2370000,2370000,2370000,5,1
2017-11-26,10000060,31892,1999998.99,1999998.99,1999998.99,7,2
2017-11-26,10000060,31894,2777779.99,400005,4679999.99,9,2
2017-11-26,10000060,31900,39666647.37,30000000,44499971.06,3,3
2017-11-26,10000060,31902,44999999.11,44999999.11,44999999.11,2,2
2017-11-26,10000060,31922,6555554.97,6555554.96,6555554.98,2,2
2017-11-26,10000060,31924,4911110.03,4555555,4999998.9,5,4
2017-11-26,10000060,31928,11829530.85,8000420.6,11999984.57,73,46
2017-11-26,10000060,31930,36995812.73,36995810.99,36995819.7,5,3
2017-11-26,10000060,31932,31805557.73,25000024.52,35874991.91,11,8
2017-11-26,10000060,31936,15680452.75,12999988.49,18360917,4,4
2017-11-26,10000060,31942,40592993.91,40592988,40592994.88,18,14
2017-11-26,10000060,31944,54097275.45,35000000,73194550.89,4,4
2017-11-26,10000060,31952,43996677.28,28000000.06,44499999,23,15
2017-11-26,10000060,31982,36994.48,36994.48,36994.48,4,1
2017-11-26,10000060,31990,149699.91,149699.91,149699.91,203,4
2017-11-26,10000060,31998,64989.94,64989.94,64989.94,423,13
2017-11-26,10000060,32006,123994.39,123994.39,123994.39,1561,55
2017-11-26,10000060,32014,349999,260001.48,349999.98,1085,51
2017-11-26,10000060,32027,3057981.82,3057981.82,3057981.82,3,3
2017-11-26,10000060,32041,650000.01,650000.01,650000.01,1,1
2017-11-26,10000060,32043,3887528.49,3887527.43,3887529.7,9,5
2017-11-26,10000060,32059,7398481.5,7398480.55,7398483.4,3,3
2017-11-26,10000060,32071,4499999.99,4499999.99,4499999.99,1,1
2017-11-26,10000060,32248,3199971.28,3199971.28,3199971.28,3,1
2017-11-26,10000060,32262,366000000,366000000,366000000,1,1
2017-11-26,10000060,32325,9594999.97,9594999.97,9594999.97,24,4
2017-11-26,10000060,32339,117990333.33,117987000,117991999.99,3,3
2017-11-26,10000060,32340,10588992.95,10588992.95,10588992.95,30,4
2017-11-26,10000060,32342,6199999.61,6000000,6999998.04,30,3
2017-11-26,10000060,32344,9998995,9998995,9998995,10,1
2017-11-26,10000060,32435,19415000,19415000,19415000,1,1
2017-11-26,10000060,32444,53651900,53651900,53651900,2,1
2017-11-26,10000060,32772,724202.57,51026.4,798999.9,10,7
2017-11-26,10000060,32774,39990,39990,39990,1,1
2017-11-26,10000060,32780,873124.83,90000,929999.99,16,12
2017-11-26,10000060,32782,38.94,38.94,38.94,12050,24
2017-11-26,10000060,32787,29898.98,29898.96,29898.98,339,39
2017-11-26,10000060,32797,665660.5,654214,699999.98,4,4
2017-11-26,10000060,32817,1738775.51,1680038.35,1826879.94,5,5
2017-11-26,10000060,32819,1507040.2,1499951.63,1613368.71,16,14
2017-11-26,10000060,32872,979995.28,979994.1,980000,5,4
2017-11-26,10000060,32874,1250000,1250000,1250000,1,1
2017-11-26,10000060,32876,1397998.69,1397998.69,1397998.69,3,3
2017-11-26,10000060,32878,941000,941000,941000,9,9
2017-11-26,10000060,32880,198567.54,189000,219000,24,19
2017-11-26,10000060,32999,1403928.57,270000,4805714.29,4,4
2017-11-26,10000060,33000,270000,270000,270000,3,3
2017-11-26,10000060,33001,270000,270000,270000,1,1
2017-11-26,10000060,33002,270000,270000,270000,2,2
2017-11-26,10000060,33003,178989.99,178989.99,178989.99,18,8
2017-11-26,10000060,33005,297993,297993,297993,9,3
2017-11-26,10000060,33007,239759,239759,239759,1,1
2017-11-26,10000060,33009,499000,499000,499000,8,2
2017-11-26,10000060,33011,190000,190000,190000,4,1
2017-11-26,10000060,33076,130621.45,100000.07,139000,46,35
2017-11-26,10000060,33078,1299990,1299990,1299990,8,8
2017-11-26,10000060,33091,127916.67,50000,135000,12,12
2017-11-26,10000060,33092,183750,135000,200000,4,4
2017-11-26,10000060,33093,134998.17,134998,134999,6,6
2017-11-26,10000060,33094,131189,120000,133986,5,5
2017-11-26,10000060,33095,1349991.25,1349990,1349999.99,8,8
2017-11-26,10000060,33096,1349990.03,1349950.16,1350000,5,5
2017-11-26,10000060,33097,1350000,1350000,1350000,10,10
2017-11-26,10000060,33098,1350000,1350000,1350000,4,4
2017-11-26,10000060,33101,319323.44,319122.98,343858.84,28,25
2017-11-26,10000060,33103,145995.96,145995.96,145995.96,1,1
2017-11-26,10000060,33157,162221254,162221254,162221254,1,1
2017-11-26,10000060,33176,72171.79,69980,94089.69,11,10
2017-11-26,10000060,33178,137627.06,100000,139975,17,13
2017-11-26,10000060,33180,127334.73,125555,127500,47,40
2017-11-26,10000060,33195,203.53,203.53,203.53,13,3
2017-11-26,10000060,33199,2516666.66,1550000,2999999.99,3,2
2017-11-26,10000060,33201,3121689.38,3121689.38,3121689.38,3,2
2017-11-26,10000060,33270,18898.69,18898.68,18898.69,2,2
2017-11-26,10000060,33285,48431918.83,48000000,48484000,37,23
2017-11-26,10000060,33287,839998967.15,839998885.8,839998984.16,20,13
2017-11-26,10000060,33297,68999998.94,68999998.94,68999998.94,1,1
2017-11-26,10000060,33298,799998000,799998000,799998000,2,2
2017-11-26,10000060,33330,2797.87,2797.87,2797.87,50,1
2017-11-26,10000060,33332,49968.81,49968.81,49968.98,227,7
2017-11-26,10000060,33359,21376.9,20938.45,21376.99,69590,5
2017-11-26,10000060,33360,25994.04,25994.04,25994.04,10592,4
2017-11-26,10000060,33361,19999.9,19999.9,19999.9,1000,1
2017-11-26,10000060,33362,29243.99,29243.99,29243.99,39670,5
2017-11-26,10000060,33393,103200000,103000000,104500000,5,5
2017-11-26,10000060,33394,116802780,104500000,125003950,5,5
2017-11-26,10000060,33399,6650000,6650000,6650000,4,4
2017-11-26,10000060,33400,12694500,12500000,12889000,2,2
2017-11-26,10000060,33407,48999982.9,48999982.9,48999982.9,1,1
2017-11-26,10000060,33440,499957.07,499957.07,499957.07,6,1
2017-11-26,10000060,33450,2574822.5,2550000,2599645,12,3
2017-11-26,10000060,33467,4000000,4000000,4000000,1,1
2017-11-26,10000060,33468,69556521.45,60000000,69999999.72,23,23
2017-11-26,10000060,33470,226465017.89,178000210.01,231849996.53,10,10
2017-11-26,10000060,33472,459999999.99,459999999.99,459999999.99,1,1
2017-11-26,10000060,33474,1550001,1550001,1550001,110,65
2017-11-26,10000060,33475,8497931.5,8497931.03,8497931.62,377,134
2017-11-26,10000060,33476,65499999.99,64999999.8,66999999.99,12,8
2017-11-26,10000060,33520,47553367.44,43444954.11,47989998.96,21,18
2017-11-26,10000060,33528,528550501.76,528550501.76,528550501.76,1,1
2017-11-26,10000060,33571,15000,15000,15000,196,3
2017-11-26,10000060,33577,409621.89,400000,410824.24,99,3
2017-11-26,10000060,33585,40000000,40000000,40000000,1,1
2017-11-26,10000060,33595,35554997.56,35554997.56,35554997.56,3,2
2017-11-26,10000060,33671,100000,100000,100000,22,3
2017-11-26,10000060,33681,96931022.26,95000000,98999985.98,29,19
2017-11-26,10000060,33699,135000,135000,135000,7,7
2017-11-26,10000060,33700,35399999.68,29499999.99,36999999.33,10,6
2017-11-26,10000060,33706,39883.5,39883.5,39883.5,18,11
2017-11-26,10000060,33708,3967248.95,3967248.74,3967250.59,35,8
2017-11-26,10000060,33816,73499998.69,73499998.69,73499998.69,1,1
2017-11-26,10000060,33818,268954999.93,268954999.92,268954999.93,2,2
2017-11-26,10000060,33822,50000,0.01,99999.99,2,2
2017-11-26,10000060,33824,1391099.74,1391099,1391100,39,31
2017-11-26,10000060,33826,41575790.42,40000000,41888870.77,6,6
2017-11-26,10000060,33828,28500000,28500000,28500000,5,5
2017-11-26,10000060,33830,34935030.68,34899874.26,34965197,7,7
2017-11-26,10000060,33842,117825002.63,86000117.4,122399987.62,8,7
2017-11-26,10000060,33844,110999953.38,110999939,110999957.69,67,40
2017-11-26,10000060,33846,199698883.85,199698883.85,199698883.85,2,2
2017-11-26,10000060,33848,144980021.79,144979741,144980208.98,5,3
2017-11-26,10000060,33850,288867999.93,288830000,288886999.9,3,2
2017-11-26,10000060,33852,168999983.92,168999975.44,168999986.63,6,5
2017-11-26,10000060,33856,5189989,5189989,5189989,1,1
2017-11-26,10000060,33890,899595.98,899595.98,899595.98,17,8
2017-11-26,10000060,33892,4722739.69,4722739.67,4722739.86,13,5
2017-11-26,10000060,33894,5819988.04,5819987.89,5819988.49,12,5
2017-11-26,10000060,33896,14998613.94,14998613.31,14998614.57,6,2
2017-11-26,10000060,33915,474769.18,118499.71,535000,13,13
2017-11-26,10000060,33981,35999058.59,35999000,35999087.88,6,6
2017-11-26,10000060,33983,43999998.99,43999998.99,43999998.99,2,2
2017-11-26,10000060,33985,188999999.71,188999999.71,188999999.71,1,1
2017-11-26,10000060,34133,1000403000.01,1000403000.01,1000403000.01,1,1
2017-11-26,10000060,34201,297820.58,229283.56,440000,13,8
2017-11-26,10000060,34202,2192054.44,1999999,2224076.61,7,4
2017-11-26,10000060,34203,565854.69,297014.5,995999,13,6
2017-11-26,10000060,34204,1620906.89,713951.34,3247500,16,12
2017-11-26,10000060,34205,395920.75,281635.07,481635.01,14,5
2017-11-26,10000060,34206,244048.24,173096.47,315000,4,4
2017-11-26,10000060,34207,4078855.03,2893114.04,4197429.13,11,2
2017-11-26,10000060,34208,6002232.99,6002232.99,6002232.99,1,1
2017-11-26,10000060,34268,3499982.24,3499982.24,3499982.24,2,2
2017-11-26,10000060,34306,12779893.94,12779889.9,12779900,5,3
2017-11-26,10000060,34317,64749999.49,64000000,64999999.3,4,4
2017-11-26,10000060,34390,1295939.33,1295939,1295939.99,3,3
2017-11-26,10000060,34496,2699999.66,2699999.66,2699999.66,10,1
2017-11-26,10000060,34533,1350000,1350000,1350000,2,2
2017-11-26,10000060,34562,47111109.05,27999997.54,49999997.28,9,9
2017-11-26,10000060,34590,150000000,150000000,150000000,1,1
2017-11-26,10000060,34593,16999999.91,16999999.91,16999999.91,1,1
2017-11-26,10000060,34646,479999586,479999586,479999586,1,1
2017-11-26,10000060,34828,59898226.27,59896999,59898995.65,26,26
2017-11-26,10000060,35038,25000000,25000000,25000000,1,1
2017-11-26,10000060,35656,71476.72,20000.07,83200,70,64
2017-11-26,10000060,35657,86999,86997,88249.99,406,41
2017-11-26,10000060,35658,379929.05,109999.99,499998,33,32
2017-11-26,10000060,35659,343999,126374.37,345900,147,77
2017-11-26,10000060,35660,70308.36,22000,83849.5,47,44
2017-11-26,10000060,35661,250004.6,250004.6,250004.6,137,39
2017-11-26,10000060,35662,260286.65,250003.29,288999,240,38
2017-11-26,10000060,35680,1349996.6,1349990,1349999,15,15
2017-11-26,10000060,35683,59495498.99,57990999,60999998.98,4,4
2017-11-26,10000060,35685,1279496.02,1279000.03,1279992,2,2
2017-11-26,10000060,35770,86420,14000,98490,7,7
2017-11-26,10000060,35771,1693998.09,1693997.85,1693998.57,9,5
2017-11-26,10000060,35774,149999.96,149999.96,149999.96,1,1
2017-11-26,10000060,35788,18944,18944,18944,4,4
2017-11-26,10000060,35789,3290000.18,3290000,3290000.3,5,3
2017-11-26,10000060,35790,1578537.61,1499997.99,1599958.41,14,12
2017-11-26,10000060,35794,18703.99,1,19397,36,31
2017-11-26,10000060,35795,18167.78,12037.49,18299.96,38,35
2017-11-26,10000060,36355,9000000,9000000,9000000,1,1
2017-11-26,10000060,36908,5599658.99,5599658.98,5599659,3,3
2017-11-26,10000060,36909,6999699,6999699,6999699,65,15
2017-11-26,10000060,36910,7749995,7749995,7749995,5,4
2017-11-26,10000060,36911,7499999,7499999,7499999,2,2
2017-11-26,10000060,36912,7499999.23,7499999,7500000,13,2
2017-11-26,10000060,37289,41000000,41000000,41000000,3,2
2017-11-26,10000060,37292,403999999.99,403999999.99,403999999.99,3,2
2017-11-26,10000060,37298,324992942.61,324992942.61,324992942.61,3,2
2017-11-26,10000060,37304,264170008.99,264170008.99,264170008.99,3,1
2017-11-26,10000060,37451,1000000,1000000,1000000,3,1
2017-11-26,10000060,37458,38550199.3,12751000.52,44999999,5,5
2017-11-26,10000060,37460,29466966.79,12751000.73,37824949.83,3,3
2017-11-26,10000060,37479,717788.97,717788.97,717788.97,4,4
2017-11-26,10000060,37482,120000000,120000000,120000000,1,1
2017-11-26,10000060,37483,77998900,77998900,77998900,2,2
2017-11-26,10000060,37546,2198998.98,2198998.97,2198998.98,12,6
2017-11-26,10000060,37599,8500000,8500000,8500000,9,1
2017-11-26,10000060,37604,1089700000.02,1073200000.01,1163200000.05,6,6
2017-11-26,10000060,37605,1218333333.31,1105000000,1274999999.96,3,3
2017-11-26,10000060,37615,26999612,26999612,26999612,1,1
2017-11-26,10000060,37627,53999986,53999986,53999986,1,1
2017-11-26,10000060,37631,82399042.68,79999000,84999999.8,15,14
2017-11-26,10000060,40328,5400000,5400000,5400000,3,3
2017-11-26,10000060,40334,20000,20000,20000,32,16
2017-11-26,10000060,40335,29999.66,29999.66,29999.66,36,17
2017-11-26,10000060,40345,7400000,7400000,7400000,3,1
2017-11-26,10000060,40346,6938919.35,6900000,6939999.85,87,22
2017-11-26,10000060,40347,9768748.98,9700000,9899997.05,32,8
2017-11-26,10000060,40351,149989973.91,149989944.42,149989995.1,7,6
2017-11-26,10000060,40354,22399994.44,22000000.16,22500000,20,10
2017-11-26,10000060,40357,127728179.44,126900000,127899969.25,39,24
2017-11-26,10000060,40358,3249740,3249739.25,3249742.99,149,15
2017-11-26,10000060,40359,3030768.62,2,3299999,13,3
2017-11-26,10000060,40360,3156668.05,3000010,3199999,60,4
2017-11-26,10000060,40361,3549348.39,3172198.71,3699099.47,95,7
2017-11-26,10000060,40362,11199999.99,9999998.89,11250000,132,14
2017-11-26,10000060,40363,7999999.98,7999999.97,7999999.99,5,2
2017-11-26,10000060,40519,376999999,375999966.19,376999999.01,165,72
2017-11-26,10000060,40520,838999997,829310000,839314984,215,122
2017-11-26,10000060,40552,9000000,9000000,9000000,17,1
2017-11-26,10000060,40553,11087990.09,11087984.27,11087991,72,6
2017-11-26,10000060,40554,12799821.9,12799821.9,12799821.9,36,2
2017-11-26,10000060,40555,11516997.13,11516997.13,11516997.13,36,2
2017-11-26,10000060,40556,12399998.93,12399995.4,12499988.96,472,53
2017-11-26,10000060,40557,14177864.43,10000000,14499100.18,14,4
2017-11-26,10000060,40558,19849937.42,19849886.77,19849999.99,38,6
2017-11-26,10000060,40559,9171675.83,8450000.31,10930000.03,95,6
2017-11-26,10000060,40560,30050554.9,30044545.45,30050554.97,250,36
2017-11-26,10000060,40561,31649022.38,30999998.99,31998495,40,4
2017-11-26,10000060,40562,29910714.28,29900000,30000000,28,5
2017-11-26,10000060,40563,35198470.25,35198096.63,35198970.7,32,3
2017-11-26,10000060,40564,28249997.7,28249997,28249998,10,3
2017-11-26,10000060,40566,28754444.63,28754443.97,28754445.55,17,3
2017-11-26,10000060,40568,23950081.9,23950081.9,23950081.9,3,1
2017-11-26,10000060,40569,22998999.5,22997999,23000000,2,2
2017-11-26,10000060,40570,31285713.81,29999999.45,39000000,21,5
2017-11-26,10000060,40571,34999994.95,34999990.69,34999997.8,15,5
2017-11-26,10000060,40572,123315999.75,123315000,123316999.99,8,8
2017-11-26,10000060,40573,114876333.31,114872000,114880000,6,6
2017-11-26,10000060,40633,689999999.95,689999999.94,689999999.95,2,2
2017-11-26,10000060,40634,650000000,650000000,650000000,1,1
2017-11-26,10000060,40659,31252861.61,26112065.28,32110494.5,7,7
2017-11-26,10000060,40662,228999997.75,228999997.75,228999997.75,2,1
2017-11-26,10000060,40665,49999999.99,49999999.99,49999999.99,1,1
2017-11-26,10000060,40714,51359799.77,51000000,52798999.88,5,5
2017-11-26,10000060,40717,157499980.94,157499980.94,157499980.94,1,1
2017-11-26,10000060,40734,118999998.66,118999998,118999998.99,3,2
2017-11-26,10000060,40772,5000000,5000000,5000000,1,1
2017-11-26,10000060,41030,1085965861,1085965659,1085975958.97,102,42
2017-11-26,10000060,41031,99999,99999,99999,8,6
2017-11-26,10000060,41032,523749.77,444999.09,550000,4,4
2017-11-26,10000060,41033,1479961.72,1479961.71,1479961.72,2,2
2017-11-26,10000060,41034,631816.96,549998.77,849998.78,33,13
2017-11-26,10000060,41054,333332.99,333332.99,333332.99,199,20
2017-11-26,10000060,41055,189999,167499,366996.28,191,25
2017-11-26,10000060,41056,349486,349485,349488.99,117,26
2017-11-26,10000060,41057,4326361.75,4299999.99,4328997.92,11,9
2017-11-26,10000060,41155,17500,17499.96,17500,38,21
2017-11-26,10000060,41196,29766993.99,29766993.99,29766993.99,1,1
2017-11-26,10000060,41200,337844500,337844000,337845000,2,2
2017-11-26,10000060,41201,328997995.79,328997995,328997995.98,5,5
2017-11-26,10000060,41202,344999996.5,344999996,344999997,2,2
2017-11-26,10000060,41215,37699999.98,37699999.98,37699999.98,1,1
2017-11-26,10000060,41218,36254941.3,32984993.69,37000000,35,31
2017-11-26,10000060,41220,88500000,88500000,88500000,3,3
2017-11-26,10000060,41236,32499994.2,31999998.87,32999989.52,2,2
2017-11-26,10000060,41237,147998434.21,147998434.21,147998434.21,1,1
2017-11-26,10000060,41238,93199998.98,93199998.98,93199998.98,1,1
2017-11-26,10000060,41239,234863186.95,234863186.9,234863186.99,2,2
2017-11-26,10000060,41249,51351765.9,49998000,58999998.99,18,14
2017-11-26,10000060,41250,235989999.99,235989999.99,235989999.99,1,1
2017-11-26,10000060,41251,75000000,75000000,75000000,1,1
2017-11-26,10000060,41252,133333333.34,130000000,135000000.01,3,3
2017-11-26,10000060,41253,340000000,340000000,340000000,1,1
2017-11-26,10000060,41263,38.18,38.18,38.18,19,1
2017-11-26,10000060,41264,47.36,47.36,47.36,202,4
2017-11-26,10000060,41265,31.81,31.81,31.81,174,3
2017-11-26,10000060,41266,202080.76,99995,345000.83,84,3
2017-11-26,10000060,41267,200002.4,200002.4,200002.4,134,4
2017-11-26,10000060,41268,709995.73,709995,710000.03,55,3
2017-11-26,10000060,41269,16226.42,16226.42,16226.42,104,2
2017-11-26,10000060,41302,100002.15,100002.15,100002.15,107,4
2017-11-26,10000060,41303,111059.97,111059.97,111059.97,145,4
2017-11-26,10000060,41304,154.4,154.39,154.41,60,4
2017-11-26,10000060,41305,108.61,108.61,108.61,130,4
2017-11-26,10000060,41306,153.65,153.65,153.65,139,3
2017-11-26,10000060,41307,260.96,260.96,260.96,138,3
2017-11-26,10000060,41308,261.02,261.01,261.03,67,2
2017-11-26,10000060,41309,260.46,260.45,260.47,78,2
2017-11-26,10000060,41310,810.29,810.29,810.29,42,2
2017-11-26,10000060,41311,258.05,258.05,258.05,365,5
2017-11-26,10000060,41312,21002.95,21002.94,21002.96,87,3
2017-11-26,10000060,41314,5529.89,5529.89,5529.89,2000,1
2017-11-26,10000060,41316,7499.64,7499.64,7499.64,2000,1
2017-11-26,10000060,41330,3184810.57,3184810.55,3184810.59,15,2
2017-11-26,10000060,41332,3999999.87,3999999.84,3999999.91,21,2
2017-11-26,10000060,41403,41983999.99,41983999.99,41983999.99,1,1
2017-11-26,10000060,41411,38896994.67,38896994,38896995,25,25
2017-11-26,10000060,41415,157572379.09,132600000.01,158000000,29,16
2017-11-26,10000060,41439,349999994.99,349999994.99,349999994.99,1,1
2017-11-26,10000060,41442,300000000,300000000,300000000,1,1
2017-11-26,10000060,41459,387142800.49,350000000,389999938,14,10
2017-11-26,10000060,41463,126887465.66,126886958.32,126887972.99,4,3
2017-11-26,10000060,41466,120000000,120000000,120000000,2,2
2017-11-26,10000060,41469,109899992.9,109899992.9,109899992.9,1,1
2017-11-26,10000060,41470,130000000,130000000,130000000,3,2
2017-11-26,10000060,41482,3773998.85,3773998.85,3773998.85,1,1
2017-11-26,10000060,41484,11247978.11,11247978,11247978.43,4,3
2017-11-26,10000060,41486,32445501.1,30000000,32988945.78,11,11
2017-11-26,10000060,41489,12299,12298.96,12684.94,11810,57
2017-11-26,10000060,41490,1065990,1045999.99,1065990,3064,53
2017-11-26,10000060,41491,32288181.37,30000000.56,32796999,11,10
2017-11-26,10000060,41492,133110984.55,133110984.5,133110984.59,14,10
2017-11-26,10000060,41493,159787953.07,153527834.21,160999999.01,37,25
2017-11-26,10000060,41498,135322221.06,119299995.07,139899999.9,9,7
2017-11-26,10000060,41500,560000000,560000000,560000000,2,2
2017-11-26,10000060,41503,223110998.87,223110998.87,223110998.87,1,1
2017-11-26,10000060,41506,198933332.23,198800000,198999998.35,3,3
2017-11-26,10000060,41507,143492499.21,130000000,147989998.96,4,4
2017-11-26,10000060,41533,75000000,75000000,75000000,1,1
2017-11-26,10000060,41534,106165740.5,105000000,107331480.99,2,2
2017-11-26,10000060,42244,62999995.91,62999995.91,62999995.91,1,1
2017-11-26,10000060,42522,168899982.83,168899982.2,168899986.29,21,21
2017-11-26,10000060,42526,2350000,2350000,2350000,2,2
2017-11-26,10000060,42528,2090762.48,2000000,2181998,9,7
2017-11-26,10000060,42529,2189999.64,2189999.62,2189999.66,15,9
2017-11-26,10000060,42593,145000000,145000000,145000000,1,1
2017-11-26,10000060,42653,250000000,250000000,250000000,1,1
2017-11-26,10000060,42685,25999999.98,25000000,26999999.96,2,2
2017-11-26,10000060,42694,1994.23,1994.23,1994.23,24500,10
2017-11-26,10000060,42695,1479.97,1479.97,1479.97,44139,25
2017-11-26,10000060,42696,1589.74,1589.7,1589.74,34781,20
2017-11-26,10000060,42733,2499998,2499998,2499998,1,1
2017-11-26,10000060,42799,148000000,148000000,148000000,1,1
2017-11-26,10000060,42829,999.98,999.98,999.98,199039,31
2017-11-26,10000060,42830,694.98,694.98,694.98,152604,43
2017-11-26,10000060,42831,780.98,780.98,780.98,37253,11
2017-11-26,10000060,42832,997.91,997.91,997.91,5877,11
2017-11-26,10000060,42833,3500,3500,3500,4100,8
2017-11-26,10000060,42834,992.18,992.18,992.18,4300,7
2017-11-26,10000060,42835,4548.92,4548.92,4548.92,5501,6
2017-11-26,10000060,42836,1114.59,1114.59,1114.59,5501,6
2017-11-26,10000060,42837,997.47,997.47,997.47,5803,7
2017-11-26,10000060,42838,1599.99,1599.99,1899.99,28300,10
2017-11-26,10000060,42839,1749.99,1749.99,1749.99,8300,10
2017-11-26,10000060,42840,1799.99,1799.99,1799.99,8100,6
2017-11-26,10000060,42878,10000000,10000000,10000000,1,1
2017-11-26,10000060,42883,10000000,10000000,10000000,1,1
2017-11-26,10000060,42890,102518468.67,99999999.99,103886994.98,19,19
2017-11-26,10000060,43551,6370535.32,5437201.99,6437201.98,30,15
2017-11-26,10000060,43552,4637272.69,4399999.99,4689999.95,11,9
2017-11-26,10000060,43554,5094769.94,5094769.83,5094769.97,4,4
2017-11-26,10000060,43555,4027095.26,3489999.99,6579994.58,52,11
2017-11-26,10000060,43556,3582545.25,3490000,3999999.99,11,9
2017-11-26,10000060,43681,1099565098.34,1090000000,1099999897.55,23,9
2017-11-26,10000060,43694,64110838.2,44201102.02,65769982.88,13,2
2017-11-26,10000060,43699,39060.14,38999.97,40283.54,64,7
2017-11-26,10000060,43700,6399395.89,6399372,6399586.97,45,2
2017-11-26,10000060,43702,79998.96,79998.96,79998.97,13,7
2017-11-26,10000060,43703,30998837.56,30998837.54,30998837.6,12,8
2017-11-26,10000060,43815,25000000,25000000,25000000,1,1
2017-11-26,10000060,43894,457996.9,457996.4,457998.15,7,7
2017-11-26,10000060,43896,1499996.81,1499996.81,1499996.81,4,4
2017-11-26,10000060,44067,299999981.61,299999980.73,299999985,11,11
2017-11-26,10000060,44102,3579999.94,3579999,3579999.99,18,17
2017-11-26,10000060,44112,10000000,10000000,10000000,2,2
2017-11-26,10000060,44262,20700,20700,20700,198,3
2017-11-26,10000060,44267,32000,32000,32000,246,4
2017-11-26,10000060,44889,34999999.97,34999999.97,34999999.97,1,1
2017-11-26,10000060,44937,175000000,175000000,175000000,1,1
2017-11-26,10000060,44938,234999999,234999999,234999999,1,1
2017-11-26,10000060,44947,109699999.99,109699999.99,109699999.99,1,1
2017-11-26,10000060,44992,3025044.95,3021049.1,3030000,63704,128
2017-11-26,10000060,44993,280999999.21,274999999.99,286999998.43,2,2
2017-11-26,10000060,45010,494998,494998,494998,7,3
2017-11-26,10000060,45494,1000,1000,1000,6857,2
2017-11-26,10000060,45506,4000,4000,4000,6857,2
2017-11-26,10000060,45586,52999999.98,52999999.98,52999999.98,2,2
2017-11-26,10000060,45589,48666638.47,46999999.5,51999916.41,3,3
2017-11-26,10000060,45591,49000000,49000000,49000000,1,1
2017-11-26,10000060,45592,53966667.34,50000000,55950001.02,3,3
2017-11-26,10000060,45593,11000000.03,11000000.03,11000000.03,1,1
2017-11-26,10000060,45594,52998716.46,52998716.46,52998716.46,1,1
2017-11-26,10000060,45595,47249999.87,45000000,49499999.73,2,2
2017-11-26,10000060,45596,43000000,43000000,43000000,2,2
2017-11-26,10000060,45597,51949797,51949797,51949797,1,1
2017-11-26,10000060,45598,23599999.75,23599999.75,23599999.75,1,1
2017-11-26,10000060,45599,44000000,44000000,44000000,1,1
2017-11-26,10000060,45601,31333333.48,30000000,32000000.22,3,3
2017-11-26,10000060,45604,30237500.2,11000000.82,35000000,4,4
2017-11-26,10000060,45607,45999999.5,40000000,48999999,4,4
2017-11-26,10000060,45608,59999999,59999999,59999999,1,1
2017-11-26,10000060,45610,37999999.97,37999999.97,37999999.97,1,1
2017-11-26,10000060,45612,41999798.96,41999798.96,41999798.96,1,1
2017-11-26,10000060,45613,49999983.33,49999975,50000000,3,3
2017-11-26,10000060,45614,55597777.49,55555555,55639999.97,2,2
2017-11-26,10000060,45615,40000000,40000000,40000000,1,1
2017-11-26,10000060,45616,60000000,60000000,60000000,1,1
2017-11-26,10000060,45617,49499999.5,48000000,50999999,2,2
2017-11-26,10000060,45618,11001401.83,11001401.83,11001401.83,1,1
2017-11-26,10000060,45619,57989945,57989945,57989945,2,2
2017-11-26,10000060,45620,45000000,45000000,45000000,1,1
2017-11-26,10000060,45621,45548135.11,44999999.99,46096270.23,2,2
2017-11-26,10000060,45622,11000000,11000000,11000000,1,1
2017-11-26,10000060,45623,37214601.69,37214601.69,37214601.69,1,1
2017-11-26,10000060,45625,15000000,15000000,15000000,1,1
2017-11-26,10000060,45626,36818518.33,35555555,37450000,3,3
2017-11-26,10000060,45628,15000000,15000000,15000000,1,1
2017-11-26,10000060,45629,24000000,12000000.01,30000000,3,3
2017-11-26,10000060,45630,13000004.4,13000004.4,13000004.4,1,1
2017-11-26,10000060,45632,37799962.49,35000000,40599924.97,2,2
2017-11-26,10000060,45633,44997933.33,44997900,44998000,3,3
2017-11-26,10000060,45635,179701478.84,176000000.2,179999985.22,67,53
2017-11-26,10000060,45746,1349999.98,1349999.98,1349999.98,8,7
2017-11-26,10000060,45748,6449989.95,6449989.92,6449989.98,5,5
2017-11-26,10000060,45750,17749989.65,17749989,17749989.98,3,2
2017-11-26,10000060,45775,3900000,3900000,3900000,1,1
2017-11-26,10000060,45785,1,1,1,1,1
2017-11-26,10000060,45790,17500000,17000000,18000000,2,2
2017-11-26,10000060,45794,2500000,2500000,2500000,1,1
2017-11-26,10000060,45813,899999.84,799999.67,1000000,2,2
2017-11-26,10000060,45820,3900000,3900000,3900000,1,1
2017-11-26,10000060,45832,22996008.5,22992109,22999908,2,2
2017-11-26,10000060,45835,7842857.14,7842857.14,7842857.14,1,1
2017-11-26,10000060,45847,19522622.16,19522622.16,19522622.16,1,1
2017-11-26,10000060,45848,3250000,3250000,3250000,1,1
2017-11-26,10000060,45852,13000000,13000000,13000000,1,1
2017-11-26,10000060,45861,65000000,65000000,65000000,1,1
2017-11-26,10000060,45862,30000000,30000000,30000000,1,1
2017-11-26,10000060,45871,1389997.97,1389997.97,1389997.97,1,1
2017-11-26,10000060,45874,2725000,2725000,2725000,1,1
2017-11-26,10000060,45878,7500000,7500000,7500000,1,1
2017-11-26,10000060,45883,10000000,10000000,10000000,1,1
2017-11-26,10000060,45895,15000000,15000000,15000000,1,1
2017-11-26,10000060,45902,69999998.88,69999998.88,69999998.88,1,1
2017-11-26,10000060,45905,4850000,4850000,4850000,1,1
2017-11-26,10000060,45906,15512495.24,15499999,15524991.47,2,2
2017-11-26,10000060,45909,25000000,25000000,25000000,1,1
2017-11-26,10000060,45922,24499999.91,24499999.91,24499999.91,1,1
2017-11-26,10000060,45931,150000,150000,150000,1,1
2017-11-26,10000060,45942,8200000,7500000,8900000,2,2
2017-11-26,10000060,45944,16000000,16000000,16000000,1,1
2017-11-26,10000060,45956,8900000,8900000,8900000,1,1
2017-11-26,10000060,45968,10276103.56,10276103.56,10276103.56,1,1
2017-11-26,10000060,45969,5000000,5000000,5000000,1,1
2017-11-26,10000060,45976,39000000,39000000,39000000,1,1
2017-11-26,10000060,45996,19000000,19000000,19000000,1,1
2017-11-26,10000060,45998,3499999.99,3499999.98,3499999.99,6,5
2017-11-26,10000060,45999,11017562.7,10000000,13900000,16,7
2017-11-26,10000060,46000,55500000,51000000,60000000,6,6
2017-11-26,10000060,46001,455005.11,455005.11,455005.11,2,2
2017-11-26,10000060,46002,8566666.46,699999.39,12500000,3,3
2017-11-26,10000060,46003,29941175.97,29941175.97,29941175.97,1,1
2017-11-26,10000060,46004,549999.97,549999.96,549999.97,7,5
2017-11-26,10000060,46005,5197475,5000000,5250000,4,4
2017-11-26,10000060,46008,12000000,8999998.95,13000000,499,285
2017-11-26,10000060,46050,7499999.99,7499999.99,7499999.99,5,1
2017-11-26,10000060,46147,80000000,80000000,80000000,3,3
2017-11-26,10000060,46152,13249995.98,13249995.98,13249995.98,3,2
2017-11-26,10000060,46153,19996997.98,19996997.98,19996997.98,5,4
2017-11-26,10000060,46154,26999999.98,26999999.98,26999999.98,4,3
2017-11-26,10000060,46155,31749992.49,31749989.98,31750000,4,3
2017-11-26,10000060,46156,34989989.21,34989988.95,34989989.99,4,3
2017-11-26,10000060,46167,9999998.8,9999998.8,9999998.8,5,1
2017-11-26,10000060,46168,9999998.81,9999998.81,9999998.81,5,1
2017-11-26,10000060,46170,9999998.13,9999998.13,9999998.13,4,1
2017-11-26,10000060,46174,9999994.63,9999994.63,9999994.63,5,1
2017-11-26,10000060,46177,9998991.41,9998991.41,9998991.41,1,1
2017-11-26,10000060,46178,9999994.81,9999994.81,9999994.81,5,1
2017-11-26,10000060,46179,9999996.06,9999996.06,9999996.06,14,2
2017-11-26,10000060,46180,9999994.63,9999994.63,9999994.63,5,1
2017-11-26,10000060,46181,9999990.82,9999990.82,9999990.82,5,1
2017-11-26,10000060,46183,9999994.79,9999994.79,9999994.79,4,1
2017-11-26,10000060,46225,48999995.99,48999995.99,48999995.99,1,1
2017-11-26,10000060,46310,4000,4000,4000,6857,2
2017-11-26,10000060,46366,1800000,1800000,1800000,10,1
2017-11-26,10000060,46381,11059198.6,9049999,11750000,5,5
2017-11-26,10000060,46695,130000.13,130000.13,130000.13,1434,1
2017-11-26,10000060,46713,44949994.99,44949994.99,44949994.99,1,1
2017-11-26,10000060,46718,45000000,45000000,45000000,1,1
2017-11-26,10000060,46722,9999999.95,9999999.95,9999999.95,1,1
2017-11-26,10000060,46756,97000121,97000121,97000121,1,1
2017-11-26,10000060,47029,168238095.24,142500000,219714285.71,3,3
2017-11-26,10000061,34,2,2,2,174030,2
2017-11-26,10000061,35,0.41,0.41,0.41,84314,1
2017-11-26,10000061,36,0.88,0.88,0.88,46556,2
2017-11-26,10000061,37,0.57,0.57,0.57,12900,1
2017-11-26,10000061,38,228.32,228.32,228.32,3823,1
2017-11-26,10000061,39,3.89,3.89,3.89,664,1
2017-11-26,10000061,40,7.81,7.81,7.81,214,1
2017-11-26,10000061,400,1091666.65,1091666.65,1091666.65,1,1
2017-11-26,10000061,444,65000,65000,65000,2,2
2017-11-26,10000061,448,1862745.01,1714117.52,2160000,3,3
2017-11-26,10000061,519,1255000,1230000,1450000,10,4
2017-11-26,10000061,578,92058.82,92058.82,92058.82,4,1
2017-11-26,10000061,583,400000,400000,400000,2,2
2017-11-26,10000061,586,500000,500000,500000,2,2
2017-11-26,10000061,594,500000,500000,500000,1,1
2017-11-26,10000061,602,500000,500000,500000,2,2
2017-11-26,10000061,607,500000,500000,500000,1,1
2017-11-26,10000061,608,375000,375000,375000,1,1
2017-11-26,10000061,621,8000000,8000000,8000000,5,3
2017-11-26,10000061,624,800000,800000,800000,1,1
2017-11-26,10000061,631,4999999.99,4999999.99,4999999.99,1,1
2017-11-26,10000061,632,8000000,8000000,8000000,2,1
2017-11-26,10000061,633,8750000,8750000,8750000,1,1
2017-11-26,10000061,651,1500000,1500000,1500000,1,1
2017-11-26,10000061,655,900000,900000,900000,1,1
2017-11-26,10000061,657,2000000,2000000,2000000,1,1
2017-11-26,10000061,1317,97500,50000,500000,8,3
2017-11-26,10000061,1319,985000,525000,1100000,10,5
2017-11-26,10000061,1335,431250,425000,450000,4,2
2017-11-26,10000061,1355,1500000,1500000,1500000,1,1
2017-11-26,10000061,1403,50000,50000,50000,6,2
2017-11-26,10000061,1405,1500000,1500000,1500000,6,1
2017-11-26,10000061,1445,20000,20000,20000,1,1
2017-11-26,10000061,1447,1318571.43,1250000,1490000,7,2
2017-11-26,10000061,1952,1443603.73,1399999,1530813.2,3,3
2017-11-26,10000061,1958,30000,30000,30000,4,1
2017-11-26,10000061,1968,70000,70000,70000,10,1
2017-11-26,10000061,1969,2220000,2220000,2220000,23,8
2017-11-26,10000061,1978,1769999.88,999999,1880000,8,8
2017-11-26,10000061,1999,1853500.02,1850000,1857000.03,4,3
2017-11-26,10000061,2032,1644000,1644000,1644000,5,1
2017-11-26,10000061,2046,23900,23900,23900,1,1
2017-11-26,10000061,2048,725632.95,420420,870444,21,18
2017-11-26,10000061,2175,1800000,1800000,1800000,5,1
2017-11-26,10000061,2185,997000,997000,997000,5,1
2017-11-26,10000061,2195,2600000,2600000,2600000,5,1
2017-11-26,10000061,2205,750000,750000,750000,10,2
2017-11-26,10000061,2281,3316665.89,3299999,3750000,9,6
2017-11-26,10000061,2301,2690000,2690000,2690000,3,2
2017-11-26,10000061,2364,1748000,1748000,1748000,3,1
2017-11-26,10000061,2398,800,800,800,3840,1
2017-11-26,10000061,2399,800,800,800,4080,1
2017-11-26,10000061,2401,900,900,900,4080,1
2017-11-26,10000061,2456,696380.57,696380.57,696380.57,10,1
2017-11-26,10000061,2476,42000,42000,42000,6,1
2017-11-26,10000061,2478,2031250,2000000,2050000,8,2
2017-11-26,10000061,2488,528646.43,500000,600420,56,12
2017-11-26,10000061,2508,299.99,299.99,299.99,92,1
2017-11-26,10000061,2524,100000,100000,100000,2,2
2017-11-26,10000061,2567,3000000,3000000,3000000,2,1
2017-11-26,10000061,2605,1250000,1250000,1250000,9,6
2017-11-26,10000061,2679,350,350,350,18460,1
2017-11-26,10000061,2961,4500000,4500000,4500000,7,1
2017-11-26,10000061,3082,2850000,2850000,2850000,6,1
2017-11-26,10000061,3244,1624750,1500000,1998999.98,4,4
2017-11-26,10000061,3256,8200000,8200000,8200000,1,1
2017-11-26,10000061,3332,999999,999999,999999,1,1
2017-11-26,10000061,3467,100000,100000,100000,2,2
2017-11-26,10000061,3831,950000,950000,950000,6,4
2017-11-26,10000061,3841,1488012.83,1427670,1599999,6,4
2017-11-26,10000061,4260,4500000,4500000,4500000,1,1
2017-11-26,10000061,4349,409000002.08,409000002.08,409000002.08,1,1
2017-11-26,10000061,4403,1784000,1000000,1980000,10,9
2017-11-26,10000061,4405,2567666.45,2530791.08,2715167.91,10,6
2017-11-26,10000061,4833,146000,146000,146000,2,1
2017-11-26,10000061,5301,13948,13948,13948,5,2
2017-11-26,10000061,5302,13948,13948,13948,1,1
2017-11-26,10000061,5320,350000,350000,350000,3,1
2017-11-26,10000061,5945,332111.11,330000,349000,9,9
2017-11-26,10000061,5973,859999.8,450000,1200000,5,5
2017-11-26,10000061,5975,125000,125000,125000,1,1
2017-11-26,10000061,6173,300000,300000,300000,1,1
2017-11-26,10000061,6296,12000,12000,12000,1,1
2017-11-26,10000061,8089,479000.83,479000.83,479000.83,3,1
2017-11-26,10000061,8517,3750000,3750000,3750000,6,4
2017-11-26,10000061,8521,300000,300000,300000,4,1
2017-11-26,10000061,9451,2200000,2200000,2200000,18,3
2017-11-26,10000061,9491,3728023.26,800000,5250000,86,13
2017-11-26,10000061,9556,1,1,1,1,1
2017-11-26,10000061,9836,12900,12900,12900,20,1
2017-11-26,10000061,10190,1650000,1650000,1650000,3,1
2017-11-26,10000061,10250,1290000,1290000,1290000,10,1
2017-11-26,10000061,11129,7500,7500,7500,1,1
2017-11-26,10000061,11134,20000,20000,20000,1,1
2017-11-26,10000061,11174,37000000,37000000,37000000,2,2
2017-11-26,10000061,11269,1187500,1100000,1200000,8,8
2017-11-26,10000061,11317,353000,353000,353000,2,2
2017-11-26,10000061,11370,3100000,3100000,3100000,3,2
2017-11-26,10000061,11577,5020199.93,5000000,5101000.64,5,4
2017-11-26,10000061,11578,7800000,7800000,7800000,1,1
2017-11-26,10000061,11640,1200000,1200000,1200000,1,1
2017-11-26,10000061,11644,2713636.36,1850000,2800000,11,10
2017-11-26,10000061,11646,2691818.14,2640000,3150000,11,10
2017-11-26,10000061,11648,2722356.13,1800000,2790000,14,13
2017-11-26,10000061,12068,5780001.13,5780001.13,5780001.13,1,1
2017-11-26,10000061,12200,15000000,15000000,15000000,2,1
2017-11-26,10000061,12211,3000000,3000000,3000000,1,1
2017-11-26,10000061,12608,110,110,110,5000,1
2017-11-26,10000061,12625,100,100,100,3037,1
2017-11-26,10000061,12767,429,429,429,1000,1
2017-11-26,10000061,12771,374,374,374,1000,1
2017-11-26,10000061,12791,225,225,225,2500,2
2017-11-26,10000061,12801,240,240,240,11500,2
2017-11-26,10000061,12805,195.5,195.5,195.5,11500,2
2017-11-26,10000061,13216,27156000,27156000,27156000,1,1
2017-11-26,10000061,13261,28750000,28750000,28750000,1,1
2017-11-26,10000061,15729,69880000,69880000,69880000,1,1
2017-11-26,10000061,16227,50000000,50000000,50000000,1,1
2017-11-26,10000061,16273,50,50,50,29250,23
2017-11-26,10000061,16274,1000,1000,1000,15000,3
2017-11-26,10000061,16275,5500,5500,5500,500,1
2017-11-26,10000061,16443,39999.99,39999.99,39999.99,1,1
2017-11-26,10000061,16642,4120.03,4120.03,4120.03,582,1
2017-11-26,10000061,16650,57955.75,57955.75,57955.75,1213,1
2017-11-26,10000061,17366,224027.78,213750,225000,9,5
2017-11-26,10000061,17478,4975609.76,4000000,5000000,41,2
2017-11-26,10000061,17482,1849400,1849000,1850000,5,2
2017-11-26,10000061,17738,550000000,550000000,550000000,6,6
2017-11-26,10000061,17843,95999999,95999999,95999999,1,1
2017-11-26,10000061,17887,1180,1180,1180,50000,1
2017-11-26,10000061,17889,950,950,950,131900,5
2017-11-26,10000061,17912,3500000,3500000,3500000,2,1
2017-11-26,10000061,17938,420000.29,250000,590000.57,2,2
2017-11-26,10000061,18036,200000,200000,200000,2,1
2017-11-26,10000061,18040,200000,200000,200000,3,1
2017-11-26,10000061,18044,118500,118500,118500,3,1
2017-11-26,10000061,18064,118500,118500,118500,3,1
2017-11-26,10000061,18590,783298.97,783298.97,783298.97,1,1
2017-11-26,10000061,18592,562500,562500,562500,5,2
2017-11-26,10000061,18594,520000,520000,520000,88,2
2017-11-26,10000061,18608,800000,800000,800000,10,1
2017-11-26,10000061,18624,838000,838000,838000,2,1
2017-11-26,10000061,19285,20000000,20000000,20000000,1,1
2017-11-26,10000061,19939,30000,30000,30000,2,2
2017-11-26,10000061,20353,4778750,3300000,4990000,8,8
2017-11-26,10000061,21096,1658333.33,1450000,1750000,6,6
2017-11-26,10000061,21372,10190,10190,10190,1000,1
2017-11-26,10000061,21640,1200000,1200000,1200000,3,1
2017-11-26,10000061,21894,1849,1849,1849,24145,11
2017-11-26,10000061,21896,848.21,848.21,848.21,1120,1
2017-11-26,10000061,21898,552,552,552,500,1
2017-11-26,10000061,21902,1699,1699,1699,36900,12
2017-11-26,10000061,21904,840,840,840,1000,1
2017-11-26,10000061,21918,1849,1849,1849,16500,5
2017-11-26,10000061,21922,816,816,816,1000,1
2017-11-26,10000061,22229,5000000,5000000,5000000,2,1
2017-11-26,10000061,22291,936000,900000,1116000,6,2
2017-11-26,10000061,22542,100000,100000,100000,3,1
2017-11-26,10000061,22544,350000000,350000000,350000000,1,1
2017-11-26,10000061,22559,58000000,58000000,58000000,1,1
2017-11-26,10000061,22778,248770.99,248770.99,248770.99,50,1
2017-11-26,10000061,23025,820,820,820,1500,1
2017-11-26,10000061,23031,849,849,849,1500,1
2017-11-26,10000061,23035,790,790,790,1500,1
2017-11-26,10000061,23059,4625000,4500000,5000000,36,2
2017-11-26,10000061,23061,3900000,3900000,3900000,6,1
2017-11-26,10000061,23525,100000,100000,100000,1,1
2017-11-26,10000061,23527,387250,349000,400000,4,4
2017-11-26,10000061,23563,82500,75000,90000,16,5
2017-11-26,10000061,23707,35000,35000,35000,5,1
2017-11-26,10000061,23711,15000,15000,15000,5,1
2017-11-26,10000061,24305,3500000.36,3500000.36,3500000.36,2,1
2017-11-26,10000061,24395,1440000,1440000,1440000,1,1
2017-11-26,10000061,24417,2499999,2499999,2499999,1,1
2017-11-26,10000061,24427,2640764.6,2150000,2695294,10,10
2017-11-26,10000061,24438,2083556.14,2083556.14,2083556.14,1,1
2017-11-26,10000061,24702,50000000,50000000,50000000,1,1
2017-11-26,10000061,25598,4100,4100,4100,536,1
2017-11-26,10000061,25894,9683333.33,9000000,11000000,36,11
2017-11-26,10000061,27918,1800000,1800000,1800000,2,1
2017-11-26,10000061,27920,1100000,1100000,1100000,20,1
2017-11-26,10000061,27924,1299999.99,1299999.99,1299999.99,2,1
2017-11-26,10000061,28073,13000000,13000000,13000000,1,1
2017-11-26,10000061,28201,700000,700000,700000,5,1
2017-11-26,10000061,28215,1449705.88,1390000,2000000,51,12
2017-11-26,10000061,28332,1500,1500,1500,25510,12
2017-11-26,10000061,28334,874.65,874.65,874.65,1000,1
2017-11-26,10000061,28578,690000,690000,690000,4,1
2017-11-26,10000061,28615,6000000,6000000,6000000,1,1
2017-11-26,10000061,28646,7500000,7500000,7500000,1,1
2017-11-26,10000061,28668,33500,33500,33500,1446,12
2017-11-26,10000061,28756,50000000.17,50000000.17,50000000.17,1,1
2017-11-26,10000061,28999,46599.5,20000,49999,20,11
2017-11-26,10000061,29001,219615.38,20000,450000,13,12
2017-11-26,10000061,29005,50000,50000,50000,10,1
2017-11-26,10000061,29009,87500,15000,300000,4,3
2017-11-26,10000061,29011,20000,20000,20000,3,2
2017-11-26,10000061,29013,23730,14500,50000,50,16
2017-11-26,10000061,29015,49875,48333.33,50000,40,15
2017-11-26,10000061,30013,16745.95,15243.25,19000,40,2
2017-11-26,10000061,30488,1500000.11,1500000.11,1500000.11,9,2
2017-11-26,10000061,30987,545000,545000,545000,20,1
2017-11-26,10000061,30999,1581000,1581000,1581000,1,1
2017-11-26,10000061,31023,1550000,1550000,1550000,1,1
2017-11-26,10000061,31055,2800000,2800000,2800000,3,1
2017-11-26,10000061,31111,7500000,7500000,7500000,1,1
2017-11-26,10000061,31153,250000,250000,250000,1,1
2017-11-26,10000061,31177,450000,450000,450000,1,1
2017-11-26,10000061,31268,4500000,4500000,4500000,2,2
2017-11-26,10000061,31298,500000,500000,500000,6,3
2017-11-26,10000061,31372,1815732.76,1594666.2,2894666.2,5,3
2017-11-26,10000061,31716,799999.98,799999.98,799999.98,2,2
2017-11-26,10000061,31724,12500000,12500000,12500000,2,2
2017-11-26,10000061,31730,1340909.3,250000,1450000.23,11,3
2017-11-26,10000061,31742,350000,350000,350000,7,2
2017-11-26,10000061,31760,7500000,7500000,7500000,1,1
2017-11-26,10000061,31788,550000,550000,550000,15,4
2017-11-26,10000061,31790,2548422.41,2500000,2664636.19,34,6
2017-11-26,10000061,31796,24599999.6,23999999,25000000,5,2
2017-11-26,10000061,31802,2200000,2200000,2200000,1,1
2017-11-26,10000061,31982,90000,90000,90000,4,1
2017-11-26,10000061,32006,128999.98,128999.95,129000,45,2
2017-11-26,10000061,32787,20000,20000,20000,5,1
2017-11-26,10000061,33003,432701.96,432701.96,432701.96,2,2
2017-11-26,10000061,33007,90000,90000,90000,3,1
2017-11-26,10000061,33157,165000000,165000000,165000000,1,1
2017-11-26,10000061,33180,800000,800000,800000,1,1
2017-11-26,10000061,33474,2281250,2000000,2750000,8,2
2017-11-26,10000061,33475,10250000,10250000,11000000,18,6
2017-11-26,10000061,33520,50000000,50000000,50000000,1,1
2017-11-26,10000061,33824,1750000,1750000,1750000,1,1
2017-11-26,10000061,35658,37748,37748,37748,2,1
2017-11-26,10000061,35660,100000,100000,100000,2,2
2017-11-26,10000061,35661,350000,350000,350000,1,1
2017-11-26,10000061,40346,5000000,5000000,5000000,6,1
2017-11-26,10000061,40354,35000000,35000000,35000000,3,2
2017-11-26,10000061,40358,1500000,1500000,1500000,20,1
2017-11-26,10000061,40559,12289473.68,11200000,13000000,76,4
2017-11-26,10000061,40564,32000000,32000000,32000000,18,1
2017-11-26,10000061,40565,27600000,27600000,27600000,18,1
2017-11-26,10000061,41486,25000000,25000000,25000000,1,1
2017-11-26,10000061,43551,7800000,7800000,7800000,1,1
2017-11-26,10000061,46371,500000,500000,500000,12,1
2017-11-26,10000062,35,4.98,4.98,4.98,50000,2
2017-11-26,10000062,37,52,52,52,2000,1
2017-11-26,10000062,40,1100,1100,1100,10000,1
2017-11-26,10000062,44,15000,15000,15000,28930,2
2017-11-26,10000062,203,200,200,200,5000,1
2017-11-26,10000062,230,60,60,60,70000,1
2017-11-26,10000062,380,420000.02,420000.02,420000.02,1,1
2017-11-26,10000062,399,15000,15000,15000,1,1
2017-11-26,10000062,400,1699999.99,1699999.99,1699999.99,1,1
2017-11-26,10000062,434,60000,60000,60000,1,1
2017-11-26,10000062,440,3500000,3500000,3500000,1,1
2017-11-26,10000062,442,5000,5000,5000,1,1
2017-11-26,10000062,448,2200000,2199999.99,2200000,2,2
2017-11-26,10000062,488,60000,60000,60000,4,1
2017-11-26,10000062,519,1200000,1200000,1200000,4,2
2017-11-26,10000062,578,95000,95000,95000,2,1
2017-11-26,10000062,609,299999.99,299999.99,299999.99,5,1
2017-11-26,10000062,621,9000000,9000000,9000000,2,1
2017-11-26,10000062,623,7249999.99,7249999.99,7249999.99,3,1
2017-11-26,10000062,629,7241999.99,7225999.99,7250000,3,3
2017-11-26,10000062,631,7249999.99,7249999.99,7249999.99,1,1
2017-11-26,10000062,632,7249999.99,7249999.99,7249999.99,2,1
2017-11-26,10000062,645,165000000,165000000,165000000,1,1
2017-11-26,10000062,655,1100000,1100000,1100000,2,2
2017-11-26,10000062,656,1100000,1100000,1100000,2,2
2017-11-26,10000062,1195,35000,35000,35000,2,1
2017-11-26,10000062,1236,800000,800000,800000,2,2
2017-11-26,10000062,1244,10000,10000,10000,3,1
2017-11-26,10000062,1248,1200000,1200000,1200000,4,2
2017-11-26,10000062,1256,1000000,1000000,1000000,3,1
2017-11-26,10000062,1306,500000,500000,500000,3,2
2017-11-26,10000062,1317,3000,3000,3000,2,1
2017-11-26,10000062,1319,1000000,1000000,1000000,5,4
2017-11-26,10000062,1355,950000,950000,950000,2,2
2017-11-26,10000062,1405,1000000,1000000,1000000,15,6
2017-11-26,10000062,1541,1050000,1050000,1050000,1,1
2017-11-26,10000062,1877,1433333.33,1100000,1500000,18,2
2017-11-26,10000062,1952,1500000,1500000,1500000,4,2
2017-11-26,10000062,1963,40000.01,40000.01,40000.01,2,1
2017-11-26,10000062,1978,1499999.99,1499999.99,1499999.99,1,1
2017-11-26,10000062,1999,1200000,1200000,1200000,1,1
2017-11-26,10000062,2032,570000,570000,570000,5,4
2017-11-26,10000062,2046,10000,10000,10000,1,1
2017-11-26,10000062,2048,614285.71,475000,625000,14,12
2017-11-26,10000062,2281,2500000,2500000,2500000,11,7
2017-11-26,10000062,2301,2200000,2200000,2200000,3,3
2017-11-26,10000062,2333,1800000,1800000,1800000,5,1
2017-11-26,10000062,2364,1500000,1500000,1500000,1,1
2017-11-26,10000062,2396,280,280,280,19896,1
2017-11-26,10000062,2397,899.99,899.99,899.99,2100,1
2017-11-26,10000062,2446,2300000,2300000,2300000,3,1
2017-11-26,10000062,2456,500000,500000,500000,16,3
2017-11-26,10000062,2478,2320000,2320000,2320000,2,1
2017-11-26,10000062,2488,520000,520000,520000,85,11
2017-11-26,10000062,2531,510000,510000,510000,7,4
2017-11-26,10000062,2539,1400000,1400000,1400000,3,2
2017-11-26,10000062,2547,1400000,1400000,1400000,3,3
2017-11-26,10000062,2605,550000,520000,580000,4,2
2017-11-26,10000062,2647,45.01,45.01,45.01,20000,2
2017-11-26,10000062,2873,770000.01,770000.01,770000.01,7,1
2017-11-26,10000062,2969,3100000,3100000,3100000,4,1
2017-11-26,10000062,3001,1000000,1000000,1000000,7,2
2017-11-26,10000062,3082,2600000,2600000,2600000,6,1
2017-11-26,10000062,3162,920000,920000,920000,3,1
2017-11-26,10000062,3244,2500000,2500000,2500000,3,3
2017-11-26,10000062,3302,30000,30000,30000,1,1
2017-11-26,10000062,3328,100000,100000,100000,1,1
2017-11-26,10000062,3496,1600000,1600000,1600000,1,1
2017-11-26,10000062,3504,2800000,2800000,2800000,1,1
2017-11-26,10000062,3540,3000000,3000000,3000000,2,1
2017-11-26,10000062,3831,1400000,1400000,1400000,2,2
2017-11-26,10000062,3841,1400000,1400000,1400000,7,4
2017-11-26,10000062,3888,1299999.99,1299999.99,1299999.99,2,2
2017-11-26,10000062,4027,47499.99,47499.99,47499.99,2,1
2017-11-26,10000062,4254,950000.01,950000.01,950000.01,1,1
2017-11-26,10000062,4383,1499999.99,1499999.99,1499999.99,1,1
2017-11-26,10000062,4395,500000,500000,500000,12,4
2017-11-26,10000062,4399,6000000,6000000,6000000,1,1
2017-11-26,10000062,4403,500000,500000,500000,1,1
2017-11-26,10000062,4405,1442307.69,1350000,1650000,13,4
2017-11-26,10000062,5011,240000,240000,240000,1,1
2017-11-26,10000062,5051,100000,100000,100000,3,3
2017-11-26,10000062,5443,79999.99,79999.99,79999.99,2,2
2017-11-26,10000062,5445,12499.99,12499.99,12499.99,2,1
2017-11-26,10000062,5973,340000,340000,340000,7,6
2017-11-26,10000062,6159,10999.87,10999.87,10999.87,1,1
2017-11-26,10000062,6437,16368,16368,16368,3,2
2017-11-26,10000062,7367,2500000,2500000,2500000,6,1
2017-11-26,10000062,8091,140000,140000,140000,12,1
2017-11-26,10000062,8433,368500,368500,368500,2,1
2017-11-26,10000062,8529,74603.79,74603.79,74603.79,1,1
2017-11-26,10000062,8583,13288,13288,13288,2,1
2017-11-26,10000062,9135,385000,385000,385000,4,1
2017-11-26,10000062,9417,567496,567496,567496,6,1
2017-11-26,10000062,9832,12400,12400,12400,7855,3
2017-11-26,10000062,9838,11500,11500,11500,9500,1
2017-11-26,10000062,9899,11500000,11500000,11500000,2,2
2017-11-26,10000062,9941,11500000,11500000,11500000,2,2
2017-11-26,10000062,9942,11500000,11500000,11500000,1,1
2017-11-26,10000062,9943,11500000,11500000,11500000,2,2
2017-11-26,10000062,9944,89500,89500,89500,2,1
2017-11-26,10000062,10190,1300000,1300000,1300000,4,2
2017-11-26,10000062,10212,26500000,26500000,26500000,1,1
2017-11-26,10000062,10246,10000,10000,10000,1,1
2017-11-26,10000062,10250,1000000,1000000,1000000,20,1
2017-11-26,10000062,10631,1000000,1000000,1000000,8,2
2017-11-26,10000062,10872,17600,17600,17600,1,1
2017-11-26,10000062,11176,32000000,32000000,32000000,2,1
2017-11-26,10000062,11178,32000000,32000000,32000000,1,1
2017-11-26,10000062,11184,32000000,32000000,32000000,1,1
2017-11-26,10000062,11186,32000000,32000000,32000000,1,1
2017-11-26,10000062,11192,32000000,32000000,32000000,1,1
2017-11-26,10000062,11202,32000000,32000000,32000000,1,1
2017-11-26,10000062,11267,199865,199865,199865,2,1
2017-11-26,10000062,11269,720000.01,720000.01,720000.01,2,2
2017-11-26,10000062,11370,2199999.99,2199999.99,2199999.99,2,2
2017-11-26,10000062,11561,100000,100000,100000,1,1
2017-11-26,10000062,11563,230000.01,230000.01,230000.01,2,1
2017-11-26,10000062,11578,7000000,7000000,7000000,1,1
2017-11-26,10000062,11640,1000000,1000000,1000000,7,2
2017-11-26,10000062,11646,2200000,2200000,2200000,1,1
2017-11-26,10000062,12563,20000.01,20000.01,20000.01,7,2
2017-11-26,10000062,12612,69,69,69,600,1
2017-11-26,10000062,12801,149.01,149.01,149.01,1390,1
2017-11-26,10000062,12805,139.01,139.01,139.01,1150,1
2017-11-26,10000062,13003,2100000,2100000,2100000,1,1
2017-11-26,10000062,16227,49499999.99,49499999.99,49499999.99,2,2
2017-11-26,10000062,16273,100,100,100,1900,2
2017-11-26,10000062,16275,3000,3000,3000,1000,1
2017-11-26,10000062,16278,1889999.99,1889999.99,1889999.99,10,3
2017-11-26,10000062,16519,25000,25000,25000,5,1
2017-11-26,10000062,16682,13199,13199,13199,1160,2
2017-11-26,10000062,17366,30000,30000,30000,2,1
2017-11-26,10000062,17476,27500000,27500000,27500000,3,2
2017-11-26,10000062,17526,30000000,30000000,30000000,1,1
2017-11-26,10000062,17887,1400,1400,1400,8000,1
2017-11-26,10000062,17912,4200000,4200000,4200000,8,4
2017-11-26,10000062,17938,10000,10000,10000,1,1
2017-11-26,10000062,17977,230000,230000,230000,246,5
2017-11-26,10000062,18590,850000,850000,850000,12,3
2017-11-26,10000062,18592,820000,820000,820000,12,3
2017-11-26,10000062,18596,590000,590000,590000,12,3
2017-11-26,10000062,18598,750000,750000,750000,12,3
2017-11-26,10000062,18608,780000,780000,780000,12,3
2017-11-26,10000062,18624,740000,740000,740000,12,3
2017-11-26,10000062,19739,3285714.28,3200000,3799999.98,7,2
2017-11-26,10000062,19744,650000,650000,650000,1,1
2017-11-26,10000062,19806,1299999.98,1299999.98,1299999.98,1,1
2017-11-26,10000062,19810,12499.99,12499.99,12499.99,4,4
2017-11-26,10000062,21898,550,550,550,3000,1
2017-11-26,10000062,22175,43500,43500,43500,1,1
2017-11-26,10000062,22177,50000,50000,50000,1,1
2017-11-26,10000062,22456,75000000,75000000,75000000,1,1
2017-11-26,10000062,22548,300000000,300000000,300000000,2,2
2017-11-26,10000062,22778,164999.99,164999.99,164999.99,14,2
2017-11-26,10000062,23025,770,770,770,6780,6
2017-11-26,10000062,23031,1250,1250,1250,7740,5
2017-11-26,10000062,23059,3000000,3000000,3000000,1,1
2017-11-26,10000062,23061,3200000,3200000,3200000,26,2
2017-11-26,10000062,23711,6999,6999,6999,5,1
2017-11-26,10000062,24283,47500000,47500000,47500000,2,1
2017-11-26,10000062,24305,3900000,3900000,3900000,6,1
2017-11-26,10000062,24348,1400000,1400000,1400000,2,1
2017-11-26,10000062,24427,1800000,1800000,1800000,5,2
2017-11-26,10000062,24471,12.48,12.48,12.48,400,1
2017-11-26,10000062,24495,115,115,115,40000,1
2017-11-26,10000062,24501,45.01,45.01,45.01,20000,1
2017-11-26,10000062,24533,550,550,550,5000,1
2017-11-26,10000062,25948,5200000,5200000,5200000,7,3
2017-11-26,10000062,26374,50000000,50000000,50000000,2,2
2017-11-26,10000062,26929,68000,68000,68000,1,1
2017-11-26,10000062,27361,1000,1000,1000,2800,1
2017-11-26,10000062,27371,950,950,950,5000,1
2017-11-26,10000062,28203,3276,3276,3276,3,1
2017-11-26,10000062,28215,1900000,1900000,1900000,15,1
2017-11-26,10000062,28334,800,800,800,10000,1
2017-11-26,10000062,28442,225000,225000,225000,108,2
2017-11-26,10000062,28576,850000,850000,850000,20,7
2017-11-26,10000062,28578,959090.89,775000,999999.98,11,3
2017-11-26,10000062,28668,25600,25600,25600,716,6
2017-11-26,10000062,29009,8000,8000,8000,7,3
2017-11-26,10000062,29011,8000,8000,8000,1,1
2017-11-26,10000062,30836,1720000,1720000,1720000,2,1
2017-11-26,10000062,30987,500000,500000,500000,2,1
2017-11-26,10000062,31045,999999.97,999999.97,999999.97,1,1
2017-11-26,10000062,31111,3400000,3400000,3400000,3,3
2017-11-26,10000062,31119,1200000,1200000,1200000,3,1
2017-11-26,10000062,31153,375000,375000,375000,2,2
2017-11-26,10000062,31159,250000,250000,250000,1,1
2017-11-26,10000062,31177,390000,390000,390000,1,1
2017-11-26,10000062,31183,2000000,2000000,2000000,1,1
2017-11-26,10000062,31213,80000,80000,80000,1,1
2017-11-26,10000062,31220,2800000,2800000,2800000,1,1
2017-11-26,10000062,31358,750000,750000,750000,2,1
2017-11-26,10000062,31360,3450000,3450000,3450000,1,1
2017-11-26,10000062,31366,27000000,27000000,27000000,1,1
2017-11-26,10000062,31370,250000,250000,250000,1,1
2017-11-26,10000062,31372,2500000,2500000,2500000,2,1
2017-11-26,10000062,31376,2999999.99,2999999.99,2999999.99,1,1
2017-11-26,10000062,31408,2100000,2100000,2100000,3,2
2017-11-26,10000062,31454,350000.01,350000.01,350000.01,1,1
2017-11-26,10000062,31598,250000.01,250000.01,250000.01,3,1
2017-11-26,10000062,31608,350000,350000,350000,3,1
2017-11-26,10000062,31716,100000,100000,100000,2,1
2017-11-26,10000062,31724,5199999.99,5199999.99,5199999.99,1,1
2017-11-26,10000062,31732,5000000,5000000,5000000,2,1
2017-11-26,10000062,31788,999999.99,999999.96,1000000,3,2
2017-11-26,10000062,31790,2000000,2000000,2000000,16,7
2017-11-26,10000062,31792,45000000,45000000,45000000,1,1
2017-11-26,10000062,31864,2900000,2900000,2900000,5,1
2017-11-26,10000062,31884,3500000,3500000,3500000,2,1
2017-11-26,10000062,31892,3000000,3000000,3000000,2,1
2017-11-26,10000062,31922,2420000,2420000,2420000,1,1
2017-11-26,10000062,31998,50000,50000,50000,2,1
2017-11-26,10000062,32772,1000000,1000000,1000000,2,1
2017-11-26,10000062,32787,19500,19500,19500,10,1
2017-11-26,10000062,33076,500000,500000,500000,3,3
2017-11-26,10000062,33332,17200,17200,17200,36,1
2017-11-26,10000062,33474,2549999.99,2400000,2599999.98,4,4
2017-11-26,10000062,33475,11500000,11500000,11500000,2,1
2017-11-26,10000062,33520,50000000,50000000,50000000,1,1
2017-11-26,10000062,33681,86299999.99,86299999.99,86299999.99,1,1
2017-11-26,10000062,33820,750000000,750000000,750000000,1,1
2017-11-26,10000062,35658,120000,120000,120000,1,1
2017-11-26,10000062,35660,30000,30000,30000,8,4
2017-11-26,10000062,35661,430000,430000,430000,2,1
2017-11-26,10000062,35771,1150000,1150000,1150000,1,1
2017-11-26,10000062,35790,2750000,2750000,2750000,2,1
2017-11-26,10000062,35794,4000,4000,4000,8,2
2017-11-26,10000062,35795,8000,8000,8000,2,1
2017-11-26,10000062,40559,10400000,10400000,10400000,55,3
2017-11-26,10000062,40564,29000000,29000000,29000000,35,2
2017-11-26,10000062,40569,19000000,19000000,19000000,6,1
2017-11-26,10000062,40571,19500000,19500000,19500000,6,1
2017-11-26,10000062,41155,8000,8000,8000,2,1
2017-11-26,10000062,41415,165000000,165000000,165000000,2,1
2017-11-26,10000062,42529,550000,550000,550000,1,1
2017-11-26,10000062,42694,900,900,900,600,2
2017-11-26,10000062,43555,3000000,3000000,3000000,1,1
2017-11-26,10000062,46356,1350000,1350000,1350000,10,1
2017-11-26,10000062,46366,1100000,1100000,1100000,10,1
2017-11-26,10000062,46368,1720000,1720000,1720000,10,1
2017-11-26,10000062,46370,1200000,1200000,1200000,10,1
2017-11-26,10000062,46372,2200000,2200000,2200000,10,1
2017-11-26,10000063,34,4.25,4.25,4.25,23288895,10
2017-11-26,10000063,35,1.54,1.52,1.54,31754034,22
2017-11-26,10000063,36,95,95,95,2470855,13
2017-11-26,10000063,37,10,10,10,106934,5
2017-11-26,10000063,38,200,200,200,635378,6
2017-11-26,10000063,39,999,999,999,54384,5
2017-11-26,10000063,40,400,400,400,45445,5
2017-11-26,10000063,380,2474999.99,2474999.99,2474999.99,1,1
2017-11-26,10000063,394,3500000,3500000,3500000,1,1
2017-11-26,10000063,448,3178266.62,3174799.85,3180000,3,3
2017-11-26,10000063,482,1999998.99,1999998.99,1999998.99,2,1
2017-11-26,10000063,519,1407035.21,1407035.21,1407035.21,2,1
2017-11-26,10000063,527,1633147.62,1633147.62,1633147.62,2,2
2017-11-26,10000063,594,250000,250000,250000,1,1
2017-11-26,10000063,607,790000,790000,790000,1,1
2017-11-26,10000063,609,880000,880000,880000,2,2
2017-11-26,10000063,653,2425000,1850000,3000000,2,2
2017-11-26,10000063,1182,4780000,4780000,4780000,4,3
2017-11-26,10000063,1201,110000,110000,110000,4,1
2017-11-26,10000063,1236,999998.98,999998.98,999998.98,1,1
2017-11-26,10000063,1248,2350000,2350000,2350000,11,3
2017-11-26,10000063,1317,200000,200000,200000,3,1
2017-11-26,10000063,1405,900000.01,900000.01,900000.01,5,2
2017-11-26,10000063,1541,1499999.99,1499999.99,1499999.99,2,2
2017-11-26,10000063,1952,1350000,1350000,1350000,1,1
2017-11-26,10000063,1999,1499999.99,1499999.99,1499999.99,1,1
2017-11-26,10000063,2032,2500000,2500000,2500000,1,1
2017-11-26,10000063,2048,798999.99,798999.99,798999.99,5,5
2017-11-26,10000063,2175,1500000,1500000,1500000,4,2
2017-11-26,10000063,2203,30000,30000,30000,15,1
2017-11-26,10000063,2281,3000000,3000000,3000000,10,7
2017-11-26,10000063,2301,2787776.97,2787776.97,2787776.97,2,2
2017-11-26,10000063,2348,1,1,1,36,2
2017-11-26,10000063,2398,420,420,420,200000,1
2017-11-26,10000063,2401,500,500,500,50000,1
2017-11-26,10000063,2444,200000,200000,200000,8,1
2017-11-26,10000063,2529,300000,300000,300000,3,1
2017-11-26,10000063,2553,1999998.99,1999998.99,1999998.99,4,2
2017-11-26,10000063,2605,703999.99,703999.99,704000,9,3
2017-11-26,10000063,2913,2599000,2599000,2599000,6,1
2017-11-26,10000063,2998,40000000,40000000,40000000,1,1
2017-11-26,10000063,3244,2000000,2000000,2000000,1,1
2017-11-26,10000063,3341,900000,900000,900000,1,1
2017-11-26,10000063,3779,950,950,950,33393,1
2017-11-26,10000063,3841,1772853.99,1772853.99,1772853.99,11,5
2017-11-26,10000063,3888,1400777,1400777,1400777,1,1
2017-11-26,10000063,3979,5999777,5999777,5999777,5,5
2017-11-26,10000063,3995,4250000,4000000,4500000,2,2
2017-11-26,10000063,4025,195999.99,195999.99,195999.99,2,1
2017-11-26,10000063,4247,20443.88,19685,20444.44,38520,5
2017-11-26,10000063,4405,2888884.42,2888882,2888886.57,15,6
2017-11-26,10000063,4435,160000,160000,160000,43,7
2017-11-26,10000063,5051,450000,450000,450000,10,4
2017-11-26,10000063,5839,504000,504000,504000,12,1
2017-11-26,10000063,5945,1500000,1500000,1500000,8,8
2017-11-26,10000063,5955,130000,130000,130000,2,2
2017-11-26,10000063,5971,200000,200000,200000,1,1
2017-11-26,10000063,5973,583999.8,380000,1399999.01,5,3
2017-11-26,10000063,5975,10000,10000,10000,1,1
2017-11-26,10000063,8133,98880,98880,98880,5,1
2017-11-26,10000063,8175,69222.22,69000,70000,18,3
2017-11-26,10000063,8177,74799.99,74799.99,74799.99,18,4
2017-11-26,10000063,9668,190000,190000,190000,1,1
2017-11-26,10000063,9678,800000,800000,800000,8,4
2017-11-26,10000063,9772,190000,190000,190000,4,2
2017-11-26,10000063,9808,111111.11,100000,150000,9,6
2017-11-26,10000063,9832,9999.99,9999.99,9999.99,2000,1
2017-11-26,10000063,9848,99999.99,99999.99,99999.99,400,1
2017-11-26,10000063,10888,2800000,2800000,2800000,1,1
2017-11-26,10000063,10998,39000,39000,39000,2,1
2017-11-26,10000063,11129,55000,55000,55000,2,2
2017-11-26,10000063,11134,107098.77,101296.3,110000,3,3
2017-11-26,10000063,11287,78000,78000,78000,20,1
2017-11-26,10000063,11289,3938.57,3900,3999,77,2
2017-11-26,10000063,11370,5780000,5780000,5780000,29,27
2017-11-26,10000063,11578,6798777,6798777,6798777,1,1
2017-11-26,10000063,11640,1899999.98,1899999.98,1899999.98,11,3
2017-11-26,10000063,12034,25000000,25000000,25000000,1,1
2017-11-26,10000063,12058,3900000,3900000,3900000,1,1
2017-11-26,10000063,12084,11000000.02,11000000.02,11000000.02,4,4
2017-11-26,10000063,12271,14900000,14900000,14900000,1,1
2017-11-26,10000063,12777,250,250,250,3000,1
2017-11-26,10000063,13261,24999777,24999777,24999777,1,1
2017-11-26,10000063,14188,195000000,195000000,195000000,1,1
2017-11-26,10000063,16240,1000000,1000000,1000000,1,1
2017-11-26,10000063,16242,2500000,2500000,2500000,1,1
2017-11-26,10000063,16272,490.25,490.25,490.25,400000,1
2017-11-26,10000063,16273,49,49,49,168013,23
2017-11-26,10000063,16275,2795,2795,2795,1250,1
2017-11-26,10000063,16301,199999.99,199999.99,199999.99,4,1
2017-11-26,10000063,16477,140000,140000,140000,1,1
2017-11-26,10000063,16535,1,1,1,1,1
2017-11-26,10000063,17366,350277.46,97000,904832.39,6,6
2017-11-26,10000063,17368,2000000,2000000,2000000,1,1
2017-11-26,10000063,17843,75000000,75000000,75000000,2,2
2017-11-26,10000063,17887,1600,1600,1600,1003678,24
2017-11-26,10000063,17888,1098.99,1098.99,1098.99,635552,17
2017-11-26,10000063,17889,1099,1099,1099,944618,27
2017-11-26,10000063,17938,110000,110000,110000,1,1
2017-11-26,10000063,19699,29000777,29000777,29000777,1,1
2017-11-26,10000063,20280,59999999.99,59999999.99,59999999.99,1,1
2017-11-26,10000063,20353,3999999,3999999,3999999,1,1
2017-11-26,10000063,21096,3427272.25,3399999,3500000.01,11,11
2017-11-26,10000063,21640,600000,600000,600000,5,1
2017-11-26,10000063,22291,1150000,1150000,1150000,3,1
2017-11-26,10000063,23045,300,300,300,3666,1
2017-11-26,10000063,23055,2999999.98,2999999.98,2999999.99,97,6
2017-11-26,10000063,23057,6977777,6977777,6977777,18,2
2017-11-26,10000063,23059,4000000,4000000,4000000,27,3
2017-11-26,10000063,23707,79800,79800,79800,8,1
2017-11-26,10000063,24283,49999999.99,49999999.99,49999999.99,2,1
2017-11-26,10000063,24700,10000000,10000000,10000000,1,1
2017-11-26,10000063,25605,10005.05,10005.05,10005.05,812,1
2017-11-26,10000063,25861,207999,207999,207999,10,2
2017-11-26,10000063,27423,2688.1,2688.1,2688.1,2500,1
2017-11-26,10000063,28213,2500000,2500000,2500000,11,1
2017-11-26,10000063,28576,1166108.95,1166108.95,1166108.95,1,1
2017-11-26,10000063,28646,4700000,4700000,4700000,1,1
2017-11-26,10000063,28668,25952.07,25952.07,25952.07,100,1
2017-11-26,10000063,29009,9776.97,9776.97,9776.97,1,1
2017-11-26,10000063,29011,16666,16666,16666,2,2
2017-11-26,10000063,30013,99999,99999,99999,8,1
2017-11-26,10000063,30488,861000,861000,861000,1,1
2017-11-26,10000063,31055,3686000,3686000,3686000,3,1
2017-11-26,10000063,31105,389500,389500,389500,3,1
2017-11-26,10000063,31153,429000,429000,429000,3,1
2017-11-26,10000063,31159,459999.99,459999.99,459999.99,1,1
2017-11-26,10000063,31372,2129545.6,2129545.6,2129545.6,1,1
2017-11-26,10000063,31716,179999.9,179999.9,179999.9,1,1
2017-11-26,10000063,31724,9997777,9997777,9997777,2,1
2017-11-26,10000063,31760,37100000,37100000,37100000,1,1
2017-11-26,10000063,31792,49900777,49900777,49900777,9,4
2017-11-26,10000063,31868,5883589.66,5883589.66,5883589.66,7,3
2017-11-26,10000063,31870,5533333.33,4200000,5800000,24,5
2017-11-26,10000063,32880,330000,330000,330000,1,1
2017-11-26,10000063,33096,3000000,3000000,3000000,1,1
2017-11-26,10000063,33176,349999.99,349999.99,349999.99,1,1
2017-11-26,10000063,33178,439999.91,439999.91,439999.91,1,1
2017-11-26,10000063,33180,349999.99,349999.99,349999.99,1,1
2017-11-26,10000063,33468,70000000,70000000,70000000,1,1
2017-11-26,10000063,33474,1999999,1999999,1999999,3,3
2017-11-26,10000063,33824,3500000,3500000,3500000,2,1
2017-11-26,10000063,35659,191250,190000,199999.99,8,2
2017-11-26,10000063,35660,100000,100000,100000,1,1
2017-11-26,10000063,35661,349999.97,349999.97,349999.98,11,10
2017-11-26,10000063,40361,4777777,4777777,4777777,24,2
2017-11-26,10000063,40556,12000000,12000000,12000000,15,1
2017-11-26,10000063,40659,36000000,36000000,36000000,1,1
2017-11-26,10000063,41459,380000000,380000000,380000000,1,1
2017-11-26,10000063,41489,5000,5000,5000,426,8
2017-11-26,10000064,18,56.8,56.71,56.8,8731489,246
2017-11-26,10000064,19,2280,2280,2280,41,1
2017-11-26,10000064,20,275,128,309,28725,34
2017-11-26,10000064,21,150,150,150,49,1
2017-11-26,10000064,22,600.03,600.03,600.03,220,1
2017-11-26,10000064,34,4.6,4.56,4.82,113604468,604
2017-11-26,10000064,35,4.74,4.7,4.74,10620970,441
2017-11-26,10000064,36,60.05,60.05,61.1,6364820,375
2017-11-26,10000064,37,42.65,42.65,42.65,1147694,266
2017-11-26,10000064,38,360,360,376.97,298372,301
2017-11-26,10000064,39,1244,1244,1244,53244,187
2017-11-26,10000064,40,1324.99,1324.99,1329.89,74111,119
2017-11-26,10000064,41,14.03,14.03,14.03,3219,4
2017-11-26,10000064,42,1705.08,1705.08,1705.08,353203,4
2017-11-26,10000064,43,316.41,316.41,316.41,48344,18
2017-11-26,10000064,44,8350,8350,8350,1625,1
2017-11-26,10000064,45,0.01,0.01,0.01,240,21
2017-11-26,10000064,178,5,0.13,6.49,11997,17
2017-11-26,10000064,179,0.14,0.14,0.14,2082,17
2017-11-26,10000064,180,0.25,0.25,0.25,7477,21
2017-11-26,10000064,181,11.49,11.49,11.49,48300,15
2017-11-26,10000064,182,10,10,10,9824,22
2017-11-26,10000064,183,18.99,16.49,18.99,14260,17
2017-11-26,10000064,184,28.98,25,28.99,25029,18
2017-11-26,10000064,185,20,18.5,21.99,74072,34
2017-11-26,10000064,186,1.11,1.11,1.11,200,2
2017-11-26,10000064,187,14.59,1.18,28,500,4
2017-11-26,10000064,188,1.17,1.17,1.17,300,3
2017-11-26,10000064,189,2.37,2.37,2.37,100,1
2017-11-26,10000064,190,35.75,35.75,35.75,52252,4
2017-11-26,10000064,191,55,50,60,2600,4
2017-11-26,10000064,192,70,70,70,3100,3
2017-11-26,10000064,193,79.89,79.89,79.89,30200,7
2017-11-26,10000064,194,1.06,1.06,1.06,100,1
2017-11-26,10000064,195,11.26,11.26,11.26,200,2
2017-11-26,10000064,196,16.98,16.98,16.98,300,3
2017-11-26,10000064,197,1.08,1.08,1.08,199,2
2017-11-26,10000064,198,1.08,1.08,1.08,100,1
2017-11-26,10000064,200,175,175,175,5984,2
2017-11-26,10000064,201,1.06,1.06,1.06,200,1
2017-11-26,10000064,202,99.99,99.99,99.99,1200,2
2017-11-26,10000064,203,10.31,10.31,10.31,200,2
2017-11-26,10000064,204,13.3,13.3,13.3,500,2
2017-11-26,10000064,206,44.97,44.97,44.97,9100,10
2017-11-26,10000064,207,35.84,35.84,35.84,12900,8
2017-11-26,10000064,208,45.24,45.24,45.24,59100,16
2017-11-26,10000064,209,60,2.11,60,31444,12
2017-11-26,10000064,210,10.99,10.5,12,18800,26
2017-11-26,10000064,211,10,10,10,414515,37
2017-11-26,10000064,212,14,14,14,43353,34
2017-11-26,10000064,213,0.11,0.11,0.11,4460,29
2017-11-26,10000064,215,6.85,5.99,8,240058,115
2017-11-26,10000064,216,8.02,8.02,8.02,163783,84
2017-11-26,10000064,217,9,9,9,213886,99
2017-11-26,10000064,218,14.99,12.99,18.59,40575,65
2017-11-26,10000064,219,7,7,9.49,45965,56
2017-11-26,10000064,220,10.5,10.5,10.5,153463,71
2017-11-26,10000064,221,13.5,4.13,13.96,48203,68
2017-11-26,10000064,222,17.5,17,18.1,2031149,492
2017-11-26,10000064,223,43,43,43,43027,27
2017-11-26,10000064,224,33,33,33,23990,16
2017-11-26,10000064,225,30,30,31.29,17100,11
2017-11-26,10000064,226,36.5,36.5,36.5,42100,15
2017-11-26,10000064,227,57,57,57,2500,11
2017-11-26,10000064,228,49.5,44.5,51.5,30201,23
2017-11-26,10000064,229,45.9,45.9,45.9,3300,8
2017-11-26,10000064,230,52.9,52.76,52.95,1073750,79
2017-11-26,10000064,231,49.99,49.99,49.99,17002,10
2017-11-26,10000064,233,49.99,49.99,49.99,47301,6
2017-11-26,10000064,234,56.5,56.5,56.5,700,3
2017-11-26,10000064,235,2.24,2.24,2.24,200,2
2017-11-26,10000064,236,1.02,1.02,1.02,200,2
2017-11-26,10000064,237,1.82,1.82,1.82,300,1
2017-11-26,10000064,238,149.99,149.99,149.99,22088,12
2017-11-26,10000064,239,821.02,100.01,1000,51,14
2017-11-26,10000064,240,1041.54,67.51,1500,50,17
2017-11-26,10000064,241,324.41,2.71,1000,31,19
2017-11-26,10000064,242,153,16,1000,28,19
2017-11-26,10000064,243,1299.97,1299.97,1299.97,1025,21
2017-11-26,10000064,244,780.1,12,6998.98,20,16
2017-11-26,10000064,245,3622.29,182,7500,31,19
2017-11-26,10000064,246,4955.76,2600,15000,51,20
2017-11-26,10000064,247,116,116,116,3,3
2017-11-26,10000064,248,223,223,223,1,1
2017-11-26,10000064,249,225,225,225,3,2
2017-11-26,10000064,250,366.36,103,3000,11,8
2017-11-26,10000064,251,101,101,101,4,2
2017-11-26,10000064,252,11022.43,1101,12999.98,9,4
2017-11-26,10000064,253,112,112,112,9,8
2017-11-26,10000064,254,5782.29,418,16510.88,3,3
2017-11-26,10000064,255,42962.81,1001,84924.61,2,2
2017-11-26,10000064,257,16545.5,101,32990,4,3
2017-11-26,10000064,259,34443.01,34443.01,34443.01,1,1
2017-11-26,10000064,261,79371.6,79371.6,79371.6,1,1
2017-11-26,10000064,262,177624.98,119999.98,199998.98,33,5
2017-11-26,10000064,263,300,300,300,810,32
2017-11-26,10000064,264,777.77,699.99,900,81,3
2017-11-26,10000064,266,0.12,0.12,2.81,3700,22
2017-11-26,10000064,267,11.3,11.3,11.3,200,2
2017-11-26,10000064,269,9.99,9.99,9.99,6400,14
2017-11-26,10000064,377,23534.56,11500,28775,43,31
2017-11-26,10000064,380,554885.49,50000.01,588999.99,10,9
2017-11-26,10000064,393,48157.67,16399,49999.99,19,17
2017-11-26,10000064,394,494969.97,494969.97,494969.97,1,1
2017-11-26,10000064,399,12244.53,1000.2,29399.97,93,37
2017-11-26,10000064,400,489406.99,126000.11,499974.98,7,7
2017-11-26,10000064,434,90255.25,74985,124995,40,39
2017-11-26,10000064,438,3376719.03,2999982.2,3700000,18,8
2017-11-26,10000064,439,17246.98,11800,17248,204,163
2017-11-26,10000064,440,4747035.72,4600000,7750000,56,12
2017-11-26,10000064,442,25645.05,15999.99,49998.99,31,10
2017-11-26,10000064,443,21170.56,10000,32341.12,2,2
2017-11-26,10000064,444,7280.43,6567.95,22989.98,28,28
2017-11-26,10000064,447,59344.82,49850,66657,11,11
2017-11-26,10000064,448,1834911.91,1737988,2594944.45,15,9
2017-11-26,10000064,450,81249.23,25000,99998.97,4,2
2017-11-26,10000064,452,53998.92,26999.99,85000,7,6
2017-11-26,10000064,454,39599.99,24000,49999.99,5,3
2017-11-26,10000064,458,225000,200000,250000,2,2
2017-11-26,10000064,462,1599999.99,1599999.99,1599999.99,8,1
2017-11-26,10000064,463,1999999.99,1999999.99,1999999.99,4,1
2017-11-26,10000064,482,1510512.27,1198500.45,1547499.99,63,35
2017-11-26,10000064,483,26347.03,1000,30000,95,68
2017-11-26,10000064,484,18147.86,7500,28290.53,21,9
2017-11-26,10000064,485,30906.92,12500,44398.99,14,8
2017-11-26,10000064,486,22707.35,1005,32000,17,9
2017-11-26,10000064,488,36999.99,36999.99,36999.99,8,3
2017-11-26,10000064,490,137749.99,137000,139999.94,8,2
2017-11-26,10000064,491,268333.33,110000,299999.99,6,2
2017-11-26,10000064,497,1899999.96,1899999.96,1899999.96,2,1
2017-11-26,10000064,499,17872.97,15299,39950,75,12
2017-11-26,10000064,503,65000,65000,65000,1,1
2017-11-26,10000064,519,1244572.07,1188888,1300000,26,13
2017-11-26,10000064,520,60039.68,48500,88888.87,7,7
2017-11-26,10000064,523,20000,19000,29897,144,134
2017-11-26,10000064,524,104687.5,55000,160000,16,16
2017-11-26,10000064,526,56742.95,13001,59980,46,41
2017-11-26,10000064,527,821555.58,411000.07,1000000,9,5
2017-11-26,10000064,529,2777.77,2777.77,2777.77,1,1
2017-11-26,10000064,530,59558,49445,99999.99,5,5
2017-11-26,10000064,533,35949.95,35900,35999.89,2,2
2017-11-26,10000064,561,5900,5900,5900,192,95
2017-11-26,10000064,562,20000,20000,20000,463,39
2017-11-26,10000064,563,22500,22000,25499.99,132,25
2017-11-26,10000064,564,36998.64,27999.99,45000,99,39
2017-11-26,10000064,565,35093.98,28000,35094,299,104
2017-11-26,10000064,566,156000,150000,160000,5,4
2017-11-26,10000064,567,50489.06,49499.99,64107.93,13,7
2017-11-26,10000064,568,382166.95,336982.56,417711,9,3
2017-11-26,10000064,569,282777.78,225000,329000,9,3
2017-11-26,10000064,570,288157.8,51102.76,336104.94,47,21
2017-11-26,10000064,578,98423.69,20007.77,129999.98,43,36
2017-11-26,10000064,580,500000,500000,500000,2,2
2017-11-26,10000064,581,69999.96,69999.96,69999.96,1,1
2017-11-26,10000064,583,566666.64,350000,999999.93,3,3
2017-11-26,10000064,584,380000,380000,380000,10,2
2017-11-26,10000064,585,423333,385000,499999,3,3
2017-11-26,10000064,586,376333,200000,464499.5,3,3
2017-11-26,10000064,587,417000,300000,695000,4,4
2017-11-26,10000064,588,110000,110000,110000,1,1
2017-11-26,10000064,589,428500,362000,494999.99,2,2
2017-11-26,10000064,591,499999.99,499999.99,499999.99,1,1
2017-11-26,10000064,592,190839.51,150000.51,214999.99,53,44
2017-11-26,10000064,593,388798.7,233000,400000,89,73
2017-11-26,10000064,594,379533.19,244000,500000,67,37
2017-11-26,10000064,596,100000.01,100000.01,100000.01,1,1
2017-11-26,10000064,597,480000,400000,559999.99,2,2
2017-11-26,10000064,598,350000,350000,350000,1,1
2017-11-26,10000064,602,479999.24,420000,499998.98,4,4
2017-11-26,10000064,603,519999.8,489999.99,574999.45,6,6
2017-11-26,10000064,605,434557.31,389999,659887.88,12,12
2017-11-26,10000064,606,2375.9,1400,6899,59,58
2017-11-26,10000064,607,356944.02,240100,399999.97,55,49
2017-11-26,10000064,608,291635.61,224201,329999.98,62,60
2017-11-26,10000064,609,431999.72,419000,489998.89,4,4
2017-11-26,10000064,621,9472617.67,5018853,11699500,3,3
2017-11-26,10000064,622,10999800,10999800,10999800,1,1
2017-11-26,10000064,623,8738331,4003324,10000000,4,4
2017-11-26,10000064,624,10500000,10500000,10500000,1,1
2017-11-26,10000064,625,6750000,6000000,8249999.99,3,3
2017-11-26,10000064,626,10627596.61,10250000,11599999,67,48
2017-11-26,10000064,627,9855551.49,299963.48,10700000,9,9
2017-11-26,10000064,628,6252612.5,2505226,9999999,2,2
2017-11-26,10000064,631,8200000,8200000,8200000,1,1
2017-11-26,10000064,632,2400000,2400000,2400000,1,1
2017-11-26,10000064,633,6016201.01,6016201.01,6016201.01,1,1
2017-11-26,10000064,634,2545000.01,2545000.01,2545000.01,1,1
2017-11-26,10000064,641,198999999.95,198999999.95,198999999.95,1,1
2017-11-26,10000064,645,198999999.99,198999999.99,198999999.99,1,1
2017-11-26,10000064,648,842500,275000,1410000,2,2
2017-11-26,10000064,649,1212000,525000,1899000,2,2
2017-11-26,10000064,650,511857.61,390000.01,579999.98,58,55
2017-11-26,10000064,653,1189999,1189999,1189999,1,1
2017-11-26,10000064,654,1289475.99,1279001.99,1299949.99,2,2
2017-11-26,10000064,655,1465714.45,1299999.99,2249999.98,7,7
2017-11-26,10000064,656,1287595,1280000,1495595,12,12
2017-11-26,10000064,657,1689976.52,1400000,1799999.99,24,24
2017-11-26,10000064,672,64760.79,20000,999999.74,25,20
2017-11-26,10000064,785,92720,92720,92720,3,3
2017-11-26,10000064,788,300000,300000,300000,1,1
2017-11-26,10000064,811,150000,150000,150000,1,1
2017-11-26,10000064,812,160000,160000,160000,1,1
2017-11-26,10000064,813,180000,180000,180000,2,2
2017-11-26,10000064,814,140000,140000,140000,1,1
2017-11-26,10000064,819,20000,20000,20000,1,1
2017-11-26,10000064,821,90000,90000,90000,1,1
2017-11-26,10000064,939,2525000,2525000,2525000,7,3
2017-11-26,10000064,940,2825000,2825000,2825000,9,5
2017-11-26,10000064,941,2825000,2825000,2825000,9,9
2017-11-26,10000064,954,2725000,2725000,2725000,8,8
2017-11-26,10000064,955,2125000,2125000,2125000,8,8
2017-11-26,10000064,956,2325000,2325000,2325000,8,4
2017-11-26,10000064,967,50000,50000,50000,1,1
2017-11-26,10000064,971,83250000,83250000,83250000,14,4
2017-11-26,10000064,972,82250000,82250000,82250000,1,1
2017-11-26,10000064,985,3100000,3100000,3100000,1,1
2017-11-26,10000064,989,3425000,3425000,3425000,1,1
2017-11-26,10000064,990,6000000,6000000,6000000,1,1
2017-11-26,10000064,991,4287500,4287500,4287500,2,2
2017-11-26,10000064,992,11250000,11250000,11250000,4,4
2017-11-26,10000064,999,1660000000,1660000000,1660000000,1,1
2017-11-26,10000064,1010,49920,49920,49920,2,2
2017-11-26,10000064,1026,87360,87360,87360,1,1
2017-11-26,10000064,1032,91160,91160,91160,1,1
2017-11-26,10000064,1067,316360,316360,316360,2,2
2017-11-26,10000064,1072,64500,64500,64500,2,2
2017-11-26,10000064,1114,90000,90000,90000,1,1
2017-11-26,10000064,1116,150000,150000,150000,1,1
2017-11-26,10000064,1118,200000,200000,200000,1,1
2017-11-26,10000064,1121,1500000,1500000,1500000,1,1
2017-11-26,10000064,1130,20000,20000,20000,3,3
2017-11-26,10000064,1132,40000,40000,40000,1,1
2017-11-26,10000064,1136,80000,80000,80000,1,1
2017-11-26,10000064,1137,100000,100000,100000,16,16
2017-11-26,10000064,1144,325000,325000,325000,1,1
2017-11-26,10000064,1145,400000,400000,400000,3,3
2017-11-26,10000064,1146,200000,200000,200000,1,1
2017-11-26,10000064,1153,1000000,1000000,1000000,1,1
2017-11-26,10000064,1160,35000,35000,35000,1,1
2017-11-26,10000064,1182,25782.77,24998,34777.97,18,18
2017-11-26,10000064,1183,691993.03,649989.99,814999,25,23
2017-11-26,10000064,1185,34343.93,32999.98,50000,16,16
2017-11-26,10000064,1195,50465.02,46994.99,75000,52,38
2017-11-26,10000064,1196,1295000,1295000,1295000,1,1
2017-11-26,10000064,1201,42059.08,42000,58000,17,8
2017-11-26,10000064,1202,5797.68,300.02,6596.9,8,3
2017-11-26,10000064,1208,29440,29440,29440,3,2
2017-11-26,10000064,1220,45000,45000,45000,1,1
2017-11-26,10000064,1224,41,41,41,250266,12
2017-11-26,10000064,1226,380,380,380,49141,6
2017-11-26,10000064,1227,68.01,68.01,68.01,346550,41
2017-11-26,10000064,1228,14.11,14.11,14.11,2019896,111
2017-11-26,10000064,1230,10.58,10.56,12.85,8140418,290
2017-11-26,10000064,1231,940.43,940.43,940.43,66000,5
2017-11-26,10000064,1232,0.01,0.01,0.01,20,1
2017-11-26,10000064,1236,739865.34,659998.96,880000,13,10
2017-11-26,10000064,1244,9015.64,4777.78,12103.94,69,46
2017-11-26,10000064,1246,91630,91630,91630,1,1
2017-11-26,10000064,1248,1199999,1199999,1199999,3,1
2017-11-26,10000064,1254,8999.98,8999.98,8999.98,158,4
2017-11-26,10000064,1264,22110.78,10999.98,66554,5,3
2017-11-26,10000064,1266,599997.97,599997.97,599997.97,1,1
2017-11-26,10000064,1274,24464.99,11999.99,25849.99,10,6
2017-11-26,10000064,1304,21666.5,20500,23999.99,6,6
2017-11-26,10000064,1306,535702.96,380990,712500.05,17,13
2017-11-26,10000064,1317,3489.99,3050,4000,122,54
2017-11-26,10000064,1319,32186847.56,645849.99,975000000,93,42
2017-11-26,10000064,1333,40333.33,40000,41999.96,6,3
2017-11-26,10000064,1335,303999.9,16000,399999.86,4,2
2017-11-26,10000064,1351,8999990,8999990,8999990,1,1
2017-11-26,10000064,1353,22924.4,14095,89999,10,10
2017-11-26,10000064,1355,945049.99,945049.99,945049.99,2,1
2017-11-26,10000064,1403,35943.6,17699,47998,20,15
2017-11-26,10000064,1405,772061.47,700000,899999,46,26
2017-11-26,10000064,1422,1144189.55,1048878,1199989.99,9,6
2017-11-26,10000064,1445,80080.33,75000,87999,12,9
2017-11-26,10000064,1447,738732.62,650000.01,850000,12,5
2017-11-26,10000064,1539,16346.15,16000,17999.99,13,12
2017-11-26,10000064,1541,1129979,299899.99,1299999.5,5,4
2017-11-26,10000064,1547,84500,84500,84500,1,1
2017-11-26,10000064,1551,84500,84500,84500,1,1
2017-11-26,10000064,1808,75411.74,54499.49,96323.98,4,4
2017-11-26,10000064,1810,0.06,0.06,0.06,1100,9
2017-11-26,10000064,1814,0.83,0.16,1.5,1200,11
2017-11-26,10000064,1816,0.1,0.1,0.1,9184,15
2017-11-26,10000064,1817,160000,160000,160000,1,1
2017-11-26,10000064,1818,24,24,24,1300,4
2017-11-26,10000064,1820,0.1,0.1,0.1,200,2
2017-11-26,10000064,1822,1,1,1,100,1
2017-11-26,10000064,1824,149,149,149,3100,7
2017-11-26,10000064,1828,1,1,1,100,1
2017-11-26,10000064,1832,1,1,1,100,1
2017-11-26,10000064,1948,34999.98,34999.98,34999.98,1,1
2017-11-26,10000064,1951,1900000,1900000,1900000,1,1
2017-11-26,10000064,1952,2302621.99,2060488.48,2749999.99,8,7
2017-11-26,10000064,1957,28999.98,28999.97,28999.98,2,2
2017-11-26,10000064,1964,1699999.99,1699999.99,1699999.99,2,2
2017-11-26,10000064,1968,89999,89999,89999,1,1
2017-11-26,10000064,1973,44441.25,40000,48882.5,4,4
2017-11-26,10000064,1977,25759.8,18480,29999.99,93,91
2017-11-26,10000064,1978,1449999.5,1399998.99,1500000,2,2
2017-11-26,10000064,1986,28552.24,27656.72,29000,3,3
2017-11-26,10000064,1987,847777,847777,847777,5,1
2017-11-26,10000064,1998,94291.59,51999.99,117777.77,9,7
2017-11-26,10000064,1999,1199999.99,1199999.99,1199999.99,1,1
2017-11-26,10000064,2006,9475000,7000000,11950000,2,2
2017-11-26,10000064,2018,54296.64,500,71089.09,13,11
2017-11-26,10000064,2024,1366324.98,1299987.97,1498999,3,2
2017-11-26,10000064,2032,572615.25,498999.94,612911.99,47,31
2017-11-26,10000064,2038,100000,100000,100000,1,1
2017-11-26,10000064,2046,12999.99,12980,12999.99,103,89
2017-11-26,10000064,2048,865606.3,769999.61,980000,56,44
2017-11-26,10000064,2073,0.55,0.55,0.55,1106273,3
2017-11-26,10000064,2082,271999999.99,271999999.99,271999999.99,1,1
2017-11-26,10000064,2108,44999.9,44999.9,44999.9,1,1
2017-11-26,10000064,2161,410000,410000,410000,1,1
2017-11-26,10000064,2173,30710.36,17500.31,36969.95,81,29
2017-11-26,10000064,2174,1700000,1700000,1700000,1,1
2017-11-26,10000064,2175,1300000,1300000,1300000,5,1
2017-11-26,10000064,2183,29999.98,29740,32500,304,80
2017-11-26,10000064,2184,1800000,1800000,1800000,9,9
2017-11-26,10000064,2185,1008941.11,955998.99,1121456.34,77,16
2017-11-26,10000064,2193,111400.23,30001.15,129000,10,4
2017-11-26,10000064,2195,2249999.99,2249999.99,2249999.99,2,1
2017-11-26,10000064,2203,2250,910.04,2599.95,342,95
2017-11-26,10000064,2204,200000,200000,200000,2,2
2017-11-26,10000064,2205,456227.42,456227.42,456227.42,169,8
2017-11-26,10000064,2267,0.51,0.51,0.51,4039,2
2017-11-26,10000064,2268,0.57,0.57,0.57,1694424,2
2017-11-26,10000064,2270,2.04,2.04,2.04,2401,1
2017-11-26,10000064,2281,3803383.71,1810000.04,3999997.52,21,15
2017-11-26,10000064,2286,0.3,0.3,0.3,475256,1
2017-11-26,10000064,2291,170999.79,155000,289998.97,5,5
2017-11-26,10000064,2293,159999.75,140000,179999.5,4,4
2017-11-26,10000064,2295,122822.58,10000.05,130189.5,7,7
2017-11-26,10000064,2297,1419523.6,950159.2,1888888,2,2
2017-11-26,10000064,2299,1399499.78,251000.06,2547999.5,4,4
2017-11-26,10000064,2301,1233348.03,350022.05,2999999.99,3,3
2017-11-26,10000064,2303,1286755.71,650012.05,1923499.37,4,4
2017-11-26,10000064,2306,1.98,1.98,1.98,603546,3
2017-11-26,10000064,2309,0.18,0.18,0.18,311862,1
2017-11-26,10000064,2310,0.57,0.57,0.57,270910,1
2017-11-26,10000064,2312,12084,12084,12084,40,1
2017-11-26,10000064,2328,5760,5760,5760,225,1
2017-11-26,10000064,2329,6185,6185,6185,60,1
2017-11-26,10000064,2331,74280.37,64456,89998.98,13,8
2017-11-26,10000064,2333,1242074.12,1234149.24,1249998.99,8,6
2017-11-26,10000064,2355,1399988.98,1399988.98,1399988.98,2,2
2017-11-26,10000064,2363,48440,10000,86880,2,2
2017-11-26,10000064,2364,1799999,1799999,1799999,10,2
2017-11-26,10000064,2389,220.35,220.35,220.35,2620,3
2017-11-26,10000064,2390,690,690,690,29640,2
2017-11-26,10000064,2392,415,415,415,22320,1
2017-11-26,10000064,2393,251.3,251.3,251.3,880,1
2017-11-26,10000064,2396,209.05,209.05,209.05,220,1
2017-11-26,10000064,2398,200.53,200.53,200.53,33540,4
2017-11-26,10000064,2400,250,250,250,40580,4
2017-11-26,10000064,2401,401.11,401.11,401.11,41480,4
2017-11-26,10000064,2403,7500000,7500000,7500000,6,6
2017-11-26,10000064,2404,1236578.67,275000.05,1289999.71,19,5
2017-11-26,10000064,2406,1000000,1000000,1000000,12,12
2017-11-26,10000064,2410,1501000,570001.02,1749999.99,20,8
2017-11-26,10000064,2436,2145454.54,1899999.99,2200000,11,3
2017-11-26,10000064,2444,46473.12,30000,50000,82,13
2017-11-26,10000064,2445,7000000,7000000,7000000,4,1
2017-11-26,10000064,2446,1898898.96,1898898.96,1898898.96,6,1
2017-11-26,10000064,2454,2872.93,2849,3389.98,1356,293
2017-11-26,10000064,2455,250000,250000,250000,3,3
2017-11-26,10000064,2456,395000,395000,395000,437,37
2017-11-26,10000064,2464,3089.91,3089.91,3089.91,975,89
2017-11-26,10000064,2466,500617.64,424499.98,550000,17,3
2017-11-26,10000064,2476,27250.15,6000.39,40000,16,3
2017-11-26,10000064,2477,4000000,4000000,4000000,1,1
2017-11-26,10000064,2478,1800000,1800000,1800000,2,1
2017-11-26,10000064,2486,6299.99,5900,6299.99,432,106
2017-11-26,10000064,2487,400000,400000,400000,1,1
2017-11-26,10000064,2488,277893.48,277893.48,277893.48,112,14
2017-11-26,10000064,2495,500000,500000,500000,17,17
2017-11-26,10000064,2505,500000,500000,500000,16,16
2017-11-26,10000064,2506,300,300,300,52100,3
2017-11-26,10000064,2507,7000000,7000000,7000000,1,1
2017-11-26,10000064,2508,400,400,400,4100,3
2017-11-26,10000064,2510,11.31,11.31,11.31,100,1
2017-11-26,10000064,2512,5.5,1.86,6.98,3425,20
2017-11-26,10000064,2513,35000,35000,35000,1,1
2017-11-26,10000064,2514,0.03,0.03,0.03,2400,18
2017-11-26,10000064,2516,0.13,0.13,0.13,1700,12
2017-11-26,10000064,2517,50000,50000,50000,1,1
2017-11-26,10000064,2524,59754.82,101,81000,11,6
2017-11-26,10000064,2525,387333.33,81000,1000000,3,3
2017-11-26,10000064,2531,1100000,1100000,1100000,1,1
2017-11-26,10000064,2533,81000,81000,81000,1,1
2017-11-26,10000064,2534,64800,0.02,81000,5,5
2017-11-26,10000064,2537,99998.99,99998.99,99998.99,1,1
2017-11-26,10000064,2539,1341998.5,1283997,1400000,2,2
2017-11-26,10000064,2545,124998.89,124998.89,124998.89,1,1
2017-11-26,10000064,2547,1050000,1050000,1050000,1,1
2017-11-26,10000064,2549,84000,81000,90000,3,3
2017-11-26,10000064,2551,81000,81000,81000,1,1
2017-11-26,10000064,2553,1700058.31,1150995,1799888,13,4
2017-11-26,10000064,2559,2500000,2500000,2500000,10,8
2017-11-26,10000064,2571,2499999,2499999,2499999,2,1
2017-11-26,10000064,2589,153900327.93,110000655.85,197800000,2,2
2017-11-26,10000064,2603,4000,4000,4000,951,13
2017-11-26,10000064,2605,452846.47,448958.12,490999.6,23,17
2017-11-26,10000064,2613,200,200,200,500,1
2017-11-26,10000064,2679,7,7,7,23342,3
2017-11-26,10000064,2873,292116.86,292116.86,292116.86,2,1
2017-11-26,10000064,2881,615998.13,550000,659996.88,5,3
2017-11-26,10000064,2889,753559.08,196100.03,999995.43,13,4
2017-11-26,10000064,2937,1397913.33,1397913.33,1397913.33,2,1
2017-11-26,10000064,2998,48554400.01,34108800.02,63000000,2,2
2017-11-26,10000064,3057,5199998.99,5199998.99,5199998.99,8,1
2017-11-26,10000064,3074,576444.37,341000.04,984967.59,11,4
2017-11-26,10000064,3082,2541490.97,2541490.97,2541490.97,5,1
2017-11-26,10000064,3090,4845238.1,4790000,5950000,21,2
2017-11-26,10000064,3098,523000,523000,523000,2,1
2017-11-26,10000064,3130,2100000,2100000,2100000,5,1
2017-11-26,10000064,3146,2275000,2000000,2425000,17,3
2017-11-26,10000064,3162,600000,600000,600000,15,3
2017-11-26,10000064,3170,702475.51,699999.99,722279.7,9,2
2017-11-26,10000064,3178,810062.99,788887.98,948000,28,7
2017-11-26,10000064,3184,1600000,1600000,1600000,16,16
2017-11-26,10000064,3242,86249.99,67499.99,105000,4,4
2017-11-26,10000064,3244,1486896.26,840000.25,1700000,10,7
2017-11-26,10000064,3293,40000,40000,40000,1,1
2017-11-26,10000064,3296,46458.33,40000,47750,6,3
2017-11-26,10000064,3297,47391.74,14249.5,77777.77,6,5
2017-11-26,10000064,3300,20000,20000,20000,9,4
2017-11-26,10000064,3301,17211.65,15000,20000,20,16
2017-11-26,10000064,3302,20000,20000,20000,14,14
2017-11-26,10000064,3303,20644.42,20000,26444.22,10,10
2017-11-26,10000064,3304,104126.73,99999.99,230000,64,57
2017-11-26,10000064,3305,139000,100000,295000,5,5
2017-11-26,10000064,3306,150000,100000,300000,8,6
2017-11-26,10000064,3307,2000000,2000000,2000000,10,5
2017-11-26,10000064,3308,2002180.31,2000000,2015263.16,7,7
2017-11-26,10000064,3309,2037500,2000000,2150000,4,4
2017-11-26,10000064,3310,74992.33,40000,250000,12,7
2017-11-26,10000064,3311,102272.73,80000,325000,11,6
2017-11-26,10000064,3312,62541.67,60000,150000,12,7
2017-11-26,10000064,3315,1042857.14,1000000,1600000,14,9
2017-11-26,10000064,3316,79629.64,70000,200000,14,9
2017-11-26,10000064,3317,106300,100000,194500,15,10
2017-11-26,10000064,3318,80000,80000,80000,1,1
2017-11-26,10000064,3319,20000,20000,20000,5,5
2017-11-26,10000064,3320,16875,10000,95000,16,16
2017-11-26,10000064,3321,37057.88,20000,89995,17,17
2017-11-26,10000064,3322,58333.33,25000,125000,9,9
2017-11-26,10000064,3323,30000,30000,30000,17,17
2017-11-26,10000064,3324,123333.33,100000,310000,9,9
2017-11-26,10000064,3325,405000.25,400000,410000.5,2,2
2017-11-26,10000064,3326,398333.33,350000,495000,3,3
2017-11-26,10000064,3327,21000,20000,22000,2,2
2017-11-26,10000064,3328,39884.45,1001,40000,61,58
2017-11-26,10000064,3329,43214.29,40000,100000,14,14
2017-11-26,10000064,3330,41351.35,40000,50810.81,16,16
2017-11-26,10000064,3331,36200,100,40000,21,15
2017-11-26,10000064,3332,502154.21,500000,503327.9,86,83
2017-11-26,10000064,3333,569000,500000,845000,5,5
2017-11-26,10000064,3334,500000,500000,500000,7,7
2017-11-26,10000064,3335,500000,500000,500000,5,5
2017-11-26,10000064,3336,4001968.43,4000000,4037400.14,19,14
2017-11-26,10000064,3337,4325000,4000000,4975000,6,6
2017-11-26,10000064,3338,4285714.29,4000000,6000000,7,7
2017-11-26,10000064,3339,4000000,4000000,4000000,3,3
2017-11-26,10000064,3340,339000,300000,495000,5,5
2017-11-26,10000064,3341,323750,300000,395000,4,4
2017-11-26,10000064,3342,300000,300000,300000,2,2
2017-11-26,10000064,3343,300000,300000,300000,3,3
2017-11-26,10000064,3348,20000,20000,20000,25,25
2017-11-26,10000064,3349,75000,75000,75000,3,3
2017-11-26,10000064,3350,100000,100000,100000,3,3
2017-11-26,10000064,3351,400000,400000,400000,2,2
2017-11-26,10000064,3354,2500000,2500000,2500000,1,1
2017-11-26,10000064,3355,37917.87,20000,150000,44,44
2017-11-26,10000064,3356,68832.9,60000,300000,29,29
2017-11-26,10000064,3357,180000,180000,180000,20,20
2017-11-26,10000064,3358,121666.67,100000,295000,9,9
2017-11-26,10000064,3359,200291.73,200000,203792.54,26,26
2017-11-26,10000064,3361,236363.64,200000,400000,11,11
2017-11-26,10000064,3363,20100.56,20000,21910.7,19,19
2017-11-26,10000064,3368,40000,40000,40000,2,2
2017-11-26,10000064,3373,1000000,1000000,1000000,1,1
2017-11-26,10000064,3380,19972.64,19862.95,20000,5,5
2017-11-26,10000064,3385,47408.7,200,50000,23,23
2017-11-26,10000064,3386,20000,20000,20000,1,1
2017-11-26,10000064,3387,114080.41,200,150000,14,14
2017-11-26,10000064,3388,55550.6,1001,119750,10,10
2017-11-26,10000064,3389,280000,280000,280000,6,6
2017-11-26,10000064,3392,20000,20000,20000,2,2
2017-11-26,10000064,3393,33406.17,30000,95000,19,19
2017-11-26,10000064,3394,60000,60000,60000,6,6
2017-11-26,10000064,3395,80000,80000,80000,6,4
2017-11-26,10000064,3396,2000000,2000000,2000000,1,1
2017-11-26,10000064,3397,1000000,1000000,1000000,6,4
2017-11-26,10000064,3398,25000000,25000000,25000000,1,1
2017-11-26,10000064,3402,18333.33,15000,20000,3,3
2017-11-26,10000064,3403,300000,300000,300000,9,9
2017-11-26,10000064,3405,39531.25,25000,179999.98,32,32
2017-11-26,10000064,3406,300000,300000,300000,10,10
2017-11-26,10000064,3408,15000000,15000000,15000000,1,1
2017-11-26,10000064,3409,356026.46,350000,377119.05,9,9
2017-11-26,10000064,3410,450681.82,450000,455000,22,22
2017-11-26,10000064,3411,75000,75000,75000,3,3
2017-11-26,10000064,3412,450000,450000,450000,1,1
2017-11-26,10000064,3413,20000,20000,20000,1,1
2017-11-26,10000064,3416,39036.99,35000,168217.46,66,66
2017-11-26,10000064,3417,80000,40000,200000,4,4
2017-11-26,10000064,3418,191800,170000,279000,5,5
2017-11-26,10000064,3419,170000,170000,170000,6,5
2017-11-26,10000064,3420,210000,210000,210000,4,4
2017-11-26,10000064,3421,130000,130000,130000,32,32
2017-11-26,10000064,3422,95369.23,80000,179900,13,13
2017-11-26,10000064,3423,80000,75000,280000,41,41
2017-11-26,10000064,3424,79000,79000,79000,2,2
2017-11-26,10000064,3425,95111.11,84000,184000,9,8
2017-11-26,10000064,3427,189833.33,120000,329499.98,3,3
2017-11-26,10000064,3428,88000,88000,88000,10,5
2017-11-26,10000064,3429,100000,100000,100000,3,3
2017-11-26,10000064,3430,500000,500000,500000,5,5
2017-11-26,10000064,3431,70056.67,850,75000,15,9
2017-11-26,10000064,3432,100000,100000,100000,6,6
2017-11-26,10000064,3433,100417.02,100000,109174.45,22,22
2017-11-26,10000064,3434,80000,79999.99,80000,33,32
2017-11-26,10000064,3435,148424.77,146849.55,149999.98,4,4
2017-11-26,10000064,3436,18208.05,1000,20000,10,10
2017-11-26,10000064,3437,47999,40000,79995,5,5
2017-11-26,10000064,3438,39741.65,90,40000,23,23
2017-11-26,10000064,3439,204705.88,200000,280000,17,17
2017-11-26,10000064,3440,245396.67,220000,410475,15,15
2017-11-26,10000064,3441,384841.66,380000,386131.34,19,19
2017-11-26,10000064,3442,515094.34,500000,900000,53,53
2017-11-26,10000064,3443,20000,20000,20000,3,3
2017-11-26,10000064,3444,110416.67,100000,225000,12,12
2017-11-26,10000064,3446,114400,100000,280000,25,25
2017-11-26,10000064,3447,7500000,7500000,7500000,2,2
2017-11-26,10000064,3449,20000,20000,20000,2,2
2017-11-26,10000064,3450,27228.69,22500,49995,6,6
2017-11-26,10000064,3451,31500,30000,60000,20,20
2017-11-26,10000064,3452,46884.5,40000,165000,55,55
2017-11-26,10000064,3453,32450,25000,94500,10,10
2017-11-26,10000064,3454,382857.14,340000,639999.96,7,7
2017-11-26,10000064,3455,41250,30000,120000,8,8
2017-11-26,10000064,3456,10000000,10000000,10000000,2,2
2017-11-26,10000064,3488,1099998.86,1099998.86,1099998.86,1,1
2017-11-26,10000064,3496,2324998.99,2099998.99,2999999,4,3
2017-11-26,10000064,3504,2999999,2999999,2999999,1,1
2017-11-26,10000064,3528,90532.85,89000,99874.99,7,7
2017-11-26,10000064,3529,400000,400000,400000,2,2
2017-11-26,10000064,3530,1625011.01,1499999,1799999.97,8,8
2017-11-26,10000064,3532,21250000,21250000,21250000,1,1
2017-11-26,10000064,3540,1915000.16,1915000.16,1915000.16,1,1
2017-11-26,10000064,3551,36000,36000,36000,4,4
2017-11-26,10000064,3552,1298,1298,1298,15,2
2017-11-26,10000064,3554,3298.5,3298.5,3298.5,199,8
2017-11-26,10000064,3566,41919.12,38999.99,44999.99,23,22
2017-11-26,10000064,3568,809999.99,809999.99,809999.99,10,1
2017-11-26,10000064,3576,72503.74,15,99999.99,4,4
2017-11-26,10000064,3578,2000166.67,1616333.33,2384000,2,2
2017-11-26,10000064,3643,1,1,1,110,11
2017-11-26,10000064,3645,221.05,221.05,221.05,36690,67
2017-11-26,10000064,3647,1.25,1.25,1.25,140,14
2017-11-26,10000064,3651,18.29,0.01,100,66,48
2017-11-26,10000064,3653,186667.34,10002.02,275000,3,3
2017-11-26,10000064,3663,349998.95,349998.95,349998.95,1,1
2017-11-26,10000064,3673,0.19,0.01,0.21,90,9
2017-11-26,10000064,3683,310,310,310,22080,6
2017-11-26,10000064,3685,1,1,1,21,1
2017-11-26,10000064,3687,860,860,860,2166,3
2017-11-26,10000064,3689,10100,10100,10100,4814,5
2017-11-26,10000064,3699,45.25,45.25,56.28,69758,13
2017-11-26,10000064,3703,1.01,1.01,1.01,10,1
2017-11-26,10000064,3705,12.01,12.01,12.01,20,2
2017-11-26,10000064,3707,1.03,1.02,1.03,40,3
2017-11-26,10000064,3709,17.29,1,20,70,7
2017-11-26,10000064,3711,1,1,1,10,1
2017-11-26,10000064,3713,10846,10846,10846,4126,13
2017-11-26,10000064,3715,90.16,90.16,116.42,11564,28
2017-11-26,10000064,3717,8.01,8.01,8.01,190,18
2017-11-26,10000064,3719,252.01,252.01,252.01,14,2
2017-11-26,10000064,3756,63740466.29,62980932.58,64500000,2,2
2017-11-26,10000064,3771,0.02,0.02,0.02,187,22
2017-11-26,10000064,3775,14997.8,14997.8,14997.8,635,2
2017-11-26,10000064,3777,500,500,500,261,24
2017-11-26,10000064,3779,500.11,500.11,500.11,9180,2
2017-11-26,10000064,3810,912.23,776,2002.05,90,3
2017-11-26,10000064,3812,141.03,141,141.88,82,11
2017-11-26,10000064,3814,11.66,0.1,34.78,60,6
2017-11-26,10000064,3822,1,1,1,10,1
2017-11-26,10000064,3824,1,1,1,10,1
2017-11-26,10000064,3826,1.02,1.02,1.03,80,9
2017-11-26,10000064,3828,9125.12,9125.12,9125.12,14,1
2017-11-26,10000064,3829,45535.06,35000,56000.01,56,38
2017-11-26,10000064,3831,944375.82,535004.27,1099997.94,8,8
2017-11-26,10000064,3839,101119.44,99800,117777.77,8,6
2017-11-26,10000064,3841,1558653.32,1354202.99,1999998.92,13,9
2017-11-26,10000064,3887,27023.94,26980,27775,21,18
2017-11-26,10000064,3888,998527.72,411000.45,1158636.21,5,5
2017-11-26,10000064,3893,35999900,35999900,35999900,1,1
2017-11-26,10000064,3894,36999000,36999000,36999000,1,1
2017-11-26,10000064,3895,29748035.99,29580979.97,29789800,5,5
2017-11-26,10000064,3898,5124000,5124000,5124000,6,1
2017-11-26,10000064,3937,61500,61500,61500,2,1
2017-11-26,10000064,3993,250000,250000,250000,1,1
2017-11-26,10000064,4025,46870.79,33500,49135.75,45,30
2017-11-26,10000064,4027,64098.54,20001.32,76900,63,32
2017-11-26,10000064,4051,27000,27000,27000,24800,3
2017-11-26,10000064,4225,1500000,1500000,1500000,1,1
2017-11-26,10000064,4246,25800,25800,25800,400,1
2017-11-26,10000064,4247,20343,20343,20343,6500,3
2017-11-26,10000064,4250,760000.06,760000.06,760000.06,4,4
2017-11-26,10000064,4254,1190000,1190000,1190000,1,1
2017-11-26,10000064,4306,89000000,89000000,89000000,1,1
2017-11-26,10000064,4308,79499874.75,75499750,83499999.5,4,4
2017-11-26,10000064,4309,650000000,650000000,650000000,2,1
2017-11-26,10000064,4312,21999.99,21999.99,21999.99,42004,7
2017-11-26,10000064,4385,4500000,4500000,4500000,10,10
2017-11-26,10000064,4393,62955.71,59999,69998.99,82,53
2017-11-26,10000064,4394,499200,499200,499200,1,1
2017-11-26,10000064,4395,622288.58,497999.99,646155.35,4,4
2017-11-26,10000064,4399,9958226.6,9958226.6,9958226.6,1,1
2017-11-26,10000064,4403,1297499.96,690000,1499999.95,12,8
2017-11-26,10000064,4405,1459245.88,1425000,1474999.99,65,31
2017-11-26,10000064,4409,100000,100000,100000,1,1
2017-11-26,10000064,4411,600000,600000,600000,7,7
2017-11-26,10000064,4435,40545.23,34999,44899.95,20,16
2017-11-26,10000064,4471,18998.87,2560,26000,46,14
2017-11-26,10000064,4477,18899.15,14999.99,63500,19,8
2017-11-26,10000064,4529,19137.85,173,34500,31,23
2017-11-26,10000064,4531,30710.46,200,70000,17,12
2017-11-26,10000064,4533,152207.48,145728.4,299999,20,19
2017-11-26,10000064,4535,68004.04,1650.01,100000,7,7
2017-11-26,10000064,4569,772,772,772,1,1
2017-11-26,10000064,4571,70148.99,70148.99,70148.99,1,1
2017-11-26,10000064,4573,396420.84,349830,676006.07,7,6
2017-11-26,10000064,4575,250000,250000,250000,1,1
2017-11-26,10000064,4613,124746.48,5003.13,244489.83,2,2
2017-11-26,10000064,4615,3205.04,3205.04,3205.04,1,1
2017-11-26,10000064,4787,40341.07,1502.01,54997.76,56,34
2017-11-26,10000064,4831,7.9,7,8,10,7
2017-11-26,10000064,4833,339824.46,3650,474499.18,6,5
2017-11-26,10000064,4835,4.99,4.99,4.99,2,2
2017-11-26,10000064,4871,191443.44,104.1,220000,7,6
2017-11-26,10000064,5007,20000,20000,20000,1,1
2017-11-26,10000064,5009,1247.48,168,25000,23,17
2017-11-26,10000064,5011,134999.99,134999.99,134999.99,6,6
2017-11-26,10000064,5013,2.03,2.03,2.03,3,3
2017-11-26,10000064,5049,4.99,4.99,4.99,1,1
2017-11-26,10000064,5089,201.83,111,815.21,21,12
2017-11-26,10000064,5091,50,50,50,2,2
2017-11-26,10000064,5093,98.39,50,100,31,16
2017-11-26,10000064,5137,22018.06,1600,287349.5,34,28
2017-11-26,10000064,5141,9715.23,2501.1,61500,28,24
2017-11-26,10000064,5217,18500,18500,18500,1,1
2017-11-26,10000064,5219,17777.77,17777.77,17777.77,1,1
2017-11-26,10000064,5221,7777.77,7777.77,7777.77,2,2
2017-11-26,10000064,5239,21730.44,3777.83,29668.94,78,47
2017-11-26,10000064,5245,26980.08,103,35000,54,38
2017-11-26,10000064,5279,134.6,134,135,5,5
2017-11-26,10000064,5281,4.99,4.99,4.99,5,5
2017-11-26,10000064,5282,0.01,0.01,0.01,7,4
2017-11-26,10000064,5299,1600.01,1600.01,1600.01,16,11
2017-11-26,10000064,5301,87.79,64,101,14,8
2017-11-26,10000064,5302,5465.09,5001.03,12890,17,12
2017-11-26,10000064,5319,712.5,100,9900,16,9
2017-11-26,10000064,5320,3439.33,316,22900,15,11
2017-11-26,10000064,5321,1397.65,831,6499,20,13
2017-11-26,10000064,5322,485.82,485,486,11,7
2017-11-26,10000064,5339,702,702,702,6,6
2017-11-26,10000064,5340,418.01,418.01,418.01,3,3
2017-11-26,10000064,5361,2886.03,70,4999,19,11
2017-11-26,10000064,5363,1514.01,1514.01,1514.01,18,9
2017-11-26,10000064,5365,3180.63,150,4999,16,6
2017-11-26,10000064,5399,5949.9,5000,24491.5,30,23
2017-11-26,10000064,5403,4919,519,18999,21,13
2017-11-26,10000064,5405,10060.54,1113,35000,31,21
2017-11-26,10000064,5439,14380.85,4600,19999.99,21,18
2017-11-26,10000064,5443,26071.62,5008.22,39000,30,22
2017-11-26,10000064,5445,20647.85,119,50000,33,17
2017-11-26,10000064,5493,74095.02,10000.28,74999.96,42,15
2017-11-26,10000064,5533,115527.9,5003.01,135000,29,16
2017-11-26,10000064,5599,202737.51,199990,333888.89,26,9
2017-11-26,10000064,5631,37979.9,30000,114497.5,50,5
2017-11-26,10000064,5647,240000,240000,240000,1,1
2017-11-26,10000064,5693,94000,94000,94000,4,4
2017-11-26,10000064,5721,108780.02,48060,169500.04,4,4
2017-11-26,10000064,5723,1242,1242,1242,1,1
2017-11-26,10000064,5743,150,150,150,2,2
2017-11-26,10000064,5745,3038.47,1031,9500,19,13
2017-11-26,10000064,5747,31129.2,322,275000,34,25
2017-11-26,10000064,5839,1716490.79,1655979.98,1799999.48,24,24
2017-11-26,10000064,5849,141392.59,37777.77,202300,9,6
2017-11-26,10000064,5865,45000,45000,45000,1,1
2017-11-26,10000064,5867,72437.34,32006.11,75000,78,12
2017-11-26,10000064,5869,114.95,114,115,22,17
2017-11-26,10000064,5933,251336.2,124000.01,275600,10,8
2017-11-26,10000064,5945,312428,218642,500000,3,3
2017-11-26,10000064,5955,187638.55,115724.97,300000,7,7
2017-11-26,10000064,5971,21473.01,1112.38,30000.01,75,48
2017-11-26,10000064,5973,237623.3,115000.4,424993.91,85,64
2017-11-26,10000064,5975,19456.7,1011.2,50000,10,10
2017-11-26,10000064,6001,24621.39,1002.21,37401.58,80,56
2017-11-26,10000064,6003,14171.36,408.01,31000,59,43
2017-11-26,10000064,6005,15500,15500,15500,105,22
2017-11-26,10000064,6073,83473.66,1500,100000,15,12
2017-11-26,10000064,6131,937.14,19,5900,43,27
2017-11-26,10000064,6135,119000,119000,119000,1,1
2017-11-26,10000064,6159,64937.86,423,590000.17,19,12
2017-11-26,10000064,6160,3002,1780,25000,19,12
2017-11-26,10000064,6173,119286.14,2501.51,155000,7,6
2017-11-26,10000064,6176,26584.54,1514,145000,13,10
2017-11-26,10000064,6296,5507.53,109.5,17000,19,13
2017-11-26,10000064,6325,92533.9,70792.38,179500,5,4
2017-11-26,10000064,6437,147166.44,7787.77,227000,17,17
2017-11-26,10000064,6441,44595.51,7785,75000,8,8
2017-11-26,10000064,6443,4800,200,13999.99,3,3
2017-11-26,10000064,6485,3384.21,1500,11200,19,16
2017-11-26,10000064,6527,83.68,10,2000,27,13
2017-11-26,10000064,6569,35591.58,900.62,86500,19,16
2017-11-26,10000064,6631,57500,57500,57500,1,1
2017-11-26,10000064,6633,1960.07,1960.07,1960.07,1,1
2017-11-26,10000064,6635,17777.77,17777.77,17777.77,1,1
2017-11-26,10000064,6637,329847.04,208623.38,345000,9,2
2017-11-26,10000064,6671,80000,80000,80000,3,2
2017-11-26,10000064,6675,483888.89,117777.78,850000,2,2
2017-11-26,10000064,6677,3777.77,3777.77,3777.77,2,2
2017-11-26,10000064,6715,100000,100000,100000,1,1
2017-11-26,10000064,6717,26106,2212,50000,2,2
2017-11-26,10000064,6719,1113397.57,260002.37,1162328.89,10,4
2017-11-26,10000064,6721,7777.77,7777.77,7777.77,1,1
2017-11-26,10000064,6761,2999999.51,59999.03,3970000,4,3
2017-11-26,10000064,6805,183879.68,30000,191573.66,21,2
2017-11-26,10000064,6921,1,1,1,1,1
2017-11-26,10000064,6923,736400,736400,736400,1,1
2017-11-26,10000064,6961,40000,40000,40000,2,1
2017-11-26,10000064,6963,700000,700000,700000,1,1
2017-11-26,10000064,7049,1200,1200,1200,1,1
2017-11-26,10000064,7131,10014.8,10014.8,10014.8,1,1
2017-11-26,10000064,7171,935990,935990,935990,4,1
2017-11-26,10000064,7247,1500000,1500000,1500000,1,1
2017-11-26,10000064,7249,48123.41,28888.89,60000,14,10
2017-11-26,10000064,7251,19287.04,19000,19990.01,95,16
2017-11-26,10000064,7253,235714.28,200000,249999.99,7,2
2017-11-26,10000064,7287,645735.19,549999.99,966713.21,74,29
2017-11-26,10000064,7289,56453.25,46500,152505.05,71,30
2017-11-26,10000064,7291,42379.49,17777.77,54134.06,48,24
2017-11-26,10000064,7293,98399.63,80000,110777.76,27,17
2017-11-26,10000064,7327,443135.21,140000.18,599990,12,6
2017-11-26,10000064,7329,5001,5001,5001,3,2
2017-11-26,10000064,7331,1203.03,1203.03,1203.03,4,3
2017-11-26,10000064,7333,247000,247000,247000,5,1
2017-11-26,10000064,7367,1485994.34,410001.35,1849989.98,15,5
2017-11-26,10000064,7369,132525.32,39005.12,230569.14,9,6
2017-11-26,10000064,7371,49966.67,32500,84900,9,3
2017-11-26,10000064,7373,55003.63,55003.63,55003.63,2,2
2017-11-26,10000064,7487,752857.58,385001.54,899999.99,7,4
2017-11-26,10000064,7489,93333.34,50000.01,180000,9,7
2017-11-26,10000064,7491,44504.75,30000.01,58999,20,15
2017-11-26,10000064,7493,46915.59,40000,50000,73,18
2017-11-26,10000064,7535,261916.99,97000.56,554999.99,12,10
2017-11-26,10000064,7537,93508.59,40000,130000,37,20
2017-11-26,10000064,7539,31729.04,15000,70000,48,21
2017-11-26,10000064,7541,56384,45000,269800,25,11
2017-11-26,10000064,7579,1414647.67,950005.27,1938568,21,14
2017-11-26,10000064,7581,58784.78,57777.77,60000,76,23
2017-11-26,10000064,7583,32747.09,32000,33950,36,20
2017-11-26,10000064,7585,382785.73,210000.1,429000,21,10
2017-11-26,10000064,7619,1283398.26,425107.4,2999979.99,6,6
2017-11-26,10000064,7621,10101,10101,10101,1,1
2017-11-26,10000064,7623,45867.33,602,68500,6,2
2017-11-26,10000064,7663,919538.86,919538.86,919538.87,10,3
2017-11-26,10000064,7665,252500,5000,500000,4,3
2017-11-26,10000064,7667,1000,1000,1000,1,1
2017-11-26,10000064,7703,809210.01,209210.01,1409210.01,2,2
2017-11-26,10000064,7705,79332.67,2002,88999,9,2
2017-11-26,10000064,7707,1000,1000,1000,1,1
2017-11-26,10000064,7709,113334.95,50002.45,239999.94,3,3
2017-11-26,10000064,7785,60002,60002,60002,1,1
2017-11-26,10000064,7789,491666.67,350000,520000,6,2
2017-11-26,10000064,7831,10000.05,10000.05,10000.05,1,1
2017-11-26,10000064,8007,20604.71,20604.71,20604.71,1,1
2017-11-26,10000064,8027,696334.83,631002.06,924999.5,9,8
2017-11-26,10000064,8089,475128.1,400000,774778.09,33,16
2017-11-26,10000064,8091,246299,50000.01,479999.99,11,8
2017-11-26,10000064,8101,1002,1002,1002,3,3
2017-11-26,10000064,8103,73962.75,2002,289845,8,5
2017-11-26,10000064,8105,1787496.9,1300006.07,1999990,16,8
2017-11-26,10000064,8113,70000,70000,70000,3,1
2017-11-26,10000064,8117,400000,400000,400000,3,1
2017-11-26,10000064,8175,90774.07,76354.63,115000,7,6
2017-11-26,10000064,8177,100222.22,20000,199999.99,9,7
2017-11-26,10000064,8225,58973.89,50000,66666,17,16
2017-11-26,10000064,8263,44689.29,1500,68495.99,17,15
2017-11-26,10000064,8295,60820.18,31230.27,119999.99,3,3
2017-11-26,10000064,8297,17875,17875,17875,1,1
2017-11-26,10000064,8335,236611.52,236611.52,236611.52,2,1
2017-11-26,10000064,8419,196889.82,25001.05,205001.04,9,7
2017-11-26,10000064,8427,119332.6,70000,122499,15,11
2017-11-26,10000064,8433,472453.8,255001,554777.76,12,11
2017-11-26,10000064,8517,3019999.98,1800000.01,3250000,5,5
2017-11-26,10000064,8521,368851.42,358439.97,495000,28,21
2017-11-26,10000064,8529,243454.06,237502.94,360500,21,13
2017-11-26,10000064,8531,3501.04,3501.04,3501.04,3,3
2017-11-26,10000064,8535,9100.06,3250.12,14950,4,4
2017-11-26,10000064,8537,10964.11,3250.1,14999.5,14,10
2017-11-26,10000064,8583,1710,1710,1710,2,2
2017-11-26,10000064,8585,10511.11,10511.11,10511.11,5,2
2017-11-26,10000064,8635,10007.4,10007.4,10007.4,1,1
2017-11-26,10000064,8639,10031.55,10031.55,10031.55,1,1
2017-11-26,10000064,8748,29147.14,4801,53010,21,15
2017-11-26,10000064,8787,49900,4800,95000,2,2
2017-11-26,10000064,8815,749900,749900,749900,1,1
2017-11-26,10000064,8819,1009,1009,1009,1,1
2017-11-26,10000064,8869,490442.16,490000,493537.27,8,2
2017-11-26,10000064,8903,1010.03,1010.03,1010.03,2,2
2017-11-26,10000064,8905,17777.77,17777.77,17777.77,1,1
2017-11-26,10000064,8909,100,100,100,1,1
2017-11-26,10000064,9139,1050000,1050000,1050000,1,1
2017-11-26,10000064,9413,7777.77,7777.77,7777.77,1,1
2017-11-26,10000064,9415,17777.77,17777.77,17777.77,1,1
2017-11-26,10000064,9417,1400000,1400000,1400000,1,1
2017-11-26,10000064,9457,737990,737990,737990,11,3
2017-11-26,10000064,9521,1004.01,1004.01,1004.01,13,12
2017-11-26,10000064,9556,73249.5,73249.5,73249.5,1,1
2017-11-26,10000064,9568,63825.51,2777.77,95000,6,6
2017-11-26,10000064,9580,235032.4,3777.77,273290,7,7
2017-11-26,10000064,9608,31583.36,502.05,49999,12,9
2017-11-26,10000064,9622,23054.05,750,38999,16,15
2017-11-26,10000064,9632,287867.71,199959.96,649998.99,53,46
2017-11-26,10000064,9646,13889.04,1,14500,9,6
2017-11-26,10000064,9660,108679.65,67792.98,174995.96,6,6
2017-11-26,10000064,9668,113007.05,113007.05,113007.05,1,1
2017-11-26,10000064,9670,200,200,200,11,9
2017-11-26,10000064,9680,141.43,141.43,141.43,5,2
2017-11-26,10000064,9728,168576.8,112015.05,200000,14,7
2017-11-26,10000064,9744,5088.67,133,15000,3,3
2017-11-26,10000064,9762,10000.05,10000.05,10000.05,1,1
2017-11-26,10000064,9784,120,120,120,7,6
2017-11-26,10000064,9800,110002.07,60002.05,210002.1,3,3
2017-11-26,10000064,9826,344.01,344.01,344.01,26423,42
2017-11-26,10000064,9828,400.05,400.05,400.05,16980,1
2017-11-26,10000064,9832,9640,9640,9640,4945,3
2017-11-26,10000064,9834,86976.27,85323.23,90000,18,3
2017-11-26,10000064,9836,9450,9450,9450,1165,3
2017-11-26,10000064,9838,8900,8900,8900,57,1
2017-11-26,10000064,9840,8000.12,8000.12,8000.12,35,3
2017-11-26,10000064,9842,13329.94,13329.94,13329.94,245,4
2017-11-26,10000064,9844,1.6,1.6,1.6,70,3
2017-11-26,10000064,9848,88817.57,88817.57,88817.57,430,4
2017-11-26,10000064,9850,491.16,487.89,494.19,209708,6
2017-11-26,10000064,9852,44.5,44.5,44.5,5649,4
2017-11-26,10000064,9899,11111205.77,10944942.75,12499999.97,4,4
2017-11-26,10000064,9941,11831855.17,10450000,12999999.99,7,7
2017-11-26,10000064,9942,11489802.14,10524998.95,12200009.99,5,5
2017-11-26,10000064,9943,12049995.05,10999980.73,12499999.97,4,4
2017-11-26,10000064,9944,60633.9,55000,67818.88,49,34
2017-11-26,10000064,9945,249940,249940,249940,1,1
2017-11-26,10000064,9950,2850000,2850000,2850000,1,1
2017-11-26,10000064,9956,9974997.21,7050000,10400000,4,4
2017-11-26,10000064,10039,433.29,25.01,700,35,25
2017-11-26,10000064,10040,3360,3360,3360,5,5
2017-11-26,10000064,10190,1209182.51,1198998.96,1246995,31,16
2017-11-26,10000064,10208,23425296.99,22638445.71,24998999.55,3,3
2017-11-26,10000064,10212,21251677.25,16756131.75,23499450,3,3
2017-11-26,10000064,10216,18970370.36,15140740.72,22800000,2,2
2017-11-26,10000064,10221,23549499.99,22248999.99,24850000,4,4
2017-11-26,10000064,10225,17334000,17334000,17334000,1,1
2017-11-26,10000064,10246,7640.37,4500,39500,82,28
2017-11-26,10000064,10247,19986000,19986000,19986000,1,1
2017-11-26,10000064,10250,1197162.39,520002.11,1299999.99,30,8
2017-11-26,10000064,10629,23926.24,6400,80000,17,4
2017-11-26,10000064,10630,30000,30000,30000,1,1
2017-11-26,10000064,10631,750000,750000,750000,4,1
2017-11-26,10000064,10678,27763.99,21000,27764,300,125
2017-11-26,10000064,10679,1250000.01,1250000.01,1250000.01,2,2
2017-11-26,10000064,10688,53174.09,15250.61,60000,23,12
2017-11-26,10000064,10690,69411.47,59990,77777.77,50,23
2017-11-26,10000064,10692,80610.14,80000,95000.01,41,12
2017-11-26,10000064,10694,322297.92,309998.99,474999.99,67,29
2017-11-26,10000064,10836,48625.8,22750,51793,10,10
2017-11-26,10000064,10838,105999.6,1000,138999,5,5
2017-11-26,10000064,10842,3999990,3999990,3999990,1,1
2017-11-26,10000064,10850,481711.5,77000,549000,4,4
2017-11-26,10000064,10868,500,500,500,4,3
2017-11-26,10000064,10870,5336.67,505,15000,3,3
2017-11-26,10000064,10872,46000.57,502.1,89998.95,5,5
2017-11-26,10000064,10998,33737.76,22700,49999.99,97,41
2017-11-26,10000064,11082,999999.66,999998.99,1000000,3,3
2017-11-26,10000064,11084,1500000,1500000,1500000,1,1
2017-11-26,10000064,11105,321862.43,269500,374997.68,38,25
2017-11-26,10000064,11129,24000,14499.01,25000,147,103
2017-11-26,10000064,11130,50000,50000,50000,15,14
2017-11-26,10000064,11132,19006.4,15000,40000,14,12
2017-11-26,10000064,11134,18524.61,1202.78,20000,8,8
2017-11-26,10000064,11172,40993333.21,40993333.21,40993333.21,2,2
2017-11-26,10000064,11178,18001001.09,18001001.09,18001001.09,1,1
2017-11-26,10000064,11184,35499000,35499000,35499000,1,1
2017-11-26,10000064,11186,39500000,39500000,39500000,1,1
2017-11-26,10000064,11196,47558333.18,47558333.18,47558333.18,1,1
2017-11-26,10000064,11198,34000000,34000000,34000000,1,1
2017-11-26,10000064,11200,34000000,34000000,34000000,2,2
2017-11-26,10000064,11202,39998000,39998000,39998000,1,1
2017-11-26,10000064,11207,504000,500000,620000,30,30
2017-11-26,10000064,11237,189500,160000,219000,2,2
2017-11-26,10000064,11249,999998.88,999998.88,999998.88,1,1
2017-11-26,10000064,11267,223755.44,200000,299996.98,15,14
2017-11-26,10000064,11269,1007215.68,999998.95,1198887.9,11,9
2017-11-26,10000064,11277,99.99,99.99,99.99,1,1
2017-11-26,10000064,11279,1400000,1400000,1400000,1,1
2017-11-26,10000064,11283,2988.49,2476,3390.99,108,8
2017-11-26,10000064,11285,4999.96,4000,5490.52,125,12
2017-11-26,10000064,11287,5899.99,5899.99,5899.99,262,5
2017-11-26,10000064,11289,5914.19,5392.99,7998.99,50,3
2017-11-26,10000064,11293,53932.73,35000,60000,15,12
2017-11-26,10000064,11295,186206.11,139999.98,209309.18,6,5
2017-11-26,10000064,11297,269333.33,254000,300000,3,3
2017-11-26,10000064,11299,839999.33,750000,884999,3,3
2017-11-26,10000064,11303,157999.99,157999.99,157999.99,2,2
2017-11-26,10000064,11305,124039.78,100,159999.97,5,5
2017-11-26,10000064,11309,155000.01,75000.01,175000,8,8
2017-11-26,10000064,11311,30560.49,30011.14,31000,9,6
2017-11-26,10000064,11317,363265.63,71000.03,460687.5,4,4
2017-11-26,10000064,11325,604839.25,419520,699998.5,6,3
2017-11-26,10000064,11327,258560,258560,258560,1,1
2017-11-26,10000064,11341,16874.86,5201,699999.99,66,46
2017-11-26,10000064,11343,6804.41,4015,11900,69,33
2017-11-26,10000064,11349,182868.93,83300.44,724999.99,7,6
2017-11-26,10000064,11351,29185.43,528.14,67500,9,8
2017-11-26,10000064,11355,30000,30000,30000,6,6
2017-11-26,10000064,11360,312440,312440,312440,1,1
2017-11-26,10000064,11370,1719997.62,620000.04,1800000,18,16
2017-11-26,10000064,11377,35000000,35000000,35000000,1,1
2017-11-26,10000064,11381,40000000,40000000,40000000,2,2
2017-11-26,10000064,11395,500000,500000,500000,6,6
2017-11-26,10000064,11399,13995.27,13995.27,13995.27,10221,4
2017-11-26,10000064,11441,10000000,10000000,10000000,1,1
2017-11-26,10000064,11442,10000000,10000000,10000000,2,2
2017-11-26,10000064,11443,10000000,10000000,10000000,2,2
2017-11-26,10000064,11444,9831088.19,9831088.19,9831088.19,1,1
2017-11-26,10000064,11445,7711317.21,6250000,9172634.42,2,2
2017-11-26,10000064,11446,10000000,10000000,10000000,3,3
2017-11-26,10000064,11447,10000000,10000000,10000000,1,1
2017-11-26,10000064,11449,10000000,10000000,10000000,1,1
2017-11-26,10000064,11450,10000000,10000000,10000000,1,1
2017-11-26,10000064,11451,10000000,10000000,10000000,1,1
2017-11-26,10000064,11452,10000000,10000000,10000000,1,1
2017-11-26,10000064,11453,10000000,10000000,10000000,1,1
2017-11-26,10000064,11454,9738588.38,9738588.38,9738588.38,1,1
2017-11-26,10000064,11455,10000000,10000000,10000000,2,2
2017-11-26,10000064,11481,200,200,200,2143,1
2017-11-26,10000064,11488,777777.77,777777.77,777777.77,1,1
2017-11-26,10000064,11496,201.74,201.74,201.74,16,1
2017-11-26,10000064,11529,10000000,10000000,10000000,1,1
2017-11-26,10000064,11530,501.01,501.01,501.01,75,1
2017-11-26,10000064,11531,100.03,100.03,100.03,37,1
2017-11-26,10000064,11534,501.01,501.01,501.01,15,1
2017-11-26,10000064,11536,501,501,501,2,1
2017-11-26,10000064,11538,501,501,501,7,1
2017-11-26,10000064,11539,511,511,511,14,1
2017-11-26,10000064,11540,501,501,501.04,76,2
2017-11-26,10000064,11541,4001,4001,4001,5,1
2017-11-26,10000064,11542,501,501,501,5,1
2017-11-26,10000064,11543,502,502,502,17,1
2017-11-26,10000064,11544,501,501,501,4,1
2017-11-26,10000064,11545,500.03,500.03,500.03,4,1
2017-11-26,10000064,11549,10005,10005,10005,20,1
2017-11-26,10000064,11553,2116,2116,2116,5,1
2017-11-26,10000064,11554,502,502,502,28,1
2017-11-26,10000064,11555,501,501,501,28,1
2017-11-26,10000064,11556,300.02,300.02,300.02,16,1
2017-11-26,10000064,11557,501,501,501,20,1
2017-11-26,10000064,11558,502,502,502,37,1
2017-11-26,10000064,11561,479998.45,359999.94,599996.95,2,2
2017-11-26,10000064,11563,267409.4,249000,299999,53,44
2017-11-26,10000064,11566,128125,120000,250000,32,32
2017-11-26,10000064,11569,400000,400000,400000,1,1
2017-11-26,10000064,11572,400000,400000,400000,1,1
2017-11-26,10000064,11574,2000000,2000000,2000000,3,2
2017-11-26,10000064,11577,3841857.18,2097000.14,4499999.99,21,10
2017-11-26,10000064,11578,5822212,1250057.01,6900000,9,8
2017-11-26,10000064,11579,3571428.57,3500000,5500000,21,21
2017-11-26,10000064,11584,75000,75000,75000,24,24
2017-11-26,10000064,11613,99940,99940,99940,2,2
2017-11-26,10000064,11621,99000,99000,99000,2,2
2017-11-26,10000064,11634,118400,118400,118400,1,1
2017-11-26,10000064,11640,731875,325000.02,790000,8,4
2017-11-26,10000064,11644,2100000,2100000,2100000,1,1
2017-11-26,10000064,11646,1939399.2,1900000,2100000,5,3
2017-11-26,10000064,11648,2100000,2100000,2100000,1,1
2017-11-26,10000064,11688,501,501,501,1,1
2017-11-26,10000064,11689,778,778,778,12,1
2017-11-26,10000064,11691,25000,25000,25000,31,1
2017-11-26,10000064,11695,501,501,501,2,1
2017-11-26,10000064,11872,364560,364560,364560,1,1
2017-11-26,10000064,11989,208997999.97,208997999.97,208997999.97,1,1
2017-11-26,10000064,12003,114001211.02,114001211.02,114001211.02,1,1
2017-11-26,10000064,12005,235500855.55,162001711.14,308999999.95,2,2
2017-11-26,10000064,12032,38361999.5,36724000,39999999,2,2
2017-11-26,10000064,12052,231346,219799.99,277664.5,9,9
2017-11-26,10000064,12054,1699998.95,1699998.95,1699998.95,1,1
2017-11-26,10000064,12056,49799.62,1000.01,66664,32,32
2017-11-26,10000064,12057,322560,322560,322560,1,1
2017-11-26,10000064,12058,2582383,499999.99,3623574.5,3,3
2017-11-26,10000064,12066,420660.12,376650.33,449999.99,5,5
2017-11-26,10000064,12076,6498999.99,6498999.99,6498999.99,1,1
2017-11-26,10000064,12092,1162500,1000000,1650000,4,4
2017-11-26,10000064,12093,4000000,4000000,4000000,8,8
2017-11-26,10000064,12095,4000000,4000000,4000000,3,3
2017-11-26,10000064,12096,28500000,28000000,28999999.99,2,2
2017-11-26,10000064,12098,20000000,20000000,20000000,1,1
2017-11-26,10000064,12110,0.02,0.02,0.02,20,2
2017-11-26,10000064,12180,375000,375000,375000,1,1
2017-11-26,10000064,12181,350000,350000,350000,1,1
2017-11-26,10000064,12182,325000,325000,325000,1,1
2017-11-26,10000064,12184,250000,250000,250000,1,1
2017-11-26,10000064,12186,200000,200000,200000,1,1
2017-11-26,10000064,12187,175000,175000,175000,1,1
2017-11-26,10000064,12190,172500,125000,220000,2,2
2017-11-26,10000064,12191,75000,75000,75000,7,7
2017-11-26,10000064,12192,100000,100000,100000,2,2
2017-11-26,10000064,12193,50000,50000,50000,2,2
2017-11-26,10000064,12194,300000,300000,300000,1,1
2017-11-26,10000064,12195,25000,25000,25000,6,6
2017-11-26,10000064,12196,300000,300000,300000,1,1
2017-11-26,10000064,12201,1500000,1500000,1500000,1,1
2017-11-26,10000064,12204,4950000,4950000,4950000,1,1
2017-11-26,10000064,12207,7699500,6399000,9000000,2,2
2017-11-26,10000064,12208,5999999,5999999,5999999,1,1
2017-11-26,10000064,12210,994555.25,978220.99,1000000,4,4
2017-11-26,10000064,12211,2766331.26,2532662.52,3000000,2,2
2017-11-26,10000064,12212,8149500,7299000,9000000,2,2
2017-11-26,10000064,12214,9899898,9899898,9899898,1,1
2017-11-26,10000064,12221,2500000,2500000,2500000,2,2
2017-11-26,10000064,12257,250500,250500,250500,1,1
2017-11-26,10000064,12259,4200000,4200000,4200000,1,1
2017-11-26,10000064,12267,3699998.97,3699998.97,3699998.97,1,1
2017-11-26,10000064,12269,425000,425000,425000,1,1
2017-11-26,10000064,12274,92220.41,85999.98,93999,9,8
2017-11-26,10000064,12304,1,1,1,1,1
2017-11-26,10000064,12305,102357.5,99999.99,176991.04,66,66
2017-11-26,10000064,12344,183370.51,179996.99,189000,24,9
2017-11-26,10000064,12354,837714.28,820000,850999.99,14,3
2017-11-26,10000064,12365,131875,120000,310000,32,32
2017-11-26,10000064,12366,130000,120000,275000,31,31
2017-11-26,10000064,12367,120000,120000,120000,28,28
2017-11-26,10000064,12441,899989.5,899979,900000,6,6
2017-11-26,10000064,12442,425000,425000,425000,4,4
2017-11-26,10000064,12484,8179983.2,7999979,8900000,5,5
2017-11-26,10000064,12485,7999989.84,7999989.68,7999990,2,2
2017-11-26,10000064,12486,5094170.66,3998969.87,9000000,11,11
2017-11-26,10000064,12487,4907945,4907800,4907990,4,4
2017-11-26,10000064,12528,1.08,1.08,1.08,1,1
2017-11-26,10000064,12537,450000,450000,450000,6,4
2017-11-26,10000064,12538,2122.1,2122.09,2122.1,5,4
2017-11-26,10000064,12559,242849.71,239990,249998.99,14,2
2017-11-26,10000064,12563,115985,115985,115985,10,1
2017-11-26,10000064,12565,194272.04,187980.85,210000,14,2
2017-11-26,10000064,12608,130,130,130,2001,2
2017-11-26,10000064,12612,74,74,74,75684,12
2017-11-26,10000064,12614,64.85,64.85,64.85,12440,6
2017-11-26,10000064,12618,45,45,45,84398,3
2017-11-26,10000064,12620,49,49,49,200,1
2017-11-26,10000064,12625,55,55,98.94,5929,5
2017-11-26,10000064,12631,5,5,5,1200,2
2017-11-26,10000064,12633,60,60,60,200,1
2017-11-26,10000064,12709,59647.77,59647.77,59647.77,1,1
2017-11-26,10000064,12729,94202000.04,94202000.04,94202000.04,1,1
2017-11-26,10000064,12785,180,180,180,7000,3
2017-11-26,10000064,12787,300,300,300,1064,1
2017-11-26,10000064,12789,100,100,100,35000,4
2017-11-26,10000064,12791,348.57,348.57,348.57,26592,2
2017-11-26,10000064,12801,189,189,189,10000,1
2017-11-26,10000064,12805,224,224,224,10000,1
2017-11-26,10000064,12818,234630.44,214886.93,274117.47,3,2
2017-11-26,10000064,12822,398987.97,388878,399998.97,33,2
2017-11-26,10000064,12824,499999,499999,499999,8,1
2017-11-26,10000064,12828,499998.99,499998.99,499998.99,8,1
2017-11-26,10000064,13001,2650111.32,2650111.32,2650111.32,1,1
2017-11-26,10000064,13119,209,209,209,5000,1
2017-11-26,10000064,13237,32000000.01,32000000.01,32000000.01,1,1
2017-11-26,10000064,13249,21870000,21870000,21870000,1,1
2017-11-26,10000064,13258,350000,350000,350000,1,1
2017-11-26,10000064,13267,113.06,113.05,113.06,70,6
2017-11-26,10000064,13278,100000,100000,100000,3,3
2017-11-26,10000064,13279,273529.41,250000,650000,17,17
2017-11-26,10000064,13283,33667.39,2002.03,50000,12,11
2017-11-26,10000064,13285,426218.04,426218.04,426218.04,2,2
2017-11-26,10000064,13286,54850,2200,212899.99,4,4
2017-11-26,10000064,13287,1011399.91,567100,1899999.74,3,3
2017-11-26,10000064,14074,4960002.42,4960002.42,4960002.42,1,1
2017-11-26,10000064,14272,176267,78801,225000,6,3
2017-11-26,10000064,14274,50100.1,50100.1,50100.1,1,1
2017-11-26,10000064,14276,152431.01,25000.66,279861.36,8,4
2017-11-26,10000064,14278,1242207.33,850000.68,1399089.99,7,3
2017-11-26,10000064,14280,650000,650000,650000,2,1
2017-11-26,10000064,14292,1,1,1,6,6
2017-11-26,10000064,14295,2907000.16,2526000.21,4050000,4,4
2017-11-26,10000064,14296,2525048.13,2525048.12,2525048.13,2,2
2017-11-26,10000064,14297,4992492.86,4849490,5999999.99,7,3
2017-11-26,10000064,14298,3940003,3430006,4450000,4,4
2017-11-26,10000064,14299,3928423,2785269.01,4500000,3,3
2017-11-26,10000064,15331,955.08,955.08,955.08,7292,875
2017-11-26,10000064,15479,4800000,4800000,4800000,11,1
2017-11-26,10000064,15480,19999999.99,19999999.99,19999999.99,1,1
2017-11-26,10000064,15508,35650,35000,39899.98,151,36
2017-11-26,10000064,15510,32202.41,29999.85,35965.07,58,24
2017-11-26,10000064,15511,1500000,1500000,1500000,1,1
2017-11-26,10000064,15587,1500.02,1500.02,1500.02,47,10
2017-11-26,10000064,15588,2524.52,2524.52,2524.52,30,24
2017-11-26,10000064,15592,600000,500000,900000,8,3
2017-11-26,10000064,15596,2324.05,2324.05,2324.05,700,87
2017-11-26,10000064,15597,5000.07,5000.07,5000.07,292,72
2017-11-26,10000064,15598,11000.02,11000.02,11000.02,107,30
2017-11-26,10000064,15599,20003,20003,20003,168,44
2017-11-26,10000064,15600,400202,400202,400202,3,1
2017-11-26,10000064,15601,400000,400000,400000,10,1
2017-11-26,10000064,15602,60000.18,60000.17,60000.18,12,8
2017-11-26,10000064,15607,4500,4500,4500,169,29
2017-11-26,10000064,15608,8000,8000,8000,203,28
2017-11-26,10000064,15609,12166.67,6500,15000,21,7
2017-11-26,10000064,15610,152200.01,152199.82,152200.01,40,13
2017-11-26,10000064,15611,24473.68,12500,30000,19,9
2017-11-26,10000064,15612,47837.84,45000,50000,37,21
2017-11-26,10000064,15613,100000.19,100000,100000.25,32,18
2017-11-26,10000064,15614,100000.01,100000.01,100000.01,40,10
2017-11-26,10000064,15615,1509000,1509000,1509000,1,1
2017-11-26,10000064,15617,4500,4500,4500,25,1
2017-11-26,10000064,15618,8000,8000,8000,3,1
2017-11-26,10000064,15619,15000,15000,15000,5,1
2017-11-26,10000064,15656,87500.04,50000.17,100000,4,2
2017-11-26,10000064,15992,22096.77,10000,25000,31,14
2017-11-26,10000064,15996,30000,30000,30000,141,37
2017-11-26,10000064,15999,38923.12,26000.09,50000,13,10
2017-11-26,10000064,16000,30000.01,30000.01,30000.01,30,10
2017-11-26,10000064,16002,29999.98,29999.96,30000.02,3,2
2017-11-26,10000064,16062,71999990,71999990,71999990,4,1
2017-11-26,10000064,16069,70850,100,85000,36,36
2017-11-26,10000064,16118,40000,40000,40000,12,3
2017-11-26,10000064,16119,225.6,1,562.5,20,4
2017-11-26,10000064,16227,45101000,45101000,45101000,1,1
2017-11-26,10000064,16229,53323666.66,47000000,56485500,3,3
2017-11-26,10000064,16230,570000000,570000000,570000000,4,2
2017-11-26,10000064,16233,35021201,35021201,35021201,1,1
2017-11-26,10000064,16238,1207517.18,1200000,1499998.96,29,11
2017-11-26,10000064,16240,924458.35,780000.01,999999,60,60
2017-11-26,10000064,16241,7887800,7887800,7887800,7,3
2017-11-26,10000064,16242,1399999.97,1299999.95,1499999.98,2,2
2017-11-26,10000064,16264,205002.02,205001.01,240000,5786,27
2017-11-26,10000064,16272,226.38,226.38,226.38,152489,1
2017-11-26,10000064,16273,290,249.94,500,10250,22
2017-11-26,10000064,16274,999.99,999.99,999.99,110001,5
2017-11-26,10000064,16275,5000,5000,5000,4067,6
2017-11-26,10000064,16278,2225000,2200000,2250000,4,3
2017-11-26,10000064,16281,408333.33,375000,675000,9,9
2017-11-26,10000064,16297,145490,1080,217695,3,2
2017-11-26,10000064,16299,1530,1530,1530,3,2
2017-11-26,10000064,16301,21566.67,4700,30000,3,2
2017-11-26,10000064,16303,863032.76,750000.5,897500,18,5
2017-11-26,10000064,16305,137777.77,137777.77,137777.77,1,1
2017-11-26,10000064,16307,116767.72,116767.7,116767.77,4,4
2017-11-26,10000064,16309,148999.9,148999.89,148999.9,7,7
2017-11-26,10000064,16311,445573.02,250000,642000,7,6
2017-11-26,10000064,16313,177550,100,355000,2,2
2017-11-26,10000064,16321,115050,100,230000,2,2
2017-11-26,10000064,16325,150000,150000,150000,1,1
2017-11-26,10000064,16341,1049450,1049450,1049450,1,1
2017-11-26,10000064,16345,134991.91,134991.91,134991.91,1,1
2017-11-26,10000064,16349,145000,145000,145000,1,1
2017-11-26,10000064,16353,174999,174999,174999,1,1
2017-11-26,10000064,16355,1005.07,1005.07,1005.07,1,1
2017-11-26,10000064,16361,169667.23,1003.36,179000,6,4
2017-11-26,10000064,16365,269442.42,269442.42,269442.42,1,1
2017-11-26,10000064,16367,248470,248470,248470,1,1
2017-11-26,10000064,16369,200000,200000,200000,1,1
2017-11-26,10000064,16371,152666.78,152666.78,152666.78,1,1
2017-11-26,10000064,16373,1002.05,1002.05,1002.05,1,1
2017-11-26,10000064,16375,445452.52,445452.52,445452.52,3,1
2017-11-26,10000064,16377,1005.18,1005.18,1005.18,1,1
2017-11-26,10000064,16385,1002.02,1002.02,1002.02,1,1
2017-11-26,10000064,16387,1005,1005,1005,2,1
2017-11-26,10000064,16391,678642.12,598271.49,999999.84,10,9
2017-11-26,10000064,16395,899000.01,899000.01,899000.01,1,1
2017-11-26,10000064,16403,500,500,500,1,1
2017-11-26,10000064,16409,480000,480000,480000,1,1
2017-11-26,10000064,16431,269251.15,143002.3,395500,2,2
2017-11-26,10000064,16433,8308.56,2111,21000,18,12
2017-11-26,10000064,16435,5540.71,731,82499,17,10
2017-11-26,10000064,16439,816.57,814,817,21,14
2017-11-26,10000064,16441,75199.98,249.97,375000,5,4
2017-11-26,10000064,16443,163,163,163,1,1
2017-11-26,10000064,16451,3646,3646,3646,1,1
2017-11-26,10000064,16457,3400000,3400000,3400000,1,1
2017-11-26,10000064,16467,15000,15000,15000,1,1
2017-11-26,10000064,16489,50,50,50,1,1
2017-11-26,10000064,16495,100.09,100.09,100.09,1,1
2017-11-26,10000064,16505,506.01,506,506.01,3,3
2017-11-26,10000064,16517,21998,21998,21998,3,1
2017-11-26,10000064,16521,4200.05,1777.77,26000.53,10,9
2017-11-26,10000064,16523,4777.77,4777.77,4777.77,6,6
2017-11-26,10000064,16527,453062.89,210002.8,598898.94,8,5
2017-11-26,10000064,16531,1999990,1999990,1999990,1,1
2017-11-26,10000064,16537,22223990,22223990,22223990,1,1
2017-11-26,10000064,16591,32000000,32000000,32000000,1,1
2017-11-26,10000064,16594,1500000,1500000,1500000,4,4
2017-11-26,10000064,16595,12500000,12500000,12500000,3,3
2017-11-26,10000064,16597,20000000,20000000,20000000,1,1
2017-11-26,10000064,16598,3596666.67,3500000,4950000,15,15
2017-11-26,10000064,16622,5000000,5000000,5000000,6,6
2017-11-26,10000064,16640,8,8,8,24,1
2017-11-26,10000064,16670,386.67,386.67,386.67,418080,2
2017-11-26,10000064,16673,51.03,51.03,51.03,47,2
2017-11-26,10000064,16678,70,70,70,4,1
2017-11-26,10000064,16679,880,880,880,4,1
2017-11-26,10000064,16681,1100,1100,1100,4,1
2017-11-26,10000064,16682,27490,27490,27490,1027,5
2017-11-26,10000064,17192,395700,395700,395700,3,1
2017-11-26,10000064,17199,0.01,0.01,0.01,5,3
2017-11-26,10000064,17200,2,2,2,1,1
2017-11-26,10000064,17205,2.08,2.08,2.08,1,1
2017-11-26,10000064,17215,14.93,2.14,130,10,9
2017-11-26,10000064,17219,200.01,0.01,800,8,2
2017-11-26,10000064,17264,900,900,900,8,6
2017-11-26,10000064,17272,1.62,1.62,1.62,4,4
2017-11-26,10000064,17324,5000000,5000000,5000000,1,1
2017-11-26,10000064,17325,5000000,5000000,5000000,1,1
2017-11-26,10000064,17333,5000000,5000000,5000000,1,1
2017-11-26,10000064,17342,5000000,5000000,5000000,1,1
2017-11-26,10000064,17346,5000000,5000000,5000000,1,1
2017-11-26,10000064,17347,5000000,5000000,5000000,1,1
2017-11-26,10000064,17355,5000000,5000000,5000000,1,1
2017-11-26,10000064,17366,195115.36,65000,250000,39,9
2017-11-26,10000064,17437,0.02,0.02,0.02,59,1
2017-11-26,10000064,17448,394.01,394.01,394.01,57904,6
2017-11-26,10000064,17449,414,414,414,49266,3
2017-11-26,10000064,17452,100,100,100,9170,4
2017-11-26,10000064,17453,100.01,100.01,100.01,16106,6
2017-11-26,10000064,17455,59.14,59,59.15,10031095,208
2017-11-26,10000064,17456,58.6,58.6,58.61,4808709,101
2017-11-26,10000064,17459,56.87,56.87,56.87,66429,7
2017-11-26,10000064,17460,55,55,55,71563,5
2017-11-26,10000064,17463,15.11,15.11,15.2,2526665,110
2017-11-26,10000064,17464,22.76,22.76,22.76,903362,53
2017-11-26,10000064,17466,0.01,0.01,0.01,26,1
2017-11-26,10000064,17470,10.1,10.01,12.8,6373555,162
2017-11-26,10000064,17471,15.03,15.03,15.03,4785971,66
2017-11-26,10000064,17476,26405172.56,22020690.23,28000000,8,7
2017-11-26,10000064,17478,22000324.44,21003230,24000000,18,13
2017-11-26,10000064,17480,18486929.26,16005261.16,19499993.5,7,7
2017-11-26,10000064,17482,2205906.18,2036000,2299950,43,22
2017-11-26,10000064,17636,580000000,580000000,580000000,2,2
2017-11-26,10000064,17649,10000000,10000000,10000000,5,1
2017-11-26,10000064,17659,6000000,6000000,6000000,5,1
2017-11-26,10000064,17715,249900000,249900000,249900000,1,1
2017-11-26,10000064,17765,36233.22,20777.77,190787.77,11,2
2017-11-26,10000064,17812,11449999,11449999,11449999,1,1
2017-11-26,10000064,17841,12294124.95,11978999.94,14500000,8,8
2017-11-26,10000064,17843,62048115.61,54119398.1,62300000,32,15
2017-11-26,10000064,17867,53.2,53.2,53.2,116248,17
2017-11-26,10000064,17868,57.07,45,59.41,231166,23
2017-11-26,10000064,17887,750,750,750,346979,7
2017-11-26,10000064,17889,1350,1350,1350,30000,1
2017-11-26,10000064,17893,126709.56,120081.08,150000,6,6
2017-11-26,10000064,17894,123007.07,123007.07,123007.07,4,3
2017-11-26,10000064,17895,271785.21,271007.99,272007.37,9,8
2017-11-26,10000064,17897,1,1,1,2,1
2017-11-26,10000064,17912,4598000,4500000,4892000,16,6
2017-11-26,10000064,17918,501999999.99,488999999.99,514999999.99,2,2
2017-11-26,10000064,17930,74884999,74884999,74884999,2,2
2017-11-26,10000064,17938,22999,22999,22999,101,74
2017-11-26,10000064,17940,500389.29,500000,506617.9,17,17
2017-11-26,10000064,18025,400000,400000,400000,1,1
2017-11-26,10000064,18036,139990,139990,139990,2,1
2017-11-26,10000064,18038,139500,139500,139500,2,1
2017-11-26,10000064,18040,99000,99000,99000,2,1
2017-11-26,10000064,18042,98500,98500,98500,2,1
2017-11-26,10000064,18043,600000,600000,600000,1,1
2017-11-26,10000064,18044,68700,68700,68700,1,1
2017-11-26,10000064,18045,550000,550000,550000,1,1
2017-11-26,10000064,18047,500000,500000,500000,1,1
2017-11-26,10000064,18048,109999.99,109999.99,109999.99,2,1
2017-11-26,10000064,18049,450000,450000,450000,1,1
2017-11-26,10000064,18050,94000,94000,94000,4,1
2017-11-26,10000064,18052,99999.99,99999.99,99999.99,2,1
2017-11-26,10000064,18053,350000,350000,350000,1,1
2017-11-26,10000064,18054,249890,249890,249890,2,1
2017-11-26,10000064,18057,300000,300000,300000,2,2
2017-11-26,10000064,18058,38700.02,36300,39900.03,6,2
2017-11-26,10000064,18061,200000,200000,200000,2,2
2017-11-26,10000064,18063,150000,150000,150000,1,1
2017-11-26,10000064,18064,222887.99,222887.99,222887.99,2,1
2017-11-26,10000064,18067,100000,100000,100000,1,1
2017-11-26,10000064,18610,300000,300000,300000,2,1
2017-11-26,10000064,18612,293846.13,281000,299999.94,26,5
2017-11-26,10000064,18616,84999.99,84999.99,85000,34,2
2017-11-26,10000064,18618,223038.23,195900,240000,26,4
2017-11-26,10000064,18635,187990,187990,187990,2,1
2017-11-26,10000064,18639,60245.81,28000,60799.92,16,16
2017-11-26,10000064,18660,72999990,72999990,72999990,1,1
2017-11-26,10000064,18676,134000000,134000000,134000000,1,1
2017-11-26,10000064,18682,29096562.81,12019844.22,63250000,3,3
2017-11-26,10000064,19015,25000000,25000000,25000000,1,1
2017-11-26,10000064,19023,125400000,125400000,125400000,1,1
2017-11-26,10000064,19047,5000000,5000000,5000000,3,1
2017-11-26,10000064,19211,2643655.1,2643655.1,2643655.1,1,1
2017-11-26,10000064,19213,1599958.99,1599958.98,1599958.99,2,2
2017-11-26,10000064,19400,10865.44,10200,11000,20,6
2017-11-26,10000064,19402,5000,5000,5000,1,1
2017-11-26,10000064,19404,85000.08,85000.08,85000.08,5,4
2017-11-26,10000064,19405,132500.08,132500.08,132500.08,3,2
2017-11-26,10000064,19406,550000,550000,550000,7,5
2017-11-26,10000064,19407,800000,800000,800000,4,4
2017-11-26,10000064,19408,1700000,1700000,1700000,2,2
2017-11-26,10000064,19660,2201,2201,2201,6,3
2017-11-26,10000064,19719,33397500,30000000,36795000,2,2
2017-11-26,10000064,19725,1900000000,1900000000,1900000000,2,2
2017-11-26,10000064,19744,600000,600000,600000,1,1
2017-11-26,10000064,19759,202151.35,200000,210756.76,5,5
2017-11-26,10000064,19760,160000,160000,160000,6,6
2017-11-26,10000064,19761,1000000,1000000,1000000,6,6
2017-11-26,10000064,19766,800000,800000,800000,4,4
2017-11-26,10000064,19767,400000,400000,400000,4,4
2017-11-26,10000064,19810,13336.67,5,40000,3,3
2017-11-26,10000064,19814,19326,4778,26600,3,2
2017-11-26,10000064,19921,90000,90000,90000,9,9
2017-11-26,10000064,19922,600000,600000,600000,5,5
2017-11-26,10000064,19923,55.01,55.01,55.01,1,1
2017-11-26,10000064,19925,17027.78,1100,96666.66,6,4
2017-11-26,10000064,19927,131771.54,30000,150000,35,7
2017-11-26,10000064,19929,1529.82,1000,5500,22,13
2017-11-26,10000064,19931,270.6,270.6,270.6,1,1
2017-11-26,10000064,19935,0.01,0.01,0.01,2,2
2017-11-26,10000064,19939,55830.87,242.27,60000.01,43,6
2017-11-26,10000064,19942,80,80,80,11,5
2017-11-26,10000064,19944,2004.01,2004.01,2004.01,10,8
2017-11-26,10000064,19946,62693.43,12490.03,95000,64,16
2017-11-26,10000064,19948,14500.01,0.01,43500,3,3
2017-11-26,10000064,19950,27833.34,0.01,83499.99,3,3
2017-11-26,10000064,19952,43636.37,40000,50000.01,33,7
2017-11-26,10000064,19962,2,2,2,3000,3
2017-11-26,10000064,20006,7832.85,7832.85,7832.85,2000,1
2017-11-26,10000064,20115,730.54,730.54,730.54,26,1
2017-11-26,10000064,20171,77122.49,77122.49,77122.49,9,1
2017-11-26,10000064,20188,1950000000,1950000000,1950000000,2,2
2017-11-26,10000064,20209,900000,900000,900000,1,1
2017-11-26,10000064,20210,900000,900000,900000,5,5
2017-11-26,10000064,20212,20000000,20000000,20000000,1,1
2017-11-26,10000064,20306,70,70,70,1000,1
2017-11-26,10000064,20308,170,170,170,2000,2
2017-11-26,10000064,20312,866249.48,864998.96,870000,4,4
2017-11-26,10000064,20314,168785.71,168500,169000,7,7
2017-11-26,10000064,20315,2079991.8,1999990,2399988.99,5,5
2017-11-26,10000064,20327,34989924.97,34989924.97,34989924.97,1,1
2017-11-26,10000064,20342,50000000,50000000,50000000,1,1
2017-11-26,10000064,20345,967767.77,967767.77,967767.77,2,1
2017-11-26,10000064,20353,3999998.99,3999998.99,3999998.99,1,1
2017-11-26,10000064,20410,99975,99975,99975,242,7
2017-11-26,10000064,20411,167000,167000,167000,40,1
2017-11-26,10000064,20412,45738.51,45738.51,45738.51,14,2
2017-11-26,10000064,20413,102000.38,101000.51,105000,16,5
2017-11-26,10000064,20414,78010.13,78010.13,78010.13,2,1
2017-11-26,10000064,20415,77787.82,77787.82,77787.82,18,2
2017-11-26,10000064,20416,119416.86,98271.07,204000,10,2
2017-11-26,10000064,20417,36191.93,36191.93,36191.93,3,1
2017-11-26,10000064,20418,100000,100000,100000,4603,6
2017-11-26,10000064,20419,140000,140000,140000,7,1
2017-11-26,10000064,20420,145000,145000,145000,50,1
2017-11-26,10000064,20421,31124.2,31124.2,31124.2,17,2
2017-11-26,10000064,20424,30000.08,30000.08,30000.08,1416,7
2017-11-26,10000064,20433,249499.95,249499.95,249499.95,1,1
2017-11-26,10000064,20494,100000,100000,100000,4,4
2017-11-26,10000064,20495,100000,100000,100000,3,3
2017-11-26,10000064,20505,550999999.98,550999999.98,550999999.98,1,1
2017-11-26,10000064,20507,185000000,185000000,185000000,1,1
2017-11-26,10000064,20525,154598581.79,154598581.79,154598581.79,1,1
2017-11-26,10000064,20527,75000000,75000000,75000000,25,3
2017-11-26,10000064,20531,100000000,100000000,100000000,5,2
2017-11-26,10000064,20533,400000000,400000000,400000000,2,2
2017-11-26,10000064,20945,20.57,20.57,20.57,2001,3
2017-11-26,10000064,20947,50,50,50,1000,1
2017-11-26,10000064,21030,872279600,872279600,872279600,7,2
2017-11-26,10000064,21038,1005494000,1005494000,1005494000,7,3
2017-11-26,10000064,21059,128000,120000,200000,30,30
2017-11-26,10000064,21071,200000,200000,200000,4,4
2017-11-26,10000064,21078,0.01,0.01,0.01,1,1
2017-11-26,10000064,21080,0.01,0.01,0.01,1,1
2017-11-26,10000064,21084,0.01,0.01,0.01,1,1
2017-11-26,10000064,21096,2155333.2,1823999.95,2450000,9,9
2017-11-26,10000064,21386,2472.83,2472.83,2472.83,209,2
2017-11-26,10000064,21400,3326.17,3326.17,3326.17,21000,3
2017-11-26,10000064,21590,0.11,0.11,0.11,22,1
2017-11-26,10000064,21592,0.15,0.15,0.15,20,1
2017-11-26,10000064,21593,0.55,0.55,0.55,102,2
2017-11-26,10000064,21603,10000000,10000000,10000000,9,9
2017-11-26,10000064,21610,20000000,20000000,20000000,4,4
2017-11-26,10000064,21611,30000000,30000000,30000000,4,4
2017-11-26,10000064,21638,1274498.95,1231998.89,1299998.99,8,3
2017-11-26,10000064,21640,1295177.9,1246994.9,1299996.2,11,2
2017-11-26,10000064,21718,102701.49,93817.17,120470.13,3,3
2017-11-26,10000064,21733,18000000,18000000,18000000,1,1
2017-11-26,10000064,21740,1390,1390,1390,3000,2
2017-11-26,10000064,21790,213873.5,127748,299999,2,2
2017-11-26,10000064,21791,359000,300000,418000,2,2
2017-11-26,10000064,21803,17500000,17500000,17500000,1,1
2017-11-26,10000064,21815,5059145.42,5027526.05,5060000,38,3
2017-11-26,10000064,21841,240000.01,240000.01,240000.01,14,3
2017-11-26,10000064,21853,43304.46,4000.21,100000,32,16
2017-11-26,10000064,21855,5563.89,15,12500,9,5
2017-11-26,10000064,21857,1500,99,2999,156,96
2017-11-26,10000064,21894,1298.97,1298.97,1298.97,2000,1
2017-11-26,10000064,21896,900,900,900,3000,1
2017-11-26,10000064,21898,550,550,615.57,10022,6
2017-11-26,10000064,21902,1298.97,1298.97,1298.97,12001,4
2017-11-26,10000064,21904,800,800,800,2000,1
2017-11-26,10000064,21906,550,550,550,9033,8
2017-11-26,10000064,21918,1298.98,1298.98,1298.98,3000,3
2017-11-26,10000064,21922,1000,1000,1000,1000,1
2017-11-26,10000064,21924,700,700,700,3334,4
2017-11-26,10000064,21935,1485,1485,1485,10000,1
2017-11-26,10000064,21939,699.99,699.99,699.99,450,2
2017-11-26,10000064,22043,25000000,25000000,25000000,2,2
2017-11-26,10000064,22108,37400000,37400000,37400000,1,1
2017-11-26,10000064,22175,58689.68,50000,74997,92,73
2017-11-26,10000064,22176,332640,332640,332640,1,1
2017-11-26,10000064,22177,50000,50000,50000,108,70
2017-11-26,10000064,22229,6200000.02,6200000.02,6200000.02,2,1
2017-11-26,10000064,22291,784998.53,200000.08,1399995.47,18,16
2017-11-26,10000064,22448,399975000,399975000,399975000,1,1
2017-11-26,10000064,22534,18500000,18500000,18500000,1,1
2017-11-26,10000064,22535,105006389.53,105005050.58,105009513.75,10,3
2017-11-26,10000064,22536,389163.19,389162,389163.99,5,5
2017-11-26,10000064,22541,9000000,9000000,9000000,5,5
2017-11-26,10000064,22542,32934.05,29748.94,50000,69,46
2017-11-26,10000064,22543,250000,250000,250000,2,2
2017-11-26,10000064,22546,300000000,300000000,300000000,5,2
2017-11-26,10000064,22548,350000000,350000000,350000000,1,1
2017-11-26,10000064,22551,30633333.33,28000000,35900000,3,3
2017-11-26,10000064,22552,2774992.5,1500000,3199990,4,4
2017-11-26,10000064,22559,50999867.68,50999867.68,50999867.68,1,1
2017-11-26,10000064,22576,37999.86,26999.54,45000,10,4
2017-11-26,10000064,22578,80625,79999.99,100000,96,96
2017-11-26,10000064,22761,32000000,32000000,32000000,1,1
2017-11-26,10000064,22778,90000,0.01,150000,5,2
2017-11-26,10000064,22806,120002.68,120000,120088.55,33,33
2017-11-26,10000064,22807,125588.24,120000,310000,34,34
2017-11-26,10000064,22808,120000,120000,120000,32,32
2017-11-26,10000064,22809,120000,120000,120000,32,32
2017-11-26,10000064,22961,640,501,648.74,12624,7
2017-11-26,10000064,22965,839.87,839.87,839.87,120,1
2017-11-26,10000064,22977,640,640,640,29930,6
2017-11-26,10000064,22989,1220.5,1220.5,1220.5,1000,1
2017-11-26,10000064,22993,1295.01,1295.01,1295.01,15000,2
2017-11-26,10000064,23009,500,500,500,117582,21
2017-11-26,10000064,23013,895.62,895.62,895.62,8200,2
2017-11-26,10000064,23015,881.96,881.96,881.96,1200,2
2017-11-26,10000064,23017,887.41,887.41,887.41,20,1
2017-11-26,10000064,23025,894.76,894.76,894.76,21014,8
2017-11-26,10000064,23033,998.82,998.82,998.82,2500,1
2017-11-26,10000064,23085,725000.01,725000.01,725000.01,4,1
2017-11-26,10000064,23087,79996,79996,79996,1,1
2017-11-26,10000064,23093,1274990,1274990,1274990,3,1
2017-11-26,10000064,23097,626412.41,626412.41,626412.41,2,1
2017-11-26,10000064,23121,299999,299999,299999,1,1
2017-11-26,10000064,23123,1688758.57,1688758.57,1688758.57,1,1
2017-11-26,10000064,23124,999000,999000,999000,1,1
2017-11-26,10000064,23130,150000,150000,150000,1,1
2017-11-26,10000064,23131,16000,16000,16000,2,2
2017-11-26,10000064,23135,401,401,401,1,1
2017-11-26,10000064,23153,40368.04,40368.04,40368.04,2,2
2017-11-26,10000064,23156,11210.04,11210.04,11210.04,1,1
2017-11-26,10000064,23158,0.1,0.1,0.1,186,2
2017-11-26,10000064,23159,12.04,12.04,12.04,279,4
2017-11-26,10000064,23160,0.1,0.1,0.1,157,5
2017-11-26,10000064,23161,0.1,0.1,0.1,43,3
2017-11-26,10000064,23162,0.1,0.1,0.1,155,2
2017-11-26,10000064,23163,5.76,5.76,5.76,170,4
2017-11-26,10000064,23165,5.29,5.29,5.29,54,2
2017-11-26,10000064,23166,128.18,128.18,128.18,31,2
2017-11-26,10000064,23167,62.74,62.74,62.74,40,1
2017-11-26,10000064,23169,100.06,100.06,100.06,2,2
2017-11-26,10000064,23170,100,100,100,1,1
2017-11-26,10000064,23173,0.01,0.01,0.01,1,1
2017-11-26,10000064,23525,179998.92,179998.92,179998.92,2,1
2017-11-26,10000064,23526,14000000,14000000,14000000,1,1
2017-11-26,10000064,23527,387260.36,300000,398828.94,35,28
2017-11-26,10000064,23528,2130000,2130000,2130000,1,1
2017-11-26,10000064,23533,38286.87,34497.99,99998.99,8,8
2017-11-26,10000064,23534,99000,99000,99000,1,1
2017-11-26,10000064,23536,55000,55000,55000,1,1
2017-11-26,10000064,23559,90000,70000.01,100000,15,2
2017-11-26,10000064,23560,14000000,14000000,14000000,1,1
2017-11-26,10000064,23561,103571.43,75000,115000,7,2
2017-11-26,10000064,23562,14000000,14000000,14000000,2,2
2017-11-26,10000064,23563,72000,72000,72000,3,1
2017-11-26,10000064,23564,14000000,14000000,14000000,1,1
2017-11-26,10000064,23566,400000,400000,400000,11,11
2017-11-26,10000064,23594,465000,450000,600000,10,10
2017-11-26,10000064,23606,152662.58,150000,223500,55,55
2017-11-26,10000064,23618,51696.73,50000,77278.57,64,64
2017-11-26,10000064,23706,1600000,1600000,1600000,1,1
2017-11-26,10000064,23707,16456.9,9999,20000,21,5
2017-11-26,10000064,23711,9171.43,7000,10800,7,2
2017-11-26,10000064,23715,9998.97,9998.97,9998.97,5,1
2017-11-26,10000064,23791,20200.01,500.01,39900,2,2
2017-11-26,10000064,23911,980131400.01,980131400.01,980131400.01,1,1
2017-11-26,10000064,23912,1250000000,1250000000,1250000000,5,2
2017-11-26,10000064,24241,50000,50000,50000,133,133
2017-11-26,10000064,24242,1000000,1000000,1000000,40,37
2017-11-26,10000064,24268,7500000,7500000,7500000,1,1
2017-11-26,10000064,24270,7500000,7500000,7500000,3,3
2017-11-26,10000064,24305,4327666.67,4300000,4383000,6,3
2017-11-26,10000064,24311,500000000,500000000,500000000,1,1
2017-11-26,10000064,24312,500000000,500000000,500000000,1,1
2017-11-26,10000064,24313,500000000,500000000,500000000,1,1
2017-11-26,10000064,24348,1607123.68,1589700,1724949.49,22,14
2017-11-26,10000064,24349,90000,90000,90000,2,2
2017-11-26,10000064,24395,323338.74,217694.99,449999.99,12,9
2017-11-26,10000064,24396,1400000,1400000,1400000,1,1
2017-11-26,10000064,24417,6250000,6250000,6250000,1,1
2017-11-26,10000064,24427,1377006.5,910063.46,1499999.99,14,8
2017-11-26,10000064,24438,1309249.2,1218499.49,1399998.91,4,4
2017-11-26,10000064,24475,6,6,6,850,1
2017-11-26,10000064,24486,197.99,197.99,197.99,50000,1
2017-11-26,10000064,24490,290,290,290,10000,1
2017-11-26,10000064,24492,1500,1500,1500,750,1
2017-11-26,10000064,24493,138.99,138.99,138.99,222166,3
2017-11-26,10000064,24494,239.99,239.99,239.99,3173,2
2017-11-26,10000064,24495,197.71,197.71,197.71,1000,1
2017-11-26,10000064,24497,150,150,150,1159,1
2017-11-26,10000064,24499,195,195,195,1000,1
2017-11-26,10000064,24505,290,290,290,10000,1
2017-11-26,10000064,24562,50000000,50000000,50000000,1,1
2017-11-26,10000064,24568,10000000,10000000,10000000,1,1
2017-11-26,10000064,24571,10000000,10000000,10000000,2,2
2017-11-26,10000064,24572,10000000,10000000,10000000,2,2
2017-11-26,10000064,24624,20000000,20000000,20000000,3,3
2017-11-26,10000064,24625,20000000,20000000,20000000,3,3
2017-11-26,10000064,24690,198749500,189999000,207500000,2,2
2017-11-26,10000064,24691,1760000000,1760000000,1760000000,1,1
2017-11-26,10000064,24698,34667500,29001250.01,45999999.99,3,3
2017-11-26,10000064,24700,38378311.08,38378311.08,38378311.08,1,1
2017-11-26,10000064,24701,600000000,600000000,600000000,4,3
2017-11-26,10000064,24764,20000000,20000000,20000000,1,1
2017-11-26,10000064,25233,150000,150000,150000,3,3
2017-11-26,10000064,25235,146572.86,1010,150000,7,7
2017-11-26,10000064,25266,2099999.99,2099999.99,2099999.99,4,3
2017-11-26,10000064,25349,35000000,35000000,35000000,1,1
2017-11-26,10000064,25544,29686998,29686998,29686998,2,2
2017-11-26,10000064,25565,75000.01,75000.01,75000.01,20,2
2017-11-26,10000064,25567,9667,9000,10000.5,3,3
2017-11-26,10000064,25569,1593.75,10,3177.5,2,2
2017-11-26,10000064,25571,6333.67,6333.67,6333.67,1,1
2017-11-26,10000064,25588,9180.01,9180.01,9180.01,286,87
2017-11-26,10000064,25589,4507.35,4507.35,4507.35,370,98
2017-11-26,10000064,25590,91499.87,84357.13,95188.24,978,194
2017-11-26,10000064,25591,195089.09,195089.05,195089.18,1535,287
2017-11-26,10000064,25592,7300.34,7300.34,7300.34,433,62
2017-11-26,10000064,25593,10000.5,4463.03,11000.01,333,77
2017-11-26,10000064,25594,40039.27,33500.08,40039.45,541,87
2017-11-26,10000064,25595,39640.53,39640.53,39640.53,1178,58
2017-11-26,10000064,25596,32899.82,32899.82,32899.82,1038,229
2017-11-26,10000064,25597,3502.52,2442.01,3502.53,1090,198
2017-11-26,10000064,25598,9252.81,7201.04,15999.5,4285,244
2017-11-26,10000064,25599,1001.86,1001.86,1001.86,2593,190
2017-11-26,10000064,25600,17556.02,17556,17952.01,3002,225
2017-11-26,10000064,25601,3800.01,3673,3800.03,3195,194
2017-11-26,10000064,25602,12101.08,12101.08,12101.08,198,12
2017-11-26,10000064,25603,29702.08,29702.08,29702.08,277,33
2017-11-26,10000064,25604,12711.09,11000,12720,443,146
2017-11-26,10000064,25605,21187.06,21187.06,21187.06,668,71
2017-11-26,10000064,25606,52129.95,40000.06,60000.35,84,18
2017-11-26,10000064,25609,268525.94,268525.92,268525.97,3,2
2017-11-26,10000064,25610,168642.03,168642,168642.15,5,3
2017-11-26,10000064,25612,1006000,1006000,1006000,2,1
2017-11-26,10000064,25613,480883.55,480883.55,480883.55,5,1
2017-11-26,10000064,25614,406320.08,406320.08,406320.08,3,1
2017-11-26,10000064,25615,2500000.07,2500000.07,2500000.07,2,1
2017-11-26,10000064,25616,10106.03,10106.03,10106.03,22,6
2017-11-26,10000064,25617,367000.02,366999.99,367000.02,19,4
2017-11-26,10000064,25618,20420.31,20420.31,20420.31,4011,8
2017-11-26,10000064,25619,526734.83,324001.3,543830,32,8
2017-11-26,10000064,25620,45200.24,45200.24,45200.25,19,7
2017-11-26,10000064,25621,458340.07,458340.07,458340.07,8,1
2017-11-26,10000064,25622,422184.86,422184.86,422184.86,3,1
2017-11-26,10000064,25623,35852.06,35852.06,35852.07,9,4
2017-11-26,10000064,25624,4321000.02,4321000.02,4321000.02,4,1
2017-11-26,10000064,25625,3399582.75,3399000,3399999,12,2
2017-11-26,10000064,25709,79450,79450,79450,4,2
2017-11-26,10000064,25713,1002,1002,1002,2,2
2017-11-26,10000064,25715,260000.58,260000.58,260000.58,5,5
2017-11-26,10000064,25739,450000,450000,450000,6,6
2017-11-26,10000064,25810,462500,450000,600000,12,11
2017-11-26,10000064,25811,450000,450000,450000,5,5
2017-11-26,10000064,25812,5425000,5425000,5425000,2,1
2017-11-26,10000064,25861,49999.89,49990,49999.89,157,128
2017-11-26,10000064,25862,332640,332640,332640,1,1
2017-11-26,10000064,25863,700000,100000,1000000,3,3
2017-11-26,10000064,25888,6000000,6000000,6000000,2,1
2017-11-26,10000064,25898,12499999,12499999,12499999,1,1
2017-11-26,10000064,25948,6872847,5745694.99,7999999,6,3
2017-11-26,10000064,25949,1250000,1250000,1250000,1,1
2017-11-26,10000064,25978,1199998.89,1199998.89,1199998.89,2,1
2017-11-26,10000064,25980,1999998.97,1999998.97,1999998.97,1,1
2017-11-26,10000064,26070,5188888,5188888,5188888,1,1
2017-11-26,10000064,26072,10798757.84,10798757.84,10798757.84,3,1
2017-11-26,10000064,26084,10999998.99,10999998.99,10999998.99,3,1
2017-11-26,10000064,26252,49146.81,100,59999.99,48,43
2017-11-26,10000064,26253,99263.16,95000,100000,19,19
2017-11-26,10000064,26254,20079.41,20000,21985.13,25,25
2017-11-26,10000064,26255,95613.94,100,100000,23,23
2017-11-26,10000064,26256,100000,100000,100000,14,14
2017-11-26,10000064,26257,100000,100000,100000,4,4
2017-11-26,10000064,26258,100000,100000,100000,5,5
2017-11-26,10000064,26259,107692.31,100000,200000,13,13
2017-11-26,10000064,26260,100000,100000,100000,5,5
2017-11-26,10000064,26261,105000,100000,200000,20,20
2017-11-26,10000064,26374,51581276.83,50663161.66,52499391.99,2,2
2017-11-26,10000064,26382,32975000,32975000,32975000,1,1
2017-11-26,10000064,26759,300000,300000,300000,1,1
2017-11-26,10000064,26760,1699925.01,1699925.01,1699925.01,1,1
2017-11-26,10000064,26913,2849999.98,2849999.98,2849999.98,1,1
2017-11-26,10000064,26929,112471.82,99999.99,114909.82,26,20
2017-11-26,10000064,27015,20000,20000,20000,264,264
2017-11-26,10000064,27115,870000,870000,870000,1,1
2017-11-26,10000064,27143,199995,199990,200000,2,2
2017-11-26,10000064,27174,179000000,179000000,179000000,1,1
2017-11-26,10000064,27187,23999903.62,23999903.62,23999903.62,4,1
2017-11-26,10000064,27188,24134180.68,24134180.68,24134180.68,1,1
2017-11-26,10000064,27315,458.68,458.68,458.68,171,3
2017-11-26,10000064,27321,459.55,459.55,459.55,310,4
2017-11-26,10000064,27327,990,990,990,5650,6
2017-11-26,10000064,27333,989.87,989.87,989.87,1800,7
2017-11-26,10000064,27351,3500,3500,3500,824,2
2017-11-26,10000064,27361,992,992,992,41640,7
2017-11-26,10000064,27367,1500,1500,1500,1000,1
2017-11-26,10000064,27371,546.55,546.55,546.55,200,2
2017-11-26,10000064,27381,548.55,548.55,548.55,1499,3
2017-11-26,10000064,27387,1290,1290,1290,12380,8
2017-11-26,10000064,27405,726.68,726.68,726.68,2430,3
2017-11-26,10000064,27413,725.7,725.7,725.7,230,3
2017-11-26,10000064,27419,728.58,728.58,728.58,220,3
2017-11-26,10000064,27453,1450,1450,1450,500,1
2017-11-26,10000064,27902,104642.86,100000,165000,28,28
2017-11-26,10000064,27911,12000000,12000000,12000000,1,1
2017-11-26,10000064,27936,10000000,10000000,10000000,1,1
2017-11-26,10000064,28073,17950000,17950000,17950000,1,1
2017-11-26,10000064,28164,4500000,4500000,4500000,5,5
2017-11-26,10000064,28201,799998.98,799998.98,799998.98,5,1
2017-11-26,10000064,28203,699998.9,699998.9,699998.9,10,1
2017-11-26,10000064,28205,1899998.98,1899998.98,1899998.98,5,1
2017-11-26,10000064,28207,1799998.96,1799998.96,1799998.96,5,1
2017-11-26,10000064,28211,854545.32,800000,1399998.47,22,3
2017-11-26,10000064,28213,1349999.98,1349999.98,1349999.98,4,1
2017-11-26,10000064,28215,1299996.83,1299996.83,1299996.83,2,1
2017-11-26,10000064,28262,935000,935000,935000,10,1
2017-11-26,10000064,28270,1644083.6,1240812.67,2248990,5,2
2017-11-26,10000064,28274,947688.17,638333.33,999999.99,31,5
2017-11-26,10000064,28286,2383333.33,2275000,2599999.99,6,3
2017-11-26,10000064,28298,1165000,1100000,1190000,18,2
2017-11-26,10000064,28334,998.64,998.64,998.64,10000,1
2017-11-26,10000064,28336,550,550,550,200,1
2017-11-26,10000064,28361,4002.04,4002.04,4002.04,642,7
2017-11-26,10000064,28362,101000,101000,101000,88,5
2017-11-26,10000064,28363,71306,71306,71306,5,1
2017-11-26,10000064,28364,16917.03,16917.03,16917.03,2,1
2017-11-26,10000064,28367,600000,600000,600000,95,1
2017-11-26,10000064,28374,500000000,500000000,500000000,2,2
2017-11-26,10000064,28388,500000,500000,500000,248,1
2017-11-26,10000064,28422,5000,5000,5000,285,1
2017-11-26,10000064,28428,1400,1400,1400,4,1
2017-11-26,10000064,28430,1400.01,1400.01,1400.01,425,1
2017-11-26,10000064,28431,1650,1650,1650,632,1
2017-11-26,10000064,28432,1600.01,1600.01,1600.01,1866,2
2017-11-26,10000064,28576,965032.53,739389.89,980000,41,23
2017-11-26,10000064,28578,999687.49,998750,999999.99,4,2
2017-11-26,10000064,28615,4000000,4000000,4000000,2,2
2017-11-26,10000064,28646,4690000,4690000,4690000,1,1
2017-11-26,10000064,28656,64000000,64000000,64000000,1,1
2017-11-26,10000064,28667,64037000,64000000,64111000.01,3,3
2017-11-26,10000064,28668,28100,28000,29000,2375,36
2017-11-26,10000064,28756,34899999.39,34499999,36499999.95,5,5
2017-11-26,10000064,28758,36000000,35999999.99,36000000,3,3
2017-11-26,10000064,28879,1000000,1000000,1000000,5,5
2017-11-26,10000064,28880,5000000,5000000,5000000,6,6
2017-11-26,10000064,28999,14034.06,12000,18855.87,50,12
2017-11-26,10000064,29001,19039.93,14900,34999,30,13
2017-11-26,10000064,29005,11999.97,11999.97,11999.97,9,3
2017-11-26,10000064,29007,10749.99,10000,11999.98,8,2
2017-11-26,10000064,29009,28465.49,15000,34998.98,28,13
2017-11-26,10000064,29011,35555.33,19000,69999,9,6
2017-11-26,10000064,29248,574997.75,400000.01,999998.99,4,4
2017-11-26,10000064,29266,4500000,4500000,4500000,1,1
2017-11-26,10000064,29637,48333333.33,45000000,50000000,3,3
2017-11-26,10000064,29984,174000000,174000000,174000000,1,1
2017-11-26,10000064,29988,226999999.95,226999999.95,226999999.95,1,1
2017-11-26,10000064,29993,10000000,10000000,10000000,1,1
2017-11-26,10000064,29995,10000000,10000000,10000000,1,1
2017-11-26,10000064,29997,10000000,10000000,10000000,1,1
2017-11-26,10000064,30003,10000000,10000000,10000000,1,1
2017-11-26,10000064,30009,10000000,10000000,10000000,1,1
2017-11-26,10000064,30013,4995,4990,5600,2087,135
2017-11-26,10000064,30018,4073.08,4073.08,4073.08,1,1
2017-11-26,10000064,30021,13320,13320,13320,3,1
2017-11-26,10000064,30028,96948.19,55999.98,149996.95,80,11
2017-11-26,10000064,30258,21201.06,21201.06,21201.06,1,1
2017-11-26,10000064,30324,10000000,10000000,10000000,2,2
2017-11-26,10000064,30325,10000000,10000000,10000000,1,1
2017-11-26,10000064,30328,200,200,200,7,7
2017-11-26,10000064,30342,103,22,500,12,11
2017-11-26,10000064,30370,100,100,100,1860,1
2017-11-26,10000064,30420,500,500,500,8,2
2017-11-26,10000064,30424,15,15,15,3,3
2017-11-26,10000064,30465,10000000,10000000,10000000,1,1
2017-11-26,10000064,30467,10000000,10000000,10000000,1,1
2017-11-26,10000064,30471,10000000,10000000,10000000,1,1
2017-11-26,10000064,30475,10000000,10000000,10000000,1,1
2017-11-26,10000064,30477,10000000,10000000,10000000,1,1
2017-11-26,10000064,30479,10000000,10000000,10000000,1,1
2017-11-26,10000064,30486,514399.93,514399.91,514399.99,32,3
2017-11-26,10000064,30488,488888,487000,497999,228,27
2017-11-26,10000064,30497,3500,3500,3500,2,1
2017-11-26,10000064,30532,5000000,5000000,5000000,1,1
2017-11-26,10000064,30537,5000000,5000000,5000000,1,1
2017-11-26,10000064,30538,5000000,5000000,5000000,1,1
2017-11-26,10000064,30539,5000000,5000000,5000000,2,2
2017-11-26,10000064,30540,5000000,5000000,5000000,1,1
2017-11-26,10000064,30544,5000000,5000000,5000000,2,2
2017-11-26,10000064,30546,5000000,5000000,5000000,2,2
2017-11-26,10000064,30547,5000000,5000000,5000000,1,1
2017-11-26,10000064,30548,5000000,5000000,5000000,2,2
2017-11-26,10000064,30549,5000000,5000000,5000000,2,2
2017-11-26,10000064,30552,5000000,5000000,5000000,1,1
2017-11-26,10000064,30553,5000000,5000000,5000000,1,1
2017-11-26,10000064,30650,1500000,1500000,1500000,1,1
2017-11-26,10000064,30651,1500000,1500000,1500000,1,1
2017-11-26,10000064,30652,1500000,1500000,1500000,1,1
2017-11-26,10000064,30744,200000,200000,200000,4819,20
2017-11-26,10000064,30745,500000,500000,500000,4782,20
2017-11-26,10000064,30746,1500000,1500000,1500000,2582,17
2017-11-26,10000064,30747,5000000,5000000,5000000,1489,16
2017-11-26,10000064,30834,2350000,2350000,2350000,1,1
2017-11-26,10000064,30839,8337.94,20,25000,35,24
2017-11-26,10000064,30987,490813.55,427928.88,550000,36,19
2017-11-26,10000064,30997,780690,780690,780690,2,2
2017-11-26,10000064,30999,2476641,2328282,3500000,4,4
2017-11-26,10000064,31009,615570.44,454000,1044566.99,9,9
2017-11-26,10000064,31011,2180327.15,1891090.85,2990681.29,4,4
2017-11-26,10000064,31017,28999989.98,28999989.98,28999989.98,2,2
2017-11-26,10000064,31021,833532.28,625885.44,971963.5,5,5
2017-11-26,10000064,31023,2673907.61,2599994,2821734.83,3,3
2017-11-26,10000064,31033,832473.03,588187.99,1109231.6,6,6
2017-11-26,10000064,31035,3115357.76,3115357.76,3115357.76,3,3
2017-11-26,10000064,31045,761547.82,750000,857739.1,5,4
2017-11-26,10000064,31047,2943913.84,2887828.67,2999999,2,2
2017-11-26,10000064,31051,8500000,8500000,8500000,1,1
2017-11-26,10000064,31055,2027054.8,1984398.9,2300000,18,6
2017-11-26,10000064,31063,733576.93,650000,817153.85,2,2
2017-11-26,10000064,31083,1749995,1700000,1799990,4,3
2017-11-26,10000064,31085,2800000,2800000,2800000,3,1
2017-11-26,10000064,31105,356980.87,275000,423206.96,9,7
2017-11-26,10000064,31107,1274073.92,1111110.88,1600000,3,3
2017-11-26,10000064,31117,341771.3,310000,353284.98,4,4
2017-11-26,10000064,31119,1339533.33,1150000,1800000,24,11
2017-11-26,10000064,31125,13990979.99,13990979.99,13990979.99,2,2
2017-11-26,10000064,31129,440840,440840,440840,1,1
2017-11-26,10000064,31141,505000,505000,505000,1,1
2017-11-26,10000064,31153,400728.88,250000,443789.98,9,6
2017-11-26,10000064,31154,125000,125000,125000,1,1
2017-11-26,10000064,31155,1459998.98,1459998.98,1459998.98,1,1
2017-11-26,10000064,31159,429551.8,290990,550000.2,8,5
2017-11-26,10000064,31161,1816794,1811999.99,1819990,5,2
2017-11-26,10000064,31171,6388582.18,5990990,7978950.9,5,3
2017-11-26,10000064,31173,12500000,12500000,12500000,6,1
2017-11-26,10000064,31177,346197.6,290988,350000,5,4
2017-11-26,10000064,31178,125000,125000,125000,1,1
2017-11-26,10000064,31179,1288967,1288967,1288967,1,1
2017-11-26,10000064,31183,3200000,3200000,3200000,2,2
2017-11-26,10000064,31185,12900000,12900000,12900000,9,1
2017-11-26,10000064,31189,599999.99,599999.99,599999.99,1,1
2017-11-26,10000064,31201,317527.76,285999.95,350000,18,14
2017-11-26,10000064,31213,127213.87,108832.67,145000,42,26
2017-11-26,10000064,31220,2544151.82,38001.1,3379535.39,4,4
2017-11-26,10000064,31226,141464.92,139997.38,144400,3,3
2017-11-26,10000064,31238,160615.02,146307.25,300000,11,7
2017-11-26,10000064,31274,299999.99,299999.99,299999.99,1,1
2017-11-26,10000064,31280,2300000,2300000,2300000,1,1
2017-11-26,10000064,31298,225000.01,225000.01,225000.01,30,2
2017-11-26,10000064,31311,125000,125000,125000,1,1
2017-11-26,10000064,31322,474169.88,264000,684339.76,4,4
2017-11-26,10000064,31358,854880.55,700000,999999.1,34,19
2017-11-26,10000064,31360,4597498.75,4300000,4800000,8,7
2017-11-26,10000064,31364,5174828.75,4899775,5999999.98,4,4
2017-11-26,10000064,31366,25999999.93,25999999.93,25999999.93,2,2
2017-11-26,10000064,31370,386268.49,335000,447502,71,45
2017-11-26,10000064,31372,1849433.85,1599497.68,2116000,28,19
2017-11-26,10000064,31376,4699957,4699957,4699957,2,2
2017-11-26,10000064,31378,10599991.43,10000000.01,10699990,7,7
2017-11-26,10000064,31394,369388.81,314999.98,396583.23,3,3
2017-11-26,10000064,31406,776531.49,699790.54,809950,15,14
2017-11-26,10000064,31407,125000,125000,125000,1,1
2017-11-26,10000064,31408,2399984.99,2399979.98,2400000,4,4
2017-11-26,10000064,31442,144999.98,144999.98,144999.98,1,1
2017-11-26,10000064,31454,190000,190000,190000,2,2
2017-11-26,10000064,31503,125000,125000,125000,1,1
2017-11-26,10000064,31514,1000000,1000000,1000000,1,1
2017-11-26,10000064,31515,125000,125000,125000,2,1
2017-11-26,10000064,31526,1046388.49,988000,1099999,10,9
2017-11-26,10000064,31527,125000,125000,125000,1,1
2017-11-26,10000064,31528,3999999,3999999,3999999,1,1
2017-11-26,10000064,31534,14974990.01,14974990.01,14974990.01,1,1
2017-11-26,10000064,31538,1130434.09,1060000,1550000,23,20
2017-11-26,10000064,31539,125000,125000,125000,3,2
2017-11-26,10000064,31540,4696996.75,4690990,4700000.12,3,3
2017-11-26,10000064,31546,11974571.58,11974571.58,11974571.58,2,2
2017-11-26,10000064,31550,461343.75,461343.75,461343.75,2,1
2017-11-26,10000064,31552,1400000,1400000,1400000,1,1
2017-11-26,10000064,31562,625000,625000,625000,40,1
2017-11-26,10000064,31563,125000,125000,125000,1,1
2017-11-26,10000064,31575,125000,125000,125000,2,1
2017-11-26,10000064,31576,2200000,2200000,2200000,1,1
2017-11-26,10000064,31586,450000,449999.99,450000,3,3
2017-11-26,10000064,31588,1799990,1799990,1799990,1,1
2017-11-26,10000064,31598,899999,899999,899999,3,1
2017-11-26,10000064,31608,620000,620000,620000,2,1
2017-11-26,10000064,31620,713333.33,389999.99,875000,3,3
2017-11-26,10000064,31644,289898,289898,289898,5,1
2017-11-26,10000064,31657,125000,125000,125000,1,1
2017-11-26,10000064,31658,349711.02,349711.02,349711.02,1,1
2017-11-26,10000064,31668,260771.24,244390,300000,8,8
2017-11-26,10000064,31669,125000,125000,125000,1,1
2017-11-26,10000064,31680,272000,160000,300000,5,4
2017-11-26,10000064,31681,125000,125000,125000,1,1
2017-11-26,10000064,31693,125000,125000,125000,1,1
2017-11-26,10000064,31705,125000,125000,125000,1,1
2017-11-26,10000064,31716,86229.21,77767.99,99999.99,28,22
2017-11-26,10000064,31718,344727.27,244000,390000,11,11
2017-11-26,10000064,31722,2965996.66,2900000,2998994.99,3,3
2017-11-26,10000064,31724,6000000,6000000,6000000,1,1
2017-11-26,10000064,31728,115000,115000,115000,2,2
2017-11-26,10000064,31734,1800000,1800000,1800000,1,1
2017-11-26,10000064,31740,102249.5,99999,110000,4,4
2017-11-26,10000064,31742,299999,299999,299999,1,1
2017-11-26,10000064,31752,100875.04,77776.99,189999.49,20,17
2017-11-26,10000064,31754,236013.83,230389.15,245000,11,7
2017-11-26,10000064,31766,466665.98,433332.98,499998.98,2,2
2017-11-26,10000064,31788,447667.44,442864.82,536884.99,46,30
2017-11-26,10000064,31790,2215232.46,1909996.63,2319991.89,21,15
2017-11-26,10000064,31794,7689579.15,6300000,8999989.97,12,4
2017-11-26,10000064,31796,27177887.3,25889486.7,27499987.45,5,4
2017-11-26,10000064,31800,410762.63,379296.48,899999.9,17,7
2017-11-26,10000064,31802,2179173.12,1821749.97,2626795.26,14,8
2017-11-26,10000064,31810,9674978,9674978,9674978,2,1
2017-11-26,10000064,31872,2499999,2499999,2499999,1,1
2017-11-26,10000064,31878,6000000,6000000,6000000,1,1
2017-11-26,10000064,31880,1637557.85,1555545,1899998.99,21,4
2017-11-26,10000064,31882,2606664.53,2399999.99,2749999,15,3
2017-11-26,10000064,31884,2796249.99,2789999.92,2800000.03,16,3
2017-11-26,10000064,31886,3200000,3200000,3200000,6,1
2017-11-26,10000064,31926,24974980.62,24974980.62,24974980.62,3,1
2017-11-26,10000064,31928,12999843.1,12000000,13999686.19,2,2
2017-11-26,10000064,31936,10499984.98,9999969.96,10999999.99,2,2
2017-11-26,10000064,31998,65000,65000,65000,220,4
2017-11-26,10000064,32006,169999.98,169999.98,169999.98,728,22
2017-11-26,10000064,32014,277000,277000,277000,131,7
2017-11-26,10000064,32025,307598.8,297000,350000,5,5
2017-11-26,10000064,32027,1516637.33,1249899.99,1583321.66,5,3
2017-11-26,10000064,32033,519999.8,500000,549999.5,5,5
2017-11-26,10000064,32035,2116072.88,1900000,3416437.28,6,5
2017-11-26,10000064,32039,32000000,32000000,32000000,4,1
2017-11-26,10000064,32041,470000.56,440000.99,509999.99,7,4
2017-11-26,10000064,32043,2760816.81,2595952.94,3750000,7,4
2017-11-26,10000064,32047,41999968.96,41999968.96,41999968.96,1,1
2017-11-26,10000064,32057,370000,350000,389999.99,2,2
2017-11-26,10000064,32059,2333332.67,1999999,3000000,3,2
2017-11-26,10000064,32069,658294.61,555555.55,683979.38,5,4
2017-11-26,10000064,32071,2752262.73,2681172.1,2894444,3,3
2017-11-26,10000064,32081,875000,875000,875000,1,1
2017-11-26,10000064,32459,20899.12,10,198000,10,10
2017-11-26,10000064,32772,840000.01,840000.01,840000.01,1,1
2017-11-26,10000064,32774,349999.99,349999.99,349999.99,1,1
2017-11-26,10000064,32782,1,1,1,200,2
2017-11-26,10000064,32787,26777.58,23999,29999.99,127,38
2017-11-26,10000064,32797,500000,500000,500000,10,10
2017-11-26,10000064,32817,1139990,1139990,1139990,1,1
2017-11-26,10000064,32819,938750,938750,938750,1,1
2017-11-26,10000064,32859,50000,50000,50000,1,1
2017-11-26,10000064,32861,250000,250000,250000,1,1
2017-11-26,10000064,32872,1442619.87,1288888.88,1500000,66,61
2017-11-26,10000064,32873,8242751,8242751,8242751,3,3
2017-11-26,10000064,32874,1268330.79,673323.26,1499999.95,4,4
2017-11-26,10000064,32876,1206897.74,1032540.24,1399000,9,7
2017-11-26,10000064,32880,132525.4,132525.4,132525.4,114,106
2017-11-26,10000064,32881,5000049.67,5000049.67,5000049.67,1,1
2017-11-26,10000064,32918,47943.26,40000,79995,10,10
2017-11-26,10000064,32999,200000,200000,200000,12,12
2017-11-26,10000064,33000,200000,200000,200000,11,11
2017-11-26,10000064,33001,200000,200000,200000,8,8
2017-11-26,10000064,33002,200000,200000,200000,7,7
2017-11-26,10000064,33003,400000,400000,400000,2,1
2017-11-26,10000064,33004,3750000,3750000,3750000,1,1
2017-11-26,10000064,33007,393333.33,90000,1000000,3,2
2017-11-26,10000064,33008,500000,500000,500000,1,1
2017-11-26,10000064,33010,250000,250000,250000,1,1
2017-11-26,10000064,33011,19009.98,19009.98,19009.98,1,1
2017-11-26,10000064,33012,125000,125000,125000,1,1
2017-11-26,10000064,33076,414352.39,300000,440000,37,26
2017-11-26,10000064,33078,1386666.67,1000000,6800000,30,30
2017-11-26,10000064,33091,113750,100000,210000,8,8
2017-11-26,10000064,33092,100845.62,100000,108456.16,10,10
2017-11-26,10000064,33093,66310.92,200,100000,64,64
2017-11-26,10000064,33094,111111.11,100000,200000,9,9
2017-11-26,10000064,33095,1000000,1000000,1000000,4,4
2017-11-26,10000064,33096,1000000,1000000,1000000,6,6
2017-11-26,10000064,33097,1002508.99,1000000,1067742.73,27,22
2017-11-26,10000064,33098,1225000,1000000,1900000,4,4
2017-11-26,10000064,33101,848342.29,843020.13,1000000,9,6
2017-11-26,10000064,33138,160000.06,160000.06,160000.06,1,1
2017-11-26,10000064,33139,260000.01,260000.01,260000.01,1,1
2017-11-26,10000064,33153,275000000,275000000,275000000,1,1
2017-11-26,10000064,33176,150000,150000,150000,4,4
2017-11-26,10000064,33177,600000,600000,600000,1,1
2017-11-26,10000064,33178,120000,120000,120000,1,1
2017-11-26,10000064,33179,600000,600000,600000,1,1
2017-11-26,10000064,33180,186635.74,145000,217777.77,18,12
2017-11-26,10000064,33195,2902.44,1111.09,4325.46,12,5
2017-11-26,10000064,33270,91109.26,75327.65,99000.07,3,3
2017-11-26,10000064,33332,24999.99,24999.99,24999.99,18,1
2017-11-26,10000064,33394,96723890,96723890,96723890,1,1
2017-11-26,10000064,33399,5166666.67,5000000,6000000,6,6
2017-11-26,10000064,33407,36000000,36000000,36000000,4,2
2017-11-26,10000064,33448,149998.94,149998.94,149998.94,5,1
2017-11-26,10000064,33467,3000000,3000000,3000000,4,4
2017-11-26,10000064,33468,63235000,61000000,65469999.99,2,2
2017-11-26,10000064,33470,165000100.1,165000100.1,165000100.1,1,1
2017-11-26,10000064,33472,439890000,439890000,439890000,1,1
2017-11-26,10000064,33474,1749933.33,1200000,2024899.99,3,3
2017-11-26,10000064,33475,9508332.72,9250000,9749995,18,15
2017-11-26,10000064,33517,1000000,1000000,1000000,2,2
2017-11-26,10000064,33519,30000000,30000000,30000000,1,1
2017-11-26,10000064,33569,67.85,67.85,67.85,300,1
2017-11-26,10000064,33571,1.01,1.01,1.01,400,2
2017-11-26,10000064,33572,1.01,1.01,1.01,400,2
2017-11-26,10000064,33573,1.01,1.01,1.01,400,2
2017-11-26,10000064,33618,53980000.02,53900000,54000000.02,5,2
2017-11-26,10000064,33699,100058.6,100000,101464.97,75,72
2017-11-26,10000064,33822,49999.99,49999.99,49999.99,2,1
2017-11-26,10000064,33823,144000,144000,144000,1,1
2017-11-26,10000064,33824,1269439.01,260013,1774152.02,3,3
2017-11-26,10000064,33846,139999999.03,139999999.03,139999999.03,1,1
2017-11-26,10000064,33856,4250000,4000000,5000000,4,4
2017-11-26,10000064,33890,1037879.26,326000,1080369.45,42,10
2017-11-26,10000064,33892,4824997.5,3999989.99,5100000,4,4
2017-11-26,10000064,33894,3799999.99,3799999.99,3799999.99,2,1
2017-11-26,10000064,33896,9967496.73,9869986.93,10000000,4,2
2017-11-26,10000064,33915,919990,919990,919990,1,1
2017-11-26,10000064,34132,420000000,420000000,420000000,1,1
2017-11-26,10000064,34133,1162000054.35,1162000054.35,1162000054.35,2,2
2017-11-26,10000064,34201,303333.35,300000.02,350000,15,12
2017-11-26,10000064,34202,1963000.01,1926000.01,2000000,2,2
2017-11-26,10000064,34203,395000.01,345000.01,820000,19,15
2017-11-26,10000064,34204,1005375.7,876001.01,1375000.51,16,12
2017-11-26,10000064,34205,291857.15,287000.01,300000,21,12
2017-11-26,10000064,34206,212568.88,211000.72,280000,44,21
2017-11-26,10000064,34207,3248000.2,3248000.2,3248000.2,3,2
2017-11-26,10000064,34317,58999999,58999999,58999999,1,1
2017-11-26,10000064,34327,35000000,35000000,35000000,2,2
2017-11-26,10000064,34390,1236563.54,1000000,1473127.08,2,2
2017-11-26,10000064,34397,10000000,10000000,10000000,1,1
2017-11-26,10000064,34417,1,1,1,1,1
2017-11-26,10000064,34419,1,1,1,1,1
2017-11-26,10000064,34427,1,1,1,1,1
2017-11-26,10000064,34428,1,1,1,1,1
2017-11-26,10000064,34430,1,1,1,1,1
2017-11-26,10000064,34431,1,1,1,1,1
2017-11-26,10000064,34496,1500000,1500000,1500000,1,1
2017-11-26,10000064,34590,62185002,62185002,62185002,1,1
2017-11-26,10000064,34593,43987000.01,43987000.01,43987000.01,1,1
2017-11-26,10000064,34828,45146000,35392000,54900000,2,2
2017-11-26,10000064,35062,971214,971214,971214,2,1
2017-11-26,10000064,35656,54146.63,5101.03,60000,26,21
2017-11-26,10000064,35657,427692.35,66154.13,499999.99,6,2
2017-11-26,10000064,35658,18415.86,1011.04,30000,60,45
2017-11-26,10000064,35659,35314.6,2504.05,65199,24,19
2017-11-26,10000064,35660,8869.45,1000,73665,9,7
2017-11-26,10000064,35661,395140.01,226420.02,479500,3,3
2017-11-26,10000064,35662,325710.01,226420.02,425000,4,3
2017-11-26,10000064,35680,1000000,1000000,1000000,2,2
2017-11-26,10000064,35683,58916666.67,58875000,59000000,3,3
2017-11-26,10000064,35685,1000000,1000000,1000000,2,2
2017-11-26,10000064,35770,39999.96,39999.96,39999.96,1,1
2017-11-26,10000064,35774,138888.89,27777.78,250000,2,2
2017-11-26,10000064,35788,120666.32,30999.99,299998.98,3,3
2017-11-26,10000064,35789,7500000,7500000,7500000,1,1
2017-11-26,10000064,35790,2465995.99,2449998.99,2497990,3,3
2017-11-26,10000064,35794,10268.09,9999.98,10804.31,3,3
2017-11-26,10000064,35795,34998.97,34998.97,34998.97,2,2
2017-11-26,10000064,36912,7000000,7000000,7000000,1,1
2017-11-26,10000064,37135,52866663.33,52800000,52899995,3,3
2017-11-26,10000064,37450,421125,421125,421125,1,1
2017-11-26,10000064,37451,1899999,1899999,1899999,1,1
2017-11-26,10000064,37456,13900000,13900000,13900000,2,2
2017-11-26,10000064,37458,27000000,27000000,27000000,1,1
2017-11-26,10000064,37482,89200000.36,89200000.36,89200000.36,1,1
2017-11-26,10000064,37488,1349995,1200000,1499990,2,2
2017-11-26,10000064,37544,1101.45,2.01,4900,18,15
2017-11-26,10000064,37545,1356.54,110,4287.96,22,12
2017-11-26,10000064,37583,14888989,14888989,14888989,1,1
2017-11-26,10000064,37608,1349004.78,1302001.35,1350001.01,42,32
2017-11-26,10000064,37610,1352920.11,1304001.11,1500000,63,44
2017-11-26,10000064,37611,1373902.7,1302000.47,1498000,41,29
2017-11-26,10000064,37847,13877.36,13877.36,13877.36,1,1
2017-11-26,10000064,37879,329.1,329.1,329.1,1,1
2017-11-26,10000064,40328,4400000,4000000,4800000,2,2
2017-11-26,10000064,40346,10000000,10000000,10000000,6,1
2017-11-26,10000064,40519,335488002.74,335399338.19,335507335,6,4
2017-11-26,10000064,40520,804718987.49,803500000,808399999.5,88,49
2017-11-26,10000064,40558,10900000,10900000,10900000,4,1
2017-11-26,10000064,40573,100000000,100000000,100000000,1,1
2017-11-26,10000064,41031,16056.26,6875.07,24999,37,15
2017-11-26,10000064,41032,7167,68,14995,18,13
2017-11-26,10000064,41033,236.85,236,237,20,11
2017-11-26,10000064,41034,71476.95,30001.34,74041.24,44,30
2017-11-26,10000064,41054,337504.45,300006.27,450000,4,4
2017-11-26,10000064,41055,327674.83,303012.25,450000,6,6
2017-11-26,10000064,41056,300466.62,300333.27,301000.02,5,5
2017-11-26,10000064,41057,3279989,3279989,3279989,1,1
2017-11-26,10000064,41155,14947.32,14947.32,14947.32,2,1
2017-11-26,10000064,41405,27000000,27000000,27000000,30,2
2017-11-26,10000064,41489,14990,14990,14990,1,1
2017-11-26,10000064,41490,999999,999999,999999,162,6
2017-11-26,10000064,41533,72000000,72000000,72000000,1,1
2017-11-26,10000064,41584,1000000000,1000000000,1000000000,4,1
2017-11-26,10000064,42149,380000,380000,380000,1,1
2017-11-26,10000064,42168,34999990,34999990,34999990,1,1
2017-11-26,10000064,42209,300000000,300000000,300000000,1,1
2017-11-26,10000064,42244,44154000.11,44154000.11,44154000.11,1,1
2017-11-26,10000064,42685,49010001.22,49010001.22,49010001.22,1,1
2017-11-26,10000064,42694,662.08,662.08,662.08,9000,1
2017-11-26,10000064,42696,999.99,999.99,999.99,9636,2
2017-11-26,10000064,42718,987.84,975.35,1000.33,4,4
2017-11-26,10000064,42726,1,1,1,1,1
2017-11-26,10000064,42829,625.56,625.56,625.56,851,1
2017-11-26,10000064,42830,675,650,732.83,88588,5
2017-11-26,10000064,42831,650,650,650,40000,1
2017-11-26,10000064,42840,798.95,798.95,798.95,200,1
2017-11-26,10000064,43555,5999999.99,5999999.99,5999999.99,3,1
2017-11-26,10000064,43694,70000000,70000000,70000000,11,3
2017-11-26,10000064,43699,137533.68,12601.06,199999.99,3,2
2017-11-26,10000064,43702,115000,80000,150000,2,2
2017-11-26,10000064,43703,18000000,18000000,18000000,1,1
2017-11-26,10000064,43911,30000000,30000000,30000000,1,1
2017-11-26,10000064,43932,1100000,1100000,1100000,1,1
2017-11-26,10000064,44138,499995,499990,500000,2,2
2017-11-26,10000064,44166,500000,500000,500000,1,1
2017-11-26,10000064,44933,100000000,100000000,100000000,2,1
2017-11-26,10000064,44992,3070000.25,3070000.03,3080000,32118,97
2017-11-26,10000064,45632,3930010.54,3930010.54,3930010.54,1,1
2017-11-26,10000064,45633,70000000,70000000,70000000,1,1
2017-11-26,10000064,45635,171352225.8,170774500,172000000,31,22
2017-11-26,10000064,45656,10000000,10000000,10000000,1,1
2017-11-26,10000064,45657,10000000,10000000,10000000,1,1
2017-11-26,10000064,45658,10000000,10000000,10000000,1,1
2017-11-26,10000064,45659,10000000,10000000,10000000,1,1
2017-11-26,10000064,45663,48501,48501,48501,4,1
2017-11-26,10000064,45734,100000,100000,100000,1,1
2017-11-26,10000064,45739,10000,10000,10000,1,1
2017-11-26,10000064,45740,22500,22500,22500,1,1
2017-11-26,10000064,45746,1000000,1000000,1000000,15,15
2017-11-26,10000064,45751,500000,500000,500000,1,1
2017-11-26,10000064,45752,2000,2000,2000,1,1
2017-11-26,10000064,45758,279999,279999,279999,1,1
2017-11-26,10000064,45804,1000000,1000000,1000000,1,1
2017-11-26,10000064,45815,350000,350000,350000,1,1
2017-11-26,10000064,45835,1000000,1000000,1000000,1,1
2017-11-26,10000064,45872,699888,699888,699888,1,1
2017-11-26,10000064,45873,453777.79,453777.78,453777.8,2,2
2017-11-26,10000064,45894,2000000,2000000,2000000,1,1
2017-11-26,10000064,45902,48000000,48000000,48000000,1,1
2017-11-26,10000064,45911,4000000,4000000,4000000,1,1
2017-11-26,10000064,45923,1,1,1,1,1
2017-11-26,10000064,45937,500000,500000,500000,1,1
2017-11-26,10000064,45950,1500000,1500000,1500000,1,1
2017-11-26,10000064,45968,85000,85000,85000,1,1
2017-11-26,10000064,45974,1,1,1,1,1
2017-11-26,10000064,45996,228125,100000,500000,16,13
2017-11-26,10000064,45998,750000,750000,750000,3,1
2017-11-26,10000064,45999,125000,125000,125000,1,1
2017-11-26,10000064,46000,40499999.5,36000000,44999999,2,2
2017-11-26,10000064,46001,120000,120000,120000,1,1
2017-11-26,10000064,46003,15666666,14999999,16999999.99,3,2
2017-11-26,10000064,46004,999999,999999,999999,5,1
2017-11-26,10000064,46005,5500000,5500000,5500000,1,1
2017-11-26,10000064,46008,6168616.96,4999999.99,7999999,47,32
2017-11-26,10000064,46050,950000,950000,950000,1,1
2017-11-26,10000064,46152,10000000,10000000,10000000,1,1
2017-11-26,10000064,46153,15000000,15000000,15000000,1,1
2017-11-26,10000064,46154,20000000,20000000,20000000,1,1
2017-11-26,10000064,46155,25000000,25000000,25000000,1,1
2017-11-26,10000064,46156,30000000,30000000,30000000,4,4
2017-11-26,10000064,46162,15000000,15000000,15000000,1,1
2017-11-26,10000064,46163,15000000,15000000,15000000,1,1
2017-11-26,10000064,46164,15000000,15000000,15000000,1,1
2017-11-26,10000064,46165,15000000,15000000,15000000,2,2
2017-11-26,10000064,46170,10000000,10000000,10000000,1,1
2017-11-26,10000064,46172,10000000,10000000,10000000,2,2
2017-11-26,10000064,46175,10000000,10000000,10000000,1,1
2017-11-26,10000064,46176,10000000,10000000,10000000,6,2
2017-11-26,10000064,46183,10000000,10000000,10000000,3,2
2017-11-26,10000064,46210,20000000,20000000,20000000,2,1
2017-11-26,10000064,46213,20000000,20000000,20000000,1,1
2017-11-26,10000064,46214,20000000,20000000,20000000,1,1
2017-11-26,10000064,46350,10000000,10000000,10000000,1,1
2017-11-26,10000064,46352,10000000,10000000,10000000,2,2
2017-11-26,10000064,46357,10000000,10000000,10000000,1,1
2017-11-26,10000064,46359,10000000,10000000,10000000,1,1
2017-11-26,10000064,46361,10000000,10000000,10000000,1,1
2017-11-26,10000064,46369,300000,300000,300000,4,1
2017-11-26,10000064,46381,2000000,2000000,2000000,1,1
2017-11-26,10000064,46708,17000000,17000000,17000000,1,1
2017-11-26,10000064,46717,25000000,25000000,25000000,1,1
2017-11-26,10000064,46722,9500000,9500000,9500000,1,1
2017-11-26,10000064,47029,500000000,500000000,500000000,1,1
2017-11-26,10000065,20,150.57,150.57,150.57,596002,42
2017-11-26,10000065,21,10.01,10.01,10.01,33,1
2017-11-26,10000065,22,500,500,500,195,1
2017-11-26,10000065,34,3.24,3.17,4.16,11488680,106
2017-11-26,10000065,35,4.08,4.08,4.08,1580090,75
2017-11-26,10000065,36,45.14,45.14,48,524330,76
2017-11-26,10000065,37,43.33,43.33,43.33,150027,58
2017-11-26,10000065,38,290.05,290.05,290.05,35893,36
2017-11-26,10000065,39,850.12,600,850.12,5383,39
2017-11-26,10000065,40,1000.01,1000.01,1000.01,1492,27
2017-11-26,10000065,43,309.59,308.16,309.6,357594,21
2017-11-26,10000065,45,93.15,93.15,93.15,10,1
2017-11-26,10000065,178,4.9,4.9,4.9,1000,1
2017-11-26,10000065,180,9.7,9.7,9.7,1000,1
2017-11-26,10000065,181,8,8,8,1000,1
2017-11-26,10000065,182,50,50,50,1200,3
2017-11-26,10000065,185,24,24,24,200,1
2017-11-26,10000065,195,1,1,1,100,1
2017-11-26,10000065,197,1,1,1,100,1
2017-11-26,10000065,202,402.35,402.35,402.35,5000,1
2017-11-26,10000065,204,635,635,635,4000,1
2017-11-26,10000065,206,80,80,80,1000,1
2017-11-26,10000065,207,75,75,75,1100,2
2017-11-26,10000065,208,72.86,72.86,72.86,200,1
2017-11-26,10000065,209,61,61,61,1000,1
2017-11-26,10000065,210,17.5,17.5,17.5,33500,2
2017-11-26,10000065,211,19.99,19.99,19.99,4000,1
2017-11-26,10000065,212,5,5,5,140,2
2017-11-26,10000065,215,8.9,8.9,8.9,2000,1
2017-11-26,10000065,217,18.05,18.05,18.05,500,1
2017-11-26,10000065,220,7,7,7,10000,2
2017-11-26,10000065,221,8,8,8,200,2
2017-11-26,10000065,222,21,21,21,5350,4
2017-11-26,10000065,229,0.01,0.01,0.01,100,1
2017-11-26,10000065,230,70,70,70,5000,1
2017-11-26,10000065,238,280.2,280.2,280.2,5050,2
2017-11-26,10000065,239,5882.62,12,6950,13,5
2017-11-26,10000065,240,4131.91,2000,4499.48,34,10
2017-11-26,10000065,241,3749.99,3749.99,3749.99,393,17
2017-11-26,10000065,242,6236.18,4995,6490,80,26
2017-11-26,10000065,243,4802.98,4475,5999,22,4
2017-11-26,10000065,244,5000,5000,5000,1,1
2017-11-26,10000065,245,8980.59,8980.59,8980.59,18,8
2017-11-26,10000065,246,5837.81,1500.02,6749.94,46,16
2017-11-26,10000065,249,38809.36,26997.4,39596.82,16,3
2017-11-26,10000065,250,52500,52500,52500,5,1
2017-11-26,10000065,253,49888.33,48871.59,49990,11,2
2017-11-26,10000065,263,406.13,384.69,449,60,3
2017-11-26,10000065,377,17840,14400,24500,6,4
2017-11-26,10000065,393,14900,14900,14900,1,1
2017-11-26,10000065,394,324000,324000,324000,1,1
2017-11-26,10000065,399,20000,20000,20000,1,1
2017-11-26,10000065,400,476000,476000,476000,1,1
2017-11-26,10000065,434,69825,61800,72500,4,4
2017-11-26,10000065,439,21389.86,19400,32987.21,42,30
2017-11-26,10000065,440,5194000,5194000,5194000,1,1
2017-11-26,10000065,443,24987.21,24987.21,24987.21,1,1
2017-11-26,10000065,444,17950,17900,18000,4,4
2017-11-26,10000065,447,67777.26,67777,67777.77,3,3
2017-11-26,10000065,450,15581.88,14999,16100,17,6
2017-11-26,10000065,451,39321.95,39289.91,39425,20,10
2017-11-26,10000065,452,94166.66,75000,94999.99,48,21
2017-11-26,10000065,453,34041.16,33899.97,34200,17,7
2017-11-26,10000065,454,58846.72,55000,69724,24,15
2017-11-26,10000065,455,88394.56,88000,88789.13,4,3
2017-11-26,10000065,456,202199.54,202199.54,202199.54,1,1
2017-11-26,10000065,457,288500,288500,288500,2,2
2017-11-26,10000065,482,1196500,1154000,1200000,12,7
2017-11-26,10000065,483,4784.67,25,10000,28,19
2017-11-26,10000065,485,6000,6000,6000,1,1
2017-11-26,10000065,499,17500,17500,17500,8,2
2017-11-26,10000065,523,23612.48,18949.99,54987.21,21,21
2017-11-26,10000065,526,13332.49,109.99,44000,4,4
2017-11-26,10000065,527,1178000,1178000,1178000,2,1
2017-11-26,10000065,561,24000,24000,24000,7,3
2017-11-26,10000065,572,200000,200000,200000,1,1
2017-11-26,10000065,578,134992.42,129999.99,141649,7,5
2017-11-26,10000065,583,409212.78,409212.78,409212.78,1,1
2017-11-26,10000065,587,500000,500000,500000,1,1
2017-11-26,10000065,589,200574.99,151999.99,289997.5,17,17
2017-11-26,10000065,590,300000,300000,300000,1,1
2017-11-26,10000065,591,270999.99,221999.99,377500,13,10
2017-11-26,10000065,593,450000,450000,450000,1,1
2017-11-26,10000065,596,2801.67,500,5620.02,12,12
2017-11-26,10000065,597,300404.08,216999.99,475000,22,19
2017-11-26,10000065,605,483333.33,483333.33,483333.33,1,1
2017-11-26,10000065,624,3690000.01,3690000.01,3690000.01,2,2
2017-11-26,10000065,632,6900000,6900000,6900000,1,1
2017-11-26,10000065,633,2000000,2000000,2000000,1,1
2017-11-26,10000065,642,88010000.01,88010000.01,88010000.01,1,1
2017-11-26,10000065,643,175501000,175501000,175501000,1,1
2017-11-26,10000065,652,1250500.75,1250500.75,1250500.75,2,2
2017-11-26,10000065,655,2000000,2000000,2000000,2,2
2017-11-26,10000065,656,1756250,1750000,1800000,4,4
2017-11-26,10000065,657,1955833.33,1955833.33,1955833.33,1,1
2017-11-26,10000065,672,16100,14800,20000,4,4
2017-11-26,10000065,786,60000,60000,60000,1,1
2017-11-26,10000065,811,150000,150000,150000,1,1
2017-11-26,10000065,819,20000,20000,20000,1,1
2017-11-26,10000065,834,20000,20000,20000,2,2
2017-11-26,10000065,835,60000,60000,60000,1,1
2017-11-26,10000065,836,90000,90000,90000,2,2
2017-11-26,10000065,886,100000,100000,100000,1,1
2017-11-26,10000065,1010,49920,49920,49920,1,1
2017-11-26,10000065,1074,15000,15000,15000,5,2
2017-11-26,10000065,1100,499980,499980,499980,1,1
2017-11-26,10000065,1154,30000,30000,30000,1,1
2017-11-26,10000065,1155,20000,20000,20000,1,1
2017-11-26,10000065,1157,12500,12500,12500,3,3
2017-11-26,10000065,1158,15000,15000,15000,1,1
2017-11-26,10000065,1160,35000,35000,35000,3,3
2017-11-26,10000065,1177,4000000,4000000,4000000,1,1
2017-11-26,10000065,1182,154537.64,154537.64,154537.64,1,1
2017-11-26,10000065,1183,1176000,878000,1325000,3,3
2017-11-26,10000065,1185,27800,27800,27800,1,1
2017-11-26,10000065,1195,62700,62700,62700,3,3
2017-11-26,10000065,1201,69600,5599.99,76000,11,2
2017-11-26,10000065,1204,49740,49740,49740,1,1
2017-11-26,10000065,1223,500,500,500,362,1
2017-11-26,10000065,1224,35.41,35.41,35.41,1016961,43
2017-11-26,10000065,1225,15279.58,15279.58,15279.58,35,1
2017-11-26,10000065,1226,280,280,280,8945,4
2017-11-26,10000065,1227,76,76,76,49545,6
2017-11-26,10000065,1228,15.12,15.12,15.12,1624068,52
2017-11-26,10000065,1230,11.54,11.54,11.54,13532560,91
2017-11-26,10000065,1231,150,150,150,376,3
2017-11-26,10000065,1236,994970,994970,994970,1,1
2017-11-26,10000065,1244,6717.51,77.77,17599,15,7
2017-11-26,10000065,1246,130000,130000,130000,1,1
2017-11-26,10000065,1275,49740,49740,49740,1,1
2017-11-26,10000065,1285,49740,49740,49740,1,1
2017-11-26,10000065,1295,49740,49740,49740,1,1
2017-11-26,10000065,1304,90580.43,90000,90928.68,8,5
2017-11-26,10000065,1317,18651.53,7290,75000,29,9
2017-11-26,10000065,1319,909171.43,775000,1121100,28,9
2017-11-26,10000065,1333,49000,49000,49000,2,2
2017-11-26,10000065,1403,32300,32300,32300,1,1
2017-11-26,10000065,1405,1001055.56,751000,1500000,18,6
2017-11-26,10000065,1436,2490000,2490000,2490000,1,1
2017-11-26,10000065,1445,78332.67,45000,144998,3,2
2017-11-26,10000065,1539,49830,37500,55995,3,3
2017-11-26,10000065,1944,1440069.92,25000,1470470.47,6,6
2017-11-26,10000065,1977,23420.95,22999.87,23999.86,19,18
2017-11-26,10000065,1998,84254.92,52990,99887.39,3,3
2017-11-26,10000065,2006,13849999,13849999,13849999,2,2
2017-11-26,10000065,2018,64695,64490,64900,2,2
2017-11-26,10000065,2020,160000,160000,160000,1,1
2017-11-26,10000065,2032,918741.25,840000,944990,4,4
2017-11-26,10000065,2046,12489.83,9500,16438.47,18,17
2017-11-26,10000065,2048,628112.31,264999.99,665673.95,6,6
2017-11-26,10000065,2082,200000000,200000000,200000000,1,1
2017-11-26,10000065,2161,333800,242000,395000,5,5
2017-11-26,10000065,2173,2251.01,1002,3500.01,2,2
2017-11-26,10000065,2183,12000,12000,12000,1,1
2017-11-26,10000065,2185,1050000,1050000,1050000,16,1
2017-11-26,10000065,2193,980000,980000,980000,2,1
2017-11-26,10000065,2203,4166.38,3810.13,9876.21,70,18
2017-11-26,10000065,2205,483090.46,483090.46,483090.46,5,2
2017-11-26,10000065,2267,1.75,1.75,1.75,10664409,8
2017-11-26,10000065,2281,3020500,3020500,3020500,1,1
2017-11-26,10000065,2306,5.38,5.38,5.38,4292315,1
2017-11-26,10000065,2331,19000,19000,19000,2,2
2017-11-26,10000065,2333,1011666.66,134999.99,1450000,3,3
2017-11-26,10000065,2361,6465.57,6465.57,6465.57,1,1
2017-11-26,10000065,2363,62856.38,50000,94998.33,7,6
2017-11-26,10000065,2364,1294980,1294980,1294980,1,1
2017-11-26,10000065,2403,7500000,7500000,7500000,4,4
2017-11-26,10000065,2406,1000000,1000000,1000000,6,6
2017-11-26,10000065,2444,355000,355000,355000,10,1
2017-11-26,10000065,2454,4356.97,3056.54,5999,44,16
2017-11-26,10000065,2456,474980.18,404500,499999,79,10
2017-11-26,10000065,2464,3786.79,2770,5500,9,7
2017-11-26,10000065,2476,75000,75000,75000,7,1
2017-11-26,10000065,2486,8990.33,8100,9359.61,31,9
2017-11-26,10000065,2488,445000,445000,445000,5,1
2017-11-26,10000065,2495,500000,500000,500000,4,4
2017-11-26,10000065,2505,500000,500000,500000,5,5
2017-11-26,10000065,2506,4.94,4.94,4.94,100,1
2017-11-26,10000065,2514,2.6,2.6,2.6,100,1
2017-11-26,10000065,2533,84647.06,84647.06,84647.06,1,1
2017-11-26,10000065,2539,1000000,1000000,1000000,1,1
2017-11-26,10000065,2545,50000,50000,50000,1,1
2017-11-26,10000065,2551,81000,81000,81000,1,1
2017-11-26,10000065,2553,1319700,1236000,1487100,3,3
2017-11-26,10000065,2589,230000000,230000000,230000000,1,1
2017-11-26,10000065,2605,902356.55,469000,1225000,12,7
2017-11-26,10000065,2613,150,150,150,10000,1
2017-11-26,10000065,2817,120,120,120,5000,1
2017-11-26,10000065,3184,1600000,1600000,1600000,2,2
2017-11-26,10000065,3244,1885000,1780000,1990000,2,2
2017-11-26,10000065,3296,60000,60000,60000,2,1
2017-11-26,10000065,3301,20000,20000,20000,2,2
2017-11-26,10000065,3302,20000,20000,20000,2,2
2017-11-26,10000065,3303,20000,20000,20000,5,5
2017-11-26,10000065,3305,100000,100000,100000,1,1
2017-11-26,10000065,3306,100000.01,100000,100000.06,11,11
2017-11-26,10000065,3308,2000000,2000000,2000000,1,1
2017-11-26,10000065,3309,2000000,2000000,2000000,3,3
2017-11-26,10000065,3315,1000000,1000000,1000000,2,2
2017-11-26,10000065,3317,100000,100000,100000,2,2
2017-11-26,10000065,3319,20000,20000,20000,2,2
2017-11-26,10000065,3320,10000,10000,10000,5,5
2017-11-26,10000065,3321,20000,20000,20000,5,5
2017-11-26,10000065,3322,25000,25000,25000,2,2
2017-11-26,10000065,3323,30000,30000,30000,7,7
2017-11-26,10000065,3324,100000,100000,100000,3,3
2017-11-26,10000065,3325,400000,400000,400000,3,3
2017-11-26,10000065,3326,350000,350000,350000,2,2
2017-11-26,10000065,3328,40000,40000,40000,4,4
2017-11-26,10000065,3330,40000,40000,40000,4,4
2017-11-26,10000065,3331,40000,40000,40000,5,5
2017-11-26,10000065,3332,500000,500000,500000,2,2
2017-11-26,10000065,3333,500000,500000,500000,1,1
2017-11-26,10000065,3334,500000,500000,500000,5,5
2017-11-26,10000065,3335,499968.75,499500,500000,16,16
2017-11-26,10000065,3336,4000000,4000000,4000000,2,2
2017-11-26,10000065,3337,4000000,4000000,4000000,1,1
2017-11-26,10000065,3338,4000000,4000000,4000000,2,2
2017-11-26,10000065,3339,4000000,4000000,4000000,2,2
2017-11-26,10000065,3340,300000,300000,300000,2,2
2017-11-26,10000065,3342,300000,300000,300000,1,1
2017-11-26,10000065,3343,300000,300000,300000,1,1
2017-11-26,10000065,3348,20000,20000,20000,9,9
2017-11-26,10000065,3349,75000,75000,75000,2,2
2017-11-26,10000065,3350,100000,100000,100000,1,1
2017-11-26,10000065,3351,400000,400000,400000,2,2
2017-11-26,10000065,3352,400000,400000,400000,2,2
2017-11-26,10000065,3354,2500000,2500000,2500000,2,2
2017-11-26,10000065,3355,20000,20000,20000,9,9
2017-11-26,10000065,3356,60000,60000,60000,7,7
2017-11-26,10000065,3357,180000,180000,180000,7,7
2017-11-26,10000065,3359,200000,200000,200000,6,6
2017-11-26,10000065,3361,200000,200000,200000,5,5
2017-11-26,10000065,3363,20000,20000,20000,8,8
2017-11-26,10000065,3368,40000,40000,40000,1,1
2017-11-26,10000065,3373,1000000,1000000,1000000,1,1
2017-11-26,10000065,3380,20000,20000,20000,3,3
2017-11-26,10000065,3385,50000,50000,50000,3,3
2017-11-26,10000065,3387,150000,150000,150000,3,3
2017-11-26,10000065,3388,250000,250000,250000,1,1
2017-11-26,10000065,3389,280000,280000,280000,2,2
2017-11-26,10000065,3393,30000,30000,30000,2,2
2017-11-26,10000065,3395,80000,80000,80000,1,1
2017-11-26,10000065,3396,2000000,2000000,2000000,1,1
2017-11-26,10000065,3405,25000,25000,25000,6,6
2017-11-26,10000065,3406,300000,300000,300000,2,2
2017-11-26,10000065,3410,422933.33,44000,450000,15,15
2017-11-26,10000065,3416,35000,35000,35000,18,18
2017-11-26,10000065,3417,40000,40000,40000,2,2
2017-11-26,10000065,3418,170000,170000,170000,2,2
2017-11-26,10000065,3419,170000,170000,170000,1,1
2017-11-26,10000065,3420,210000,210000,210000,2,2
2017-11-26,10000065,3421,130000,130000,130000,8,8
2017-11-26,10000065,3422,80000,80000,80000,1,1
2017-11-26,10000065,3423,75000,75000,75000,8,8
2017-11-26,10000065,3425,84000,84000,84000,1,1
2017-11-26,10000065,3426,20000,20000,20000,1,1
2017-11-26,10000065,3428,88000,88000,88000,1,1
2017-11-26,10000065,3429,100000,100000,100000,1,1
2017-11-26,10000065,3431,75000,75000,75000,1,1
2017-11-26,10000065,3433,100000,100000,100000,2,2
2017-11-26,10000065,3434,80000,80000,80000,7,7
2017-11-26,10000065,3436,20000,20000,20000,1,1
2017-11-26,10000065,3438,40000,40000,40000,5,5
2017-11-26,10000065,3439,200000,200000,200000,5,5
2017-11-26,10000065,3440,220000,220000,220000,1,1
2017-11-26,10000065,3441,380000,380000,380000,2,2
2017-11-26,10000065,3442,500000,500000,500000,9,9
2017-11-26,10000065,3443,20000,20000,20000,1,1
2017-11-26,10000065,3444,100000,100000,100000,2,2
2017-11-26,10000065,3446,100000,100000,100000,4,4
2017-11-26,10000065,3451,30000,30000,30000,2,2
2017-11-26,10000065,3452,40000,40000,40000,5,5
2017-11-26,10000065,3453,25000,25000,25000,1,1
2017-11-26,10000065,3456,10000000,10000000,10000000,1,1
2017-11-26,10000065,3528,119211.41,119211.41,119211.41,3,2
2017-11-26,10000065,3530,1773419.03,1739558.71,1875000,4,4
2017-11-26,10000065,3552,700,700,700,25,1
2017-11-26,10000065,3554,1399.99,1399.99,1399.99,10,1
2017-11-26,10000065,3566,19781.83,19549.5,19898,3,3
2017-11-26,10000065,3568,1499999,1499999,1499999,1,1
2017-11-26,10000065,3581,28999990,28999990,28999990,1,1
2017-11-26,10000065,3643,118.24,118.24,118.24,49815,5
2017-11-26,10000065,3645,281,281,281,40,1
2017-11-26,10000065,3647,225.27,225.27,225.27,75328,4
2017-11-26,10000065,3651,690.41,150,790,11,11
2017-11-26,10000065,3663,9800000,9800000,9800000,1,1
2017-11-26,10000065,3685,490,490,490,237721,9
2017-11-26,10000065,3687,793.13,793.13,793.13,4613068,22
2017-11-26,10000065,3713,6000,6000,6000,30,1
2017-11-26,10000065,3715,49.52,1,114.23,70,5
2017-11-26,10000065,3717,7.77,7.77,7.77,20,2
2017-11-26,10000065,3719,1,1,1,10,1
2017-11-26,10000065,3771,10.02,10.02,10.02,41,5
2017-11-26,10000065,3777,2862,2862,2862,10,1
2017-11-26,10000065,3814,27.73,27.73,27.73,870,5
2017-11-26,10000065,3831,1050500,1050500,1050500,6,2
2017-11-26,10000065,3839,100000,100000,100000,3,1
2017-11-26,10000065,3887,70663.33,41990,85000,3,3
2017-11-26,10000065,4025,20000.01,20000.01,20000.01,2,2
2017-11-26,10000065,4027,30266.67,5900.01,79000,3,3
2017-11-26,10000065,4250,2651912.4,2651912.4,2651912.4,1,1
2017-11-26,10000065,4385,4500000,4500000,4500000,1,1
2017-11-26,10000065,4391,199999.99,199999.99,199999.99,1,1
2017-11-26,10000065,4393,96000,96000,96000,6,2
2017-11-26,10000065,4405,3890000,3890000,3890000,3,2
2017-11-26,10000065,4411,600000,600000,600000,1,1
2017-11-26,10000065,4435,53525.39,106,74997.77,4,3
2017-11-26,10000065,4471,1561.99,1561.99,1561.99,3,2
2017-11-26,10000065,4477,19443.02,1386.05,37499.99,2,2
2017-11-26,10000065,4529,16400.01,800.01,32000,4,4
2017-11-26,10000065,4533,8017.77,8017.77,8017.77,1,1
2017-11-26,10000065,4609,75000,75000,75000,1,1
2017-11-26,10000065,4613,133400.69,101.04,400000,3,2
2017-11-26,10000065,4787,42486.34,42486.34,42486.34,1,1
2017-11-26,10000065,4871,88888,88888,88888,1,1
2017-11-26,10000065,5009,14999.9,14999.9,14999.9,1,1
2017-11-26,10000065,5087,800.01,800.01,800.01,1,1
2017-11-26,10000065,5089,100,100,100,2,2
2017-11-26,10000065,5091,9840,9840,9840,1,1
2017-11-26,10000065,5093,100,100,100,3,3
2017-11-26,10000065,5137,18000,18000,18000,1,1
2017-11-26,10000065,5175,35200,35200,35200,1,1
2017-11-26,10000065,5177,22725.97,3129.95,25000,10,6
2017-11-26,10000065,5217,45999.94,45999.94,45999.94,8,1
2017-11-26,10000065,5219,790990.9,790990.9,790990.9,6,1
2017-11-26,10000065,5221,139999.99,139999.99,139999.99,2,1
2017-11-26,10000065,5239,30586.6,21999.99,47477.75,22,16
2017-11-26,10000065,5245,26599,10503.89,42000,5,4
2017-11-26,10000065,5299,890001.43,890001.43,890001.43,3,1
2017-11-26,10000065,5320,50000,50000,50000,4,2
2017-11-26,10000065,5361,7.77,7.77,7.77,1,1
2017-11-26,10000065,5365,1000000.76,1000000.76,1000000.76,1,1
2017-11-26,10000065,5399,20628.75,2505,75000,4,4
2017-11-26,10000065,5439,51,51,51,5,2
2017-11-26,10000065,5443,133667.68,133667.68,133667.68,2,2
2017-11-26,10000065,5493,64999.99,64999.99,64999.99,5,1
2017-11-26,10000065,5533,150255.7,1037.78,199995,4,2
2017-11-26,10000065,5599,47500,47500,47500,1,1
2017-11-26,10000065,5693,1,1,1,1,1
2017-11-26,10000065,5747,800,800,800,2,2
2017-11-26,10000065,5839,1252999.99,629999.99,2498999.98,3,3
2017-11-26,10000065,5849,243500,47000,440000,2,2
2017-11-26,10000065,5945,25000,25000,25000,5,2
2017-11-26,10000065,5971,52872.01,2901.01,102843.01,2,2
2017-11-26,10000065,5973,322750,165000,488000,8,7
2017-11-26,10000065,5975,55000,55000,55000,10,1
2017-11-26,10000065,6001,90025,65000,212550,4,4
2017-11-26,10000065,6003,22453.61,10408.89,34997.77,8,8
2017-11-26,10000065,6005,27340,14501,33759.5,3,3
2017-11-26,10000065,6160,29595.94,202,117777.77,4,4
2017-11-26,10000065,6173,172766.7,172766.7,172766.7,1,1
2017-11-26,10000065,6325,114514,114514,114514,1,1
2017-11-26,10000065,6437,44000,44000,44000,1,1
2017-11-26,10000065,6443,8329.08,0.01,24987.21,3,3
2017-11-26,10000065,6527,250,250,250,3,2
2017-11-26,10000065,6569,36589.26,34000,41767.77,6,6
2017-11-26,10000065,6631,170707.06,99999.99,177777.77,11,4
2017-11-26,10000065,6633,81065.25,70000,114261,8,5
2017-11-26,10000065,6635,471666.85,35000.98,689999.78,6,4
2017-11-26,10000065,6637,3035.03,3035.03,3035.03,1,1
2017-11-26,10000065,6671,117777.77,117777.77,117777.77,1,1
2017-11-26,10000065,6673,101,101,101,1,1
2017-11-26,10000065,6675,1444243.78,1444243.78,1444243.78,1,1
2017-11-26,10000065,6677,61722.64,11499.94,137777.77,5,4
2017-11-26,10000065,6715,102244.71,1500.51,217777.77,15,7
2017-11-26,10000065,6717,124777.77,124777.77,124777.77,1,1
2017-11-26,10000065,6721,399997.77,399997.77,399997.77,6,4
2017-11-26,10000065,6811,3549990,3549990,3549990,2,1
2017-11-26,10000065,6959,230000,230000,230000,2,2
2017-11-26,10000065,6963,619999.82,619999.82,619999.82,1,1
2017-11-26,10000065,6965,355555,355555,355555,2,2
2017-11-26,10000065,7047,750000,750000,750000,1,1
2017-11-26,10000065,7049,395000,395000,395000,1,1
2017-11-26,10000065,7249,0.01,0.01,0.01,1,1
2017-11-26,10000065,7291,7.77,7.77,7.77,1,1
2017-11-26,10000065,7327,1000000,1000000,1000000,1,1
2017-11-26,10000065,7333,10000,10000,10000,1,1
2017-11-26,10000065,7371,1809.99,1809.99,1809.99,1,1
2017-11-26,10000065,7487,48017.99,48017.99,48017.99,1,1
2017-11-26,10000065,8089,303709.99,69709.99,459709.99,5,2
2017-11-26,10000065,8175,37087,37087,37087,1,1
2017-11-26,10000065,8177,27963.73,101.01,30750,11,2
2017-11-26,10000065,8225,59050.52,101.04,118000,2,2
2017-11-26,10000065,8263,501.04,501.04,501.04,4,3
2017-11-26,10000065,8295,28900,28900,28900,1,1
2017-11-26,10000065,8427,165067.77,165067.77,165067.77,1,1
2017-11-26,10000065,8433,775462.96,720000,886388.89,6,6
2017-11-26,10000065,8521,7.77,7.77,7.77,1,1
2017-11-26,10000065,8529,231836.01,187000,321508.02,3,2
2017-11-26,10000065,8531,777,777,777,1,1
2017-11-26,10000065,8537,7.77,7.77,7.77,1,1
2017-11-26,10000065,8748,79335.27,7.77,105777.77,4,4
2017-11-26,10000065,8759,128000,128000,128000,1,1
2017-11-26,10000065,8815,10000,10000,10000,2,2
2017-11-26,10000065,9127,250000,250000,250000,1,1
2017-11-26,10000065,9580,1827.77,1827.77,1827.77,2,1
2017-11-26,10000065,9622,9217.33,1,27650,3,3
2017-11-26,10000065,9668,21000.19,21000.19,21000.19,4,1
2017-11-26,10000065,9680,101.03,101.03,101.03,1,1
2017-11-26,10000065,9808,41011,41011,41011,1,1
2017-11-26,10000065,9826,1,1,1,40,3
2017-11-26,10000065,9850,510.68,510.68,510.86,214025,5
2017-11-26,10000065,9899,12500000,12500000,12500000,1,1
2017-11-26,10000065,9941,12704995,12500000,12909990,2,2
2017-11-26,10000065,9942,12500000,12500000,12500000,1,1
2017-11-26,10000065,9943,14645000,12500000,16790000,2,2
2017-11-26,10000065,9944,100,100,100,1,1
2017-11-26,10000065,9956,11750000,11000000,12500000,2,2
2017-11-26,10000065,10039,21998.74,21998.74,21998.74,2,2
2017-11-26,10000065,10040,3360,3360,3360,1,1
2017-11-26,10000065,10209,179999990,179999990,179999990,1,1
2017-11-26,10000065,10212,25000000,25000000,25000000,1,1
2017-11-26,10000065,10213,179999990,179999990,179999990,1,1
2017-11-26,10000065,10216,22599990,22599990,22599990,1,1
2017-11-26,10000065,10217,179999990,179999990,179999990,1,1
2017-11-26,10000065,10221,25000000,25000000,25000000,1,1
2017-11-26,10000065,10222,179999990,179999990,179999990,1,1
2017-11-26,10000065,10226,179999990,179999990,179999990,1,1
2017-11-26,10000065,10246,10347.13,1777.78,22777.7,42,6
2017-11-26,10000065,10247,19986000,19986000,19986000,1,1
2017-11-26,10000065,10250,1050000,1050000,1050000,5,1
2017-11-26,10000065,10836,271371.91,271371.91,271371.91,1,1
2017-11-26,10000065,10874,89000,89000,89000,1,1
2017-11-26,10000065,10998,116261.43,52900,498000,14,7
2017-11-26,10000065,11082,1949999.5,1199999,2700000,2,2
2017-11-26,10000065,11083,1000000,1000000,1000000,1,1
2017-11-26,10000065,11129,9550.01,600.01,18500,2,2
2017-11-26,10000065,11130,50000,50000,50000,1,1
2017-11-26,10000065,11132,18166.67,15000,24500,3,3
2017-11-26,10000065,11134,22099.78,20000,50000,18,18
2017-11-26,10000065,11172,37461648.68,37461648.68,37461648.68,1,1
2017-11-26,10000065,11207,500000,500000,500000,6,6
2017-11-26,10000065,11227,110000,110000,110000,2,2
2017-11-26,10000065,11267,197916.67,197500,198000,6,2
2017-11-26,10000065,11269,911826.69,900000,917740.03,3,3
2017-11-26,10000065,11285,2900.9,2900.9,2900.9,10,1
2017-11-26,10000065,11287,5750,5750,5750,1,1
2017-11-26,10000065,11289,7200,7200,7200,1,1
2017-11-26,10000065,11293,150000,150000,150000,6,4
2017-11-26,10000065,11297,399999,399999,399999,2,2
2017-11-26,10000065,11299,10000,10000,10000,2,1
2017-11-26,10000065,11301,1000,1000,1000,2,1
2017-11-26,10000065,11303,1000,1000,1000,1,1
2017-11-26,10000065,11305,1000,1000,1000,3,1
2017-11-26,10000065,11311,250000,200000,300000,2,2
2017-11-26,10000065,11317,165000,165000,165000,1,1
2017-11-26,10000065,11319,70000,70000,70000,1,1
2017-11-26,10000065,11325,257334.95,36002.43,700000,3,2
2017-11-26,10000065,11327,260000,260000,260000,3,1
2017-11-26,10000065,11341,25505,25505,25505,2,2
2017-11-26,10000065,11343,55053.51,1505.01,180000,10,8
2017-11-26,10000065,11349,1099.99,1099.99,1099.99,2,2
2017-11-26,10000065,11351,1009.99,1009.99,1009.99,1,1
2017-11-26,10000065,11365,35000000,35000000,35000000,1,1
2017-11-26,10000065,11370,2200000,2200000,2200000,1,1
2017-11-26,10000065,11395,500000,500000,500000,2,2
2017-11-26,10000065,11399,8020,8020,8020,7,1
2017-11-26,10000065,11433,10000000,10000000,10000000,1,1
2017-11-26,10000065,11441,10000000,10000000,10000000,1,1
2017-11-26,10000065,11442,10000000,10000000,10000000,1,1
2017-11-26,10000065,11443,10000000,10000000,10000000,1,1
2017-11-26,10000065,11444,10000000,10000000,10000000,1,1
2017-11-26,10000065,11445,10000000,10000000,10000000,1,1
2017-11-26,10000065,11446,10000000,10000000,10000000,1,1
2017-11-26,10000065,11447,10000000,10000000,10000000,1,1
2017-11-26,10000065,11448,10000000,10000000,10000000,1,1
2017-11-26,10000065,11449,10000000,10000000,10000000,1,1
2017-11-26,10000065,11451,10000000,10000000,10000000,1,1
2017-11-26,10000065,11452,10000000,10000000,10000000,1,1
2017-11-26,10000065,11454,10000000,10000000,10000000,1,1
2017-11-26,10000065,11489,145000,145000,145000,5,1
2017-11-26,10000065,11529,10000000,10000000,10000000,1,1
2017-11-26,10000065,11563,279999.7,279999.7,279999.7,4,3
2017-11-26,10000065,11566,120000,120000,120000,5,5
2017-11-26,10000065,11569,400000,400000,400000,2,2
2017-11-26,10000065,11572,400000,400000,400000,2,2
2017-11-26,10000065,11574,2000000,2000000,2000000,2,2
2017-11-26,10000065,11577,4800000,4800000,4800000,1,1
2017-11-26,10000065,11578,6979991,6300000,7999977.5,5,5
2017-11-26,10000065,11579,3500000,3500000,3500000,5,5
2017-11-26,10000065,11584,62512.51,75.05,75000,6,6
2017-11-26,10000065,11621,99000,99000,99000,1,1
2017-11-26,10000065,11628,200000,200000,200000,1,1
2017-11-26,10000065,11631,200000,200000,200000,1,1
2017-11-26,10000065,11640,836000,836000,836000,1,1
2017-11-26,10000065,11740,140,140,140,1,1
2017-11-26,10000065,11855,240,240,240,61938,2
2017-11-26,10000065,11944,1,1,1,10,1
2017-11-26,10000065,12056,75000,75000,75000,1,1
2017-11-26,10000065,12057,322560,322560,322560,1,1
2017-11-26,10000065,12093,4000000,4000000,4000000,2,2
2017-11-26,10000065,12095,3999999,3999999,3999999,1,1
2017-11-26,10000065,12179,40000000,40000000,40000000,2,2
2017-11-26,10000065,12180,375000,375000,375000,1,1
2017-11-26,10000065,12181,350000,350000,350000,1,1
2017-11-26,10000065,12182,325000,325000,325000,2,2
2017-11-26,10000065,12183,275000,275000,275000,1,1
2017-11-26,10000065,12184,250000,250000,250000,1,1
2017-11-26,10000065,12185,225000,225000,225000,1,1
2017-11-26,10000065,12186,200000,200000,200000,1,1
2017-11-26,10000065,12187,175000,175000,175000,2,2
2017-11-26,10000065,12188,150000,150000,150000,6,6
2017-11-26,10000065,12189,400000,400000,400000,1,1
2017-11-26,10000065,12190,125000,125000,125000,1,1
2017-11-26,10000065,12191,75000,75000,75000,2,2
2017-11-26,10000065,12192,100000,100000,100000,3,3
2017-11-26,10000065,12193,50000,50000,50000,4,4
2017-11-26,10000065,12194,300000,300000,300000,1,1
2017-11-26,10000065,12195,25000,25000,25000,1,1
2017-11-26,10000065,12196,300000,300000,300000,2,2
2017-11-26,10000065,12205,9000000,9000000,9000000,2,2
2017-11-26,10000065,12210,3199990,3199990,3199990,2,2
2017-11-26,10000065,12212,18000000,18000000,18000000,1,1
2017-11-26,10000065,12213,1000000,1000000,1000000,2,2
2017-11-26,10000065,12215,9000000,9000000,9000000,2,2
2017-11-26,10000065,12257,160000,160000,160000,1,1
2017-11-26,10000065,12305,100000,100000,100000,7,7
2017-11-26,10000065,12354,1800000,1800000,1800000,1,1
2017-11-26,10000065,12365,120000,120000,120000,5,5
2017-11-26,10000065,12366,120000,120000,120000,5,5
2017-11-26,10000065,12367,120000,120000,120000,7,7
2017-11-26,10000065,12441,3699932.8,3699915,3700000,5,5
2017-11-26,10000065,12442,999963,999888.99,1000000,3,3
2017-11-26,10000065,12484,7145000,5290000,9000000,2,2
2017-11-26,10000065,12532,242000.46,242000.46,242000.46,1,1
2017-11-26,10000065,12533,7000.71,7000.71,7000.71,1,1
2017-11-26,10000065,12543,2149.99,2149.99,2149.99,1,1
2017-11-26,10000065,12551,70.02,70.02,70.02,1,1
2017-11-26,10000065,13278,100000,100000,100000,2,2
2017-11-26,10000065,13279,250000,250000,250000,5,5
2017-11-26,10000065,13283,10005.01,10005.01,10005.01,1,1
2017-11-26,10000065,13286,10000.32,10000.32,10000.32,1,1
2017-11-26,10000065,14276,100000,100000,100000,1,1
2017-11-26,10000065,14358,1.01,1.01,1.01,25,1
2017-11-26,10000065,15331,950.04,950.04,950.04,1420,96
2017-11-26,10000065,15508,54990,54990,54990,2,1
2017-11-26,10000065,15587,2422.58,2200,4500,31,10
2017-11-26,10000065,15588,4000,4000,4000,2,1
2017-11-26,10000065,15589,7500,7500,7500,13,2
2017-11-26,10000065,15590,10000,10000,10000,20,7
2017-11-26,10000065,15596,201.01,201.01,201.01,3,1
2017-11-26,10000065,15597,821.28,821.28,821.28,1,1
2017-11-26,10000065,15598,1500.13,1500.13,1500.13,1,1
2017-11-26,10000065,15599,1400,1400,1400,1,1
2017-11-26,10000065,15608,613.15,613.15,613.15,2,1
2017-11-26,10000065,15613,60000,60000,60000,2,1
2017-11-26,10000065,15614,100000.04,100000.04,100000.04,20,1
2017-11-26,10000065,15625,2531.25,2250,4500,24,5
2017-11-26,10000065,15626,2000,2000,2000,9,3
2017-11-26,10000065,15627,7500,7500,7500,1,1
2017-11-26,10000065,15628,20000,20000,20000,6,1
2017-11-26,10000065,15629,18750,12500,25000,2,2
2017-11-26,10000065,15630,82001.23,82001.23,82001.23,1,1
2017-11-26,10000065,15646,25000,25000,25000,1,1
2017-11-26,10000065,15660,27500,15000,30000,6,2
2017-11-26,10000065,15669,100000.01,100000.01,100000.01,8,1
2017-11-26,10000065,15996,1500.01,1500.01,1500.01,1,1
2017-11-26,10000065,15997,25500,20999.99,30000,2,2
2017-11-26,10000065,15998,40999.99,40999.99,40999.99,3,2
2017-11-26,10000065,16000,30000.08,30000.08,30000.08,3,1
2017-11-26,10000065,16002,22000.02,22000.02,22000.02,2,2
2017-11-26,10000065,16069,76666.67,60000,85000,3,3
2017-11-26,10000065,16118,2000.85,2000.85,2000.85,3,1
2017-11-26,10000065,16119,101.8,101.8,101.8,4,1
2017-11-26,10000065,16233,25101500.51,25101001.01,25102000,2,2
2017-11-26,10000065,16236,1630665.93,1325500,3950000,15,15
2017-11-26,10000065,16273,250,150,250,4150,10
2017-11-26,10000065,16275,5000,5000,5000,130,1
2017-11-26,10000065,16278,2733306.5,2566613,2899999.99,4,2
2017-11-26,10000065,16281,375000,375000,375000,2,2
2017-11-26,10000065,16305,7.77,7.77,7.77,1,1
2017-11-26,10000065,16311,565000,500000,630000,2,2
2017-11-26,10000065,16357,149000,149000,149000,1,1
2017-11-26,10000065,16367,10000.02,10000.02,10000.02,3,1
2017-11-26,10000065,16369,10000,10000,10000,1,1
2017-11-26,10000065,16371,5000.01,5000.01,5000.01,1,1
2017-11-26,10000065,16381,10000,10000,10000,1,1
2017-11-26,10000065,16389,510000,510000,510000,1,1
2017-11-26,10000065,16435,200,200,200,1,1
2017-11-26,10000065,16475,645160,320,1290000,2,2
2017-11-26,10000065,16497,10510.99,10510.99,10510.99,6,3
2017-11-26,10000065,16499,5000.01,5000.01,5000.01,1,1
2017-11-26,10000065,16505,1000.28,1000.28,1000.28,2,2
2017-11-26,10000065,16507,511.04,511.04,511.04,1,1
2017-11-26,10000065,16596,35000000,35000000,35000000,1,1
2017-11-26,10000065,16598,3500000,3500000,3500000,4,4
2017-11-26,10000065,17200,48000.28,48000.28,48000.28,2,2
2017-11-26,10000065,17203,500.83,500.83,500.83,3,1
2017-11-26,10000065,17210,125000,125000,125000,1,1
2017-11-26,10000065,17233,32.06,32.06,32.06,1,1
2017-11-26,10000065,17366,62221.79,50000,90739.31,10,2
2017-11-26,10000065,17367,500000,500000,500000,1,1
2017-11-26,10000065,17444,373.95,373.95,373.95,1374,1
2017-11-26,10000065,17445,408.92,408.92,408.92,5797,2
2017-11-26,10000065,17448,300,300,300,9224,3
2017-11-26,10000065,17449,335.06,335.06,335.06,8075,3
2017-11-26,10000065,17452,146.06,146.06,146.06,228533,23
2017-11-26,10000065,17453,173.65,173.65,173.65,293641,22
2017-11-26,10000065,17459,37.88,37.88,37.88,2772940,33
2017-11-26,10000065,17460,45.19,45.19,45.19,1892960,46
2017-11-26,10000065,17463,18.26,18.26,18.26,766233,38
2017-11-26,10000065,17464,15.11,15.11,15.11,445564,34
2017-11-26,10000065,17470,12.02,12.02,12.02,6262198,57
2017-11-26,10000065,17471,13.35,13.35,13.35,3230884,35
2017-11-26,10000065,17476,29999499,29999499,29999499,1,1
2017-11-26,10000065,17478,8500000,8500000,8500000,1,1
2017-11-26,10000065,17480,18133329.85,17399989.54,18500000,3,3
2017-11-26,10000065,17482,2164000,2100000,2805500,16,8
2017-11-26,10000065,17796,4000.01,4000.01,4000.01,10,1
2017-11-26,10000065,17867,31,31,31,42,1
2017-11-26,10000065,17868,32.03,32.03,32.03,6404,5
2017-11-26,10000065,17887,906,906,906,2800,1
2017-11-26,10000065,17888,890,890,890,40000,3
2017-11-26,10000065,17889,775,775,775,2000,1
2017-11-26,10000065,17895,47777.78,47777.78,47777.78,1,1
2017-11-26,10000065,17912,5622640,5511000,5790100,5,3
2017-11-26,10000065,17938,31324.83,27300,34400,12,12
2017-11-26,10000065,17940,500000,499999.99,500000,12,12
2017-11-26,10000065,18025,400000,400000,400000,1,1
2017-11-26,10000065,18037,800000,800000,800000,1,1
2017-11-26,10000065,18039,750000,750000,750000,1,1
2017-11-26,10000065,18041,700000,700000,700000,1,1
2017-11-26,10000065,18043,600000,600000,600000,1,1
2017-11-26,10000065,18045,550000,550000,550000,1,1
2017-11-26,10000065,18047,500000,500000,500000,1,1
2017-11-26,10000065,18049,450000,450000,450000,1,1
2017-11-26,10000065,18051,400000,400000,400000,1,1
2017-11-26,10000065,18053,350000,350000,350000,1,1
2017-11-26,10000065,18055,1000000,1000000,1000000,1,1
2017-11-26,10000065,18057,300000,300000,300000,1,1
2017-11-26,10000065,18059,250000,250000,250000,1,1
2017-11-26,10000065,18061,200000,200000,200000,1,1
2017-11-26,10000065,18063,150000,150000,150000,1,1
2017-11-26,10000065,18065,650000,650000,650000,1,1
2017-11-26,10000065,18066,49999.99,49999.99,49999.99,2,1
2017-11-26,10000065,18067,100000,100000,100000,1,1
2017-11-26,10000065,18635,5089.98,5089.98,5089.98,40,1
2017-11-26,10000065,18639,51534.73,38000,65069.45,2,2
2017-11-26,10000065,19400,11000,11000,11000,16,3
2017-11-26,10000065,19404,180000,180000,180000,5,3
2017-11-26,10000065,19406,600000,600000,600000,13,8
2017-11-26,10000065,19407,1200000,1200000,1200000,4,4
2017-11-26,10000065,19416,43200000,43200000,43200000,2,2
2017-11-26,10000065,19417,51680000,51680000,51680000,3,2
2017-11-26,10000065,19418,61200000,61200000,61200000,2,1
2017-11-26,10000065,19419,80000000,80000000,80000000,2,1
2017-11-26,10000065,19421,133837000,133837000,133837000,5,1
2017-11-26,10000065,19744,403422.3,312203.3,582500,10,9
2017-11-26,10000065,19810,77777.77,77777.77,77777.77,1,1
2017-11-26,10000065,19921,90000,90000,90000,2,2
2017-11-26,10000065,19939,1501.01,1501.01,1501.01,2,2
2017-11-26,10000065,20210,1649992.49,1200000,1799989.99,4,4
2017-11-26,10000065,20312,1770000,1770000,1770000,1,1
2017-11-26,10000065,20314,276596.67,229930,299930,3,3
2017-11-26,10000065,20315,3490000,3490000,3490000,1,1
2017-11-26,10000065,20342,50000000,50000000,50000000,1,1
2017-11-26,10000065,20353,3599989,3599989,3599989,1,1
2017-11-26,10000065,20494,100000,100000,100000,3,3
2017-11-26,10000065,20495,100000,100000,100000,2,2
2017-11-26,10000065,20531,150000000,150000000,150000000,1,1
2017-11-26,10000065,20533,400000000,400000000,400000000,2,2
2017-11-26,10000065,21059,120000,120000,120000,6,6
2017-11-26,10000065,21071,389283.33,387849.99,390000,3,3
2017-11-26,10000065,21096,3282620,805000.02,4000000,5,5
2017-11-26,10000065,21603,10000000,10000000,10000000,5,5
2017-11-26,10000065,21610,20000000,20000000,20000000,3,3
2017-11-26,10000065,21611,30000000,30000000,30000000,2,2
2017-11-26,10000065,21666,30000000,30000000,30000000,1,1
2017-11-26,10000065,21740,1405.8,1405.8,1405.8,10000,1
2017-11-26,10000065,21790,75000,75000,75000,1,1
2017-11-26,10000065,21791,72000,72000,72000,1,1
2017-11-26,10000065,21803,17500000,17500000,17500000,1,1
2017-11-26,10000065,21853,48577.55,20049.5,88514,11,8
2017-11-26,10000065,21857,25669.12,14011.1,28999.98,9,7
2017-11-26,10000065,22043,25000000,25000000,25000000,1,1
2017-11-26,10000065,22120,47788649.97,47788649.97,47788649.97,1,1
2017-11-26,10000065,22175,76899.9,57250,150000,10,10
2017-11-26,10000065,22177,65707.66,57473.99,150000,12,12
2017-11-26,10000065,22242,75000000,75000000,75000000,4,2
2017-11-26,10000065,22536,480000,350000,1000000,5,5
2017-11-26,10000065,22541,9000000,9000000,9000000,4,3
2017-11-26,10000065,22542,41357.57,1777.77,50000,22,15
2017-11-26,10000065,22552,4333333.33,4000000,5000000,3,3
2017-11-26,10000065,22576,71680.82,43361.64,100000,6,2
2017-11-26,10000065,22578,80000,79999.99,80000,24,24
2017-11-26,10000065,22611,29999999.99,29999999.99,29999999.99,1,1
2017-11-26,10000065,22761,32000000,32000000,32000000,1,1
2017-11-26,10000065,22806,120000,120000,120000,4,4
2017-11-26,10000065,22807,120000,120000,120000,4,4
2017-11-26,10000065,22808,120000,120000,120000,4,4
2017-11-26,10000065,22809,120000,120000,120000,4,4
2017-11-26,10000065,23009,644.52,644.52,644.52,6,1
2017-11-26,10000065,23071,598990.47,598990.47,598990.47,6,1
2017-11-26,10000065,23527,750000,750000,750000,1,1
2017-11-26,10000065,23566,400000,400000,400000,2,2
2017-11-26,10000065,23594,450000,450000,450000,4,4
2017-11-26,10000065,23606,150000,150000,150000,10,10
2017-11-26,10000065,23618,50000,50000,50000,7,7
2017-11-26,10000065,23709,25762,25762,25762,5,1
2017-11-26,10000065,24241,50000,50000,50000,16,16
2017-11-26,10000065,24242,1000000,1000000,1000000,7,7
2017-11-26,10000065,24268,7500000,7500000,7500000,1,1
2017-11-26,10000065,24348,1948500,1700000,2197000,2,2
2017-11-26,10000065,24445,400000,400000,400000,6,2
2017-11-26,10000065,24473,120,120,120,5144,2
2017-11-26,10000065,24509,550,550,550,5000,2
2017-11-26,10000065,24521,1490,1490,1490,3000,2
2017-11-26,10000065,24563,250000000,250000000,250000000,1,1
2017-11-26,10000065,24571,10000000,10000000,10000000,1,1
2017-11-26,10000065,24624,20000000,20000000,20000000,1,1
2017-11-26,10000065,24625,20000000,20000000,20000000,1,1
2017-11-26,10000065,25235,150000,150000,150000,2,2
2017-11-26,10000065,25588,8645.17,7000.01,10000,31,10
2017-11-26,10000065,25589,2001.31,2000.01,2038.88,60,9
2017-11-26,10000065,25590,79905.31,79905.31,79905.31,238,35
2017-11-26,10000065,25591,121300,109000,150000,20,9
2017-11-26,10000065,25592,5060.8,5060.8,5060.8,175,23
2017-11-26,10000065,25593,5570.05,5570.05,5570.05,16,6
2017-11-26,10000065,25594,25010.07,25010.07,25010.07,306,35
2017-11-26,10000065,25595,15115.27,15010.86,15611.47,23,10
2017-11-26,10000065,25596,20697,20692.72,20700,84,14
2017-11-26,10000065,25597,2455.99,2450,2480,71,6
2017-11-26,10000065,25598,6730,1,10000,228,28
2017-11-26,10000065,25599,800.03,800.03,800.03,378,31
2017-11-26,10000065,25600,22470.05,22470.05,22470.05,555,33
2017-11-26,10000065,25601,3600.07,3600.07,3600.07,327,28
2017-11-26,10000065,25603,17970.03,17970.03,17970.03,149,20
2017-11-26,10000065,25604,9235.71,9200,9300,28,11
2017-11-26,10000065,25605,10110.07,10110.07,10110.07,128,25
2017-11-26,10000065,25606,34560.31,34560.31,34560.31,1,1
2017-11-26,10000065,25608,262000.05,262000.05,262000.05,1,1
2017-11-26,10000065,25617,84100.2,84100.2,84100.2,2,1
2017-11-26,10000065,25618,13028.16,13028.16,13028.16,4,1
2017-11-26,10000065,25620,18000,18000,18000,12,1
2017-11-26,10000065,25623,8000,8000,8000,3,1
2017-11-26,10000065,25625,517000,517000,517000,1,1
2017-11-26,10000065,25718,5499990,5499990,5499990,1,1
2017-11-26,10000065,25719,1874920,1874920,1874920,1,1
2017-11-26,10000065,25810,450000,450000,450000,1,1
2017-11-26,10000065,25811,450000,450000,450000,1,1
2017-11-26,10000065,25861,69134.79,65000,75000,37,22
2017-11-26,10000065,25862,332640,332640,332640,1,1
2017-11-26,10000065,25863,1000000,1000000,1000000,1,1
2017-11-26,10000065,26252,60000,60000,60000,7,7
2017-11-26,10000065,26253,100000,100000,100000,5,5
2017-11-26,10000065,26254,20000,20000,20000,5,5
2017-11-26,10000065,26255,100000,100000,100000,6,6
2017-11-26,10000065,26256,100000,100000,100000,5,5
2017-11-26,10000065,26257,100000,100000,100000,2,2
2017-11-26,10000065,26258,100000,100000,100000,8,8
2017-11-26,10000065,26259,100000,100000,100000,2,2
2017-11-26,10000065,26260,100000,100000,100000,2,2
2017-11-26,10000065,26261,100000,100000,100000,2,2
2017-11-26,10000065,26929,175000,175000,175000,1,1
2017-11-26,10000065,26931,3400000,3400000,3400000,1,1
2017-11-26,10000065,27015,20000,20000,20000,48,48
2017-11-26,10000065,27174,184990050.47,184990050.47,184990050.47,1,1
2017-11-26,10000065,27327,850,850,850,10000,1
2017-11-26,10000065,27902,100000,100000,100000,4,4
2017-11-26,10000065,27911,12000000,12000000,12000000,1,1
2017-11-26,10000065,28073,13000000,13000000,13000000,1,1
2017-11-26,10000065,28164,4500000,4500000,4500000,2,2
2017-11-26,10000065,28434,223956.72,223956.72,223956.72,1,1
2017-11-26,10000065,28576,1215000,1050000,1990000,6,5
2017-11-26,10000065,28578,850000,850000,850000,1,1
2017-11-26,10000065,28609,32000000,32000000,32000000,2,2
2017-11-26,10000065,28667,64000000,64000000,64000000,2,2
2017-11-26,10000065,28756,38500000,38500000,38500000,1,1
2017-11-26,10000065,28758,40000000,38000000,41000000,3,3
2017-11-26,10000065,28879,1000000,1000000,1000000,1,1
2017-11-26,10000065,28880,5000000,5000000,5000000,1,1
2017-11-26,10000065,28999,13000,13000,13000,6,2
2017-11-26,10000065,29001,13000,13000,13000,2,1
2017-11-26,10000065,29005,50000,50000,50000,2,1
2017-11-26,10000065,29009,20274.99,13000,27549.98,2,2
2017-11-26,10000065,29011,117777.77,117777.77,117777.77,1,1
2017-11-26,10000065,29029,100000000,100000000,100000000,1,1
2017-11-26,10000065,29248,456075.55,329999.99,550000,14,14
2017-11-26,10000065,29637,50000000,50000000,50000000,2,2
2017-11-26,10000065,30013,9449,9449,9449.96,365,29
2017-11-26,10000065,30324,10000000,10000000,10000000,2,2
2017-11-26,10000065,30325,10000000,10000000,10000000,1,1
2017-11-26,10000065,30327,10000000,10000000,10000000,1,1
2017-11-26,10000065,30328,1,1,1,3,3
2017-11-26,10000065,30342,100,100,100,1,1
2017-11-26,10000065,30420,0.1,0.1,0.1,2,2
2017-11-26,10000065,30486,598277.76,590000,604899.97,18,2
2017-11-26,10000065,30488,485600,485000,487999.98,40,5
2017-11-26,10000065,30550,5000000,5000000,5000000,1,1
2017-11-26,10000065,30553,5000000,5000000,5000000,1,1
2017-11-26,10000065,30744,200000,200000,200000,5972,19
2017-11-26,10000065,30745,500000,500000,500000,5844,19
2017-11-26,10000065,30746,1500000,1500000,1500000,2179,14
2017-11-26,10000065,30747,5000000,5000000,5000000,1175,13
2017-11-26,10000065,30788,10000000,10000000,10000000,1,1
2017-11-26,10000065,30832,1500000,1500000,1500000,1,1
2017-11-26,10000065,30834,1560000,1560000,1560000,3,3
2017-11-26,10000065,30839,2533.33,100,7400,3,2
2017-11-26,10000065,30987,647999.99,647999.99,647999.99,1,1
2017-11-26,10000065,31009,810000,810000,810000,1,1
2017-11-26,10000065,31117,425666.67,417000,430000,3,2
2017-11-26,10000065,31119,3793000,3475000,4111000,6,2
2017-11-26,10000065,31153,420000,420000,420000,1,1
2017-11-26,10000065,31159,577767.77,577767.77,577767.77,3,2
2017-11-26,10000065,31183,3737822.63,3737822.63,3737822.63,1,1
2017-11-26,10000065,31201,253529.41,253529.41,253529.41,1,1
2017-11-26,10000065,31213,209857.86,157000,231001,7,5
2017-11-26,10000065,31214,125000,125000,125000,1,1
2017-11-26,10000065,31226,74997.77,74997.77,74997.77,1,1
2017-11-26,10000065,31274,290000,290000,290000,1,1
2017-11-26,10000065,31298,157000,157000,157000,2,1
2017-11-26,10000065,31358,866975,866950,867000,6,4
2017-11-26,10000065,31359,125000,125000,125000,1,1
2017-11-26,10000065,31360,3865386.14,3865386.14,3865386.14,3,3
2017-11-26,10000065,31366,31052698.62,31052698.62,31052698.62,1,1
2017-11-26,10000065,31370,302475.59,299999.99,305000,20,9
2017-11-26,10000065,31371,125000,125000,125000,1,1
2017-11-26,10000065,31372,2474000,2474000,2474000,1,1
2017-11-26,10000065,31373,750000,750000,750000,1,1
2017-11-26,10000065,31406,927000,675000,990000,5,4
2017-11-26,10000065,31442,317800,317800,317800,1,1
2017-11-26,10000065,31454,342799.99,342799.99,342799.99,1,1
2017-11-26,10000065,31716,115704.67,115013.63,117777.77,4,3
2017-11-26,10000065,31722,3237834.27,3237834.27,3237834.27,1,1
2017-11-26,10000065,31728,155555,155555,155555,1,1
2017-11-26,10000065,31776,174999.71,174999.71,174999.71,1,1
2017-11-26,10000065,31788,469999.98,469999.98,469999.98,2,2
2017-11-26,10000065,31790,3400000,3400000,3400000,1,1
2017-11-26,10000065,31800,490990,490990,490990,1,1
2017-11-26,10000065,32025,710000,710000,710000,1,1
2017-11-26,10000065,32459,0.1,0.1,0.1,3,3
2017-11-26,10000065,32787,48530.52,47000,59999.99,49,10
2017-11-26,10000065,32819,3049500,2600000,3499000,6,2
2017-11-26,10000065,32858,180000,180000,180000,1,1
2017-11-26,10000065,32872,1225000,1225000,1225000,1,1
2017-11-26,10000065,32874,4500000,4500000,4500000,2,2
2017-11-26,10000065,32880,142121.18,112000.13,194999,33,31
2017-11-26,10000065,32918,20020.03,40.05,40000,2,2
2017-11-26,10000065,32999,200000,200000,200000,4,4
2017-11-26,10000065,33000,200000,200000,200000,3,3
2017-11-26,10000065,33001,200000,200000,200000,3,3
2017-11-26,10000065,33002,200000,200000,200000,3,3
2017-11-26,10000065,33078,1000000,1000000,1000000,4,4
2017-11-26,10000065,33091,90000,50000,100000,5,5
2017-11-26,10000065,33092,100000,100000,100000,4,4
2017-11-26,10000065,33093,100000,100000,100000,2,2
2017-11-26,10000065,33095,1000000,1000000,1000000,2,2
2017-11-26,10000065,33096,1000000,1000000,1000000,2,2
2017-11-26,10000065,33097,1000000,1000000,1000000,2,2
2017-11-26,10000065,33098,1000000,1000000,1000000,2,2
2017-11-26,10000065,33141,26999998.94,26999998.94,26999998.94,1,1
2017-11-26,10000065,33176,140604.65,140604.65,140604.65,1,1
2017-11-26,10000065,33180,107989.99,107989.99,107989.99,1,1
2017-11-26,10000065,33197,1500000,1500000,1500000,1,1
2017-11-26,10000065,33201,1500000,1500000,1500000,1,1
2017-11-26,10000065,33393,90000000,90000000,90000000,1,1
2017-11-26,10000065,33394,95000000,95000000,95000000,1,1
2017-11-26,10000065,33399,5000000,5000000,5000000,2,2
2017-11-26,10000065,33468,66500000,66500000,66500000,1,1
2017-11-26,10000065,33474,3666666.67,3000000,4000000,3,3
2017-11-26,10000065,33475,8500000,8500000,8500000,2,2
2017-11-26,10000065,33681,119999990,119999990,119999990,2,1
2017-11-26,10000065,33699,100000,100000,100000,7,7
2017-11-26,10000065,33704,45000,45000,45000,5,1
2017-11-26,10000065,33816,75000000,75000000,75000000,1,1
2017-11-26,10000065,33856,4000000,4000000,4000000,2,2
2017-11-26,10000065,33890,1050000,1050000,1050000,1,1
2017-11-26,10000065,33915,625010.05,625010.05,625010.05,1,1
2017-11-26,10000065,34132,265000000,265000000,265000000,2,1
2017-11-26,10000065,34201,210000.06,210000.06,210000.06,1,1
2017-11-26,10000065,34203,250000,250000,250000,1,1
2017-11-26,10000065,34205,210000.09,210000.09,210000.09,1,1
2017-11-26,10000065,34288,19999999.98,19999999.98,19999999.98,1,1
2017-11-26,10000065,34317,70000000,70000000,70000000,1,1
2017-11-26,10000065,34327,35000000,35000000,35000000,1,1
2017-11-26,10000065,34390,1000000,1000000,1000000,14,5
2017-11-26,10000065,35062,599888,599888,599888,1,1
2017-11-26,10000065,35656,53400,15000,61000,5,5
2017-11-26,10000065,35657,150999,150999,150999,1,1
2017-11-26,10000065,35658,46375,1500,60000,4,4
2017-11-26,10000065,35659,501.04,501.04,501.04,2,2
2017-11-26,10000065,35661,26000,26000,26000,2,1
2017-11-26,10000065,35662,13000,13000,13000,1,1
2017-11-26,10000065,35680,1000000,1000000,1000000,1,1
2017-11-26,10000065,35683,84999990,84999990,84999990,1,1
2017-11-26,10000065,35685,1000000,1000000,1000000,1,1
2017-11-26,10000065,37135,35000000,35000000,35000000,1,1
2017-11-26,10000065,37610,600000,600000,600000,1,1
2017-11-26,10000065,37615,20000000,20000000,20000000,1,1
2017-11-26,10000065,37796,5000000,5000000,5000000,1,1
2017-11-26,10000065,37797,5000000,5000000,5000000,1,1
2017-11-26,10000065,37798,5000000,5000000,5000000,2,2
2017-11-26,10000065,37799,5000000,5000000,5000000,2,2
2017-11-26,10000065,40520,798799333.33,798799000,798799999.99,6,4
2017-11-26,10000065,40572,100000000,100000000,100000000,1,1
2017-11-26,10000065,41030,15000000.18,15000000.18,15000000.18,1,1
2017-11-26,10000065,41034,190000.91,190000.91,190000.91,3,1
2017-11-26,10000065,41537,250000000,250000000,250000000,1,1
2017-11-26,10000065,42244,60000000,60000000,60000000,1,1
2017-11-26,10000065,42685,69999990,69999990,69999990,1,1
2017-11-26,10000065,42830,1100,1100,1100,500,1
2017-11-26,10000065,43699,450000,450000,450000,5,1
2017-11-26,10000065,43702,80000,80000,80000,4,4
2017-11-26,10000065,43703,18000000,18000000,18000000,2,2
2017-11-26,10000065,44109,5.01,5.01,5.01,1,1
2017-11-26,10000065,44110,420.01,420.01,420.01,300,1
2017-11-26,10000065,44992,3038420.18,3037420.24,3038422.24,4674,20
2017-11-26,10000065,45635,173069230.77,172300000,174800000,13,10
2017-11-26,10000065,45746,1000000,1000000,1000000,9,9
2017-11-26,10000065,45748,5000000,5000000,5000000,6,4
2017-11-26,10000065,45749,25000000,25000000,25000000,2,2
2017-11-26,10000065,45750,15000000,15000000,15000000,1,1
2017-11-26,10000065,45752,399888,399888,399888,1,1
2017-11-26,10000065,45996,1500000,1500000,1500000,1,1
2017-11-26,10000065,46008,6624833.33,6000000,9949000,6,4
2017-11-26,10000065,46152,10000000,10000000,10000000,3,2
2017-11-26,10000065,46153,15000000,15000000,15000000,1,1
2017-11-26,10000065,46154,20000000,20000000,20000000,3,2
2017-11-26,10000065,46155,25000000,25000000,25000000,4,3
2017-11-26,10000065,46156,30000000,30000000,30000000,3,2
2017-11-26,10000065,46204,20000000,20000000,20000000,1,1
2017-11-26,10000065,46350,10000000,10000000,10000000,1,1
2017-11-26,10000065,46352,10000000,10000000,10000000,1,1
2017-11-26,10000065,46357,10000000,10000000,10000000,1,1
2017-11-26,10000065,46359,10000000,10000000,10000000,1,1
2017-11-26,10000065,46361,10000000,10000000,10000000,1,1
2017-11-26,10000066,34,4.89,4.89,4.89,12593855,3
2017-11-26,10000066,35,4.87,4.87,4.87,14113646,7
2017-11-26,10000066,36,70.1,70.1,70.1,1292318,4
2017-11-26,10000066,37,46.9,46.9,46.9,110273,2
2017-11-26,10000066,38,339,339,339,69019,2
2017-11-26,10000066,39,1020,1020,1020,14016,3
2017-11-26,10000066,40,750,750,750,14982,3
2017-11-26,10000066,204,240,240,240,5000,1
2017-11-26,10000066,222,19.95,19.95,19.95,20000,1
2017-11-26,10000066,230,64,64,64,70000,1
2017-11-26,10000066,377,30000,30000,30000,2,1
2017-11-26,10000066,380,948399.45,948399.45,948399.45,1,1
2017-11-26,10000066,394,519999.33,280000,999998,3,2
2017-11-26,10000066,400,702499.5,699998.99,705000,2,2
2017-11-26,10000066,434,54999.73,54999.73,54999.73,1,1
2017-11-26,10000066,439,20000,20000,20000,3,3
2017-11-26,10000066,444,99000,99000,99000,12,1
2017-11-26,10000066,483,249999,249999,249999,7,1
2017-11-26,10000066,519,1340397.6,1340397.6,1340397.6,2,1
2017-11-26,10000066,527,1257508.1,1249999.98,1265016.21,4,3
2017-11-26,10000066,578,95000,95000,95000,4,3
2017-11-26,10000066,584,460000,460000,460000,5,1
2017-11-26,10000066,605,1000000,1000000,1000000,2,2
2017-11-26,10000066,607,656666.67,370000,800000,3,3
2017-11-26,10000066,608,450000,450000,450000,1,1
2017-11-26,10000066,621,9200000,9200000,9200000,1,1
2017-11-26,10000066,626,9934290.4,9934290.4,9934290.4,1,1
2017-11-26,10000066,632,3998999.99,3998999.99,3999000,24,2
2017-11-26,10000066,650,1400000,1400000,1400000,1,1
2017-11-26,10000066,654,1348775.99,1348775.99,1348775.99,2,2
2017-11-26,10000066,655,1267867.49,1235734.97,1300000,2,2
2017-11-26,10000066,656,1050000.86,1050000.86,1050000.86,1,1
2017-11-26,10000066,657,1900633.37,1900633.37,1900633.37,2,2
2017-11-26,10000066,1248,1146665.91,1039999.72,1199999,6,2
2017-11-26,10000066,1306,599998.99,599998.99,599998.99,1,1
2017-11-26,10000066,1317,10000,10000,10000,20,2
2017-11-26,10000066,1319,769357.74,649999.99,922294.96,24,9
2017-11-26,10000066,1335,400000,400000,400000,1,1
2017-11-26,10000066,1403,23666,22499,26000,3,2
2017-11-26,10000066,1405,762514.24,757449.93,776863.11,23,13
2017-11-26,10000066,1436,1999999,1999999,1999999,3,1
2017-11-26,10000066,1447,750000,750000,750000,1,1
2017-11-26,10000066,1541,1250000,1250000,1250000,1,1
2017-11-26,10000066,1808,40000,40000,40000,1,1
2017-11-26,10000066,1818,80,80,80,20000,1
2017-11-26,10000066,1826,240,240,240,20000,1
2017-11-26,10000066,1828,212.49,212.49,212.49,50000,2
2017-11-26,10000066,1832,300,300,300,4000,1
2017-11-26,10000066,1952,1599999,1599999,1599999,2,2
2017-11-26,10000066,1999,1500000,1500000,1500000,1,1
2017-11-26,10000066,2032,759998.99,759998.99,759998.99,7,2
2017-11-26,10000066,2046,14500,14500,14500,1,1
2017-11-26,10000066,2048,620585.9,499999.98,650000,12,10
2017-11-26,10000066,2175,1411304.35,1400000,1420000,23,5
2017-11-26,10000066,2185,1199999.99,1199999.99,1199999.99,15,4
2017-11-26,10000066,2193,146250,120000,190000,40,3
2017-11-26,10000066,2195,2829094.38,2768552,2895998,16,3
2017-11-26,10000066,2205,496590.91,400000,500000,44,8
2017-11-26,10000066,2254,1199999.97,1199999.97,1199999.97,1,1
2017-11-26,10000066,2281,3449999.99,3249999.99,3800000,11,8
2017-11-26,10000066,2301,3000000,3000000,3000000,1,1
2017-11-26,10000066,2333,1499998,1499998,1499998,1,1
2017-11-26,10000066,2364,1418231.52,1418231.52,1418231.52,1,1
2017-11-26,10000066,2398,470,470,470,15660,1
2017-11-26,10000066,2399,620,620,620,17940,1
2017-11-26,10000066,2400,400,400,400,12630,1
2017-11-26,10000066,2410,1300000,1300000,1300000,20,2
2017-11-26,10000066,2446,2688889,2688889,2688889,7,3
2017-11-26,10000066,2454,9999,9999,9999,20,1
2017-11-26,10000066,2456,457704.9,454788,549999.99,31,8
2017-11-26,10000066,2478,1900000,1900000,1900000,6,1
2017-11-26,10000066,2486,44499.99,44499.99,44499.99,10,2
2017-11-26,10000066,2488,512852.81,479999.99,578558.45,15,3
2017-11-26,10000066,2524,899995,899995,899995,1,1
2017-11-26,10000066,2533,200000,200000,200000,1,1
2017-11-26,10000066,2534,880000.01,880000.01,880000.01,1,1
2017-11-26,10000066,2537,40000,40000,40000,1,1
2017-11-26,10000066,2539,1600000,1600000,1600000,1,1
2017-11-26,10000066,2547,750000,750000,750000,1,1
2017-11-26,10000066,2549,899995,899995,899995,1,1
2017-11-26,10000066,2550,1199999.99,1199999.99,1199999.99,1,1
2017-11-26,10000066,2551,1199999.96,1199999.96,1199999.96,1,1
2017-11-26,10000066,2571,2300000,2300000,2300000,1,1
2017-11-26,10000066,2603,9999.99,9999.99,9999.99,1,1
2017-11-26,10000066,2605,386354.05,299999.99,574999.98,8,6
2017-11-26,10000066,2621,646.61,646.61,646.61,50917,4
2017-11-26,10000066,2629,905.9,905.9,905.9,5400,1
2017-11-26,10000066,2969,2448500,2448000,2449000,6,2
2017-11-26,10000066,2977,1297347.26,1297347.26,1297347.26,3,1
2017-11-26,10000066,2998,60000000,60000000,60000000,1,1
2017-11-26,10000066,3178,1281817.49,1049999.98,1389999,22,4
2017-11-26,10000066,3244,1785549.92,1651374.82,1874999.98,5,5
2017-11-26,10000066,3256,6200000,6200000,6200000,1,1
2017-11-26,10000066,3297,10000,10000,10000,10,1
2017-11-26,10000066,3333,949999.99,949999.99,949999.99,1,1
2017-11-26,10000066,3336,5499999.99,5499999.99,5499999.99,1,1
2017-11-26,10000066,3338,5499999.99,5499999.99,5499999.99,1,1
2017-11-26,10000066,3343,999999.99,999999.99,999999.99,1,1
2017-11-26,10000066,3443,200000,200000,200000,1,1
2017-11-26,10000066,3504,3199999.99,3199999.99,3200000,4,2
2017-11-26,10000066,3598,1199998,1199998,1199998,2,1
2017-11-26,10000066,3829,39222.22,39222.22,39222.22,3,2
2017-11-26,10000066,3831,1439998.94,1439998.94,1439998.94,5,5
2017-11-26,10000066,3839,98750,98750,98750,1,1
2017-11-26,10000066,3841,1399999.95,1399999.95,1399999.95,7,3
2017-11-26,10000066,3888,1349999.95,1349999.95,1349999.95,1,1
2017-11-26,10000066,4025,299999,299999,299999,1,1
2017-11-26,10000066,4027,200000,200000,200000,2,2
2017-11-26,10000066,4051,20500,20500,20500,13260,1
2017-11-26,10000066,4246,20500,20500,20500,15000,3
2017-11-26,10000066,4250,2959998.99,2959998.99,2959998.99,8,2
2017-11-26,10000066,4258,2499998.99,2499998.99,2499998.99,1,1
2017-11-26,10000066,4292,105000000,105000000,105000000,2,1
2017-11-26,10000066,4312,20308.84,20000,21000,43100,7
2017-11-26,10000066,4383,2099999.99,2099999.99,2099999.99,3,1
2017-11-26,10000066,4403,899999.96,899999.95,899999.96,2,2
2017-11-26,10000066,4405,1626768.58,1549999.99,1831484.83,22,10
2017-11-26,10000066,4435,70000,70000,70000,2,1
2017-11-26,10000066,5405,54999.99,54999.99,54999.99,1,1
2017-11-26,10000066,5439,25000,25000,25000,1,1
2017-11-26,10000066,5443,149999.99,149999.99,149999.99,3,3
2017-11-26,10000066,5445,35000,35000,35000,1,1
2017-11-26,10000066,5839,2122499.99,1999999.98,2490000,4,4
2017-11-26,10000066,5971,71999.99,49999.98,94000,2,2
2017-11-26,10000066,5973,500000,500000,500000,3,3
2017-11-26,10000066,6001,65171.6,64997.99,67428.56,14,7
2017-11-26,10000066,6003,144999.99,144999.99,144999.99,1,1
2017-11-26,10000066,6005,33333.33,25000,49999.99,3,2
2017-11-26,10000066,6073,49999.98,49999.98,49999.98,1,1
2017-11-26,10000066,6296,53664.47,13000,94328.94,2,2
2017-11-26,10000066,7287,800000,800000,800000,8,1
2017-11-26,10000066,7625,649999,649999,649999,3,1
2017-11-26,10000066,8133,200000,200000,200000,2,1
2017-11-26,10000066,8135,70000,70000,70000,2,1
2017-11-26,10000066,8433,499999.99,499999.99,499999.99,2,2
2017-11-26,10000066,8517,3867017.5,3867017.5,3867017.5,1,1
2017-11-26,10000066,8529,199999.99,199999.99,199999.99,3,1
2017-11-26,10000066,8531,199998.99,199998.99,199998.99,1,1
2017-11-26,10000066,8748,59999.98,59999.98,59999.98,1,1
2017-11-26,10000066,9451,284980,284980,284980,6,1
2017-11-26,10000066,9568,300000,300000,300000,2,2
2017-11-26,10000066,9622,299999,299999,299999,1,1
2017-11-26,10000066,9632,400000,400000,400000,13,2
2017-11-26,10000066,9678,330000,330000,330000,5,1
2017-11-26,10000066,9808,285000,285000,285000,4,1
2017-11-26,10000066,9950,3499999.84,3499999.84,3499999.84,1,1
2017-11-26,10000066,10190,1410000,1410000,1410000,4,2
2017-11-26,10000066,10208,24499999.99,24499999.99,24499999.99,1,1
2017-11-26,10000066,10212,24499999.99,24499999.99,24499999.99,1,1
2017-11-26,10000066,10216,25000000,25000000,25000000,1,1
2017-11-26,10000066,10221,24499999.99,24499999.99,24499999.99,1,1
2017-11-26,10000066,10225,24379999.99,24379999.99,24379999.99,1,1
2017-11-26,10000066,10246,20000,20000,20000,30,2
2017-11-26,10000066,10250,1500000,1500000,1500000,15,3
2017-11-26,10000066,10631,624812.5,624812.5,624812.5,4,1
2017-11-26,10000066,10694,364999.19,225000,399998.99,5,2
2017-11-26,10000066,10858,1500000,1500000,1500000,1,1
2017-11-26,10000066,10998,49999.98,49999.98,49999.98,27,4
2017-11-26,10000066,11105,500000,500000,500000,2,1
2017-11-26,10000066,11129,28165,25000,29000,5,5
2017-11-26,10000066,11184,35000000,35000000,35000000,1,1
2017-11-26,10000066,11198,41000000,41000000,41000000,1,1
2017-11-26,10000066,11202,42000000,42000000,42000000,2,2
2017-11-26,10000066,11269,1038989.13,1038989.13,1038989.13,2,2
2017-11-26,10000066,11325,800000,800000,800000,1,1
2017-11-26,10000066,11370,1899999.99,1899999.99,1899999.99,12,8
2017-11-26,10000066,11578,7499999.99,7499999.99,7499999.99,1,1
2017-11-26,10000066,11584,500000,500000,500000,1,1
2017-11-26,10000066,11640,873076.92,847692.3,999999.99,6,4
2017-11-26,10000066,11724,3643.13,1,5000,70,2
2017-11-26,10000066,11735,1000,1000,1000,180,2
2017-11-26,10000066,12076,6696428.57,6492857.13,6900000,2,2
2017-11-26,10000066,12084,12499999.98,12499999.98,12499999.98,1,1
2017-11-26,10000066,12092,4180000,4180000,4180000,1,1
2017-11-26,10000066,12271,7499999.99,7499999.99,7499999.99,7,1
2017-11-26,10000066,12484,3500000,3500000,3500000,1,1
2017-11-26,10000066,12612,100,100,100,18055,5
2017-11-26,10000066,12614,43.2,43.2,43.2,15368,3
2017-11-26,10000066,12618,37,37,37,6000,1
2017-11-26,10000066,12620,56.4,56.4,56.4,3000,1
2017-11-26,10000066,12631,64.99,64.99,64.99,2000,1
2017-11-26,10000066,12789,269,269,269,1000,1
2017-11-26,10000066,12801,199,199,199,5000,3
2017-11-26,10000066,12805,192.25,192.25,192.25,5000,1
2017-11-26,10000066,13001,2800000,2800000,2800000,1,1
2017-11-26,10000066,13261,23499999.97,23499999.97,23499999.97,1,1
2017-11-26,10000066,15466,3499998.96,3499998.96,3499998.96,1,1
2017-11-26,10000066,15479,4500000,4500000,4500000,1,1
2017-11-26,10000066,15806,118000000,118000000,118000000,2,2
2017-11-26,10000066,16240,1100000,1100000,1100000,2,2
2017-11-26,10000066,16273,47.13,25,48,96694,21
2017-11-26,10000066,16274,952.95,952.95,952.95,430000,4
2017-11-26,10000066,16278,2775000,2700000,2800000,4,3
2017-11-26,10000066,16435,199998.99,199998.99,199998.99,1,1
2017-11-26,10000066,16467,124999.98,124999.98,124999.98,1,1
2017-11-26,10000066,16527,499999.91,499999.91,499999.91,2,1
2017-11-26,10000066,16533,2000000,2000000,2000000,1,1
2017-11-26,10000066,17366,100001,100001,100001,10,1
2017-11-26,10000066,17476,24195999.99,23999999.99,24980000,5,5
2017-11-26,10000066,17480,19000000,19000000,19000000,1,1
2017-11-26,10000066,17482,2408333.25,2200000,2500000,24,11
2017-11-26,10000066,17715,244995577.68,240000000,249991155.36,2,2
2017-11-26,10000066,17887,1480,1480,1480,276800,6
2017-11-26,10000066,17888,926.18,926.18,926.18,54500,7
2017-11-26,10000066,17889,975,975,975,116750,4
2017-11-26,10000066,17912,4973998.99,4973998.99,4973998.99,5,2
2017-11-26,10000066,17918,445000000,427500000,480000000,3,3
2017-11-26,10000066,17938,31666.67,22500,50000,3,3
2017-11-26,10000066,18038,155597.82,124130.43,250000,4,2
2017-11-26,10000066,18040,150000,150000,150000,4,1
2017-11-26,10000066,18590,731189.04,700000,751981.73,20,4
2017-11-26,10000066,18592,550000,550000,550000,4,1
2017-11-26,10000066,18596,1000000,1000000,1000000,4,2
2017-11-26,10000066,18598,850000,850000,850000,8,2
2017-11-26,10000066,18600,280000,280000,280000,4,1
2017-11-26,10000066,18624,750000,700000,800000,8,2
2017-11-26,10000066,18639,65000,65000,65000,2,2
2017-11-26,10000066,19015,73200000.03,73200000.03,73200000.03,1,1
2017-11-26,10000066,19744,1000000,1000000,1000000,1,1
2017-11-26,10000066,20739,4400,4400,4400,500,1
2017-11-26,10000066,21096,2622309.87,2099999.99,3000000,6,6
2017-11-26,10000066,21640,1271364.88,1192730.76,1349999,10,2
2017-11-26,10000066,21815,6921256.98,6904382.08,7900001,59,2
2017-11-26,10000066,21896,735,735,735,20000,2
2017-11-26,10000066,21898,544.8,544.8,544.8,10000,2
2017-11-26,10000066,22175,123749,44996,150000,4,2
2017-11-26,10000066,22229,5400000,5400000,5400000,2,1
2017-11-26,10000066,22291,1290000,1290000,1290000,1,1
2017-11-26,10000066,22542,199999.99,199999.99,199999.99,4,2
2017-11-26,10000066,22576,129999.99,129999.99,129999.99,2,1
2017-11-26,10000066,23009,542.4,542.4,542.4,11711,3
2017-11-26,10000066,23025,1000,1000,1000,5000,1
2017-11-26,10000066,23055,3472743.48,3300000,3500000,51,5
2017-11-26,10000066,23105,879999.99,879999.99,879999.99,36,2
2017-11-26,10000066,23527,360000,360000,360000,2,1
2017-11-26,10000066,23594,700000,700000,700000,2,2
2017-11-26,10000066,23707,11027.82,7363.2,12499.99,70,4
2017-11-26,10000066,24283,51946909.78,51946909.78,51946909.78,1,1
2017-11-26,10000066,24305,5374998,5374998,5374998,2,1
2017-11-26,10000066,24395,589999,589999,589999,4,2
2017-11-26,10000066,24417,1593121.53,1593121.53,1593121.53,2,1
2017-11-26,10000066,24427,1749999.99,1749999.99,1749999.99,2,1
2017-11-26,10000066,24438,1449999.99,1449999.99,1449999.99,5,2
2017-11-26,10000066,24477,98.99,98.99,98.99,300,1
2017-11-26,10000066,24490,189.99,189.99,189.99,80000,2
2017-11-26,10000066,24492,189.99,189.99,189.99,228,1
2017-11-26,10000066,24509,680,680,680,4000,1
2017-11-26,10000066,24515,550,550,550,10000,1
2017-11-26,10000066,24539,440,440,440,30000,1
2017-11-26,10000066,24702,36500000,36500000,36500000,1,1
2017-11-26,10000066,25597,1,1,1,99,1
2017-11-26,10000066,25598,11000,11000,11000,81,1
2017-11-26,10000066,26374,60000000,60000000,60000000,1,1
2017-11-26,10000066,26929,223999.98,223999.98,223999.98,1,1
2017-11-26,10000066,27075,1000000,1000000,1000000,1,1
2017-11-26,10000066,27081,1000000,1000000,1000000,1,1
2017-11-26,10000066,27117,1000000,1000000,1000000,1,1
2017-11-26,10000066,27174,180000000,180000000,180000000,1,1
2017-11-26,10000066,27321,896.4,896.4,896.4,2000,1
2017-11-26,10000066,27912,1678798.8,1678798.8,1678798.8,2,1
2017-11-26,10000066,27918,1099000,1098000,1099999.99,2,2
2017-11-26,10000066,27922,500000,500000,500000,3,1
2017-11-26,10000066,28213,1458064.29,1458064.29,1458064.29,1,1
2017-11-26,10000066,28270,1550000,1550000,1550000,5,1
2017-11-26,10000066,28361,10000,10000,10000,510,1
2017-11-26,10000066,28363,220000,220000,220000,73,1
2017-11-26,10000066,28364,69900,69900,69900,60,1
2017-11-26,10000066,28365,33000,33000,33000,150,1
2017-11-26,10000066,28366,3300000,3300000,3300000,60,1
2017-11-26,10000066,28367,440000,440000,440000,649,3
2017-11-26,10000066,28385,503000,503000,503000,686,1
2017-11-26,10000066,28387,545000,545000,545000,266,1
2017-11-26,10000066,28388,477000,477000,477000,187,1
2017-11-26,10000066,28389,485000,485000,485000,195,1
2017-11-26,10000066,28390,485000,485000,485000,211,1
2017-11-26,10000066,28391,380000,380000,380000,422,1
2017-11-26,10000066,28443,300909.1,210000,370000.02,44,2
2017-11-26,10000066,28576,1137499,1100000,1174998,30,11
2017-11-26,10000066,28578,1299999.99,1299999.99,1299999.99,4,2
2017-11-26,10000066,28654,5950000,5950000,5950000,2,1
2017-11-26,10000066,28668,27000,27000,27000,3092,6
2017-11-26,10000066,28999,12000,12000,12000,5,1
2017-11-26,10000066,29001,12000,12000,12000,2,1
2017-11-26,10000066,29003,120000,120000,120000,2,1
2017-11-26,10000066,29009,10198,10198,10198,5,3
2017-11-26,10000066,29011,19000,19000,19000,1,1
2017-11-26,10000066,30013,7100,7100,7100,100,1
2017-11-26,10000066,30488,523333.33,420000,574999.99,24,3
2017-11-26,10000066,30836,2099999,2099999,2099999,7,5
2017-11-26,10000066,31011,2249999.98,2249999.98,2249999.98,3,3
2017-11-26,10000066,31023,2800000,2800000,2800000,1,1
2017-11-26,10000066,31047,3999999.99,3999999.99,3999999.99,1,1
2017-11-26,10000066,31055,2599999.99,2599999.98,2599999.99,2,2
2017-11-26,10000066,31057,17666629.67,17666629.67,17666629.67,3,1
2017-11-26,10000066,31085,5770782.29,5770782.29,5770782.29,2,1
2017-11-26,10000066,31119,1488636.36,1299999.99,2054545.45,4,2
2017-11-26,10000066,31125,20000000,20000000,20000000,4,2
2017-11-26,10000066,31155,1349999.98,1349999.98,1349999.98,1,1
2017-11-26,10000066,31157,49000000.01,49000000.01,49000000.01,2,1
2017-11-26,10000066,31159,799998,799998,799998,4,2
2017-11-26,10000066,31161,1999999.98,1999999.98,1999999.98,3,3
2017-11-26,10000066,31167,25676190.48,25676190.48,25676190.48,3,1
2017-11-26,10000066,31171,5250000.01,5250000,5250000.02,4,3
2017-11-26,10000066,31207,2800000,2800000,2800000,1,1
2017-11-26,10000066,31213,200000,200000,200000,2,1
2017-11-26,10000066,31244,2500000,2500000,2500000,1,1
2017-11-26,10000066,31274,299999.86,299999.86,299999.86,2,2
2017-11-26,10000066,31286,230000,230000,230000,2,2
2017-11-26,10000066,31298,450000,450000,450000,2,2
2017-11-26,10000066,31358,849999.98,849999.98,849999.98,2,2
2017-11-26,10000066,31374,46866666.66,46866666.66,46866666.66,1,1
2017-11-26,10000066,31378,13530454.55,12000000,19652272.74,5,3
2017-11-26,10000066,31540,4700000,4700000,4700000,1,1
2017-11-26,10000066,31604,5999999.99,5999999.99,5999999.99,4,2
2017-11-26,10000066,31716,161447.72,161447.72,161447.72,1,1
2017-11-26,10000066,31718,699000,699000,699000,6,5
2017-11-26,10000066,31754,699999.99,699999.99,699999.99,3,3
2017-11-26,10000066,31788,750000,750000,750000,5,2
2017-11-26,10000066,31790,2690476.19,1800000,3499999.99,21,7
2017-11-26,10000066,31792,47500000,47500000,47500000,3,2
2017-11-26,10000066,31794,6500000,6500000,6500000,1,1
2017-11-26,10000066,31796,26232692.26,24000000.01,29953846,8,4
2017-11-26,10000066,31802,1999998.81,1999998.81,1999998.81,1,1
2017-11-26,10000066,31812,32000000,32000000,32000000,1,1
2017-11-26,10000066,31866,4387407.4,4387407.4,4387407.4,4,1
2017-11-26,10000066,32006,119000,119000,119000,22,1
2017-11-26,10000066,32014,199999,199999,199999,4,1
2017-11-26,10000066,32819,2900000,2900000,2900000,2,1
2017-11-26,10000066,32872,1100000,1100000,1100000,1,1
2017-11-26,10000066,32880,205497.5,193000,242990,4,2
2017-11-26,10000066,33096,1599999.99,1599999.99,1599999.99,1,1
2017-11-26,10000066,33097,1500000,1500000,1500000,1,1
2017-11-26,10000066,33176,473999,473999,473999,1,1
2017-11-26,10000066,33178,109999.99,109999.99,109999.99,1,1
2017-11-26,10000066,33180,199999.74,199998.97,199999.99,4,3
2017-11-26,10000066,33281,46000000,46000000,46000000,1,1
2017-11-26,10000066,33468,67500000,65000000,69999999.99,2,2
2017-11-26,10000066,33474,2200000,2200000,2200000,1,1
2017-11-26,10000066,33475,9233333.33,8500000,9300000,12,3
2017-11-26,10000066,33824,1928571.13,1699999.98,2499999,7,3
2017-11-26,10000066,33828,26000000,26000000,26000000,1,1
2017-11-26,10000066,33890,999999.98,999999.98,999999.98,3,1
2017-11-26,10000066,33894,4499999.98,4499999.98,4499999.98,1,1
2017-11-26,10000066,35656,49999.99,49999.99,49999.99,2,2
2017-11-26,10000066,35657,128999.98,128999.98,128999.98,1,1
2017-11-26,10000066,35658,44999.99,44999.99,44999.99,1,1
2017-11-26,10000066,35659,99999.99,99999.99,99999.99,1,1
2017-11-26,10000066,35660,39999.99,39999.99,39999.99,1,1
2017-11-26,10000066,35788,25000,25000,25000,1,1
2017-11-26,10000066,35790,1690000,1690000,1690000,1,1
2017-11-26,10000066,35794,26633.47,26633.47,26633.47,2,1
2017-11-26,10000066,35795,17998,17998,17998,4,2
2017-11-26,10000066,37450,1099998.99,1099998.99,1099998.99,3,1
2017-11-26,10000066,40346,6000000,6000000,6000000,3,1
2017-11-26,10000066,40347,8450000,7500000,9400000,6,2
2017-11-26,10000066,40357,149000000,149000000,149000000,1,1
2017-11-26,10000066,40556,12512195.12,12000000,13000000,41,3
2017-11-26,10000066,40560,31499999.99,31499999.99,31499999.99,6,1
2017-11-26,10000066,41489,8500,8500,8500,1300,2
2017-11-26,10000066,41490,750999,750999,750999,15,1
2017-11-26,10000066,42527,1500000,1500000,1500000,1,1
2017-11-26,10000066,42829,800,800,800,1000,2
2017-11-26,10000066,42830,1200,1200,1200,2000,2
2017-11-26,10000066,42831,800,800,800,300,1
2017-11-26,10000066,42835,1348.98,1348.98,1348.98,800,1
2017-11-26,10000066,43551,4800000,4800000,4800000,1,1
2017-11-26,10000066,43681,1000000000,1000000000,1000000000,5,1
2017-11-26,10000066,44992,2500002.7,2500002.69,2700000,1610,6
2017-11-26,10000066,45010,399998.99,399998.99,399998.99,2,1
2017-11-26,10000066,46008,18500000,18500000,18500000,4,3
2017-11-26,10000066,46355,300000,300000,300000,6,1
2017-11-26,10000066,46365,275000,250000,299999.99,12,2
2017-11-26,10000066,46367,300000,300000,300000,6,1
2017-11-26,10000066,46369,300000,300000,300000,6,1
2017-11-26,10000066,46371,300000,299999.99,300000,8,2
2017-11-26,10000066,46695,165000,165000,165000,157,1
2017-11-26,10000067,18,0.03,0.03,0.03,54,1
2017-11-26,10000067,20,182.03,182.03,182.03,710506,69
2017-11-26,10000067,21,438.3,438.3,438.3,802,1
2017-11-26,10000067,22,4400,4400,4400,220,1
2017-11-26,10000067,34,4.76,4.66,4.82,97313803,129
2017-11-26,10000067,35,4.37,4,4.83,10536695,93
2017-11-26,10000067,36,47.51,47.1,51.56,5315045,91
2017-11-26,10000067,37,42.1,42.1,42.1,4589017,77
2017-11-26,10000067,38,476.8,325,476.99,332672,69
2017-11-26,10000067,39,1400,1400,1696.36,40294,30
2017-11-26,10000067,40,1798.01,1798.01,1798.01,30984,31
2017-11-26,10000067,178,6.48,6.48,6.48,100,1
2017-11-26,10000067,179,4.1,4.1,4.1,15600,3
2017-11-26,10000067,181,0.01,0.01,0.01,400,3
2017-11-26,10000067,182,7,7,7.5,500,4
2017-11-26,10000067,183,22.5,20,25,200,2
2017-11-26,10000067,184,19.96,19.96,19.96,100,1
2017-11-26,10000067,185,23.5,23.5,23.5,3040,7
2017-11-26,10000067,186,0.12,0.12,0.12,100,1
2017-11-26,10000067,188,18,18,18,200,1
2017-11-26,10000067,190,43,43,43,6000,1
2017-11-26,10000067,191,40,40,40,7000,2
2017-11-26,10000067,193,60,60,60,13200,4
2017-11-26,10000067,195,1,1,1,100,1
2017-11-26,10000067,199,164.95,164.95,164.95,50000,1
2017-11-26,10000067,200,204,204,204,8888,1
2017-11-26,10000067,201,240,240,240,56766,3
2017-11-26,10000067,202,50,50,50,15795,9
2017-11-26,10000067,203,220,220,225,7595,7
2017-11-26,10000067,204,50.01,50.01,50.01,15380,3
2017-11-26,10000067,205,40.56,40.56,40.56,14408,5
2017-11-26,10000067,206,120,120,120,6500,4
2017-11-26,10000067,207,56,56,56,22331,8
2017-11-26,10000067,208,58.99,58.99,58.99,2880,5
2017-11-26,10000067,209,64.98,64.98,110.01,14777,11
2017-11-26,10000067,210,9.24,9,13.74,27138,21
2017-11-26,10000067,211,16.99,16.99,16.99,15020,19
2017-11-26,10000067,212,12.91,12.91,12.91,289986,23
2017-11-26,10000067,213,12.5,12.5,12.5,8200,13
2017-11-26,10000067,215,6.28,6.28,6.28,87000,8
2017-11-26,10000067,216,14.98,14.98,14.98,1090,2
2017-11-26,10000067,217,0.02,0.02,0.02,200,2
2017-11-26,10000067,218,11,11,11,2500,5
2017-11-26,10000067,220,11.95,11.95,11.95,600,4
2017-11-26,10000067,221,0.5,0.5,0.5,6707,6
2017-11-26,10000067,222,17,17,19.6,96534,24
2017-11-26,10000067,223,65.98,65.98,65.98,29700,8
2017-11-26,10000067,224,46,46,46,4597,6
2017-11-26,10000067,225,47.98,47.98,47.98,27100,11
2017-11-26,10000067,226,36.99,36.99,36.99,11100,4
2017-11-26,10000067,227,65,65,65,17800,7
2017-11-26,10000067,228,0.01,0.01,0.01,1000,6
2017-11-26,10000067,229,55,55,55,5900,5
2017-11-26,10000067,230,97.99,84.99,100,90310,20
2017-11-26,10000067,231,3.01,3.01,3.01,9200,3
2017-11-26,10000067,232,0.5,0.5,0.5,100,1
2017-11-26,10000067,233,78.99,78.99,78.99,2200,3
2017-11-26,10000067,234,70,70,70,3364,3
2017-11-26,10000067,235,119.7,119.7,119.7,5100,2
2017-11-26,10000067,236,0.02,0.02,0.02,100,1
2017-11-26,10000067,237,184,184,184,11500,4
2017-11-26,10000067,238,168,168,168.5,5392,5
2017-11-26,10000067,239,1401,5.01,1750,10,3
2017-11-26,10000067,240,97.39,10.01,408.25,9,8
2017-11-26,10000067,241,7.51,5,10.01,2,2
2017-11-26,10000067,242,349.55,10,1200,11,5
2017-11-26,10000067,243,273.03,240,640.12,5,3
2017-11-26,10000067,244,201.45,5,490,11,8
2017-11-26,10000067,245,2286.26,408.56,4500.01,17,5
2017-11-26,10000067,246,4191.58,2100.53,4662.35,36,6
2017-11-26,10000067,247,110.89,110.89,110.89,1,1
2017-11-26,10000067,248,0.01,0.01,0.01,1,1
2017-11-26,10000067,249,16685.18,27.78,49999.98,3,3
2017-11-26,10000067,250,55.55,55.55,55.55,3,2
2017-11-26,10000067,251,11595.96,55.55,12750,11,2
2017-11-26,10000067,252,55.55,55.55,55.55,3,2
2017-11-26,10000067,254,29750,29750,29750,1,1
2017-11-26,10000067,255,1030,1030,1030,2,2
2017-11-26,10000067,256,70000,70000,70000,10,2
2017-11-26,10000067,258,55250.24,1200,58253.03,19,3
2017-11-26,10000067,262,126428.63,45000.38,140000,7,2
2017-11-26,10000067,266,0.13,0.13,0.13,700,6
2017-11-26,10000067,269,2.03,0.02,4.03,400,3
2017-11-26,10000067,377,28658.94,13759.88,58457.06,3,3
2017-11-26,10000067,380,790745.32,589489.7,992000.94,2,2
2017-11-26,10000067,393,36890,36890,36890,1,1
2017-11-26,10000067,394,472995.93,472995.93,472995.93,1,1
2017-11-26,10000067,399,19000,19000,19000,1,1
2017-11-26,10000067,400,690794.19,372968,1125000.99,5,5
2017-11-26,10000067,434,63379.25,59999.99,73517,8,8
2017-11-26,10000067,438,4277284.98,3915927.47,5000000,3,3
2017-11-26,10000067,439,13916.66,11750,14999.99,6,6
2017-11-26,10000067,440,3534999.99,605000,4999999.99,3,3
2017-11-26,10000067,442,35000,35000,35000,1,1
2017-11-26,10000067,444,9535.17,6700,14016.19,16,7
2017-11-26,10000067,447,66999.99,66999.99,66999.99,1,1
2017-11-26,10000067,448,2766627.79,2299885.36,2999999,3,3
2017-11-26,10000067,452,21312.5,16750,35000,4,2
2017-11-26,10000067,456,120000,120000,120000,1,1
2017-11-26,10000067,459,203333.33,200000,220000,6,2
2017-11-26,10000067,482,1469177.67,1299884.99,1500000,13,8
2017-11-26,10000067,483,18194.74,12300,20000,19,7
2017-11-26,10000067,486,41153.62,40000,44999,13,3
2017-11-26,10000067,487,55000,55000,55000,3,1
2017-11-26,10000067,488,56200,56200,56200,1,1
2017-11-26,10000067,491,213000,213000,213000,5,1
2017-11-26,10000067,499,5546.88,203.13,10000,11,2
2017-11-26,10000067,501,105103.17,98000,122861.08,7,2
2017-11-26,10000067,520,64000.01,64000.01,64000.01,3,1
2017-11-26,10000067,523,29452.91,27500,29779.55,6,6
2017-11-26,10000067,524,62750,62750,62750,1,1
2017-11-26,10000067,526,42000,42000,42000,1,1
2017-11-26,10000067,530,99999.99,99999.99,99999.99,1,1
2017-11-26,10000067,561,6850,6850,6850,2,1
2017-11-26,10000067,562,52000,52000,52000,1,1
2017-11-26,10000067,563,20997.11,20997,20997.25,14,3
2017-11-26,10000067,564,37000,37000,37000,7,3
2017-11-26,10000067,565,24000,13500,39000,17,2
2017-11-26,10000067,568,280000,280000,280000,5,1
2017-11-26,10000067,569,260000,260000,260000,5,1
2017-11-26,10000067,574,1200000,1200000,1200000,1,1
2017-11-26,10000067,578,117384.62,105368.77,162432.19,8,6
2017-11-26,10000067,583,354538.39,350899.95,358176.83,2,2
2017-11-26,10000067,585,400000,400000,400000,1,1
2017-11-26,10000067,587,275299.67,250000,287949.5,3,3
2017-11-26,10000067,589,249000,249000,249000,2,2
2017-11-26,10000067,591,312181.82,312000,317000,22,4
2017-11-26,10000067,592,274000,274000,274000,1,1
2017-11-26,10000067,593,468750,450000,525000,4,4
2017-11-26,10000067,594,383333.33,300000,425000,3,3
2017-11-26,10000067,596,103,103,103,1,1
2017-11-26,10000067,597,499999,499999,499999,1,1
2017-11-26,10000067,598,425000,425000,425000,1,1
2017-11-26,10000067,599,188750,188750,188750,1,1
2017-11-26,10000067,605,430000,430000,430000,1,1
2017-11-26,10000067,607,537768.09,484777.63,649999.5,7,7
2017-11-26,10000067,608,452999.67,360499.5,645000,6,6
2017-11-26,10000067,621,13999999.98,13999999.98,13999999.98,2,2
2017-11-26,10000067,626,11850000,11850000,11850000,1,1
2017-11-26,10000067,628,8978666.67,8978666.67,8978666.67,1,1
2017-11-26,10000067,629,11500000,11500000,11500000,1,1
2017-11-26,10000067,630,29000000.12,29000000.12,29000000.12,1,1
2017-11-26,10000067,633,7988000,7988000,7988000,1,1
2017-11-26,10000067,638,82310001.67,82310001.67,82310001.67,1,1
2017-11-26,10000067,643,189000000,189000000,189000000,1,1
2017-11-26,10000067,645,100000000,100000000,100000000,1,1
2017-11-26,10000067,649,2166663.33,1500000,2499995,3,3
2017-11-26,10000067,650,2197199.95,2197199.95,2197199.95,1,1
2017-11-26,10000067,652,2299975,2100000,2499950,2,2
2017-11-26,10000067,654,1925000,1350000,2499999.99,2,2
2017-11-26,10000067,655,894990.02,3000.05,1100000.03,5,5
2017-11-26,10000067,656,1518568.33,1470470,1600000,6,6
2017-11-26,10000067,657,1707493.75,1100000,1810000,8,8
2017-11-26,10000067,672,45205.61,17000,50000,27,25
2017-11-26,10000067,804,3000000,3000000,3000000,1,1
2017-11-26,10000067,805,4000000,4000000,4000000,1,1
2017-11-26,10000067,843,1500000,1500000,1500000,1,1
2017-11-26,10000067,885,80000,80000,80000,1,1
2017-11-26,10000067,893,325000,325000,325000,1,1
2017-11-26,10000067,937,2575000,2575000,2575000,1,1
2017-11-26,10000067,1010,49920,49920,49920,1,1
2017-11-26,10000067,1026,87360,87360,87360,1,1
2017-11-26,10000067,1032,91160,91160,91160,1,1
2017-11-26,10000067,1067,316360,316360,316360,1,1
2017-11-26,10000067,1072,64500,64500,64500,1,1
2017-11-26,10000067,1074,15000,15000,15000,1,1
2017-11-26,10000067,1075,19840,19840,19840,1,1
2017-11-26,10000067,1099,200000,200000,200000,7,7
2017-11-26,10000067,1129,750000,750000,750000,2,1
2017-11-26,10000067,1132,40000,40000,40000,1,1
2017-11-26,10000067,1133,50000,50000,50000,1,1
2017-11-26,10000067,1138,80000,80000,80000,1,1
2017-11-26,10000067,1145,400000,400000,400000,1,1
2017-11-26,10000067,1163,200000,200000,200000,1,1
2017-11-26,10000067,1183,62000.01,62000.01,62000.01,1,1
2017-11-26,10000067,1185,76999.5,75000,78999,2,2
2017-11-26,10000067,1195,75000,75000,75000,11,8
2017-11-26,10000067,1201,6703.34,5.01,20100,3,3
2017-11-26,10000067,1204,49740,49740,49740,1,1
2017-11-26,10000067,1224,42.6,42.01,42.63,877472,44
2017-11-26,10000067,1226,0.02,0.02,0.02,71,1
2017-11-26,10000067,1227,184.99,105,187.5,113240,14
2017-11-26,10000067,1228,17.23,17.23,17.23,870881,10
2017-11-26,10000067,1230,13.9,9.91,13.9,4025267,68
2017-11-26,10000067,1231,385,385,385,8236,2
2017-11-26,10000067,1236,769892.18,601230.31,1290500,5,4
2017-11-26,10000067,1244,18000,18000,18000,5,1
2017-11-26,10000067,1245,249980,249980,249980,2,2
2017-11-26,10000067,1246,39500,39000,40000,2,2
2017-11-26,10000067,1248,202022.99,202022.99,202022.99,3,1
2017-11-26,10000067,1265,49740,49740,49740,1,1
2017-11-26,10000067,1275,49740,49740,49740,2,2
2017-11-26,10000067,1285,49740,49740,49740,2,2
2017-11-26,10000067,1295,49740,49740,49740,1,1
2017-11-26,10000067,1304,16074.83,15936.63,16143.93,3,3
2017-11-26,10000067,1305,74680,74680,74680,1,1
2017-11-26,10000067,1317,1194.73,990,1458.99,19,11
2017-11-26,10000067,1318,16640,16640,16640,1,1
2017-11-26,10000067,1319,666668.4,343014.02,680000,48,19
2017-11-26,10000067,1335,358995,358995,358995,2,1
2017-11-26,10000067,1355,995427.43,995427.43,995427.43,1,1
2017-11-26,10000067,1403,18736.45,16000,19200,16,7
2017-11-26,10000067,1404,54380,54380,54380,2,2
2017-11-26,10000067,1405,754610.29,732639.71,788886,15,6
2017-11-26,10000067,1422,1643689.86,1643689.86,1643689.87,4,2
2017-11-26,10000067,1445,55000,55000,55000,5,3
2017-11-26,10000067,1447,726601.5,726600,726603,2,2
2017-11-26,10000067,1808,36187.88,35000,54600.03,33,4
2017-11-26,10000067,1809,187420,187420,187420,1,1
2017-11-26,10000067,1810,44,44,44,10300,4
2017-11-26,10000067,1814,0.01,0.01,0.01,700,5
2017-11-26,10000067,1818,82,82,82,11760,8
2017-11-26,10000067,1820,0.01,0.01,0.01,1297,9
2017-11-26,10000067,1822,4.33,4.33,4.33,800,3
2017-11-26,10000067,1824,4.11,4.11,4.11,1100,4
2017-11-26,10000067,1826,299,299,299,26523,2
2017-11-26,10000067,1875,30520.19,30520.19,30520.19,2,1
2017-11-26,10000067,1944,863500,5000.01,1100000,4,4
2017-11-26,10000067,1945,4977500,4977500,4977500,1,1
2017-11-26,10000067,1952,3000000,3000000,3000000,1,1
2017-11-26,10000067,1977,19500,19500,19500,1,1
2017-11-26,10000067,1978,1397001.46,423006.39,1883999,3,3
2017-11-26,10000067,1999,1251243.96,1179689.97,1298946.62,5,4
2017-11-26,10000067,2018,55000,55000,55000,1,1
2017-11-26,10000067,2024,1733999.61,1733999.61,1733999.61,1,1
2017-11-26,10000067,2032,730591.04,120001.27,799868.75,11,9
2017-11-26,10000067,2038,1649631.34,1499982.68,1799280,2,2
2017-11-26,10000067,2046,11105.45,9999,14395.91,16,16
2017-11-26,10000067,2048,827746.29,669949,1100000,27,18
2017-11-26,10000067,2117,1999999,1999999,1999999,1,1
2017-11-26,10000067,2162,2375000,2375000,2375000,1,1
2017-11-26,10000067,2173,20500,20500,20500,141,18
2017-11-26,10000067,2174,1700000,1700000,1700000,1,1
2017-11-26,10000067,2175,1157270.45,1150000,1165995,11,4
2017-11-26,10000067,2183,39783.83,20000,40000,91,20
2017-11-26,10000067,2184,1800000,1800000,1800000,2,2
2017-11-26,10000067,2185,1086257,1031908.99,1112000.01,30,9
2017-11-26,10000067,2193,117241.52,110000,181000,29,7
2017-11-26,10000067,2195,1441154.37,475044.02,2110000,22,4
2017-11-26,10000067,2203,3740.63,1002.06,4800,74,22
2017-11-26,10000067,2204,200000,200000,200000,1,1
2017-11-26,10000067,2205,638708.79,600000,649998.8,31,7
2017-11-26,10000067,2254,111875.13,81000,142750.25,4,4
2017-11-26,10000067,2272,1,1,1,81373,1
2017-11-26,10000067,2281,4509713.24,3333996.84,5100000,7,5
2017-11-26,10000067,2290,750000,750000,750000,1,1
2017-11-26,10000067,2292,750000,750000,750000,1,1
2017-11-26,10000067,2293,112500,100000,125000,2,2
2017-11-26,10000067,2294,750000,750000,750000,1,1
2017-11-26,10000067,2295,95000,95000,95000,1,1
2017-11-26,10000067,2296,750000,750000,750000,1,1
2017-11-26,10000067,2297,1700000,1700000,1700000,1,1
2017-11-26,10000067,2299,2160272.92,2160272.92,2160272.92,1,1
2017-11-26,10000067,2301,2029038.28,791258.15,2317977.76,5,5
2017-11-26,10000067,2317,11500,11500,11500,50,2
2017-11-26,10000067,2328,3500.56,3500.56,3500.56,30,1
2017-11-26,10000067,2349,60000,60000,60000,1,1
2017-11-26,10000067,2361,135000,135000,135000,1,1
2017-11-26,10000067,2363,49073.17,44444,49999,6,3
2017-11-26,10000067,2364,1700000,1700000,1700000,1,1
2017-11-26,10000067,2389,400.02,400.02,400.02,2280,1
2017-11-26,10000067,2393,100.39,100.39,100.39,9120,1
2017-11-26,10000067,2395,562.4,562.4,562.4,3028,1
2017-11-26,10000067,2398,305.04,305.04,305.04,3520,1
2017-11-26,10000067,2401,550.08,550.08,550.08,13160,1
2017-11-26,10000067,2404,1143944,1143944,1143944,3,1
2017-11-26,10000067,2406,1000000,1000000,1000000,1,1
2017-11-26,10000067,2410,2484106.74,2484106.74,2484106.74,6,1
2017-11-26,10000067,2420,6915845.2,6500000,6999014.24,6,2
2017-11-26,10000067,2436,1531418.2,512250.23,2041002.18,15,3
2017-11-26,10000067,2444,66038.29,55000,76999.91,27,6
2017-11-26,10000067,2446,1877856.52,1400000.04,2109998.55,14,5
2017-11-26,10000067,2454,2947.99,2400,3180,471,48
2017-11-26,10000067,2455,250000,250000,250000,1,1
2017-11-26,10000067,2456,389999,379999.99,389999,137,28
2017-11-26,10000067,2464,3284.95,2900,7000,52,16
2017-11-26,10000067,2465,300000,300000,300000,1,1
2017-11-26,10000067,2466,530946.63,485000,570799.97,35,9
2017-11-26,10000067,2476,0.01,0.01,0.01,12,4
2017-11-26,10000067,2477,4000000,4000000,4000000,1,1
2017-11-26,10000067,2478,1869014.4,492000.16,2494929.94,16,4
2017-11-26,10000067,2486,10006.55,7001.26,15788.96,79,19
2017-11-26,10000067,2487,400000,400000,400000,1,1
2017-11-26,10000067,2488,477399.99,460588,499997.04,58,10
2017-11-26,10000067,2495,500000,500000,500000,1,1
2017-11-26,10000067,2505,500000,500000,500000,2,2
2017-11-26,10000067,2512,9,9,9,3400,12
2017-11-26,10000067,2516,5.95,5.95,5.95,12300,3
2017-11-26,10000067,2524,80969.13,80444.29,81000,36,4
2017-11-26,10000067,2525,81000,81000,81000,2,2
2017-11-26,10000067,2530,187420,187420,187420,1,1
2017-11-26,10000067,2533,90500,81000,100000,2,2
2017-11-26,10000067,2534,75500,70000,81000,2,2
2017-11-26,10000067,2537,30000,30000,30000,2,2
2017-11-26,10000067,2538,187420,187420,187420,1,1
2017-11-26,10000067,2539,943998,51001,1836995,2,2
2017-11-26,10000067,2546,187420,187420,187420,1,1
2017-11-26,10000067,2549,80371.43,70000,81000,35,4
2017-11-26,10000067,2550,77333.33,70000,81000,3,3
2017-11-26,10000067,2551,81000,81000,81000,2,2
2017-11-26,10000067,2553,1175989.89,1175989.89,1175989.89,2,2
2017-11-26,10000067,2603,7866.33,7000,8299.5,3,3
2017-11-26,10000067,2605,568406.51,475820,1000000,9,5
2017-11-26,10000067,2613,169.92,169.92,169.92,2150,2
2017-11-26,10000067,2621,598,598,598,54600,6
2017-11-26,10000067,2629,579.99,579.99,579.99,24500,3
2017-11-26,10000067,2679,599.99,599.99,599.99,22500,2
2017-11-26,10000067,2863,20000000,20000000,20000000,1,1
2017-11-26,10000067,2998,78890000,78890000,78890000,1,1
2017-11-26,10000067,3001,554444,520000,588888,6,2
2017-11-26,10000067,3009,2499999.98,2499999.98,2499999.98,1,1
2017-11-26,10000067,3017,899999,899999,899999,6,2
2017-11-26,10000067,3082,2999999.99,2999999.99,2999999.99,3,1
2017-11-26,10000067,3170,949999,949999,949999,2,1
2017-11-26,10000067,3178,1690907.99,1200000,2999995.95,11,2
2017-11-26,10000067,3244,1489993,1489992,1489993.99,2,2
2017-11-26,10000067,3293,300000,300000,300000,3,2
2017-11-26,10000067,3296,145000,145000,145000,2,1
2017-11-26,10000067,3303,216000,20000,1000000,5,5
2017-11-26,10000067,3304,100000,100000,100000,2,2
2017-11-26,10000067,3305,100000,100000,100000,1,1
2017-11-26,10000067,3306,246938.78,100000,1000000,7,7
2017-11-26,10000067,3307,2000000,2000000,2000000,1,1
2017-11-26,10000067,3308,2000000,2000000,2000000,2,2
2017-11-26,10000067,3309,1875000,1000000,2000000,4,4
2017-11-26,10000067,3315,1000000,1000000,1000000,1,1
2017-11-26,10000067,3316,70000,70000,70000,1,1
2017-11-26,10000067,3318,80000,80000,80000,1,1
2017-11-26,10000067,3319,20000,20000,20000,1,1
2017-11-26,10000067,3323,30000,30000,30000,1,1
2017-11-26,10000067,3324,100000,100000,100000,1,1
2017-11-26,10000067,3330,40000,40000,40000,2,2
2017-11-26,10000067,3331,40000,40000,40000,1,1
2017-11-26,10000067,3332,500000,500000,500000,3,3
2017-11-26,10000067,3333,500000,500000,500000,2,2
2017-11-26,10000067,3334,1166666.68,500000,4500000.05,6,6
2017-11-26,10000067,3335,514285.71,500000,571428.57,5,5
2017-11-26,10000067,3336,3009999.75,40000,4000000,4,4
2017-11-26,10000067,3337,4000000,4000000,4000000,1,1
2017-11-26,10000067,3338,4000000,4000000,4000000,2,2
2017-11-26,10000067,3339,4000000,4000000,4000000,2,2
2017-11-26,10000067,3340,300000,300000,300000,5,3
2017-11-26,10000067,3341,300000,300000,300000,1,1
2017-11-26,10000067,3342,2800000.04,2800000.04,2800000.04,2,2
2017-11-26,10000067,3343,300000,300000,300000,1,1
2017-11-26,10000067,3348,20000,20000,20000,3,3
2017-11-26,10000067,3349,75000,75000,75000,1,1
2017-11-26,10000067,3350,100000,100000,100000,1,1
2017-11-26,10000067,3354,2500000,2500000,2500000,1,1
2017-11-26,10000067,3355,20000,20000,20000,3,3
2017-11-26,10000067,3356,60000,60000,60000,4,4
2017-11-26,10000067,3357,180000,180000,180000,3,3
2017-11-26,10000067,3358,100000,100000,100000,2,2
2017-11-26,10000067,3359,200000,200000,200000,4,4
2017-11-26,10000067,3363,20000,20000,20000,2,2
2017-11-26,10000067,3385,50000,50000,50000,2,2
2017-11-26,10000067,3387,150000,150000,150000,7,2
2017-11-26,10000067,3389,280000,280000,280000,1,1
2017-11-26,10000067,3394,60000,60000,60000,2,2
2017-11-26,10000067,3395,80000,80000,80000,2,2
2017-11-26,10000067,3396,2000000,2000000,2000000,2,2
2017-11-26,10000067,3403,300000,300000,300000,5,5
2017-11-26,10000067,3405,25000,25000,25000,7,6
2017-11-26,10000067,3406,300000,300000,300000,5,5
2017-11-26,10000067,3408,15000000,15000000,15000000,1,1
2017-11-26,10000067,3409,350000,350000,350000,1,1
2017-11-26,10000067,3410,450000,450000,450000,4,4
2017-11-26,10000067,3411,75000,75000,75000,1,1
2017-11-26,10000067,3416,35000,35000,35000,1,1
2017-11-26,10000067,3420,250000,250000,250000,1,1
2017-11-26,10000067,3421,130000,130000,130000,2,2
2017-11-26,10000067,3423,75000,75000,75000,4,4
2017-11-26,10000067,3425,84000,84000,84000,2,2
2017-11-26,10000067,3427,120000,120000,120000,1,1
2017-11-26,10000067,3430,500000,500000,500000,3,3
2017-11-26,10000067,3431,75000,75000,75000,1,1
2017-11-26,10000067,3432,100000,100000,100000,1,1
2017-11-26,10000067,3433,100000,100000,100000,4,4
2017-11-26,10000067,3434,80000,80000,80000,3,3
2017-11-26,10000067,3437,40000,40000,40000,2,2
2017-11-26,10000067,3438,40000,40000,40000,1,1
2017-11-26,10000067,3439,200000,200000,200000,4,4
2017-11-26,10000067,3440,473746.9,473746.9,473746.9,2,2
2017-11-26,10000067,3441,489166.67,380000,598333.33,2,2
2017-11-26,10000067,3442,575000,500000,950000,6,6
2017-11-26,10000067,3443,20000,20000,20000,1,1
2017-11-26,10000067,3444,100000,100000,100000,1,1
2017-11-26,10000067,3446,100000,100000,100000,5,5
2017-11-26,10000067,3449,20000,20000,20000,1,1
2017-11-26,10000067,3450,22500,22500,22500,1,1
2017-11-26,10000067,3451,272500,30000,1000000,4,3
2017-11-26,10000067,3452,40000,40000,40000,1,1
2017-11-26,10000067,3455,30000,30000,30000,1,1
2017-11-26,10000067,3456,10000000,10000000,10000000,2,2
2017-11-26,10000067,3465,210000,210000,210000,1,1
2017-11-26,10000067,3467,33571.43,32750,50000,42,4
2017-11-26,10000067,3488,999998.99,999998.99,999998.99,1,1
2017-11-26,10000067,3496,2999998.99,2999998.99,2999998.99,1,1
2017-11-26,10000067,3504,5999899,5999899,5999899,2,2
2017-11-26,10000067,3520,1900000,1900000,1900000,6,1
2017-11-26,10000067,3528,99800,99800,99800,2,2
2017-11-26,10000067,3529,400000,400000,400000,5,3
2017-11-26,10000067,3530,2866653.71,2799984.56,2999992,3,3
2017-11-26,10000067,3539,800000,800000,800000,1,1
2017-11-26,10000067,3540,1897999,1897999,1897999,2,2
2017-11-26,10000067,3567,112500,112500,112500,2,2
2017-11-26,10000067,3578,3599999.99,3200000,3999999.98,2,2
2017-11-26,10000067,3587,49960,49960,49960,1,1
2017-11-26,10000067,3597,124700,124700,124700,1,1
2017-11-26,10000067,3607,312440,312440,312440,1,1
2017-11-26,10000067,3645,350,350,350,11160,4
2017-11-26,10000067,3683,325.22,325.22,325.22,4140,1
2017-11-26,10000067,3685,596.18,596.18,596.19,281762,16
2017-11-26,10000067,3687,776.39,705,894.2,51100,5
2017-11-26,10000067,3699,45,45,45,40010,2
2017-11-26,10000067,3705,1.02,1.01,1.02,20,2
2017-11-26,10000067,3707,1.03,1.03,1.03,10,1
2017-11-26,10000067,3709,1,1,1.01,50,4
2017-11-26,10000067,3713,9267.98,9267.98,9267.98,140,4
2017-11-26,10000067,3717,194.48,194.48,194.48,10,1
2017-11-26,10000067,3719,100,100,100,10,1
2017-11-26,10000067,3721,334.75,334.75,334.75,11,1
2017-11-26,10000067,3756,59500000,50000000,69000000,2,2
2017-11-26,10000067,3810,400.04,400.04,400.04,110,4
2017-11-26,10000067,3812,0.01,0.01,0.01,10,1
2017-11-26,10000067,3814,100000,100000,100000,1,1
2017-11-26,10000067,3818,1,1,1,10,1
2017-11-26,10000067,3820,1.03,1.03,1.03,10,1
2017-11-26,10000067,3822,1.04,1.04,1.04,20,2
2017-11-26,10000067,3826,1.04,1.04,1.04,20,1
2017-11-26,10000067,3829,38089.63,35215.74,43707.32,7,7
2017-11-26,10000067,3831,851666.04,355002.17,1099997.98,3,3
2017-11-26,10000067,3840,312420,312420,312420,13,3
2017-11-26,10000067,3841,2340106.61,2202480.46,2600639.99,8,8
2017-11-26,10000067,3887,44833.22,44666.44,45000,2,2
2017-11-26,10000067,3888,1676033,1613199.2,1707450.5,6,6
2017-11-26,10000067,3895,37874974.97,35999999.99,44999999.99,4,4
2017-11-26,10000067,4025,46333.33,10000,282499.98,15,12
2017-11-26,10000067,4027,32600.79,12001.1,38600,18,16
2017-11-26,10000067,4051,24499.99,24499.99,24499.99,12000,1
2017-11-26,10000067,4247,25000,25000,25000,20000,1
2017-11-26,10000067,4250,2854330.8,2671718,2899984,5,3
2017-11-26,10000067,4254,2496342.06,2496342.06,2496342.06,1,1
2017-11-26,10000067,4302,70000000,70000000,70000000,1,1
2017-11-26,10000067,4310,66779995.95,66779995.95,66779995.95,1,1
2017-11-26,10000067,4312,23999.99,23999.99,23999.99,34475,2
2017-11-26,10000067,4383,2977932.81,1999998.55,3466899.94,3,3
2017-11-26,10000067,4385,4500000,4500000,4500000,2,2
2017-11-26,10000067,4393,66438.97,54809,70315.63,4,2
2017-11-26,10000067,4394,499200,499200,499200,1,1
2017-11-26,10000067,4399,9002215.68,9002215.68,9002215.68,2,1
2017-11-26,10000067,4403,452856.85,450000,459998.97,7,3
2017-11-26,10000067,4405,2434916.54,2109499.5,2499999.95,12,7
2017-11-26,10000067,4435,35339.71,108.14,74999.85,14,10
2017-11-26,10000067,4471,1005.03,1005.03,1005.03,3,3
2017-11-26,10000067,4477,104.05,104,104.19,7,5
2017-11-26,10000067,4529,4203.7,55.55,12500,6,5
2017-11-26,10000067,4531,53,53,53,1,1
2017-11-26,10000067,4533,131161.98,985.95,200000,6,6
2017-11-26,10000067,4535,5,5,5,2,2
2017-11-26,10000067,4569,5,5,5,1,1
2017-11-26,10000067,4573,280002.67,8,420000,3,3
2017-11-26,10000067,4575,5,5,5,1,1
2017-11-26,10000067,4611,6000,6000,6000,1,1
2017-11-26,10000067,4787,2700,2700,2700,9,8
2017-11-26,10000067,4831,107,106.99,107,8,4
2017-11-26,10000067,4833,5002.01,5002.01,5002.01,1,1
2017-11-26,10000067,4835,105.17,105.17,105.17,4,2
2017-11-26,10000067,4871,245000,245000,245000,1,1
2017-11-26,10000067,5007,5,5,5,1,1
2017-11-26,10000067,5009,11,11,11,7,6
2017-11-26,10000067,5011,270553.97,60830.95,690000,3,3
2017-11-26,10000067,5013,5.02,5.02,5.02,3,3
2017-11-26,10000067,5053,41000.44,41000.44,41000.44,1,1
2017-11-26,10000067,5087,506,506,506,12,11
2017-11-26,10000067,5089,11,11,11,18,13
2017-11-26,10000067,5091,5,5,5,2,2
2017-11-26,10000067,5093,247.07,201.01,430.04,15,10
2017-11-26,10000067,5137,958.5,263,10000,14,11
2017-11-26,10000067,5141,4937.67,1205,34799,9,9
2017-11-26,10000067,5219,1000,1000,1000,1,1
2017-11-26,10000067,5239,24620.2,1100.98,30500,5,3
2017-11-26,10000067,5245,117728.46,65.02,127345,13,9
2017-11-26,10000067,5279,5,5,5,2,2
2017-11-26,10000067,5281,11,11,11,3,3
2017-11-26,10000067,5282,5,5,5,8,6
2017-11-26,10000067,5299,179,179,179,2,2
2017-11-26,10000067,5301,5.03,5.03,5.03,6,6
2017-11-26,10000067,5302,69999,69999,69999,1,1
2017-11-26,10000067,5319,108,108,108,4,4
2017-11-26,10000067,5320,1000.13,1000.12,1000.14,7,5
2017-11-26,10000067,5321,209.03,209,209.05,2,2
2017-11-26,10000067,5340,5.02,5.02,5.02,3,3
2017-11-26,10000067,5342,5.02,5.02,5.02,3,2
2017-11-26,10000067,5361,3797.5,3797.5,3797.5,1,1
2017-11-26,10000067,5363,3999.58,3999.24,3999.75,3,3
2017-11-26,10000067,5365,200.03,200.03,200.03,1,1
2017-11-26,10000067,5399,1906.07,1150.46,13995.99,17,16
2017-11-26,10000067,5403,4000.21,4000.21,4000.21,3,3
2017-11-26,10000067,5405,5000.12,5000.12,5000.12,11,7
2017-11-26,10000067,5439,5569.56,4020.53,27256,15,13
2017-11-26,10000067,5443,39502.5,5,79000,2,2
2017-11-26,10000067,5445,1002.02,1002.02,1002.02,12,10
2017-11-26,10000067,5493,890000,890000,890000,8,2
2017-11-26,10000067,5533,73751.28,5.1,100000,4,3
2017-11-26,10000067,5599,105,105,105,2,1
2017-11-26,10000067,5631,327134.06,602.19,590000,9,5
2017-11-26,10000067,5647,5,5,5,1,1
2017-11-26,10000067,5649,500,500,500,1,1
2017-11-26,10000067,5693,699.94,699.94,699.94,2,2
2017-11-26,10000067,5719,7500.69,5001.37,10000,2,2
2017-11-26,10000067,5721,100000,100000,100000,3,2
2017-11-26,10000067,5723,100,100,100,1,1
2017-11-26,10000067,5743,2000,2000,2000,1,1
2017-11-26,10000067,5745,100.06,100.05,100.06,3,3
2017-11-26,10000067,5747,501,501,501,2,2
2017-11-26,10000067,5757,21001,21001,21001,2,2
2017-11-26,10000067,5759,100001.03,100001.03,100001.03,1,1
2017-11-26,10000067,5839,1313584.9,1019003.02,2116258,9,9
2017-11-26,10000067,5867,124.02,124,124.04,2,2
2017-11-26,10000067,5869,5.03,5.03,5.03,10,8
2017-11-26,10000067,5933,169426,1204,225500,4,3
2017-11-26,10000067,5945,463167.54,343002.09,500000,6,5
2017-11-26,10000067,5955,130000,127500,132500,3,3
2017-11-26,10000067,5971,19843.64,1540,52500,11,11
2017-11-26,10000067,5973,299021.85,152001,400000,26,22
2017-11-26,10000067,5975,33601.5,4802,120000,4,3
2017-11-26,10000067,6001,17078.35,106.01,53500,23,17
2017-11-26,10000067,6003,16904.69,107.04,50000.01,15,13
2017-11-26,10000067,6005,31805.99,2007.2,77777,14,11
2017-11-26,10000067,6073,5,5,5,7,4
2017-11-26,10000067,6131,2122.38,10,14796.67,7,5
2017-11-26,10000067,6159,7.01,7,7.07,6,6
2017-11-26,10000067,6160,1914.56,206,19000,11,8
2017-11-26,10000067,6173,66668.34,5.01,100000,6,5
2017-11-26,10000067,6176,2861.45,5.02,20000,7,6
2017-11-26,10000067,6296,17948.34,100.2,125179.95,14,9
2017-11-26,10000067,6325,50082.5,110,200000,4,4
2017-11-26,10000067,6437,192724.7,191200.28,195773.53,3,3
2017-11-26,10000067,6443,175000,175000,175000,1,1
2017-11-26,10000067,6527,2192.17,10,6556.5,6,5
2017-11-26,10000067,6569,51.19,51.19,51.19,3,3
2017-11-26,10000067,6633,25000,25000,25000,2,1
2017-11-26,10000067,6675,152502.5,5004.99,300000,2,2
2017-11-26,10000067,6715,65000,65000,65000,3,2
2017-11-26,10000067,6721,45000,45000,45000,4,1
2017-11-26,10000067,6861,130000,130000,130000,2,2
2017-11-26,10000067,6863,1300000,1300000,1300000,2,2
2017-11-26,10000067,6865,1704285.71,1490000,1790000,7,2
2017-11-26,10000067,6919,31000.96,31000.96,31000.96,1,1
2017-11-26,10000067,6923,100,100,100,1,1
2017-11-26,10000067,6925,1,1,1,1,1
2017-11-26,10000067,6961,30002,30002,30002,1,1
2017-11-26,10000067,6963,100,100,100,1,1
2017-11-26,10000067,7003,998972,998972,998972,4,2
2017-11-26,10000067,7005,30000,30000,30000,1,1
2017-11-26,10000067,7045,1000.99,1000.99,1000.99,1,1
2017-11-26,10000067,7125,150000.01,150000.01,150000.01,2,2
2017-11-26,10000067,7127,1500000,1500000,1500000,1,1
2017-11-26,10000067,7131,344998.99,344998.99,344998.99,8,3
2017-11-26,10000067,7169,250000.17,250000.17,250000.17,3,2
2017-11-26,10000067,7247,533333,100000,1399999,3,3
2017-11-26,10000067,7251,200,200,200,2,2
2017-11-26,10000067,7287,844412.34,55444.69,999999,7,4
2017-11-26,10000067,7289,61249.69,1999.12,160000.65,8,6
2017-11-26,10000067,7291,75000,75000,75000,9,2
2017-11-26,10000067,7293,98561.9,105,295475.71,3,3
2017-11-26,10000067,7327,1999999.92,1999999.92,1999999.92,3,1
2017-11-26,10000067,7367,1077769.53,602005.83,2399944.01,9,7
2017-11-26,10000067,7369,334285.71,10000,750000,7,6
2017-11-26,10000067,7487,5000,5000,5000,1,1
2017-11-26,10000067,7491,125000,125000,125000,5,1
2017-11-26,10000067,7535,635199.98,100000,768999.98,5,2
2017-11-26,10000067,7579,1481999.9,325000.01,2349999.82,7,4
2017-11-26,10000067,7585,288.88,288.88,288.88,2,2
2017-11-26,10000067,7619,1000000,1000000,1000000,1,1
2017-11-26,10000067,7831,1,1,1,1,1
2017-11-26,10000067,7997,363639.1,5.01,800000,11,2
2017-11-26,10000067,8007,668142.57,596999.5,890000,14,6
2017-11-26,10000067,8025,163.61,163.6,163.61,8,7
2017-11-26,10000067,8027,1021564,311019,1590000,9,5
2017-11-26,10000067,8089,270000,165000,900000,7,4
2017-11-26,10000067,8091,204338.53,5.02,272449.7,4,2
2017-11-26,10000067,8101,107.07,107.07,107.07,4,4
2017-11-26,10000067,8103,5.06,5.06,5.06,3,3
2017-11-26,10000067,8113,2400.2,2400.2,2400.2,1,1
2017-11-26,10000067,8133,5,5,5,2,2
2017-11-26,10000067,8175,56880.28,1009.05,149999,8,4
2017-11-26,10000067,8177,74252.5,5,148500,8,4
2017-11-26,10000067,8225,149576.46,5.14,274254.96,7,6
2017-11-26,10000067,8263,149657.4,5.23,223999.5,7,5
2017-11-26,10000067,8295,88299.99,88299.99,88299.99,1,1
2017-11-26,10000067,8419,1500000,1500000,1500000,2,2
2017-11-26,10000067,8433,475500.03,1000.05,950000,2,2
2017-11-26,10000067,8517,4052724.33,1503002.31,4929000,4,4
2017-11-26,10000067,8521,45006.22,45006.22,45006.22,3,3
2017-11-26,10000067,8529,316478.15,284497.24,329997.99,11,6
2017-11-26,10000067,8531,501.33,501.33,501.33,5,5
2017-11-26,10000067,8535,5001.12,5001.1,5001.21,5,5
2017-11-26,10000067,8537,140,140,140,4,4
2017-11-26,10000067,8579,5.04,5.04,5.04,4,4
2017-11-26,10000067,8585,1902.01,1902.01,1902.01,6,4
2017-11-26,10000067,8635,200050,100,400000,2,2
2017-11-26,10000067,8641,200000,200000,200000,1,1
2017-11-26,10000067,8748,50375.67,127,75500,6,4
2017-11-26,10000067,8863,1900000,1900000,1900000,5,1
2017-11-26,10000067,8867,400,400,400,1,1
2017-11-26,10000067,9249,54972.31,54972.31,54972.31,1,1
2017-11-26,10000067,9289,103987.28,103987.28,103987.28,1,1
2017-11-26,10000067,9327,3349976.11,3349976.11,3349976.11,7,2
2017-11-26,10000067,9417,750000,350000,950000,3,3
2017-11-26,10000067,9451,100000,100000,100000,1,1
2017-11-26,10000067,9521,350.03,350.03,350.03,1,1
2017-11-26,10000067,9582,170000,140000,200000,2,2
2017-11-26,10000067,9608,602.98,602.88,603,7,6
2017-11-26,10000067,9622,4075.16,507,25484.09,7,5
2017-11-26,10000067,9632,199600.34,35000.87,308999.99,5,3
2017-11-26,10000067,9646,5,5,5,3,3
2017-11-26,10000067,9660,17287.78,5,77777.5,9,6
2017-11-26,10000067,9668,151103,151103,151103,5,3
2017-11-26,10000067,9670,55.55,55.55,55.55,1,1
2017-11-26,10000067,9680,400.09,400.09,400.09,1,1
2017-11-26,10000067,9728,180001,180001,180001,6,5
2017-11-26,10000067,9734,175000,175000,175000,2,2
2017-11-26,10000067,9744,110.89,110.89,110.89,1,1
2017-11-26,10000067,9762,50003.65,50003.65,50003.65,1,1
2017-11-26,10000067,9772,151005.17,151005.14,151005.19,2,2
2017-11-26,10000067,9784,0.01,0.01,0.01,2,2
2017-11-26,10000067,9800,50001.58,50001.44,50002,4,4
2017-11-26,10000067,9826,363.98,349.22,385.83,51,12
2017-11-26,10000067,9834,60000.02,60000.02,60000.02,2,1
2017-11-26,10000067,9842,8000,8000,8000,3,1
2017-11-26,10000067,9848,85000.61,85000.61,85000.61,312,2
2017-11-26,10000067,9941,7700001,7700001,7700001,1,1
2017-11-26,10000067,9942,9750010.04,7500020.11,11999999.96,2,2
2017-11-26,10000067,9944,50358.58,50358.58,50358.58,2,2
2017-11-26,10000067,9945,249940,249940,249940,1,1
2017-11-26,10000067,10040,3360,3360,3360,1,1
2017-11-26,10000067,10190,1999319.6,1998999.98,1999958.84,3,3
2017-11-26,10000067,10246,8183.33,6475,10000,42,8
2017-11-26,10000067,10250,1371150,1355000,1400000,25,5
2017-11-26,10000067,10629,15700,15700,15700,1,1
2017-11-26,10000067,10680,783523.96,783523.96,783523.96,7,1
2017-11-26,10000067,10688,45400.4,1001,75000,5,3
2017-11-26,10000067,10694,520833.33,500000,525000,6,2
2017-11-26,10000067,10836,50500,45000,56000,2,2
2017-11-26,10000067,10837,364640,364640,364640,1,1
2017-11-26,10000067,10838,110000,110000,110000,1,1
2017-11-26,10000067,10839,1458560,1458560,1458560,1,1
2017-11-26,10000067,10842,101001.01,101001.01,101001.01,1,1
2017-11-26,10000067,10850,642049.48,624989.96,659108.99,2,2
2017-11-26,10000067,10874,10000,10000,10000,1,1
2017-11-26,10000067,10876,5000,5000,5000,1,1
2017-11-26,10000067,10880,11001.01,11001.01,11001.01,1,1
2017-11-26,10000067,10882,60000.95,60000.95,60000.95,1,1
2017-11-26,10000067,10884,240000.92,240000.92,240000.92,2,2
2017-11-26,10000067,10886,50000.98,50000.98,50000.98,1,1
2017-11-26,10000067,10998,38825,35500,40000,20,12
2017-11-26,10000067,11083,1000000,1000000,1000000,1,1
2017-11-26,10000067,11105,238571.3,160000,249999.69,7,5
2017-11-26,10000067,11129,29148.53,12487.5,34999,37,36
2017-11-26,10000067,11132,26428.14,14999,49999.99,7,7
2017-11-26,10000067,11134,33831.25,29000,44999.99,23,23
2017-11-26,10000067,11202,40999994.16,39999999.99,42999982.51,3,3
2017-11-26,10000067,11207,1625208.33,500000,5000000,4,4
2017-11-26,10000067,11218,750000,750000,750000,1,1
2017-11-26,10000067,11228,750000,750000,750000,2,2
2017-11-26,10000067,11229,1899940.86,1899940.86,1899940.86,1,1
2017-11-26,10000067,11238,750000,750000,750000,1,1
2017-11-26,10000067,11248,750000,750000,750000,1,1
2017-11-26,10000067,11258,750000,750000,750000,1,1
2017-11-26,10000067,11267,172524.99,75050,269999.99,4,4
2017-11-26,10000067,11268,1000000,1000000,1000000,1,1
2017-11-26,10000067,11269,1832498.43,1799997.68,1900000,8,5
2017-11-26,10000067,11278,2500000,2500000,2500000,1,1
2017-11-26,10000067,11283,3000,3000,3000,2,1
2017-11-26,10000067,11285,4822.3,4822.3,4822.3,1,1
2017-11-26,10000067,11287,5000,5000,5000,174,3
2017-11-26,10000067,11289,5500,5500,5500,446,10
2017-11-26,10000067,11290,5000000,5000000,5000000,1,1
2017-11-26,10000067,11294,200000,200000,200000,10,2
2017-11-26,10000067,11296,800000,800000,800000,1,1
2017-11-26,10000067,11297,335000,335000,335000,3,1
2017-11-26,10000067,11298,1600000,1600000,1600000,1,1
2017-11-26,10000067,11302,2000000,2000000,2000000,1,1
2017-11-26,10000067,11303,150000,150000,150000,1,1
2017-11-26,10000067,11304,3500000,3500000,3500000,1,1
2017-11-26,10000067,11306,3000000,3000000,3000000,1,1
2017-11-26,10000067,11309,99289.28,5,347499.98,7,7
2017-11-26,10000067,11311,2005.01,2005.01,2005.01,6,5
2017-11-26,10000067,11317,499000,499000,499000,1,1
2017-11-26,10000067,11319,145000,145000,145000,2,1
2017-11-26,10000067,11325,639596.02,450200.03,828992,2,2
2017-11-26,10000067,11341,2549,56,19999.99,8,8
2017-11-26,10000067,11343,1309.63,55.55,4495.37,7,7
2017-11-26,10000067,11349,218662,119999.99,267993.01,3,2
2017-11-26,10000067,11351,5004.01,5004.01,5004.01,5,5
2017-11-26,10000067,11356,49960,49960,49960,1,1
2017-11-26,10000067,11358,124700,124700,124700,1,1
2017-11-26,10000067,11360,312440,312440,312440,1,1
2017-11-26,10000067,11370,1469348.68,811615.79,1999994,7,7
2017-11-26,10000067,11395,500000,500000,500000,1,1
2017-11-26,10000067,11399,3500,3500,3500,10,2
2017-11-26,10000067,11433,10000000,10000000,10000000,2,2
2017-11-26,10000067,11441,10000000,10000000,10000000,1,1
2017-11-26,10000067,11442,10000000,10000000,10000000,1,1
2017-11-26,10000067,11443,10000000,10000000,10000000,1,1
2017-11-26,10000067,11444,10000000,10000000,10000000,1,1
2017-11-26,10000067,11445,10000000,10000000,10000000,1,1
2017-11-26,10000067,11446,10000000,10000000,10000000,2,2
2017-11-26,10000067,11447,10000000,10000000,10000000,2,2
2017-11-26,10000067,11448,10000000,10000000,10000000,1,1
2017-11-26,10000067,11449,8000000,6000000,10000000,2,2
2017-11-26,10000067,11450,10000000,10000000,10000000,1,1
2017-11-26,10000067,11451,10000000,10000000,10000000,2,2
2017-11-26,10000067,11452,10000000,10000000,10000000,1,1
2017-11-26,10000067,11453,10000000,10000000,10000000,3,3
2017-11-26,10000067,11454,10000000,10000000,10000000,1,1
2017-11-26,10000067,11455,8000000,6000000,10000000,2,2
2017-11-26,10000067,11482,439,439,439,32,1
2017-11-26,10000067,11489,235000,235000,235000,2,1
2017-11-26,10000067,11529,10000000,10000000,10000000,1,1
2017-11-26,10000067,11535,48975,48975,48975,50,1
2017-11-26,10000067,11561,422000,422000,422000,1,1
2017-11-26,10000067,11562,3500000,3500000,3500000,1,1
2017-11-26,10000067,11563,290703.66,290000,292110.99,3,3
2017-11-26,10000067,11566,413333.33,120000,1000000,3,3
2017-11-26,10000067,11574,2000000,2000000,2000000,1,1
2017-11-26,10000067,11577,5246977.85,4500000,5993955.7,2,2
2017-11-26,10000067,11578,8064999.65,7323999.98,9546999,3,3
2017-11-26,10000067,11579,3833333.33,3500000,4500000,3,3
2017-11-26,10000067,11584,75000,75000,75000,1,1
2017-11-26,10000067,11612,249600,249600,249600,1,1
2017-11-26,10000067,11613,99940,99940,99940,2,2
2017-11-26,10000067,11621,99000,99000,99000,2,2
2017-11-26,10000067,11640,980988.16,980988.16,980988.16,2,1
2017-11-26,10000067,11688,250.25,250.25,250.25,4,1
2017-11-26,10000067,11859,282640,282640,282640,2,2
2017-11-26,10000067,11870,282640,282640,282640,4,4
2017-11-26,10000067,11872,364560,364560,364560,2,2
2017-11-26,10000067,11873,364560,364560,364560,1,1
2017-11-26,10000067,11887,282640,282640,282640,2,2
2017-11-26,10000067,11889,282640,282640,282640,2,2
2017-11-26,10000067,11890,282640,282640,282640,2,2
2017-11-26,10000067,11891,282640,282640,282640,2,2
2017-11-26,10000067,12005,335000000.04,335000000.04,335000000.04,1,1
2017-11-26,10000067,12049,1,1,1,4,1
2017-11-26,10000067,12052,181063,170000,199995,15,6
2017-11-26,10000067,12053,1581880,1581880,1581880,2,2
2017-11-26,10000067,12054,790940,790940,790940,1,1
2017-11-26,10000067,12056,38000,38000,38000,1,1
2017-11-26,10000067,12057,322560,322560,322560,1,1
2017-11-26,10000067,12058,4825844.16,3500000,5488766.24,3,2
2017-11-26,10000067,12067,1612800,1612800,1612800,1,1
2017-11-26,10000067,12068,5488840.16,5488760.24,5489000.01,3,3
2017-11-26,10000067,12093,4000000,4000000,4000000,1,1
2017-11-26,10000067,12096,28000000,28000000,28000000,1,1
2017-11-26,10000067,12179,40000000,40000000,40000000,1,1
2017-11-26,10000067,12185,225000,225000,225000,1,1
2017-11-26,10000067,12186,200000,200000,200000,1,1
2017-11-26,10000067,12187,175000,175000,175000,1,1
2017-11-26,10000067,12190,125000,125000,125000,1,1
2017-11-26,10000067,12192,100000,100000,100000,2,2
2017-11-26,10000067,12193,50000,50000,50000,1,1
2017-11-26,10000067,12195,25000,25000,25000,1,1
2017-11-26,10000067,12196,300000,300000,300000,1,1
2017-11-26,10000067,12204,3000000,3000000,3000000,1,1
2017-11-26,10000067,12205,9000000,9000000,9000000,1,1
2017-11-26,10000067,12207,6400000,6400000,6400000,1,1
2017-11-26,10000067,12211,10000000,10000000,10000000,1,1
2017-11-26,10000067,12212,6999999.99,6999999.99,6999999.99,2,2
2017-11-26,10000067,12213,1000000,1000000,1000000,2,2
2017-11-26,10000067,12214,3000000,3000000,3000000,1,1
2017-11-26,10000067,12215,9000000,9000000,9000000,1,1
2017-11-26,10000067,12221,4999999.93,4999999.93,4999999.93,1,1
2017-11-26,10000067,12267,5489985.86,5489985.86,5489985.86,1,1
2017-11-26,10000067,12271,6650000,6300000,7000000,2,2
2017-11-26,10000067,12274,151395.14,149999.99,165000,4,4
2017-11-26,10000067,12275,499200,499200,499200,1,1
2017-11-26,10000067,12305,100000,100000,100000,6,6
2017-11-26,10000067,12344,500.02,500.02,500.02,1,1
2017-11-26,10000067,12355,10000000,10000000,10000000,1,1
2017-11-26,10000067,12356,4498998.88,4498998.88,4498998.88,1,1
2017-11-26,10000067,12365,413333.33,120000,1000000,3,3
2017-11-26,10000067,12366,413333.33,120000,1000000,3,3
2017-11-26,10000067,12367,340000,120000,1000000,4,4
2017-11-26,10000067,12441,950000,950000,950000,1,1
2017-11-26,10000067,12484,8069596.19,4499999.96,8984999,5,4
2017-11-26,10000067,12485,5999499.44,3999999.89,7998998.99,4,3
2017-11-26,10000067,12486,4047693.33,3391892.6,5031394.43,5,5
2017-11-26,10000067,12487,5396248.33,4694899.99,5995899.99,6,5
2017-11-26,10000067,12530,533333.33,500000,600000,3,2
2017-11-26,10000067,12563,199937.22,198995.54,200000,16,4
2017-11-26,10000067,12565,200000,200000,200000,2,1
2017-11-26,10000067,12618,199,199,199,32500,1
2017-11-26,10000067,12753,399000000.04,399000000.04,399000000.04,1,1
2017-11-26,10000067,12775,582.99,582.99,582.99,2000,1
2017-11-26,10000067,12777,287.98,287.98,287.98,4000,1
2017-11-26,10000067,12785,160,160,160,1,1
2017-11-26,10000067,12789,185.95,185.95,185.95,2500,1
2017-11-26,10000067,12791,333,333,333,11600,3
2017-11-26,10000067,12801,299.94,299.94,299.94,1000,1
2017-11-26,10000067,12805,198,198,198,3500,2
2017-11-26,10000067,12814,294985.82,294985.82,294985.82,6,1
2017-11-26,10000067,12818,289000,289000,289000,12,2
2017-11-26,10000067,12822,374999.99,374999.99,374999.99,5,1
2017-11-26,10000067,12824,449000,449000,449000,20,1
2017-11-26,10000067,12828,694999.99,694999.99,694999.99,11,1
2017-11-26,10000067,13216,36000000,36000000,36000000,1,1
2017-11-26,10000067,13223,400000,400000,400000,1,1
2017-11-26,10000067,13224,2750000,2750000,2750000,1,1
2017-11-26,10000067,13267,10,10,10,160,3
2017-11-26,10000067,13279,250000,250000,250000,2,2
2017-11-26,10000067,13285,35000,10000,60000,2,2
2017-11-26,10000067,13286,50000.03,50000.03,50000.03,1,1
2017-11-26,10000067,13320,44750,44750,44750,2,1
2017-11-26,10000067,14278,550004.77,550004.77,550004.77,1,1
2017-11-26,10000067,14292,1,1,1,1,1
2017-11-26,10000067,14295,7200000,7200000,7200000,1,1
2017-11-26,10000067,14298,7200000,7200000,7200000,1,1
2017-11-26,10000067,15331,1150.33,1150.33,1150.33,2938,157
2017-11-26,10000067,15508,59007.68,1657.4,61000,55,9
2017-11-26,10000067,15509,1600000,1600000,1600000,1,1
2017-11-26,10000067,15510,99999.99,99999.99,99999.99,7,2
2017-11-26,10000067,15511,1500000,1500000,1500000,1,1
2017-11-26,10000067,15587,3781.45,45.01,4500,31,5
2017-11-26,10000067,15588,4832,80.01,8000,10,3
2017-11-26,10000067,15589,15000,15000,15000,11,1
2017-11-26,10000067,15590,9422.36,20.01,20000,34,2
2017-11-26,10000067,15592,500000,500000,500000,24,1
2017-11-26,10000067,15593,1000.01,1000.01,1000.01,30,1
2017-11-26,10000067,15596,1000,1000,1000,10,1
2017-11-26,10000067,15597,1000,1000,1000,1,1
2017-11-26,10000067,15598,1001,1001,1001,3,1
2017-11-26,10000067,15599,1001.07,1001.07,1001.07,11,2
2017-11-26,10000067,15600,500000.13,500000.13,500000.13,7,3
2017-11-26,10000067,15602,56051,56051,56051,3,1
2017-11-26,10000067,15604,2051021,2051021,2051021,2,1
2017-11-26,10000067,15607,501.81,501.81,501.83,33,4
2017-11-26,10000067,15608,201.59,201.58,201.6,34,4
2017-11-26,10000067,15609,0.01,0.01,0.01,4,1
2017-11-26,10000067,15610,146777.78,140000,200000,18,5
2017-11-26,10000067,15611,0.01,0.01,0.01,12,2
2017-11-26,10000067,15612,10000,10000,10000,16,4
2017-11-26,10000067,15613,222201,222201,222201,20,5
2017-11-26,10000067,15614,100006,100006,100006,62,4
2017-11-26,10000067,15615,1600030.77,1600030,1600031,30,4
2017-11-26,10000067,15625,2811.06,45,4500,47,5
2017-11-26,10000067,15626,8000,8000,8000,34,2
2017-11-26,10000067,15627,7575,150,15000,6,2
2017-11-26,10000067,15628,1850,200,20000,12,3
2017-11-26,10000067,15629,25000,25000,25000,1,1
2017-11-26,10000067,15630,200000,200000,200000,9,5
2017-11-26,10000067,15631,201071,201071,201071,7,2
2017-11-26,10000067,15632,1500000,1500000,1500000,2,1
2017-11-26,10000067,15646,50000,50000,50000,1,1
2017-11-26,10000067,15656,1000,1000,1000,8,3
2017-11-26,10000067,15660,300,300,300,7,2
2017-11-26,10000067,15669,1572020.5,1572020,1572021,18,3
2017-11-26,10000067,15673,750,750,750,12,1
2017-11-26,10000067,15766,29599998.88,29599998.88,29599998.88,1,1
2017-11-26,10000067,15887,66148042.5,66148042.5,66148042.5,1,1
2017-11-26,10000067,15992,10000,10000,10000,57,8
2017-11-26,10000067,15994,7675.01,250.01,25000,20,2
2017-11-26,10000067,15997,15150,300,30000,2,2
2017-11-26,10000067,15998,50000,50000,50000,1,1
2017-11-26,10000067,15999,0.01,0.01,0.01,4,1
2017-11-26,10000067,16000,10000,10000,10000,17,3
2017-11-26,10000067,16002,300.01,300.01,300.01,3,1
2017-11-26,10000067,16069,85000,85000,85000,2,2
2017-11-26,10000067,16119,600,600,600,4,1
2017-11-26,10000067,16233,61000000,61000000,61000000,1,1
2017-11-26,10000067,16236,1415000,1380000,1500000,4,4
2017-11-26,10000067,16237,8635240,8635240,8635240,1,1
2017-11-26,10000067,16238,1500000,1500000,1500000,1,1
2017-11-26,10000067,16240,1190929.35,1002576.06,1202500,9,7
2017-11-26,10000067,16242,1038214.22,996428.43,1080000,2,2
2017-11-26,10000067,16262,185000,185000,185000,548,10
2017-11-26,10000067,16273,250,200,400,7327,15
2017-11-26,10000067,16274,360.02,360.02,360.02,68825,1
2017-11-26,10000067,16301,15008,15008,15008,6,4
2017-11-26,10000067,16303,413171.66,80000.42,857399.99,7,4
2017-11-26,10000067,16353,80001.05,80001.05,80001.05,1,1
2017-11-26,10000067,16363,80000.06,80000.06,80000.06,3,1
2017-11-26,10000067,16365,164227.45,152303.27,200000,4,4
2017-11-26,10000067,16371,76004,76004,76004,1,1
2017-11-26,10000067,16373,2110,2110,2110,3,2
2017-11-26,10000067,16381,1505,1505,1505,1,1
2017-11-26,10000067,16389,175049.89,100,349999.77,2,2
2017-11-26,10000067,16391,415000.04,80000.07,750000,2,2
2017-11-26,10000067,16407,650000,650000,650000,1,1
2017-11-26,10000067,16427,1000,1000,1000,1,1
2017-11-26,10000067,16429,0.01,0.01,0.01,1,1
2017-11-26,10000067,16433,400.28,400.28,400.28,1,1
2017-11-26,10000067,16435,243.75,243.75,243.75,7,5
2017-11-26,10000067,16439,389.93,389.93,389.93,1,1
2017-11-26,10000067,16443,5,5,5,2,2
2017-11-26,10000067,16447,1505.27,1505.27,1505.27,3,3
2017-11-26,10000067,16449,5,5,5,1,1
2017-11-26,10000067,16455,150000,150000,150000,1,1
2017-11-26,10000067,16467,5800.01,5800.01,5800.01,2,2
2017-11-26,10000067,16469,2501,2501,2501,2,2
2017-11-26,10000067,16481,10000,10000,10000,1,1
2017-11-26,10000067,16491,5.02,5.02,5.02,1,1
2017-11-26,10000067,16493,5.01,5.01,5.01,1,1
2017-11-26,10000067,16495,105.15,105.15,105.15,1,1
2017-11-26,10000067,16497,197494.96,190000,198993.95,6,2
2017-11-26,10000067,16505,5.03,5.03,5.03,1,1
2017-11-26,10000067,16507,904,904,904,1,1
2017-11-26,10000067,16527,5.55,5.55,5.55,1,1
2017-11-26,10000067,16594,1500000,1500000,1500000,2,2
2017-11-26,10000067,16597,20000000,20000000,20000000,1,1
2017-11-26,10000067,16598,3500000,3500000,3500000,5,5
2017-11-26,10000067,16622,5000000,5000000,5000000,2,2
2017-11-26,10000067,16681,2000.77,2000.77,2000.77,3,1
2017-11-26,10000067,16682,1101.29,1101.29,1101.29,3,1
2017-11-26,10000067,17192,799999.87,799999.87,799999.87,3,3
2017-11-26,10000067,17201,5.05,5.05,5.05,1,1
2017-11-26,10000067,17214,1.3,1.3,1.3,1,1
2017-11-26,10000067,17215,1007,1007,1007,2,1
2017-11-26,10000067,17219,1.13,1.13,1.13,2,1
2017-11-26,10000067,17334,5000000,5000000,5000000,1,1
2017-11-26,10000067,17335,5000000,5000000,5000000,1,1
2017-11-26,10000067,17336,5000000,5000000,5000000,1,1
2017-11-26,10000067,17338,5000000,5000000,5000000,1,1
2017-11-26,10000067,17350,5000000,5000000,5000000,1,1
2017-11-26,10000067,17363,500000,500000,500000,1,1
2017-11-26,10000067,17366,141786.25,35000,450000,28,16
2017-11-26,10000067,17368,2474999.99,2400000,2499999.99,4,2
2017-11-26,10000067,17432,0.01,0.01,0.01,72,1
2017-11-26,10000067,17440,465,465,465,3000,1
2017-11-26,10000067,17441,0.02,0.02,0.02,33,1
2017-11-26,10000067,17444,435,435,435,4000,1
2017-11-26,10000067,17445,0.02,0.02,0.02,15,1
2017-11-26,10000067,17448,0.01,0.01,0.01,62,1
2017-11-26,10000067,17449,415,415,415,56137,4
2017-11-26,10000067,17452,89,89,89,161481,21
2017-11-26,10000067,17453,170.45,170.45,170.45,188511,32
2017-11-26,10000067,17456,61.46,61.46,61.46,58419,1
2017-11-26,10000067,17459,44.33,44.33,44.33,1184218,35
2017-11-26,10000067,17460,44,44,44,916661,30
2017-11-26,10000067,17463,17.91,17.91,17.91,895624,13
2017-11-26,10000067,17464,20.02,20.02,20.02,372909,14
2017-11-26,10000067,17470,6.5,6.5,10.02,850367,15
2017-11-26,10000067,17471,11.01,11.01,11.01,302659,7
2017-11-26,10000067,17478,24250000,23500000,25000000,2,2
2017-11-26,10000067,17480,17750021.55,9000089,20499996.62,4,4
2017-11-26,10000067,17482,2814741.94,2498998.78,3771000,8,4
2017-11-26,10000067,17624,1,1,1,1,1
2017-11-26,10000067,17726,450000000,450000000,450000000,1,1
2017-11-26,10000067,17765,40,40,40,60,2
2017-11-26,10000067,17796,4000.01,4000.01,4000.01,10,1
2017-11-26,10000067,17843,70554501,36109002,105000000,2,2
2017-11-26,10000067,17867,0.02,0.02,0.02,1771,3
2017-11-26,10000067,17868,0.01,0.01,0.01,4338,2
2017-11-26,10000067,17887,998,998,998,349398,2
2017-11-26,10000067,17889,1100,1100,1100,20000,1
2017-11-26,10000067,17893,90007.17,90007.17,90007.17,1,1
2017-11-26,10000067,17895,251000,251000,251000,2,2
2017-11-26,10000067,17912,5057000,4450000,6271000,3,3
2017-11-26,10000067,17920,300000000,300000000,300000000,1,1
2017-11-26,10000067,17926,44000000,44000000,44000000,1,1
2017-11-26,10000067,17938,17289.66,111.11,20000,34,27
2017-11-26,10000067,17939,60000,60000,60000,1,1
2017-11-26,10000067,17940,500000,500000,500000,7,4
2017-11-26,10000067,18037,800000,800000,800000,1,1
2017-11-26,10000067,18039,750000,750000,750000,1,1
2017-11-26,10000067,18041,700000,700000,700000,1,1
2017-11-26,10000067,18052,54500,54000,55000,4,2
2017-11-26,10000067,18053,350000,350000,350000,1,1
2017-11-26,10000067,18066,13232.39,13232.39,13232.39,30,1
2017-11-26,10000067,18604,325000,325000,325000,4,1
2017-11-26,10000067,18606,499000,499000,499000,20,1
2017-11-26,10000067,18614,221333.33,215000.01,222000,21,3
2017-11-26,10000067,18616,150000,150000,150000,32,2
2017-11-26,10000067,18618,150503.81,150503.81,150503.81,2,1
2017-11-26,10000067,18635,575000,575000,575000,9,1
2017-11-26,10000067,18637,250000,250000,250000,21,1
2017-11-26,10000067,18639,49026.6,44999.9,77213.31,16,9
2017-11-26,10000067,18640,60000,60000,60000,1,1
2017-11-26,10000067,19187,45000000,45000000,45000000,1,1
2017-11-26,10000067,19400,10994.32,10978.63,11000,47,7
2017-11-26,10000067,19401,20000,20000,20000,3,2
2017-11-26,10000067,19402,40000,40000,40000,7,2
2017-11-26,10000067,19404,180000,180000,180000,52,22
2017-11-26,10000067,19405,360000,360000,360000,26,8
2017-11-26,10000067,19406,594666.67,400000,600000,75,30
2017-11-26,10000067,19407,1200000,1200000,1200000,80,32
2017-11-26,10000067,19408,2100000,2100000,2100000,29,19
2017-11-26,10000067,19409,6300000,6300000,6300000,1,1
2017-11-26,10000067,19410,9900000,9900000,9900000,1,1
2017-11-26,10000067,19411,13200000,13200000,13200000,1,1
2017-11-26,10000067,19412,17160000,17160000,17160000,1,1
2017-11-26,10000067,19413,21840000,21840000,21840000,1,1
2017-11-26,10000067,19416,43200000,43200000,43200000,8,8
2017-11-26,10000067,19417,51680000,51680000,51680000,5,5
2017-11-26,10000067,19418,61200000,61200000,61200000,6,3
2017-11-26,10000067,19419,80000000,80000000,80000000,8,3
2017-11-26,10000067,19420,101640000,101640000,101640000,1,1
2017-11-26,10000067,19421,133837000,133837000,133837000,6,3
2017-11-26,10000067,19422,3360000,3360000,3360000,1,1
2017-11-26,10000067,19719,30000000,30000000,30000000,1,1
2017-11-26,10000067,19739,4330624.68,4287284,4399969.78,13,3
2017-11-26,10000067,19745,4977500,4977500,4977500,1,1
2017-11-26,10000067,19759,200000,200000,200000,2,2
2017-11-26,10000067,19760,160000,160000,160000,1,1
2017-11-26,10000067,19761,1000000,1000000,1000000,3,3
2017-11-26,10000067,19766,800000,800000,800000,1,1
2017-11-26,10000067,19806,1512956.48,1176912.96,1849000,2,2
2017-11-26,10000067,19810,122,122,122,2,2
2017-11-26,10000067,19814,32580.22,107,129999.86,4,4
2017-11-26,10000067,19921,90000,90000,90000,1,1
2017-11-26,10000067,19927,1030.35,1030.35,1030.35,1,1
2017-11-26,10000067,19929,880.2,401,1000,5,4
2017-11-26,10000067,19931,1000,1000,1000,1,1
2017-11-26,10000067,19935,400.11,400.11,400.11,1,1
2017-11-26,10000067,19939,3800,3800,3800,1,1
2017-11-26,10000067,19942,17550,100,35000,2,2
2017-11-26,10000067,19946,137412.79,1892.19,408454,3,3
2017-11-26,10000067,19948,1200.03,1200.03,1200.03,2,2
2017-11-26,10000067,20209,1199999,1199999,1199999,1,1
2017-11-26,10000067,20210,1499997.98,1499997.98,1499997.98,1,1
2017-11-26,10000067,20213,28000000.09,28000000.09,28000000.09,1,1
2017-11-26,10000067,20308,149.99,149.99,149.99,1000,1
2017-11-26,10000067,20312,1100000,1099999.99,1100000,2,2
2017-11-26,10000067,20315,15000000,15000000,15000000,1,1
2017-11-26,10000067,20342,50000000,50000000,50000000,2,2
2017-11-26,10000067,20351,1499899.76,1499899.76,1499899.76,2,1
2017-11-26,10000067,20353,4999999.85,4999999.85,4999999.85,1,1
2017-11-26,10000067,20410,132266.66,95000,137999.99,15,2
2017-11-26,10000067,20411,193572.79,85003.16,275000.01,21,3
2017-11-26,10000067,20412,73000.08,73000.08,73000.08,12,1
2017-11-26,10000067,20413,319736.84,125000,325000,38,4
2017-11-26,10000067,20414,55149.24,55149.24,55149.24,6,1
2017-11-26,10000067,20423,35000.06,35000.06,35000.06,6,1
2017-11-26,10000067,20424,102.37,102.37,102.37,9,1
2017-11-26,10000067,20494,100000,100000,100000,1,1
2017-11-26,10000067,20495,100000,100000,100000,1,1
2017-11-26,10000067,20503,295000000,295000000,295000000,1,1
2017-11-26,10000067,20505,599999998.98,599999998.98,599999998.98,1,1
2017-11-26,10000067,20524,75000000,75000000,75000000,2,2
2017-11-26,10000067,20530,150000000.01,150000000.01,150000000.01,1,1
2017-11-26,10000067,20533,400000000,400000000,400000000,2,2
2017-11-26,10000067,20961,3498.85,3498.85,3498.85,1000,1
2017-11-26,10000067,21020,1146936000,1146936000,1146936000,1,1
2017-11-26,10000067,21059,2000000,2000000,2000000,1,1
2017-11-26,10000067,21096,3027619.8,2108499.5,3575000,5,5
2017-11-26,10000067,21603,10000000,10000000,10000000,1,1
2017-11-26,10000067,21611,30000000,30000000,30000000,2,2
2017-11-26,10000067,21638,1132898.44,1132898.44,1132898.44,5,1
2017-11-26,10000067,21640,1246613.86,1199882.44,1283999,9,2
2017-11-26,10000067,21740,1600,1600,1600,1000,1
2017-11-26,10000067,21802,79999999,79999999,79999999,1,1
2017-11-26,10000067,21803,17500000,17500000,17500000,1,1
2017-11-26,10000067,21815,6000000.01,6000000,6000000.01,3,3
2017-11-26,10000067,21857,601.73,501,702.46,2,2
2017-11-26,10000067,21896,945.01,945.01,945.01,5000,1
2017-11-26,10000067,21898,620,620,620,2500,2
2017-11-26,10000067,21902,1390,1390,1390,5000,1
2017-11-26,10000067,21924,612,612,612,800,1
2017-11-26,10000067,22043,25000000,25000000,25000000,1,1
2017-11-26,10000067,22175,62072.73,59997,65000,11,11
2017-11-26,10000067,22176,332640,332640,332640,1,1
2017-11-26,10000067,22177,63862.1,58690.79,80000,15,15
2017-11-26,10000067,22178,332640,332640,332640,2,2
2017-11-26,10000067,22229,3974999.99,3974999.99,3974999.99,4,2
2017-11-26,10000067,22242,75000000,75000000,75000000,2,2
2017-11-26,10000067,22291,1871463.34,1699999.5,2596699.93,11,8
2017-11-26,10000067,22534,15000060.5,15000060.5,15000060.5,1,1
2017-11-26,10000067,22541,9000000,9000000,9000000,2,2
2017-11-26,10000067,22542,42244.02,40000,51000.04,14,8
2017-11-26,10000067,22544,530000000,530000000,530000000,1,1
2017-11-26,10000067,22548,375000000,375000000,375000000,1,1
2017-11-26,10000067,22551,28000000,28000000,28000000,4,4
2017-11-26,10000067,22552,1200000,1200000,1200000,1,1
2017-11-26,10000067,22578,86963.77,80000,100891.3,6,6
2017-11-26,10000067,22779,2344200,2344200,2344200,1,1
2017-11-26,10000067,22806,160000,120000,200000,2,2
2017-11-26,10000067,22807,160000,120000,200000,2,2
2017-11-26,10000067,22808,146666.67,120000,200000,3,3
2017-11-26,10000067,22809,137500,120000,200000,4,4
2017-11-26,10000067,22961,635.99,635.99,635.99,1900,2
2017-11-26,10000067,22975,875.01,875.01,875.01,3000,1
2017-11-26,10000067,22993,1340,1340,1340,4000,1
2017-11-26,10000067,23009,325.65,325.65,325.65,1371,3
2017-11-26,10000067,23069,50000000,50000000,50000000,1,1
2017-11-26,10000067,23071,500000,500000,500000,2,1
2017-11-26,10000067,23079,864995.54,864995.54,864995.54,8,2
2017-11-26,10000067,23105,1012495.8,1012495.8,1012495.8,11,2
2017-11-26,10000067,23113,1000000,1000000,1000000,8,1
2017-11-26,10000067,23119,1900000,1900000,1900000,8,1
2017-11-26,10000067,23143,1,1,1,1,1
2017-11-26,10000067,23158,1,1,1,69,2
2017-11-26,10000067,23164,1,1,1,43,1
2017-11-26,10000067,23527,303541.83,200000,400004.04,24,18
2017-11-26,10000067,23533,58897.53,52092.59,62300,3,3
2017-11-26,10000067,23561,244230.21,0.01,274999,13,5
2017-11-26,10000067,23566,600000,400000,1000000,3,3
2017-11-26,10000067,23594,966666.67,450000,2000000,3,3
2017-11-26,10000067,23606,150000,150000,150000,4,4
2017-11-26,10000067,23618,50000,50000,50000,6,6
2017-11-26,10000067,23705,39750,39750,39750,20,1
2017-11-26,10000067,24241,516666.68,50000,1450000.03,6,6
2017-11-26,10000067,24242,1000000,1000000,1000000,2,2
2017-11-26,10000067,24268,7500000,7500000,7500000,2,2
2017-11-26,10000067,24270,7500000,7500000,7500000,1,1
2017-11-26,10000067,24311,500000000,500000000,500000000,1,1
2017-11-26,10000067,24312,500000000,500000000,500000000,4,4
2017-11-26,10000067,24313,500000000,500000000,500000000,1,1
2017-11-26,10000067,24314,500000000,500000000,500000000,3,2
2017-11-26,10000067,24348,1990000,1900000,2000000,10,6
2017-11-26,10000067,24395,508333.25,262500,999999.76,3,3
2017-11-26,10000067,24417,1739968.73,1699959.97,1859994.99,4,3
2017-11-26,10000067,24427,1623399.17,141000.4,1993998.86,5,5
2017-11-26,10000067,24438,1061001.66,226004.31,1895999,2,2
2017-11-26,10000067,24443,1099999.94,1099999.94,1099999.94,1,1
2017-11-26,10000067,24445,680000,680000,680000,10,1
2017-11-26,10000067,24471,148.87,148.87,148.87,2000,1
2017-11-26,10000067,24473,134.98,134.98,134.98,650,1
2017-11-26,10000067,24475,138.9,138.9,138.9,750,1
2017-11-26,10000067,24492,450.99,450.99,450.99,10000,1
2017-11-26,10000067,24495,249,249,249,2000,1
2017-11-26,10000067,24499,190,190,190,2010,2
2017-11-26,10000067,24507,675.49,675.49,675.49,10000,3
2017-11-26,10000067,24509,974.9,974.9,974.9,10000,1
2017-11-26,10000067,24511,875,875,875,2500,1
2017-11-26,10000067,24513,699.99,699.99,699.99,5582,2
2017-11-26,10000067,24531,602,602,602,42600,4
2017-11-26,10000067,24533,793,793,793,71789,13
2017-11-26,10000067,24539,899,899,899,46000,1
2017-11-26,10000067,24568,10000000,10000000,10000000,1,1
2017-11-26,10000067,24613,15000000,15000000,15000000,2,2
2017-11-26,10000067,24624,20000000,20000000,20000000,1,1
2017-11-26,10000067,24625,20000000,20000000,20000000,1,1
2017-11-26,10000067,24663,30004291.28,30004291.28,30004291.28,2,2
2017-11-26,10000067,24698,40000000,36000000,42000000,3,3
2017-11-26,10000067,24700,58999989.88,58999989.88,58999989.88,1,1
2017-11-26,10000067,25266,2549500.5,2500000.99,2599000,4,2
2017-11-26,10000067,25544,29998234,29998234,29998234,3,3
2017-11-26,10000067,25588,10108.35,10108.35,10108.35,132,23
2017-11-26,10000067,25589,2543.13,2543.13,3500,327,30
2017-11-26,10000067,25590,81041,81040,100000,357,64
2017-11-26,10000067,25591,200001.38,200001.38,200001.38,331,29
2017-11-26,10000067,25592,7511.86,7511.86,7511.86,189,39
2017-11-26,10000067,25593,7600.02,7600.02,7600.02,268,24
2017-11-26,10000067,25594,35750.05,35750.05,35750.05,399,53
2017-11-26,10000067,25595,14524.69,14522.08,14555,165,23
2017-11-26,10000067,25596,31100,30400.11,35000.01,245,32
2017-11-26,10000067,25597,3000.2,751.38,4000.22,432,24
2017-11-26,10000067,25598,6300.19,289,8888.92,1010,63
2017-11-26,10000067,25599,304,304,304.15,1188,65
2017-11-26,10000067,25600,25200,25200,25200,4788,75
2017-11-26,10000067,25601,2252,2252,5000,1244,71
2017-11-26,10000067,25602,14501.08,14501.07,14501.08,61,3
2017-11-26,10000067,25603,28001,28000.12,28002,169,33
2017-11-26,10000067,25604,9003.08,9003.08,9003.08,111,21
2017-11-26,10000067,25605,17807.75,17807.75,17807.75,330,49
2017-11-26,10000067,25606,50000.01,50000.01,50000.01,120,9
2017-11-26,10000067,25607,12504.72,12504.72,12504.72,15,1
2017-11-26,10000067,25608,383000.01,383000.01,383000.01,7,1
2017-11-26,10000067,25609,288080.38,288080.38,288080.38,25,3
2017-11-26,10000067,25611,56101.95,56101.95,56101.95,9,2
2017-11-26,10000067,25615,3000000.01,3000000,3000000.01,18,3
2017-11-26,10000067,25616,5001.93,5001.89,5001.97,11,4
2017-11-26,10000067,25617,402500,402500,402500,22,4
2017-11-26,10000067,25618,11132.35,11124.93,11133.28,36,8
2017-11-26,10000067,25619,539000.01,539000.01,539000.01,25,3
2017-11-26,10000067,25620,32105.24,32104.41,32105.29,17,3
2017-11-26,10000067,25623,16157.01,16157.01,16157.01,3,1
2017-11-26,10000067,25624,4375000.15,4300000,4400000.2,4,3
2017-11-26,10000067,25625,3000000.48,3000000.48,3000000.48,26,2
2017-11-26,10000067,25707,607928,607928,607928,5,1
2017-11-26,10000067,25709,5.02,5.02,5.02,5,4
2017-11-26,10000067,25711,367.12,367.12,367.12,2,2
2017-11-26,10000067,25713,5.13,5.13,5.13,2,2
2017-11-26,10000067,25715,1849067.53,1849067.53,1849067.53,3,1
2017-11-26,10000067,25719,3400000,3400000,3400000,1,1
2017-11-26,10000067,25737,1250000,1250000,1250000,2,2
2017-11-26,10000067,25739,450000,450000,450000,1,1
2017-11-26,10000067,25810,450000,450000,450000,2,2
2017-11-26,10000067,25811,450000,450000,450000,1,1
2017-11-26,10000067,25861,68256.13,59500,85182.61,50,24
2017-11-26,10000067,25889,1250000,1250000,1250000,2,2
2017-11-26,10000067,25891,1250000,1250000,1250000,2,2
2017-11-26,10000067,25893,1250000,1250000,1250000,2,2
2017-11-26,10000067,25894,19990990,19990990,19990990,3,1
2017-11-26,10000067,25895,1250000,1250000,1250000,3,3
2017-11-26,10000067,25897,1250000,1250000,1250000,2,2
2017-11-26,10000067,25899,1250000,1250000,1250000,2,2
2017-11-26,10000067,25901,1250000,1250000,1250000,2,2
2017-11-26,10000067,25903,1250000,1250000,1250000,1,1
2017-11-26,10000067,25907,1250000,1250000,1250000,1,1
2017-11-26,10000067,25908,9999999.99,9999999.99,9999999.99,1,1
2017-11-26,10000067,25929,1250000,1250000,1250000,1,1
2017-11-26,10000067,25931,1250000,1250000,1250000,1,1
2017-11-26,10000067,25933,1250000,1250000,1250000,2,2
2017-11-26,10000067,25937,1250000,1250000,1250000,1,1
2017-11-26,10000067,25948,6899999.91,6899999.91,6899999.91,4,2
2017-11-26,10000067,25949,1250000,1250000,1250000,1,1
2017-11-26,10000067,25950,25000000.12,25000000.12,25000000.12,1,1
2017-11-26,10000067,25957,1250000,1250000,1250000,1,1
2017-11-26,10000067,26057,1250000,1250000,1250000,2,2
2017-11-26,10000067,26059,1250000,1250000,1250000,2,2
2017-11-26,10000067,26061,1250000,1250000,1250000,1,1
2017-11-26,10000067,26063,1250000,1250000,1250000,1,1
2017-11-26,10000067,26067,1250000,1250000,1250000,1,1
2017-11-26,10000067,26069,1250000,1250000,1250000,1,1
2017-11-26,10000067,26071,1250000,1250000,1250000,1,1
2017-11-26,10000067,26073,1250000,1250000,1250000,2,2
2017-11-26,10000067,26077,1250000,1250000,1250000,1,1
2017-11-26,10000067,26079,1250000,1250000,1250000,1,1
2017-11-26,10000067,26081,1250000,1250000,1250000,1,1
2017-11-26,10000067,26083,1250000,1250000,1250000,1,1
2017-11-26,10000067,26084,20499999.43,20499999.43,20499999.43,1,1
2017-11-26,10000067,26085,1250000,1250000,1250000,2,2
2017-11-26,10000067,26088,9990990,9990990,9990990,1,1
2017-11-26,10000067,26089,1250000,1250000,1250000,1,1
2017-11-26,10000067,26091,1250000,1250000,1250000,1,1
2017-11-26,10000067,26107,1250000,1250000,1250000,1,1
2017-11-26,10000067,26111,1250000,1250000,1250000,1,1
2017-11-26,10000067,26113,1250000,1250000,1250000,1,1
2017-11-26,10000067,26252,457142.85,60000,999999.99,7,6
2017-11-26,10000067,26253,97884.71,92647,99194.14,5,5
2017-11-26,10000067,26254,20000,20000,20000,2,2
2017-11-26,10000067,26255,100000,100000,100000,3,3
2017-11-26,10000067,26256,100000,100000,100000,4,3
2017-11-26,10000067,26257,100000,100000,100000,2,1
2017-11-26,10000067,26258,100000,100000,100000,2,1
2017-11-26,10000067,26259,100000,100000,100000,4,4
2017-11-26,10000067,26260,100000,100000,100000,1,1
2017-11-26,10000067,26261,100000,100000,100000,2,2
2017-11-26,10000067,26302,161998600.88,161998600.88,161998600.88,2,2
2017-11-26,10000067,26374,54974999.99,54974999.99,54974999.99,2,2
2017-11-26,10000067,26406,79999999.99,79999999.99,79999999.99,1,1
2017-11-26,10000067,26929,250000,250000,250000,2,2
2017-11-26,10000067,27069,125000,125000,125000,2,2
2017-11-26,10000067,27143,1999999,1999999,1999999,1,1
2017-11-26,10000067,27188,39995000,39995000,39995000,1,1
2017-11-26,10000067,27321,998.54,998.54,998.54,1000,1
2017-11-26,10000067,27327,992.87,992.87,992.87,1000,1
2017-11-26,10000067,27333,992.85,992.85,992.85,1000,1
2017-11-26,10000067,27361,1849,1849,1849,4100,3
2017-11-26,10000067,27371,1325,1309.93,1325,2010,3
2017-11-26,10000067,27387,1280.01,1280.01,1280.01,11500,3
2017-11-26,10000067,27395,2073.2,2073.2,2073.2,1000,1
2017-11-26,10000067,27423,2482.97,2482.97,2482.97,5000,3
2017-11-26,10000067,27435,1595,1595,1595,6000,2
2017-11-26,10000067,27441,1849,1849,1849,4500,2
2017-11-26,10000067,27447,1678.5,1678.5,1678.5,1000,1
2017-11-26,10000067,27902,100000,100000,100000,5,5
2017-11-26,10000067,27915,19000000,19000000,19000000,1,1
2017-11-26,10000067,28073,25000000,25000000,25000000,1,1
2017-11-26,10000067,28164,4500000,4500000,4500000,2,2
2017-11-26,10000067,28209,2198599.3,2197999,2200000,10,3
2017-11-26,10000067,28211,1682992,1299995,2448986,18,6
2017-11-26,10000067,28215,2498791.83,2497949.98,2499773.99,13,3
2017-11-26,10000067,28262,820000,820000,820000,10,1
2017-11-26,10000067,28361,2000,2000,2000,68,1
2017-11-26,10000067,28362,142102.18,142102.18,142102.18,56,1
2017-11-26,10000067,28409,15000,15000,15000,281,1
2017-11-26,10000067,28576,1055124.93,999969.98,1199999.01,18,10
2017-11-26,10000067,28578,1025000,1025000,1025000,19,1
2017-11-26,10000067,28585,25000000,25000000,25000000,1,1
2017-11-26,10000067,28615,4000000,4000000,4000000,1,1
2017-11-26,10000067,28656,64000000,64000000,64000000,1,1
2017-11-26,10000067,28667,64000000,64000000,64000000,1,1
2017-11-26,10000067,28668,30000,27999.97,37499.97,267,10
2017-11-26,10000067,28756,26080002,26080002,26080002,1,1
2017-11-26,10000067,28758,30000000.26,27000001.01,32999999,8,8
2017-11-26,10000067,28879,1000000,1000000,1000000,1,1
2017-11-26,10000067,28999,61649.11,25000.02,67498.82,6,6
2017-11-26,10000067,29001,57708.87,25600,80000,11,9
2017-11-26,10000067,29009,59965.19,54999.99,69895.6,3,3
2017-11-26,10000067,29011,99833.33,24750,250000,3,2
2017-11-26,10000067,29013,35000,35000,35000,1,1
2017-11-26,10000067,29015,25000.01,25000.01,25000.01,1,1
2017-11-26,10000067,29042,15000000,15000000,15000000,1,1
2017-11-26,10000067,29052,15000000,15000000,15000000,1,1
2017-11-26,10000067,29062,15000000,15000000,15000000,1,1
2017-11-26,10000067,29070,15000000,15000000,15000000,1,1
2017-11-26,10000067,29082,15000000,15000000,15000000,1,1
2017-11-26,10000067,29084,15000000,15000000,15000000,1,1
2017-11-26,10000067,29086,15000000,15000000,15000000,1,1
2017-11-26,10000067,29088,15000000,15000000,15000000,1,1
2017-11-26,10000067,29092,15000000,15000000,15000000,1,1
2017-11-26,10000067,29248,499999.5,499999,500000,2,2
2017-11-26,10000067,29249,2775000,2775000,2775000,1,1
2017-11-26,10000067,29637,50000000,50000000,50000000,2,2
2017-11-26,10000067,30013,7870.98,6300,10000,345,22
2017-11-26,10000067,30014,5000000,5000000,5000000,2,1
2017-11-26,10000067,30028,90000,90000,90000,382,8
2017-11-26,10000067,30029,5000000,5000000,5000000,1,1
2017-11-26,10000067,30370,399.99,399.99,399.99,110,1
2017-11-26,10000067,30371,399,399,399,239,1
2017-11-26,10000067,30372,299.99,299.99,299.99,1,1
2017-11-26,10000067,30373,13600,13600,13600,960,1
2017-11-26,10000067,30374,3500,3500,3500,44,1
2017-11-26,10000067,30486,484947.65,320000.04,499999.89,76,7
2017-11-26,10000067,30488,415000,410000,500000,110,12
2017-11-26,10000067,30497,20.99,20.99,20.99,1,1
2017-11-26,10000067,30540,5000000,5000000,5000000,1,1
2017-11-26,10000067,30545,5000000,5000000,5000000,1,1
2017-11-26,10000067,30546,5000000,5000000,5000000,1,1
2017-11-26,10000067,30547,5000000,5000000,5000000,1,1
2017-11-26,10000067,30550,5000000,5000000,5000000,1,1
2017-11-26,10000067,30551,5000000,5000000,5000000,1,1
2017-11-26,10000067,30552,5000000,5000000,5000000,1,1
2017-11-26,10000067,30553,5000000,5000000,5000000,1,1
2017-11-26,10000067,30554,5000000,5000000,5000000,1,1
2017-11-26,10000067,30744,200000,200000,200000,2866,11
2017-11-26,10000067,30745,500000,500000,500000,2519,14
2017-11-26,10000067,30746,1500000,1500000,1500000,140,2
2017-11-26,10000067,30747,5000000,5000000,5000000,78,1
2017-11-26,10000067,30832,2999766.81,2999766.81,2999766.81,1,1
2017-11-26,10000067,30834,2099857.2,1999999,2499290,5,3
2017-11-26,10000067,30836,1936974.99,1936974.99,1936974.99,4,2
2017-11-26,10000067,30987,484937.92,484937.92,484937.92,2,2
2017-11-26,10000067,30988,125000,125000,125000,2,2
2017-11-26,10000067,30994,50000000,50000000,50000000,1,1
2017-11-26,10000067,30998,125000,125000,125000,2,2
2017-11-26,10000067,30999,3590999.97,3590999.97,3590999.97,1,1
2017-11-26,10000067,31000,750000,750000,750000,2,2
2017-11-26,10000067,31010,125000,125000,125000,2,2
2017-11-26,10000067,31012,750000,750000,750000,2,2
2017-11-26,10000067,31021,824988.64,824988.64,824988.64,1,1
2017-11-26,10000067,31022,125000,125000,125000,3,3
2017-11-26,10000067,31024,750000,750000,750000,2,2
2017-11-26,10000067,31033,610333.33,610333.33,610333.33,1,1
2017-11-26,10000067,31034,125000,125000,125000,2,2
2017-11-26,10000067,31035,3704158.14,3704158.14,3704158.14,1,1
2017-11-26,10000067,31036,750000,750000,750000,2,2
2017-11-26,10000067,31046,125000,125000,125000,3,3
2017-11-26,10000067,31048,750000,750000,750000,2,2
2017-11-26,10000067,31056,750000,750000,750000,2,2
2017-11-26,10000067,31064,125000,125000,125000,2,2
2017-11-26,10000067,31066,750000,750000,750000,3,3
2017-11-26,10000067,31073,2900000,2900000,2900000,4,1
2017-11-26,10000067,31074,750000,750000,750000,2,2
2017-11-26,10000067,31083,1200000,1200000,1200000,10,4
2017-11-26,10000067,31084,125000,125000,125000,3,3
2017-11-26,10000067,31086,750000,750000,750000,2,2
2017-11-26,10000067,31105,340571.4,340571.4,340571.4,3,1
2017-11-26,10000067,31106,125000,125000,125000,3,3
2017-11-26,10000067,31107,3066548.92,3066548.92,3066548.92,3,1
2017-11-26,10000067,31108,750000,750000,750000,3,3
2017-11-26,10000067,31117,1009049.5,1009049.5,1009049.5,3,1
2017-11-26,10000067,31118,125000,125000,125000,2,2
2017-11-26,10000067,31119,2964131.43,2390949.13,3499898.56,17,9
2017-11-26,10000067,31120,750000,750000,750000,3,3
2017-11-26,10000067,31130,125000,125000,125000,2,2
2017-11-26,10000067,31132,750000,750000,750000,3,3
2017-11-26,10000067,31142,125000,125000,125000,2,2
2017-11-26,10000067,31144,750000,750000,750000,2,2
2017-11-26,10000067,31154,125000,125000,125000,2,2
2017-11-26,10000067,31155,1290990,1290990,1290990,1,1
2017-11-26,10000067,31156,750000,750000,750000,2,2
2017-11-26,10000067,31160,125000,125000,125000,2,2
2017-11-26,10000067,31162,750000,750000,750000,3,3
2017-11-26,10000067,31177,439997,439997,439997,1,1
2017-11-26,10000067,31178,125000,125000,125000,2,2
2017-11-26,10000067,31179,3000000.01,3000000.01,3000000.01,5,2
2017-11-26,10000067,31180,750000,750000,750000,2,2
2017-11-26,10000067,31190,125000,125000,125000,2,2
2017-11-26,10000067,31192,750000,750000,750000,2,2
2017-11-26,10000067,31202,125000,125000,125000,1,1
2017-11-26,10000067,31204,750000,750000,750000,1,1
2017-11-26,10000067,31209,8500000,8500000,8500000,1,1
2017-11-26,10000067,31213,215651.87,210000,219999.97,6,6
2017-11-26,10000067,31214,125000,125000,125000,3,3
2017-11-26,10000067,31215,710999.91,710999.91,710999.91,1,1
2017-11-26,10000067,31216,750000,750000,750000,1,1
2017-11-26,10000067,31238,199354.54,500.16,225000,7,6
2017-11-26,10000067,31239,125000,125000,125000,1,1
2017-11-26,10000067,31241,750000,750000,750000,1,1
2017-11-26,10000067,31251,125000,125000,125000,1,1
2017-11-26,10000067,31253,750000,750000,750000,1,1
2017-11-26,10000067,31280,8695000,8695000,8695000,1,1
2017-11-26,10000067,31358,749999.98,749999.98,749999.98,1,1
2017-11-26,10000067,31359,125000,125000,125000,1,1
2017-11-26,10000067,31360,3724499.9,2999999.95,5897999.76,4,4
2017-11-26,10000067,31361,750000,750000,750000,3,3
2017-11-26,10000067,31370,454249.82,390000,500000,12,6
2017-11-26,10000067,31371,125000,125000,125000,1,1
2017-11-26,10000067,31372,1878971.85,1846999.98,1889999.7,4,3
2017-11-26,10000067,31373,750000,750000,750000,1,1
2017-11-26,10000067,31406,1136395.98,1099999.98,1190989.99,5,2
2017-11-26,10000067,31408,2450000,2450000,2450000,1,1
2017-11-26,10000067,31419,125000,125000,125000,1,1
2017-11-26,10000067,31431,125000,125000,125000,1,1
2017-11-26,10000067,31442,265000,265000,265000,1,1
2017-11-26,10000067,31443,125000,125000,125000,1,1
2017-11-26,10000067,31454,399999,399999,399999,2,2
2017-11-26,10000067,31455,125000,125000,125000,1,1
2017-11-26,10000067,31467,125000,125000,125000,1,1
2017-11-26,10000067,31486,7000000,7000000,7000000,2,1
2017-11-26,10000067,31491,125000,125000,125000,1,1
2017-11-26,10000067,31620,699999.99,699999.99,699999.99,1,1
2017-11-26,10000067,31622,3490990,3490990,3490990,1,1
2017-11-26,10000067,31652,29975000,29975000,29975000,1,1
2017-11-26,10000067,31668,290500,290500,290500,1,1
2017-11-26,10000067,31692,300000,300000,300000,1,1
2017-11-26,10000067,31716,164799.82,40000.06,247999.99,5,5
2017-11-26,10000067,31717,125000,125000,125000,1,1
2017-11-26,10000067,31718,568054.75,399987.87,745149,5,5
2017-11-26,10000067,31719,750000,750000,750000,1,1
2017-11-26,10000067,31722,2999000,2999000,2999000,1,1
2017-11-26,10000067,31724,11999989.13,11999988.98,11999989.28,2,2
2017-11-26,10000067,31729,125000,125000,125000,1,1
2017-11-26,10000067,31731,750000,750000,750000,1,1
2017-11-26,10000067,31741,125000,125000,125000,1,1
2017-11-26,10000067,31742,345998.79,345998.79,345998.79,1,1
2017-11-26,10000067,31743,750000,750000,750000,1,1
2017-11-26,10000067,31752,183999.99,183999.99,183999.99,2,2
2017-11-26,10000067,31753,125000,125000,125000,1,1
2017-11-26,10000067,31754,1899666.67,1699000,2000000,3,3
2017-11-26,10000067,31755,750000,750000,750000,1,1
2017-11-26,10000067,31760,10000000,10000000,10000000,1,1
2017-11-26,10000067,31764,420000,420000,420000,1,1
2017-11-26,10000067,31765,125000,125000,125000,1,1
2017-11-26,10000067,31767,750000,750000,750000,1,1
2017-11-26,10000067,31777,125000,125000,125000,1,1
2017-11-26,10000067,31779,750000,750000,750000,2,2
2017-11-26,10000067,31788,1031066.06,999999,1411000,15,7
2017-11-26,10000067,31789,125000,125000,125000,1,1
2017-11-26,10000067,31790,2792836.11,2531098.44,3771000.01,19,12
2017-11-26,10000067,31791,750000,750000,750000,1,1
2017-11-26,10000067,31794,9031496.19,9031496.19,9031496.19,1,1
2017-11-26,10000067,31796,33999992.99,33999992.99,33999992.99,1,1
2017-11-26,10000067,31801,125000,125000,125000,2,2
2017-11-26,10000067,31802,2536249.5,2499999,2650000,4,3
2017-11-26,10000067,31803,750000,750000,750000,1,1
2017-11-26,10000067,31817,125000,125000,125000,1,1
2017-11-26,10000067,31819,750000,750000,750000,1,1
2017-11-26,10000067,31868,4994882,4994882,4994882,4,1
2017-11-26,10000067,31874,5000000,5000000,5000000,2,1
2017-11-26,10000067,31878,6251371.05,6223999.99,6296989.49,8,4
2017-11-26,10000067,31880,2132187.28,2095999.77,2674999.93,16,4
2017-11-26,10000067,31884,3082499.99,2999999.99,3495000,6,2
2017-11-26,10000067,31886,3845999.5,1200000,6491999,10,3
2017-11-26,10000067,31892,4488979.92,4488979.92,4488979.92,2,1
2017-11-26,10000067,31894,2083999.65,180000.29,3987999,8,2
2017-11-26,10000067,31930,59999999.99,59999999.99,59999999.99,3,1
2017-11-26,10000067,31998,65000,65000,65000,12,2
2017-11-26,10000067,32006,304955.59,14238.12,389999.96,59,4
2017-11-26,10000067,32014,360526.32,350000,400000,19,4
2017-11-26,10000067,32027,4999999.99,4999999.99,4999999.99,1,1
2017-11-26,10000067,32309,500000000,500000000,500000000,1,1
2017-11-26,10000067,32339,100000000,100000000,100000000,1,1
2017-11-26,10000067,32782,0.01,0.01,0.01,900,2
2017-11-26,10000067,32787,27228.55,20000,29999.6,47,17
2017-11-26,10000067,32818,750000,750000,750000,1,1
2017-11-26,10000067,32819,1250000,1250000,1250000,3,1
2017-11-26,10000067,32820,750000,750000,750000,1,1
2017-11-26,10000067,32858,4750000,4750000,4750000,1,1
2017-11-26,10000067,32863,2500000,2500000,2500000,2,1
2017-11-26,10000067,32872,1190625.3,205860.22,1445703.03,5,5
2017-11-26,10000067,32876,1499999.99,1499999.99,1499999.99,1,1
2017-11-26,10000067,32880,194030.07,179997.98,200000,23,20
2017-11-26,10000067,32918,40000,40000,40000,3,3
2017-11-26,10000067,32999,250000,200000,350000,6,6
2017-11-26,10000067,33000,275000,275000,275000,1,1
2017-11-26,10000067,33001,249999.98,200000,299999.96,2,2
2017-11-26,10000067,33002,300000,200000,400000,2,2
2017-11-26,10000067,33005,687500,650000,800000,4,3
2017-11-26,10000067,33007,149152.17,145000,150000,23,3
2017-11-26,10000067,33076,261666.77,145000.15,495000,3,3
2017-11-26,10000067,33078,1000000,1000000,1000000,4,3
2017-11-26,10000067,33091,100000,100000,100000,1,1
2017-11-26,10000067,33092,128066.67,100000,213266.67,4,4
2017-11-26,10000067,33093,100000,100000,100000,2,2
2017-11-26,10000067,33094,100000,100000,100000,1,1
2017-11-26,10000067,33095,1000000,1000000,1000000,2,2
2017-11-26,10000067,33096,2533333.37,1000000,5600000.1,3,3
2017-11-26,10000067,33097,1125000,1000000,1500000,4,4
2017-11-26,10000067,33098,1000000,1000000,1000000,2,2
2017-11-26,10000067,33176,143999,137998,150000,2,2
2017-11-26,10000067,33177,600000,600000,600000,2,2
2017-11-26,10000067,33178,150000,150000,150000,3,1
2017-11-26,10000067,33179,600000,600000,600000,1,1
2017-11-26,10000067,33180,246774.83,235000,249000,7,5
2017-11-26,10000067,33181,600000,600000,600000,3,3
2017-11-26,10000067,33195,1000.55,1000.54,1000.56,10,3
2017-11-26,10000067,33270,142500.78,95000,190001.55,2,2
2017-11-26,10000067,33271,60000,60000,60000,1,1
2017-11-26,10000067,33399,5750000,5000000,6500000,2,2
2017-11-26,10000067,33401,50000000,50000000,50000000,1,1
2017-11-26,10000067,33407,36000000,36000000,36000000,1,1
2017-11-26,10000067,33442,5801.21,5801.21,5801.21,1,1
2017-11-26,10000067,33467,3000000,3000000,3000000,2,2
2017-11-26,10000067,33468,55000000,48000000,62000000,2,2
2017-11-26,10000067,33474,2077629.02,1973949.97,2309999.62,6,6
2017-11-26,10000067,33475,9955479.8,9498999.96,9999989.76,24,23
2017-11-26,10000067,33517,1000000,1000000,1000000,1,1
2017-11-26,10000067,33539,1103000,1103000,1103000,17,2
2017-11-26,10000067,33681,90999999.88,89999999.99,94499999.5,9,3
2017-11-26,10000067,33699,99285.71,95000,100000,7,7
2017-11-26,10000067,33700,30000000,30000000,30000000,1,1
2017-11-26,10000067,33816,67975000,67975000,67975000,1,1
2017-11-26,10000067,33824,1497999,1497999,1497999,1,1
2017-11-26,10000067,33856,4000000,4000000,4000000,1,1
2017-11-26,10000067,33891,125000,125000,125000,2,2
2017-11-26,10000067,33895,750000,750000,750000,2,2
2017-11-26,10000067,33899,1250000,1250000,1250000,2,2
2017-11-26,10000067,33915,320062.57,90125.15,549999.99,2,2
2017-11-26,10000067,34201,325000.13,250001.26,399999,2,2
2017-11-26,10000067,34203,702000.01,702000.01,702000.01,3,3
2017-11-26,10000067,34204,945000.01,945000.01,945000.01,4,3
2017-11-26,10000067,34205,284000.01,284000.01,284000.01,3,3
2017-11-26,10000067,34206,157001.11,157001.11,157001.11,12,6
2017-11-26,10000067,34208,4500000,4500000,4500000,1,1
2017-11-26,10000067,34267,125000,125000,125000,1,1
2017-11-26,10000067,34269,750000,750000,750000,3,3
2017-11-26,10000067,34282,24975000.01,24975000.01,24975000.01,2,1
2017-11-26,10000067,34307,1250000,1250000,1250000,1,1
2017-11-26,10000067,34328,762880980.02,762880980.02,762880980.02,1,1
2017-11-26,10000067,34533,1000000,1000000,1000000,1,1
2017-11-26,10000067,35656,174440.15,216.21,1999999.99,14,10
2017-11-26,10000067,35657,265285.71,68999.98,350000,7,6
2017-11-26,10000067,35658,7868.13,2002,24000,15,15
2017-11-26,10000067,35659,2801,2801,2801,9,6
2017-11-26,10000067,35660,37351,1207,199999,11,10
2017-11-26,10000067,35661,361001.59,338002.09,429999.99,4,3
2017-11-26,10000067,35662,375777.8,319000,750000.01,9,7
2017-11-26,10000067,35680,1000000,1000000,1000000,1,1
2017-11-26,10000067,35685,1000000,1000000,1000000,2,2
2017-11-26,10000067,35771,1339994,1339994,1339994,1,1
2017-11-26,10000067,35772,144000,144000,144000,1,1
2017-11-26,10000067,35774,5.21,5.21,5.21,2,2
2017-11-26,10000067,35789,3290000,3290000,3290000,1,1
2017-11-26,10000067,35790,2606433.69,2485997.78,2666651.65,3,3
2017-11-26,10000067,35791,99000,99000,99000,1,1
2017-11-26,10000067,35795,102332.99,28499.99,249999,3,3
2017-11-26,10000067,37457,31000000.56,31000000.56,31000000.56,1,1
2017-11-26,10000067,37544,110.01,110,110.04,5,5
2017-11-26,10000067,37545,27.01,27,27.02,3,3
2017-11-26,10000067,37608,1361538.78,1200000.54,1550000.05,13,11
2017-11-26,10000067,37610,1476900.09,1455000,1499000.19,10,9
2017-11-26,10000067,37611,1349706.11,1100000.54,1495000.1,17,12
2017-11-26,10000067,37796,5000000,5000000,5000000,1,1
2017-11-26,10000067,37797,5000000,5000000,5000000,1,1
2017-11-26,10000067,37798,5000000,5000000,5000000,1,1
2017-11-26,10000067,37799,5000000,5000000,5000000,1,1
2017-11-26,10000067,40334,11000,11000,11000,1,1
2017-11-26,10000067,40335,25400.04,25400.04,25400.04,1,1
2017-11-26,10000067,40519,376500108.87,376500108.87,376500108.87,1,1
2017-11-26,10000067,40520,825581444.44,811400000,830800000,27,12
2017-11-26,10000067,40572,100000000,100000000,100000000,1,1
2017-11-26,10000067,40573,100000000,100000000,100000000,1,1
2017-11-26,10000067,41033,75000.5,75000.5,75000.5,2,2
2017-11-26,10000067,41034,167907.39,1488.88,999999.94,6,5
2017-11-26,10000067,41054,420000.26,380000.5,460000.02,4,4
2017-11-26,10000067,41055,461000,461000,461000,3,3
2017-11-26,10000067,41056,405000,405000,405000,2,2
2017-11-26,10000067,41057,4999999,4999999,4999999,1,1
2017-11-26,10000067,41412,60000000,60000000,60000000,1,1
2017-11-26,10000067,41490,1150000,1150000,1150000,31,2
2017-11-26,10000067,42528,1990000,1990000,1990000,1,1
2017-11-26,10000067,42829,755.25,755.25,755.25,8073,4
2017-11-26,10000067,42830,680,680,680,23737,6
2017-11-26,10000067,42831,990,990,990,1580,1
2017-11-26,10000067,43544,3500000,3500000,3500000,1,1
2017-11-26,10000067,43551,16666000,9999999.99,19999000,6,2
2017-11-26,10000067,43699,149752.84,135000,199998.99,17,4
2017-11-26,10000067,43702,80000,80000,80000,1,1
2017-11-26,10000067,43703,18000000,18000000,18000000,1,1
2017-11-26,10000067,43902,125000,125000,125000,1,1
2017-11-26,10000067,43906,1250000,1250000,1250000,1,1
2017-11-26,10000067,44992,3030166.08,3030163.52,3030179,13466,33
2017-11-26,10000067,45482,19999999,19999999,19999999,1,1
2017-11-26,10000067,45496,2000,2000,2000,36,1
2017-11-26,10000067,45589,199000000.03,199000000.03,199000000.03,1,1
2017-11-26,10000067,45614,125000000,125000000,125000000,1,1
2017-11-26,10000067,45625,64975000,64975000,64975000,1,1
2017-11-26,10000067,45635,176800000,176800000,176800000,18,5
2017-11-26,10000067,45740,40000,40000,40000,1,1
2017-11-26,10000067,45746,1000000,1000000,1000000,3,3
2017-11-26,10000067,45872,850000,850000,850000,1,1
2017-11-26,10000067,45895,200000,200000,200000,1,1
2017-11-26,10000067,45946,200000,200000,200000,1,1
2017-11-26,10000067,45964,55000000,55000000,55000000,1,1
2017-11-26,10000067,45999,4375000.06,1000000.11,7750000,2,2
2017-11-26,10000067,46003,4100002.01,4100002.01,4100002.01,1,1
2017-11-26,10000067,46008,10043752.36,10000000,11000000,30,26
2017-11-26,10000067,46152,10000000,10000000,10000000,1,1
2017-11-26,10000067,46153,15000000,15000000,15000000,1,1
2017-11-26,10000067,46154,20000000,20000000,20000000,1,1
2017-11-26,10000067,46155,25000000,25000000,25000000,2,2
2017-11-26,10000067,46292,2000,2000,2000,60,1
2017-11-26,10000067,46712,850000.09,850000.09,850000.09,1,1
2017-11-26,10000067,46722,850000.09,850000.09,850000.09,1,1
2017-11-26,10000068,18,55.6,54.5,55.62,11445431,237
2017-11-26,10000068,20,323.98,310,342.99,46012,40
2017-11-26,10000068,22,1111.43,1000,4900,35,3
2017-11-26,10000068,34,4.67,4.32,4.68,88131952,485
2017-11-26,10000068,35,4.7,4.5,4.91,16589734,327
2017-11-26,10000068,36,59.47,59.46,59.51,4030404,256
2017-11-26,10000068,37,45,35.31,45,634575,207
2017-11-26,10000068,38,400,400,400,418386,227
2017-11-26,10000068,39,1200,1200,1200,213394,157
2017-11-26,10000068,40,1484.95,1484.95,1484.95,93335,100
2017-11-26,10000068,41,14.13,14.13,14.13,1208,3
2017-11-26,10000068,42,420.02,420.02,420.02,30,3
2017-11-26,10000068,43,350.03,348.18,351.87,496,4
2017-11-26,10000068,44,10000.01,10000.01,10000.01,90,2
2017-11-26,10000068,45,1,1,1,120,10
2017-11-26,10000068,178,0.01,0.01,0.01,89500,6
2017-11-26,10000068,179,7.7,7.7,7.7,10500,6
2017-11-26,10000068,180,0.01,0.01,0.01,100,1
2017-11-26,10000068,181,8.98,8.98,8.98,5300,4
2017-11-26,10000068,182,15,15,15,35007,8
2017-11-26,10000068,183,12,12,12,100,1
2017-11-26,10000068,184,11.87,11.87,11.87,11400,5
2017-11-26,10000068,185,18.24,15,28,4041,4
2017-11-26,10000068,186,15,15,15,5001,2
2017-11-26,10000068,188,32.5,32.5,32.5,6000,2
2017-11-26,10000068,189,37.75,37.75,37.75,800,3
2017-11-26,10000068,190,42.5,42.5,42.5,16750,4
2017-11-26,10000068,192,55.25,55.25,57.63,6030,4
2017-11-26,10000068,193,69,69,69,3100,2
2017-11-26,10000068,194,30.39,30.39,30.39,30,1
2017-11-26,10000068,196,60,60,60,1000,1
2017-11-26,10000068,197,68.25,68.25,68.25,100000,1
2017-11-26,10000068,201,278.95,278.95,278.95,1001,2
2017-11-26,10000068,202,1.52,1.52,1.52,104,2
2017-11-26,10000068,203,5.05,5.05,5.05,100,1
2017-11-26,10000068,204,213.05,213.05,213.05,2204,3
2017-11-26,10000068,205,1.52,1.52,1.52,200,2
2017-11-26,10000068,206,49.74,49.74,49.74,4455,1
2017-11-26,10000068,208,2,2,2,600,4
2017-11-26,10000068,210,8.25,8.25,8.25,108642,19
2017-11-26,10000068,211,9.99,9.5,9.99,794631,18
2017-11-26,10000068,212,0.4,0.4,0.4,8800,14
2017-11-26,10000068,213,0.3,0.3,0.3,1900,14
2017-11-26,10000068,215,3.95,3.6,4.25,66941,55
2017-11-26,10000068,216,6.98,3.94,6.99,41444,35
2017-11-26,10000068,217,7.45,5.99,9.89,52440,44
2017-11-26,10000068,218,8,4.24,8,23713,31
2017-11-26,10000068,219,9.25,9.25,9.25,134696,28
2017-11-26,10000068,220,9,9,9,16680,19
2017-11-26,10000068,221,13.5,8.5,15,64131,43
2017-11-26,10000068,222,19.49,16.49,20.98,753938,286
2017-11-26,10000068,223,39.99,39.99,39.99,21050,12
2017-11-26,10000068,224,32.5,32.5,32.5,5000,7
2017-11-26,10000068,225,22,22,22,165367,10
2017-11-26,10000068,226,34.99,34.99,34.99,9300,8
2017-11-26,10000068,227,55.62,55.62,55.62,2500,1
2017-11-26,10000068,228,55,55,55,10409,6
2017-11-26,10000068,229,54.99,54.99,54.99,35300,8
2017-11-26,10000068,230,72.64,64.99,74.34,148000,38
2017-11-26,10000068,232,44.95,44.95,44.95,18100,3
2017-11-26,10000068,233,108.95,108.95,108.95,4250,3
2017-11-26,10000068,234,49.99,1.5,59.95,4103,5
2017-11-26,10000068,235,159.99,159.99,159.99,137,1
2017-11-26,10000068,236,140,140,140,17000,2
2017-11-26,10000068,237,148,148,148,147,1
2017-11-26,10000068,238,150,150,150,10207,6
2017-11-26,10000068,239,506.48,5,2512.39,10,10
2017-11-26,10000068,240,822.55,5.13,2457.4,3,3
2017-11-26,10000068,241,5,5,5,1,1
2017-11-26,10000068,242,5,5,5,3,2
2017-11-26,10000068,243,1508.56,5,3335.04,18,8
2017-11-26,10000068,244,4287.28,5,9996.99,7,6
2017-11-26,10000068,245,5.01,5.01,5.01,7,3
2017-11-26,10000068,246,5.03,5.03,5.03,5,4
2017-11-26,10000068,247,38998.96,34999,39998.95,5,2
2017-11-26,10000068,248,2191.68,25.01,6525.01,3,3
2017-11-26,10000068,249,25.08,25.08,25.08,1,1
2017-11-26,10000068,251,20.01,20.01,20.01,2,2
2017-11-26,10000068,253,25.01,25.01,25.01,1,1
2017-11-26,10000068,263,258,165.01,258,271,15
2017-11-26,10000068,264,723,723,723,300,2
2017-11-26,10000068,266,0.29,0.29,0.29,1400,9
2017-11-26,10000068,267,325,325,325,1200,3
2017-11-26,10000068,377,14208.52,12000,20000,66,38
2017-11-26,10000068,380,387875.94,219778,499999,17,9
2017-11-26,10000068,393,14216.07,12500,15000,11,6
2017-11-26,10000068,394,270905.36,200000,305000,6,5
2017-11-26,10000068,399,34397.7,27850,36000,14,12
2017-11-26,10000068,400,821000,744000,898000,2,2
2017-11-26,10000068,434,63701.7,59877.5,65347.47,30,30
2017-11-26,10000068,438,2082367.07,1700020,2999999.99,17,7
2017-11-26,10000068,439,13999.98,9389.92,13999.99,154,112
2017-11-26,10000068,440,3044209.9,2000000.15,5115786.99,15,6
2017-11-26,10000068,442,71666.67,69500,76000,3,3
2017-11-26,10000068,444,6729.17,6000,6800,23,23
2017-11-26,10000068,447,114610.09,106999.5,149998.9,5,5
2017-11-26,10000068,448,1650009.5,1300020,1999999,2,2
2017-11-26,10000068,452,44506.4,44383,45000,10,2
2017-11-26,10000068,453,49995,49995,49995,2,1
2017-11-26,10000068,454,116214.14,116214.14,116214.14,2,2
2017-11-26,10000068,456,426996.96,426996.96,426996.96,1,1
2017-11-26,10000068,457,326371.23,326371.23,326371.23,1,1
2017-11-26,10000068,482,1055417.28,999999,1099989,59,34
2017-11-26,10000068,483,2801.26,2801.26,2801.26,131,56
2017-11-26,10000068,484,21148.28,7222.49,48999.86,3,3
2017-11-26,10000068,485,36249.96,33999.96,36999.96,4,3
2017-11-26,10000068,486,29819.98,19000,31623.31,14,13
2017-11-26,10000068,487,41898,41898,41898,1,1
2017-11-26,10000068,488,149998.97,149998.97,149998.97,2,1
2017-11-26,10000068,489,220000,220000,220000,1,1
2017-11-26,10000068,490,104499.97,100000,105999.96,4,4
2017-11-26,10000068,499,20497.14,11480,22000,7,2
2017-11-26,10000068,519,1362000,1210000,1590000,5,2
2017-11-26,10000068,520,82969.96,82969.96,82969.96,2,1
2017-11-26,10000068,523,24658.47,11970,43000,77,61
2017-11-26,10000068,524,54774.51,54000,58647.06,12,3
2017-11-26,10000068,526,32897.55,7825.16,45000,10,9
2017-11-26,10000068,527,1141000,700000,1288000,4,3
2017-11-26,10000068,533,44994.94,44994.94,44994.94,1,1
2017-11-26,10000068,561,4200,4200,4200,338,82
2017-11-26,10000068,562,31346.54,24978,87777.77,35,12
2017-11-26,10000068,563,27500,27500,27500,167,12
2017-11-26,10000068,564,29208.56,28000,32000,48,20
2017-11-26,10000068,565,31000,29999,36500,158,89
2017-11-26,10000068,566,277644.43,220000,349699.96,27,6
2017-11-26,10000068,567,51000,51000,51000,5,1
2017-11-26,10000068,570,385000,380000,396000,16,6
2017-11-26,10000068,577,57999.99,57999.99,58000,9,2
2017-11-26,10000068,578,115586.01,90998.99,156000,30,25
2017-11-26,10000068,580,64990,64990,64990,1,1
2017-11-26,10000068,581,99995,99995,99995,1,1
2017-11-26,10000068,583,370000,290000,450000,2,2
2017-11-26,10000068,586,5500,5500,5500,1,1
2017-11-26,10000068,587,389999.99,389999.99,389999.99,1,1
2017-11-26,10000068,588,10,10,10,1,1
2017-11-26,10000068,589,294999.99,294999.99,294999.99,3,1
2017-11-26,10000068,592,167973.82,90000.09,202000,42,36
2017-11-26,10000068,593,360555.15,301110,445000,39,35
2017-11-26,10000068,594,317510.8,200000.05,353986.54,23,23
2017-11-26,10000068,596,349999,349999,349999,2,2
2017-11-26,10000068,597,450000,450000,450000,1,1
2017-11-26,10000068,598,335000,335000,335000,2,1
2017-11-26,10000068,602,379999.74,340000,499998.96,4,2
2017-11-26,10000068,605,333244.58,61050.65,400100,9,9
2017-11-26,10000068,606,2021.85,400.09,6084.13,64,59
2017-11-26,10000068,607,440407.57,213000.46,499983.97,63,63
2017-11-26,10000068,608,281389.79,210120,300000,44,40
2017-11-26,10000068,609,303571.43,170000.01,349999.99,7,6
2017-11-26,10000068,621,11750000,10000000,13499999.99,2,2
2017-11-26,10000068,626,9829341.35,101121.3,10300000,15,15
2017-11-26,10000068,627,10172749.9,8700000.01,11000000,10,10
2017-11-26,10000068,629,12000000,12000000,12000000,1,1
2017-11-26,10000068,634,8516333.33,8175000,9199000,3,3
2017-11-26,10000068,645,172250000,170000000,174500000,2,2
2017-11-26,10000068,649,1250000,1000000,1500000,2,2
2017-11-26,10000068,650,377475.67,310006.54,499999.95,40,39
2017-11-26,10000068,652,1949999.98,1899999.99,1999999.96,2,2
2017-11-26,10000068,653,929995,929995,929995,1,1
2017-11-26,10000068,654,1065000.36,730000.73,1399999.99,2,2
2017-11-26,10000068,655,937499.83,875000,999999,6,6
2017-11-26,10000068,656,1604359.16,1399999.98,6999999.99,21,21
2017-11-26,10000068,657,1550090.88,1500000,1795843.17,15,15
2017-11-26,10000068,672,10450,750.01,15400,6,6
2017-11-26,10000068,785,92720,92720,92720,1,1
2017-11-26,10000068,819,20000,20000,20000,2,2
2017-11-26,10000068,880,30000,30000,30000,1,1
2017-11-26,10000068,893,325000,325000,325000,1,1
2017-11-26,10000068,939,2525000,2525000,2525000,1,1
2017-11-26,10000068,940,2825000,2825000,2825000,5,5
2017-11-26,10000068,941,2825000,2825000,2825000,1,1
2017-11-26,10000068,954,2725000,2725000,2725000,2,2
2017-11-26,10000068,955,2125000,2125000,2125000,2,2
2017-11-26,10000068,956,2325000,2325000,2325000,1,1
2017-11-26,10000068,967,50000,50000,50000,1,1
2017-11-26,10000068,972,82250000,82250000,82250000,1,1
2017-11-26,10000068,985,3100000,3100000,3100000,1,1
2017-11-26,10000068,989,3425000,3425000,3425000,1,1
2017-11-26,10000068,991,4287500,4287500,4287500,1,1
2017-11-26,10000068,992,11250000,11250000,11250000,1,1
2017-11-26,10000068,1010,190000,190000,190000,1,1
2017-11-26,10000068,1026,87360,87360,87360,1,1
2017-11-26,10000068,1067,316360,316360,316360,1,1
2017-11-26,10000068,1072,64500,64500,64500,4,4
2017-11-26,10000068,1099,599999.99,599999.99,599999.99,1,1
2017-11-26,10000068,1100,499980,499980,499980,1,1
2017-11-26,10000068,1102,224880,224880,224880,1,1
2017-11-26,10000068,1113,60000,60000,60000,1,1
2017-11-26,10000068,1130,20000,20000,20000,3,3
2017-11-26,10000068,1131,30000,30000,30000,1,1
2017-11-26,10000068,1132,40000,40000,40000,3,3
2017-11-26,10000068,1133,50000,50000,50000,2,2
2017-11-26,10000068,1134,60000,60000,60000,1,1
2017-11-26,10000068,1136,80000,80000,80000,1,1
2017-11-26,10000068,1137,100000,100000,100000,16,16
2017-11-26,10000068,1138,80000,80000,80000,2,2
2017-11-26,10000068,1139,110000,110000,110000,2,2
2017-11-26,10000068,1140,150000,150000,150000,1,1
2017-11-26,10000068,1141,175000,175000,175000,1,1
2017-11-26,10000068,1142,225000,225000,225000,1,1
2017-11-26,10000068,1143,275000,275000,275000,1,1
2017-11-26,10000068,1144,325000,325000,325000,1,1
2017-11-26,10000068,1145,400000,400000,400000,2,2
2017-11-26,10000068,1146,200000,200000,200000,2,2
2017-11-26,10000068,1149,500000,500000,500000,1,1
2017-11-26,10000068,1151,700000,700000,700000,1,1
2017-11-26,10000068,1178,599999.99,599999.99,599999.99,1,1
2017-11-26,10000068,1182,21223.34,21145,30268.5,16,9
2017-11-26,10000068,1183,783440.79,102000.02,783999.99,18,13
2017-11-26,10000068,1185,35000,35000,35000,5,4
2017-11-26,10000068,1195,70826.14,59299,74979.95,17,14
2017-11-26,10000068,1201,68090.73,55000,93499.5,11,5
2017-11-26,10000068,1202,5479.37,4752.59,5999.99,11,6
2017-11-26,10000068,1208,29000,29000,29000,1,1
2017-11-26,10000068,1214,5000000,5000000,5000000,1,1
2017-11-26,10000068,1218,1498600,1498600,1498600,3,3
2017-11-26,10000068,1223,1100.01,1100.01,1100.01,19,1
2017-11-26,10000068,1224,46,44,64,655197,13
2017-11-26,10000068,1226,375,375,375,22850,9
2017-11-26,10000068,1227,63,63,63,944089,63
2017-11-26,10000068,1228,15.14,15.13,15.15,6252336,185
2017-11-26,10000068,1230,12.54,12.53,12.56,19757176,313
2017-11-26,10000068,1231,487.01,487.01,487.01,88,1
2017-11-26,10000068,1236,742856.99,699999.99,800000,7,4
2017-11-26,10000068,1244,7829.73,787.8,15000,38,20
2017-11-26,10000068,1245,249980,249980,249980,1,1
2017-11-26,10000068,1246,79699.96,79699.96,79699.96,5,2
2017-11-26,10000068,1248,1199999,1199999,1199999,1,1
2017-11-26,10000068,1254,61462.98,39995.01,72196.96,3,3
2017-11-26,10000068,1256,1499999,1499999,1499999,1,1
2017-11-26,10000068,1274,37749.96,37749.96,37749.96,3,3
2017-11-26,10000068,1286,699874.97,699874.97,699874.97,2,2
2017-11-26,10000068,1294,7000,7000,7000,1,1
2017-11-26,10000068,1304,26002.13,25000,33017.04,8,8
2017-11-26,10000068,1306,557000.22,20001.08,722500.54,10,6
2017-11-26,10000068,1317,1776.66,203.02,3000,66,36
2017-11-26,10000068,1319,738013.8,301031.36,744993.73,61,23
2017-11-26,10000068,1333,39999.96,39999.96,39999.96,1,1
2017-11-26,10000068,1335,337500.03,325000.05,350000,6,2
2017-11-26,10000068,1353,33134.21,30055.25,33750,6,4
2017-11-26,10000068,1403,26922.22,19500,50000,45,22
2017-11-26,10000068,1405,983259,800000,999888,24,16
2017-11-26,10000068,1422,1250000,1250000,1250000,2,2
2017-11-26,10000068,1447,332571.36,74000,750000,14,5
2017-11-26,10000068,1539,17442.22,17000,17500,18,14
2017-11-26,10000068,1808,44611.36,37554.21,48139.93,3,3
2017-11-26,10000068,1810,13.79,13.79,13.79,1700,11
2017-11-26,10000068,1816,21.91,21.91,21.91,11600,8
2017-11-26,10000068,1818,2,2,2,400,4
2017-11-26,10000068,1822,80,50.01,83.17,300,3
2017-11-26,10000068,1824,54.99,54.99,54.99,1189,3
2017-11-26,10000068,1826,135,135,135,100,1
2017-11-26,10000068,1828,30.01,30.01,30.01,204,2
2017-11-26,10000068,1832,30.04,30.04,30.04,100,1
2017-11-26,10000068,1877,1550000,1550000,1550000,5,1
2017-11-26,10000068,1952,1675000,1600000,1750000,2,2
2017-11-26,10000068,1957,44999.92,44999.92,44999.92,3,3
2017-11-26,10000068,1964,1648337.84,1648337.84,1648337.84,1,1
2017-11-26,10000068,1968,49998,49998,49998,3,1
2017-11-26,10000068,1973,188998.94,188998.94,188998.94,2,1
2017-11-26,10000068,1977,46913.04,45999.95,49998.5,72,70
2017-11-26,10000068,1978,1799999,1799999,1799999,4,3
2017-11-26,10000068,1986,34159.2,26000,36199,5,3
2017-11-26,10000068,1998,117201.07,116777.76,126996.96,18,8
2017-11-26,10000068,1999,1499998.99,1499998.99,1499998.99,4,1
2017-11-26,10000068,2018,60916.68,60916.68,60916.68,1,1
2017-11-26,10000068,2024,1333333.31,1200000,1399999.96,3,2
2017-11-26,10000068,2032,633143.51,16303.86,754450,37,22
2017-11-26,10000068,2038,1474999.99,1399999.99,1550000,4,4
2017-11-26,10000068,2046,10000,9250,10000,128,62
2017-11-26,10000068,2047,50000,50000,50000,2,2
2017-11-26,10000068,2048,752889.62,739999.99,840000,52,37
2017-11-26,10000068,2082,264599999.98,264599999.98,264599999.98,1,1
2017-11-26,10000068,2117,2343235,2343235,2343235,1,1
2017-11-26,10000068,2173,39013.5,34897.83,50000,89,17
2017-11-26,10000068,2174,1700000,1700000,1700000,1,1
2017-11-26,10000068,2175,1447367.89,1399998.99,1500000,19,2
2017-11-26,10000068,2183,43000,41750,45000,267,63
2017-11-26,10000068,2184,1800000,1800000,1800000,1,1
2017-11-26,10000068,2185,1115180.23,1098789,1199997.81,64,11
2017-11-26,10000068,2193,89004.83,4050.5,109999.96,15,9
2017-11-26,10000068,2194,6000000,6000000,6000000,1,1
2017-11-26,10000068,2203,1948.48,1948.48,1948.48,725,43
2017-11-26,10000068,2204,200000,200000,200000,3,3
2017-11-26,10000068,2205,530393.81,520788.65,539998.97,10,2
2017-11-26,10000068,2254,81000,81000,81000,13,6
2017-11-26,10000068,2268,2.75,2.75,2.75,352001,1
2017-11-26,10000068,2281,2867683.05,2331030.6,3299998,21,9
2017-11-26,10000068,2289,139995,139995,139995,1,1
2017-11-26,10000068,2291,149972.45,139995,159949.89,2,2
2017-11-26,10000068,2293,179875,179875,179875,3,3
2017-11-26,10000068,2295,176164.72,137995,188887.96,4,4
2017-11-26,10000068,2299,2108666.2,1847777,2500000,5,2
2017-11-26,10000068,2301,2833333,2699999,2900000,3,3
2017-11-26,10000068,2303,2599999,2599999,2599999,1,1
2017-11-26,10000068,2317,10000,10000,10000,310,3
2017-11-26,10000068,2331,86603.91,74685.47,87999.96,36,6
2017-11-26,10000068,2333,1015833.16,500000,1050000,6,6
2017-11-26,10000068,2355,1222221,1222221,1222221,1,1
2017-11-26,10000068,2364,703200.63,58001.59,1200000,5,4
2017-11-26,10000068,2393,270.02,270.02,270.02,6340,1
2017-11-26,10000068,2397,990,990,990,5940,1
2017-11-26,10000068,2399,599.99,599.99,599.99,9838,2
2017-11-26,10000068,2403,7500000,7500000,7500000,10,7
2017-11-26,10000068,2404,534090.81,275000.1,1699998.99,44,3
2017-11-26,10000068,2406,1000000,1000000,1000000,20,15
2017-11-26,10000068,2410,1600000,1600000,1600000,6,1
2017-11-26,10000068,2444,56666.6,40000,60000,42,10
2017-11-26,10000068,2445,7000000,7000000,7000000,1,1
2017-11-26,10000068,2446,2192119.69,2187432.12,2199998.98,19,6
2017-11-26,10000068,2454,2100,2100,2100,1847,204
2017-11-26,10000068,2455,250000,250000,250000,7,7
2017-11-26,10000068,2456,450000,449888,499000,168,27
2017-11-26,10000068,2464,3749.98,3400,6661.45,101,33
2017-11-26,10000068,2465,300000,300000,300000,3,3
2017-11-26,10000068,2466,574993,549986,599999.99,10,2
2017-11-26,10000068,2476,42857.14,40000,50000,7,3
2017-11-26,10000068,2486,7900,6590,8099.99,353,74
2017-11-26,10000068,2487,400000,400000,400000,4,4
2017-11-26,10000068,2488,472278.12,443998.99,499998,44,10
2017-11-26,10000068,2495,500000,500000,500000,22,15
2017-11-26,10000068,2505,500000,500000,500000,21,17
2017-11-26,10000068,2506,468.94,468.94,468.94,5100,2
2017-11-26,10000068,2508,10,10,10,100,1
2017-11-26,10000068,2512,0.24,0.24,0.24,700,5
2017-11-26,10000068,2516,3.25,3.25,3.25,100000,1
2017-11-26,10000068,2524,81100.57,81000,83011.43,20,9
2017-11-26,10000068,2525,81000,81000,81000,13,4
2017-11-26,10000068,2531,15000.06,15000.06,15000.06,1,1
2017-11-26,10000068,2533,81000,81000,81000,13,4
2017-11-26,10000068,2534,82187.5,81000,100000,16,7
2017-11-26,10000068,2537,26995.01,26995.01,26995.01,1,1
2017-11-26,10000068,2539,15000,15000,15000,1,1
2017-11-26,10000068,2545,47566.5,46995,48138,2,2
2017-11-26,10000068,2547,1000000,1000000,1000000,1,1
2017-11-26,10000068,2549,80999.28,80992.8,81000,20,7
2017-11-26,10000068,2550,81000,81000,81000,11,4
2017-11-26,10000068,2551,81000,81000,81000,10,3
2017-11-26,10000068,2553,1899999.33,1599999,2500000,3,2
2017-11-26,10000068,2567,2191666.67,2150000,2200000,6,3
2017-11-26,10000068,2589,261494988.53,261494988.53,261494988.53,1,1
2017-11-26,10000068,2603,3533.33,3000,5000,60,19
2017-11-26,10000068,2605,401705.77,400000,499998.26,14,14
2017-11-26,10000068,2621,723.97,723.97,723.97,3000,1
2017-11-26,10000068,2629,550,550,550,12000,2
2017-11-26,10000068,2679,324,324,324,7000,1
2017-11-26,10000068,2873,769499.7,769499.7,769499.7,3,1
2017-11-26,10000068,2889,810714.14,800000,825000,7,5
2017-11-26,10000068,2897,2000000,2000000,2000000,5,1
2017-11-26,10000068,2905,1050000,1050000,1050000,2,1
2017-11-26,10000068,2913,1999998.99,1999998.99,1999998.99,6,1
2017-11-26,10000068,2993,799999.5,599999.99,999999,4,3
2017-11-26,10000068,2998,69377105,68754210,70000000,2,2
2017-11-26,10000068,3017,1000000,1000000,1000000,2,1
2017-11-26,10000068,3041,15000.02,15000.02,15000.02,4,1
2017-11-26,10000068,3074,999998.96,999998.96,999998.96,11,2
2017-11-26,10000068,3098,10000.05,10000.05,10000.05,2,2
2017-11-26,10000068,3122,4599998.99,4599998.99,4599998.99,6,1
2017-11-26,10000068,3130,1999997,1999997,1999997,5,1
2017-11-26,10000068,3146,1999999,1999999,1999999,3,1
2017-11-26,10000068,3162,764285.42,670000,999998.98,7,2
2017-11-26,10000068,3178,500025,200050,800000,6,2
2017-11-26,10000068,3184,1600000,1600000,1600000,10,10
2017-11-26,10000068,3186,5000000,5000000,5000000,8,1
2017-11-26,10000068,3242,117777.77,117777.77,117777.77,1,1
2017-11-26,10000068,3244,1455001.98,796250.17,1750000,19,7
2017-11-26,10000068,3293,25000,25000,25000,105,7
2017-11-26,10000068,3296,30000,30000,30000,338,8
2017-11-26,10000068,3297,10444.32,9500,11000,18,7
2017-11-26,10000068,3300,20000,20000,20000,3,3
2017-11-26,10000068,3301,18380.69,6050,20000,18,18
2017-11-26,10000068,3302,20000,20000,20000,14,14
2017-11-26,10000068,3303,20000,20000,20000,6,6
2017-11-26,10000068,3304,95055.56,11000,100000,18,18
2017-11-26,10000068,3305,100000,100000,100000,5,5
2017-11-26,10000068,3306,100000,100000,100000,5,5
2017-11-26,10000068,3307,2000000,2000000,2000000,2,2
2017-11-26,10000068,3308,2000000,2000000,2000000,2,2
2017-11-26,10000068,3309,2000000,2000000,2000000,2,2
2017-11-26,10000068,3310,40000,40000,40000,10,3
2017-11-26,10000068,3311,80000,80000,80000,9,3
2017-11-26,10000068,3312,59401.11,54610,60000,9,6
2017-11-26,10000068,3315,1000000,1000000,1000000,3,3
2017-11-26,10000068,3316,70000,70000,70000,2,2
2017-11-26,10000068,3317,100000,100000,100000,3,3
2017-11-26,10000068,3318,79000,75000,80000,5,5
2017-11-26,10000068,3319,20250,20000,22000,8,2
2017-11-26,10000068,3320,10000,10000,10000,3,3
2017-11-26,10000068,3321,20000,20000,20000,15,10
2017-11-26,10000068,3322,25000,25000,25000,15,5
2017-11-26,10000068,3323,30000,30000,30000,16,11
2017-11-26,10000068,3324,100000,100000,100000,4,4
2017-11-26,10000068,3325,400000,400000,400000,1,1
2017-11-26,10000068,3326,350000,350000,350000,6,1
2017-11-26,10000068,3328,39703.06,30000,40000,30,30
2017-11-26,10000068,3329,40000,40000,40000,10,10
2017-11-26,10000068,3330,40000,40000,40000,7,7
2017-11-26,10000068,3331,40014.08,40000,40098.56,14,12
2017-11-26,10000068,3332,500000,500000,500000,32,32
2017-11-26,10000068,3333,500000,500000,500000,5,5
2017-11-26,10000068,3334,500000,500000,500000,8,8
2017-11-26,10000068,3335,500000,500000,500000,9,9
2017-11-26,10000068,3336,4000000,4000000,4000000,3,3
2017-11-26,10000068,3337,4000000,4000000,4000000,2,2
2017-11-26,10000068,3338,4000000,4000000,4000000,3,3
2017-11-26,10000068,3339,4000000,4000000,4000000,1,1
2017-11-26,10000068,3340,300000,300000,300000,3,3
2017-11-26,10000068,3341,300000,300000,300000,2,2
2017-11-26,10000068,3342,300000,300000,300000,2,2
2017-11-26,10000068,3343,300000,300000,300000,1,1
2017-11-26,10000068,3348,20000,20000,20000,11,11
2017-11-26,10000068,3350,100000,100000,100000,1,1
2017-11-26,10000068,3355,20000,20000,20000,21,21
2017-11-26,10000068,3356,60000,60000,60000,12,12
2017-11-26,10000068,3357,180000,180000,180000,11,11
2017-11-26,10000068,3358,100000,100000,100000,3,3
2017-11-26,10000068,3359,200000,200000,200000,8,8
2017-11-26,10000068,3361,200000,200000,200000,7,7
2017-11-26,10000068,3363,20125,20000,21000,8,8
2017-11-26,10000068,3373,1000000,1000000,1000000,1,1
2017-11-26,10000068,3380,19164,16656,20000,4,4
2017-11-26,10000068,3385,46813.63,1111.23,50000,31,31
2017-11-26,10000068,3386,20000,20000,20000,4,4
2017-11-26,10000068,3387,123200,16000,150000,10,10
2017-11-26,10000068,3388,117400,11000,250000,5,5
2017-11-26,10000068,3389,280000,280000,280000,11,11
2017-11-26,10000068,3392,13336.67,10.01,20000,3,3
2017-11-26,10000068,3393,30730.2,30000,38953.41,9,9
2017-11-26,10000068,3394,60000,60000,60000,1,1
2017-11-26,10000068,3395,80000,80000,80000,5,5
2017-11-26,10000068,3396,2000000,2000000,2000000,1,1
2017-11-26,10000068,3397,1000000,1000000,1000000,1,1
2017-11-26,10000068,3402,20000,20000,20000,1,1
2017-11-26,10000068,3403,300000,300000,300000,6,6
2017-11-26,10000068,3405,25000,25000,25000,16,15
2017-11-26,10000068,3406,300000,300000,300000,11,10
2017-11-26,10000068,3409,350000,350000,350000,8,8
2017-11-26,10000068,3410,450000,450000,450000,19,19
2017-11-26,10000068,3411,75000,75000,75000,2,2
2017-11-26,10000068,3412,442250,419000,450000,4,4
2017-11-26,10000068,3413,20000,20000,20000,1,1
2017-11-26,10000068,3416,35578.66,35000,50000,52,52
2017-11-26,10000068,3417,40000,40000,40000,6,6
2017-11-26,10000068,3418,177142.86,170000,200000,7,7
2017-11-26,10000068,3419,114238.46,5100,168807.7,3,3
2017-11-26,10000068,3420,210000,210000,210000,3,3
2017-11-26,10000068,3421,130000,130000,130000,11,11
2017-11-26,10000068,3422,80000,80000,80000,5,5
2017-11-26,10000068,3423,75000,75000,75000,19,19
2017-11-26,10000068,3424,79000,79000,79000,2,2
2017-11-26,10000068,3425,84000,84000,84000,3,3
2017-11-26,10000068,3426,20000,20000,20000,1,1
2017-11-26,10000068,3427,120000,120000,120000,6,6
2017-11-26,10000068,3428,84000,68000,88000,5,5
2017-11-26,10000068,3429,100000,100000,100000,3,3
2017-11-26,10000068,3430,500000,500000,500000,3,3
2017-11-26,10000068,3431,75000,75000,75000,7,7
2017-11-26,10000068,3432,100000,100000,100000,3,3
2017-11-26,10000068,3433,100000,100000,100000,10,10
2017-11-26,10000068,3434,80000,80000,80000,15,15
2017-11-26,10000068,3435,78050,6100,150000,2,2
2017-11-26,10000068,3436,15423.08,1050,20000,10,10
2017-11-26,10000068,3437,40000,40000,40000,4,4
2017-11-26,10000068,3438,40500,40000,45000,20,20
2017-11-26,10000068,3439,200000,200000,200000,13,13
2017-11-26,10000068,3440,220000,220000,220000,6,6
2017-11-26,10000068,3441,380000,380000,380000,7,7
2017-11-26,10000068,3442,500001.05,500000,500020.04,19,19
2017-11-26,10000068,3443,20000,20000,20000,6,5
2017-11-26,10000068,3444,100000,100000,100000,7,5
2017-11-26,10000068,3446,100000,100000,100000,17,16
2017-11-26,10000068,3447,7500000,7500000,7500000,3,2
2017-11-26,10000068,3449,20000,20000,20000,2,2
2017-11-26,10000068,3450,22500,22500,22500,9,6
2017-11-26,10000068,3451,30000,30000,30000,13,12
2017-11-26,10000068,3452,40000,40000,40000,41,34
2017-11-26,10000068,3453,25000,25000,25000,14,6
2017-11-26,10000068,3454,340000,340000,340000,11,5
2017-11-26,10000068,3455,30000,30000,30000,6,6
2017-11-26,10000068,3456,10000000,10000000,10000000,8,4
2017-11-26,10000068,3466,29244.99,29244.99,29244.99,1,1
2017-11-26,10000068,3488,1049924.75,999900,1199998.99,4,4
2017-11-26,10000068,3496,2039995.6,1999990,2099999,5,5
2017-11-26,10000068,3504,3088332.25,3053332,3099999,4,3
2017-11-26,10000068,3528,73962.83,68000,91851.3,4,4
2017-11-26,10000068,3530,1744204.43,1680000,1799989,14,11
2017-11-26,10000068,3540,2599999,2499999,2699999,2,2
2017-11-26,10000068,3551,37800,36000,45000,5,5
2017-11-26,10000068,3554,2000,2000,2000,323,9
2017-11-26,10000068,3555,3500000,3500000,3500000,1,1
2017-11-26,10000068,3566,9848.34,412,15000.01,9,8
2017-11-26,10000068,3568,1174999.5,1050000,1299999,2,2
2017-11-26,10000068,3576,222220,222220,222220,1,1
2017-11-26,10000068,3578,2508270.91,2316542.82,2699999,2,2
2017-11-26,10000068,3643,20,20,20,30,3
2017-11-26,10000068,3645,420,230.13,440,4040,43
2017-11-26,10000068,3647,256.62,255.27,261.62,86050,8
2017-11-26,10000068,3651,80.95,50,110.74,6,6
2017-11-26,10000068,3665,2799998.95,2799998.95,2799998.95,1,1
2017-11-26,10000068,3673,0.36,0.1,1,70,7
2017-11-26,10000068,3683,398,398,398,425670,4
2017-11-26,10000068,3685,470.01,470.01,470.01,113400,4
2017-11-26,10000068,3687,705.02,705.02,705.02,494624,25
2017-11-26,10000068,3699,58.7,58.69,58.71,128168,6
2017-11-26,10000068,3703,1001,1001,1001,30,3
2017-11-26,10000068,3713,3000.02,3000,3000.02,80,3
2017-11-26,10000068,3715,116.42,116.42,116.42,96935,16
2017-11-26,10000068,3717,38,38,38,150,14
2017-11-26,10000068,3721,1125,750,1500,16,2
2017-11-26,10000068,3725,10000,10000,10000,4370,1
2017-11-26,10000068,3756,72599999.93,69000000,73999999.99,5,5
2017-11-26,10000068,3771,10.01,10.01,10.01,162,24
2017-11-26,10000068,3777,537.5,500,687.5,100,10
2017-11-26,10000068,3810,1001,1001,1001,20,2
2017-11-26,10000068,3812,169.71,141.01,170.13,91107,20
2017-11-26,10000068,3814,8.49,3.5,33.42,60,4
2017-11-26,10000068,3818,2002,2002,2002,20,1
2017-11-26,10000068,3820,1001,1001,1001,10,1
2017-11-26,10000068,3822,1001,1001,1001,30,3
2017-11-26,10000068,3824,1001,1001,1001,10,1
2017-11-26,10000068,3828,10750.52,10750.52,10750.52,1,1
2017-11-26,10000068,3829,55475.07,28945,77386.67,45,27
2017-11-26,10000068,3831,1523388.67,999999.5,6999999,18,11
2017-11-26,10000068,3839,54000,54000,54000,13,7
2017-11-26,10000068,3841,1604301.11,1534487.78,1650840,10,8
2017-11-26,10000068,3887,29803.1,24900,35000,21,12
2017-11-26,10000068,3888,1070715.8,277026,1195776.5,5,5
2017-11-26,10000068,3893,36995000,36995000,36995000,1,1
2017-11-26,10000068,3895,36897666.67,36896500,36900000,3,3
2017-11-26,10000068,3962,90000000,90000000,90000000,1,1
2017-11-26,10000068,4025,77471.83,40000,100000,17,10
2017-11-26,10000068,4027,89830.41,20000.33,167498.89,13,11
2017-11-26,10000068,4246,29998.87,29998.87,29998.87,24299,1
2017-11-26,10000068,4250,2399997.99,2399997.99,2399998,6,3
2017-11-26,10000068,4254,707495.75,14999.99,1399991.5,2,2
2017-11-26,10000068,4258,1888990.99,1888990.99,1888990.99,1,1
2017-11-26,10000068,4260,1999998,1999998,1999998,1,1
2017-11-26,10000068,4312,21725,21725,21725,2500,1
2017-11-26,10000068,4358,5010.32,5010.32,5010.32,10,1
2017-11-26,10000068,4383,2899999.89,2899999.89,2899999.89,1,1
2017-11-26,10000068,4385,4500000,4500000,4500000,10,4
2017-11-26,10000068,4393,58272.73,57000,61000,44,32
2017-11-26,10000068,4395,544833.16,525000,599499.49,12,9
2017-11-26,10000068,4399,9539998.56,9539998.56,9539998.56,1,1
2017-11-26,10000068,4401,48999998,48999998,48999998,1,1
2017-11-26,10000068,4403,799999.99,600000,999999.97,4,4
2017-11-26,10000068,4405,1755723.29,1618000,1792497.5,38,22
2017-11-26,10000068,4411,600000,600000,600000,1,1
2017-11-26,10000068,4435,57000.2,50000,62000,10,8
2017-11-26,10000068,4471,503,503,503,4,1
2017-11-26,10000068,4477,6423.55,1003.03,33526.12,6,6
2017-11-26,10000068,4529,10180.55,1777.77,36888.88,16,15
2017-11-26,10000068,4531,21931.27,1008.7,30000,16,13
2017-11-26,10000068,4533,113748.75,30000.01,149998,8,8
2017-11-26,10000068,4535,277777.77,277777.77,277777.77,1,1
2017-11-26,10000068,4569,1131,1131,1131,2,2
2017-11-26,10000068,4571,111,111,111,1,1
2017-11-26,10000068,4573,278574.58,268000,280000,7,6
2017-11-26,10000068,4609,100.02,100.02,100.02,2,2
2017-11-26,10000068,4787,31116.42,101.23,46666.66,12,12
2017-11-26,10000068,4831,1126.88,120,3700,4,4
2017-11-26,10000068,4833,775681.58,537044.75,895000,3,2
2017-11-26,10000068,4835,120,120,120,1,1
2017-11-26,10000068,4871,74750.75,3002,98000,4,3
2017-11-26,10000068,5009,24693.5,387,49000,8,5
2017-11-26,10000068,5011,550928.08,5030,823877.12,3,3
2017-11-26,10000068,5013,376.01,376.01,376.01,2,2
2017-11-26,10000068,5051,60000,60000,60000,1,1
2017-11-26,10000068,5087,400.04,400.04,400.04,1,1
2017-11-26,10000068,5089,1700.09,1700.09,1700.09,9,6
2017-11-26,10000068,5091,100.01,100.01,100.01,3,2
2017-11-26,10000068,5093,1217.51,1050.01,1251.01,6,6
2017-11-26,10000068,5137,8158.14,428.03,69999,9,6
2017-11-26,10000068,5141,3188.71,888,16679,21,15
2017-11-26,10000068,5177,39999,39999,39999,1,1
2017-11-26,10000068,5179,307.77,307.77,307.77,1,1
2017-11-26,10000068,5181,7.77,7.77,7.77,1,1
2017-11-26,10000068,5215,7.77,7.77,7.77,1,1
2017-11-26,10000068,5217,0.01,0.01,0.01,1,1
2017-11-26,10000068,5219,7.77,7.77,7.77,1,1
2017-11-26,10000068,5221,7.77,7.77,7.77,1,1
2017-11-26,10000068,5239,18500,18000,20000,113,54
2017-11-26,10000068,5245,29397.47,22222,50000,43,28
2017-11-26,10000068,5279,375.03,375.03,375.03,1,1
2017-11-26,10000068,5281,333.01,333.01,333.01,1,1
2017-11-26,10000068,5282,2222.02,444.04,4000,2,2
2017-11-26,10000068,5299,7333.33,1000,20000,9,7
2017-11-26,10000068,5301,3001,3001,3001.01,5,4
2017-11-26,10000068,5302,4163.31,1112.3,16500,13,12
2017-11-26,10000068,5319,5477.11,340,10000,9,5
2017-11-26,10000068,5320,1550.01,1550,1550.01,8,7
2017-11-26,10000068,5321,1200.01,1200.01,1200.01,2,2
2017-11-26,10000068,5322,2052.15,2052.15,2052.16,10,6
2017-11-26,10000068,5339,2752,601,7054.01,6,6
2017-11-26,10000068,5342,90.01,90.01,90.01,1,1
2017-11-26,10000068,5361,1390,1250,1410,8,8
2017-11-26,10000068,5363,1305.01,1300.01,1310,12,12
2017-11-26,10000068,5365,610,610,610.01,8,6
2017-11-26,10000068,5399,2386.36,256,7500,17,12
2017-11-26,10000068,5403,4603.2,1004,19000,5,4
2017-11-26,10000068,5405,8628.39,609.25,34500,9,8
2017-11-26,10000068,5439,10147.31,1639.02,19999.99,10,8
2017-11-26,10000068,5443,20867.31,12398.27,48000,17,13
2017-11-26,10000068,5445,12324.13,2001.03,29999,17,10
2017-11-26,10000068,5493,166217.59,140000,168839.35,11,4
2017-11-26,10000068,5533,86944.25,86943.72,86944.34,21,4
2017-11-26,10000068,5599,118379.87,116998.89,126665.73,7,4
2017-11-26,10000068,5631,60000,60000,60000,5,5
2017-11-26,10000068,5647,128000,128000,128000,6,1
2017-11-26,10000068,5683,100000,100000,100000,1,1
2017-11-26,10000068,5693,399599.99,399599.99,399599.99,2,2
2017-11-26,10000068,5697,130000,130000,130000,1,1
2017-11-26,10000068,5723,100000,100000,100000,1,1
2017-11-26,10000068,5743,239999,239999,239999,2,2
2017-11-26,10000068,5745,7873.35,1310.03,21000,12,10
2017-11-26,10000068,5747,12854.64,766.01,18898.95,6,6
2017-11-26,10000068,5755,100000,100000,100000,5,2
2017-11-26,10000068,5757,33005,33005,33005,2,2
2017-11-26,10000068,5759,111,111,111,1,1
2017-11-26,10000068,5839,1923798.62,1695000,2241000,10,10
2017-11-26,10000068,5869,210,210,210,3,1
2017-11-26,10000068,5871,1,1,1,1,1
2017-11-26,10000068,5945,255933.33,249000,349999.99,15,3
2017-11-26,10000068,5955,123320,3800.01,240000,5,5
2017-11-26,10000068,5971,37008.33,11051.22,50500,36,33
2017-11-26,10000068,5973,280000,279000,280000,111,45
2017-11-26,10000068,5975,25367,101.01,39000,6,6
2017-11-26,10000068,6001,62175,3005.16,96664.38,30,28
2017-11-26,10000068,6003,15323.4,2005.01,33999.99,28,25
2017-11-26,10000068,6005,8200,8200,8200,821,8
2017-11-26,10000068,6073,89983.33,29900,99999.99,6,6
2017-11-26,10000068,6131,2130.74,52.1,11300,12,12
2017-11-26,10000068,6135,65137.51,275.02,130000,2,2
2017-11-26,10000068,6159,16862.49,360.01,27777.77,8,7
2017-11-26,10000068,6160,12231.62,5012.08,37500,9,6
2017-11-26,10000068,6173,105144.49,801,119888.99,4,4
2017-11-26,10000068,6176,401,401,401,3,3
2017-11-26,10000068,6296,9579.04,604,15997.77,11,8
2017-11-26,10000068,6325,119135.18,1850,177777.77,3,3
2017-11-26,10000068,6437,58940.03,45000.99,298987.64,15,11
2017-11-26,10000068,6439,73339.56,25,97777.75,8,3
2017-11-26,10000068,6441,97777.76,97777.76,97777.76,1,1
2017-11-26,10000068,6443,15005.5,11,30000,2,2
2017-11-26,10000068,6485,22.11,22.11,22.11,10,4
2017-11-26,10000068,6527,4724.2,207,11500,5,5
2017-11-26,10000068,6569,40323.48,34000,49997,28,25
2017-11-26,10000068,6631,777.77,777.77,777.77,3,2
2017-11-26,10000068,6635,1500,1500,1500,1,1
2017-11-26,10000068,6673,0.01,0.01,0.01,5,5
2017-11-26,10000068,6677,7.77,7.77,7.77,1,1
2017-11-26,10000068,6719,850000,850000,850000,1,1
2017-11-26,10000068,6921,50000,50000,50000,1,1
2017-11-26,10000068,6961,62000,62000,62000,1,1
2017-11-26,10000068,6965,62000,62000,62000,1,1
2017-11-26,10000068,7131,10000.1,10000.1,10000.1,2,2
2017-11-26,10000068,7249,2787.78,2787.78,2787.78,2,2
2017-11-26,10000068,7251,58035.15,800,77589.89,15,9
2017-11-26,10000068,7253,27787.77,27787.77,27787.77,3,2
2017-11-26,10000068,7287,1254999.47,500000,1399999.5,15,7
2017-11-26,10000068,7289,135371.28,1025.03,141025.03,20,8
2017-11-26,10000068,7291,46408.96,25000,57998.99,41,10
2017-11-26,10000068,7293,70359.13,15000,88989.01,22,16
2017-11-26,10000068,7327,442917.26,12090,485999.99,11,6
2017-11-26,10000068,7329,1000,1000,1000,2,1
2017-11-26,10000068,7331,1000,1000,1000,2,1
2017-11-26,10000068,7333,95499.49,1000,189998.98,8,5
2017-11-26,10000068,7367,1655141.46,1495000,2499994.57,35,17
2017-11-26,10000068,7369,219221.44,112500,249999,9,4
2017-11-26,10000068,7371,71268.32,65000,89140.38,17,8
2017-11-26,10000068,7373,563933.33,200000,695899.99,12,5
2017-11-26,10000068,7447,4500000,4500000,4500000,6,1
2017-11-26,10000068,7449,101060.46,101060.46,101060.46,1,1
2017-11-26,10000068,7487,28012.06,28012.06,28012.06,1,1
2017-11-26,10000068,7489,39833.66,1,100000,8,8
2017-11-26,10000068,7491,25000,25000,25000,1,1
2017-11-26,10000068,7493,53383.33,100,70000,6,6
2017-11-26,10000068,7535,392962.96,25000,499999.99,27,13
2017-11-26,10000068,7537,38647.3,1105,53660.9,12,11
2017-11-26,10000068,7539,18984.63,16377.06,25000,16,6
2017-11-26,10000068,7541,121272.55,50000,124777.76,64,12
2017-11-26,10000068,7579,850000,650000,1250000,3,3
2017-11-26,10000068,7581,149196.42,30000,225000,13,7
2017-11-26,10000068,7583,66509.11,33515.5,95000,17,10
2017-11-26,10000068,7585,478461.54,390000,500000,13,5
2017-11-26,10000068,7623,20000,20000,20000,1,1
2017-11-26,10000068,7625,533333.33,500000,550000,3,2
2017-11-26,10000068,7663,1250000,1250000,1250000,1,1
2017-11-26,10000068,7665,106000,40000,139000,3,2
2017-11-26,10000068,7667,40000.01,40000.01,40000.01,3,2
2017-11-26,10000068,7669,127200,40000,149000,5,2
2017-11-26,10000068,7703,960212.7,899999,984298.18,7,4
2017-11-26,10000068,7705,85000,52000,118000,6,2
2017-11-26,10000068,7707,52000,52000,52000,2,1
2017-11-26,10000068,7709,91000,91000,91000,2,2
2017-11-26,10000068,7831,200000,200000,200000,2,2
2017-11-26,10000068,7997,5.11,5.11,5.11,1,1
2017-11-26,10000068,8025,1000000,1000000,1000000,3,1
2017-11-26,10000068,8027,55000,55000,55000,4,4
2017-11-26,10000068,8091,48435.92,22200,180000,6,4
2017-11-26,10000068,8101,40000,40000,40000,1,1
2017-11-26,10000068,8103,5,5,5,1,1
2017-11-26,10000068,8105,1200000,1200000,1200000,1,1
2017-11-26,10000068,8117,551051.68,551051.68,551051.68,3,2
2017-11-26,10000068,8133,56275.25,101,75000,4,2
2017-11-26,10000068,8135,50000.81,50000.81,50000.81,1,1
2017-11-26,10000068,8175,56721.33,40328,60000,6,5
2017-11-26,10000068,8177,49999,49999,49999,4,3
2017-11-26,10000068,8225,78394.64,65891.08,119750.5,6,5
2017-11-26,10000068,8263,85000.01,75000,129999.95,9,7
2017-11-26,10000068,8297,18998.89,18998.89,18998.89,1,1
2017-11-26,10000068,8335,101107.05,111,111118.5,11,8
2017-11-26,10000068,8419,159997.64,159997.46,159997.99,3,3
2017-11-26,10000068,8427,111349.2,105000,167777.77,14,13
2017-11-26,10000068,8433,899994.5,800000,999988.99,2,2
2017-11-26,10000068,8517,3965000,3030000,4900000,4,4
2017-11-26,10000068,8521,301484.85,275000,368999.99,33,9
2017-11-26,10000068,8529,287499.51,215499.02,359499.99,4,4
2017-11-26,10000068,8531,4000.02,4000.02,4000.02,2,2
2017-11-26,10000068,8535,801.05,801.05,801.05,1,1
2017-11-26,10000068,8537,5887.82,5887.82,5887.82,1,1
2017-11-26,10000068,8583,150000,150000,150000,1,1
2017-11-26,10000068,8635,11000,11000,11000,1,1
2017-11-26,10000068,8639,11001.05,11001.05,11001.05,1,1
2017-11-26,10000068,8641,20001.05,20001.05,20001.05,1,1
2017-11-26,10000068,8748,79665.98,44998.97,149000,3,3
2017-11-26,10000068,8759,3650200.65,251006.24,4499999,5,3
2017-11-26,10000068,8787,777.77,777.77,777.77,1,1
2017-11-26,10000068,8867,7.77,7.77,7.77,1,1
2017-11-26,10000068,8907,7.77,7.77,7.77,1,1
2017-11-26,10000068,8909,150000,150000,150000,1,1
2017-11-26,10000068,9133,550000,550000,550000,6,1
2017-11-26,10000068,9141,40000,40000,40000,1,1
2017-11-26,10000068,9331,200000,200000,200000,1,1
2017-11-26,10000068,9413,1777.77,1777.77,1777.77,1,1
2017-11-26,10000068,9451,2000000,2000000,2000000,1,1
2017-11-26,10000068,9521,1920,150.01,9000,5,5
2017-11-26,10000068,9568,57747.77,57747.77,57747.77,2,1
2017-11-26,10000068,9580,104333.33,100000,108000,6,5
2017-11-26,10000068,9608,20709.82,108,36666.55,5,5
2017-11-26,10000068,9622,23142.85,3250,49999.94,7,5
2017-11-26,10000068,9632,280625.75,10001.26,299994.14,27,20
2017-11-26,10000068,9646,19619.68,19498,20593.15,9,8
2017-11-26,10000068,9660,35240.4,101,63000,5,5
2017-11-26,10000068,9668,100009.1,100009.1,100009.1,1,1
2017-11-26,10000068,9670,2001.01,2001.01,2001.01,3,3
2017-11-26,10000068,9728,175004.53,100009.05,250000,2,2
2017-11-26,10000068,9762,250000,250000,250000,1,1
2017-11-26,10000068,9784,2501.02,2501.02,2501.02,1,1
2017-11-26,10000068,9800,181303.25,100087.05,262519.45,4,4
2017-11-26,10000068,9808,100008.1,100008.1,100008.1,1,1
2017-11-26,10000068,9826,333.88,333.88,333.88,4206,16
2017-11-26,10000068,9828,1050,1050,1050,6040,1
2017-11-26,10000068,9832,10650,10650,10650,575,4
2017-11-26,10000068,9834,94999.99,94999.99,95000,100,2
2017-11-26,10000068,9836,9111.01,9111.01,9111.01,315,2
2017-11-26,10000068,9838,10499.99,10499.99,10499.99,22400,3
2017-11-26,10000068,9840,12500.01,12500.01,12500.01,3203,5
2017-11-26,10000068,9842,13001.02,13001.02,13001.02,7,2
2017-11-26,10000068,9850,459.83,450.63,502.69,79252,12
2017-11-26,10000068,9852,57.96,57.94,57.98,118704,2
2017-11-26,10000068,9899,11099994.03,10949996.2,11999998.95,7,7
2017-11-26,10000068,9941,10999999.15,10999999,11999999.9,6,6
2017-11-26,10000068,9942,11379996.8,10999995,11949999.5,5,5
2017-11-26,10000068,9943,10999999.5,10999999,11000000,6,6
2017-11-26,10000068,9944,64458.63,55899,80000,18,15
2017-11-26,10000068,9945,249940,249940,249940,1,1
2017-11-26,10000068,9950,5000000,5000000,5000000,4,1
2017-11-26,10000068,9956,10649999.83,10500000,10949999.5,6,6
2017-11-26,10000068,10039,553.83,430.16,3000,21,18
2017-11-26,10000068,10040,3360,3360,3360,5,5
2017-11-26,10000068,10155,11807877.7,11807877.7,11807877.7,1,1
2017-11-26,10000068,10190,1413888.44,1337500,1499999,9,9
2017-11-26,10000068,10208,23499999.67,21000000,24749999.5,3,3
2017-11-26,10000068,10212,24616665.22,23924997.84,25999999.99,3,3
2017-11-26,10000068,10216,20838571.38,18355000,23799999.99,7,4
2017-11-26,10000068,10221,23300003.33,23000010,23450000,3,3
2017-11-26,10000068,10225,25000000,25000000,25000000,1,1
2017-11-26,10000068,10246,7000,2411.01,7999.99,143,48
2017-11-26,10000068,10247,19986000,19986000,19986000,1,1
2017-11-26,10000068,10250,1325000,1200000,1949999.99,6,2
2017-11-26,10000068,10629,6495,6495,6495,8,3
2017-11-26,10000068,10631,429995,429995,429995,20,1
2017-11-26,10000068,10678,40000,40000,40000,155,67
2017-11-26,10000068,10680,853555.56,834500,900000,9,4
2017-11-26,10000068,10688,217777.77,217777.77,217777.77,2,1
2017-11-26,10000068,10690,151224.55,138314.81,177777.77,15,6
2017-11-26,10000068,10692,54277.4,100.05,55666.56,40,8
2017-11-26,10000068,10694,506228.54,439995.47,890000.4,39,14
2017-11-26,10000068,10836,65069.54,50000,70000,13,12
2017-11-26,10000068,10838,224000,224000,224000,2,2
2017-11-26,10000068,10850,761666.67,700000,885000,3,3
2017-11-26,10000068,10866,112,112,112,1,1
2017-11-26,10000068,10868,190,190,190,1,1
2017-11-26,10000068,10870,10000,10000,10000,1,1
2017-11-26,10000068,10872,66600,66600,66600,2,2
2017-11-26,10000068,10874,25000,25000,25000,1,1
2017-11-26,10000068,10876,25000,25000,25000,1,1
2017-11-26,10000068,10880,137500.19,25000,250000.37,2,2
2017-11-26,10000068,10882,4000.01,4000.01,4000.01,1,1
2017-11-26,10000068,10886,3000.01,3000.01,3000.01,1,1
2017-11-26,10000068,10998,21683.24,19999.99,23500,60,28
2017-11-26,10000068,11082,999999.5,999999,1000000,2,2
2017-11-26,10000068,11083,1199999.5,1199999,1200000,2,2
2017-11-26,10000068,11084,2690000,2690000,2690000,7,2
2017-11-26,10000068,11105,228458.67,220000,249000,17,13
2017-11-26,10000068,11129,10667.97,2350.06,12400,74,71
2017-11-26,10000068,11130,50000,50000,50000,4,4
2017-11-26,10000068,11132,11802.5,5490.02,13490,8,8
2017-11-26,10000068,11133,50000,50000,50000,1,1
2017-11-26,10000068,11134,12418.03,500.01,14999.99,10,10
2017-11-26,10000068,11135,50000,50000,50000,1,1
2017-11-26,10000068,11172,36999999.5,35000000,38999999,2,2
2017-11-26,10000068,11202,40499999.77,40499999.77,40499999.77,2,2
2017-11-26,10000068,11207,500000,500000,500000,13,13
2017-11-26,10000068,11227,190774.96,190774.96,190774.96,1,1
2017-11-26,10000068,11239,1399998.98,1399998.98,1399998.98,2,1
2017-11-26,10000068,11249,1249997,1249997,1249997,3,1
2017-11-26,10000068,11257,155665.93,155665.93,155665.93,1,1
2017-11-26,10000068,11267,175200,175000,177000,10,10
2017-11-26,10000068,11269,879777.66,835600,915000,18,11
2017-11-26,10000068,11279,1399995,1399995,1399995,1,1
2017-11-26,10000068,11283,3500,3500,3500,17,3
2017-11-26,10000068,11285,4000,3722.04,4000,110,3
2017-11-26,10000068,11287,6102.91,5998.97,6184.26,41,5
2017-11-26,10000068,11289,5000,5000,5000,104,4
2017-11-26,10000068,11293,75000,75000,75000,1,1
2017-11-26,10000068,11294,265000,265000,265000,1,1
2017-11-26,10000068,11295,149597.8,147993,149999,5,4
2017-11-26,10000068,11297,381750,360000,389000,4,4
2017-11-26,10000068,11299,1049998.5,999997,1100000,2,2
2017-11-26,10000068,11301,94499.96,94499.96,94499.96,1,1
2017-11-26,10000068,11309,50900.98,31201.3,110000,4,4
2017-11-26,10000068,11311,76000,32000,120000,2,2
2017-11-26,10000068,11317,232500.01,15000.01,450000,2,2
2017-11-26,10000068,11325,13336.7,13336.7,13336.7,1,1
2017-11-26,10000068,11327,444750.5,390001,499500,4,4
2017-11-26,10000068,11341,6331.12,2500,10604.5,34,27
2017-11-26,10000068,11343,5084.46,580.02,26000,27,17
2017-11-26,10000068,11349,13112.03,13112.03,13112.03,1,1
2017-11-26,10000068,11351,43599.81,9000.02,50000,5,4
2017-11-26,10000068,11355,55705.97,54999,60239.8,6,3
2017-11-26,10000068,11370,1733562.33,1699996.99,1739999,22,21
2017-11-26,10000068,11393,29999989.99,29999989.99,29999989.99,1,1
2017-11-26,10000068,11395,500000,500000,500000,4,4
2017-11-26,10000068,11399,9000.03,9000.03,9000.03,340,4
2017-11-26,10000068,11433,10000000,10000000,10000000,1,1
2017-11-26,10000068,11441,9700000,9700000,9700000,1,1
2017-11-26,10000068,11443,10000000,10000000,10000000,1,1
2017-11-26,10000068,11444,9400000,8800000,10000000,2,2
2017-11-26,10000068,11445,10000000,10000000,10000000,1,1
2017-11-26,10000068,11446,10000000,10000000,10000000,1,1
2017-11-26,10000068,11448,10000000,10000000,10000000,1,1
2017-11-26,10000068,11449,10000000,10000000,10000000,1,1
2017-11-26,10000068,11450,8331666.67,8000000,10000000,6,3
2017-11-26,10000068,11452,10000000,10000000,10000000,2,2
2017-11-26,10000068,11453,10000000,10000000,10000000,1,1
2017-11-26,10000068,11454,10000000,10000000,10000000,1,1
2017-11-26,10000068,11455,10000000,10000000,10000000,1,1
2017-11-26,10000068,11476,1.05,1.05,1.05,200,2
2017-11-26,10000068,11486,1.03,1.03,1.03,200,2
2017-11-26,10000068,11529,9700000,9700000,9700000,1,1
2017-11-26,10000068,11536,100,100,100,4,1
2017-11-26,10000068,11538,501.14,501.14,501.14,2,1
2017-11-26,10000068,11540,36005.6,36005.6,36005.6,1,1
2017-11-26,10000068,11541,105000,105000,105000,50,1
2017-11-26,10000068,11563,279513.75,200000,298993.51,48,25
2017-11-26,10000068,11564,4929999.98,4929999.98,4929999.98,3,3
2017-11-26,10000068,11566,120000,120000,120000,14,14
2017-11-26,10000068,11569,400000,400000,400000,2,1
2017-11-26,10000068,11574,2000000,2000000,2000000,1,1
2017-11-26,10000068,11577,4424998.97,4349999,4499998.94,2,2
2017-11-26,10000068,11578,6732498.92,6499999,6849999.5,12,11
2017-11-26,10000068,11579,3500000,3500000,3500000,17,16
2017-11-26,10000068,11584,74937.5,74000,75000,16,15
2017-11-26,10000068,11621,99000,99000,99000,4,4
2017-11-26,10000068,11640,807498.35,799998.99,850000,20,8
2017-11-26,10000068,11642,1956399.96,1956399.96,1956399.96,1,1
2017-11-26,10000068,11644,2609999.2,2474999.5,2699999,5,5
2017-11-26,10000068,11646,2537499.5,2375000,2899998.99,4,4
2017-11-26,10000068,11648,2656666.16,2390000,2699998.99,6,5
2017-11-26,10000068,11873,364560,364560,364560,1,1
2017-11-26,10000068,12005,289999992.5,230000000,349999985,2,2
2017-11-26,10000068,12032,47999999,47999999,47999999,1,1
2017-11-26,10000068,12042,40000000,40000000,40000000,1,1
2017-11-26,10000068,12052,258733.31,122200.01,326999.96,3,3
2017-11-26,10000068,12054,1699998.95,1699998.95,1699998.95,1,1
2017-11-26,10000068,12056,43554.17,38000,56750,7,6
2017-11-26,10000068,12058,3999999,3999999,3999999,1,1
2017-11-26,10000068,12066,435812.5,306250,479000,8,8
2017-11-26,10000068,12068,5500000,5500000,5500000,1,1
2017-11-26,10000068,12076,5000000,5000000,5000000,1,1
2017-11-26,10000068,12084,11999999,11999999,11999999,2,2
2017-11-26,10000068,12092,1000000,1000000,1000000,3,3
2017-11-26,10000068,12093,4000000,4000000,4000000,2,2
2017-11-26,10000068,12096,28000000,28000000,28000000,1,1
2017-11-26,10000068,12098,20000000,20000000,20000000,1,1
2017-11-26,10000068,12108,485400,451000,494000,15,2
2017-11-26,10000068,12109,3500000,3500000,3500000,1,1
2017-11-26,10000068,12179,40000000,40000000,40000000,1,1
2017-11-26,10000068,12180,381250,375000,400000,4,4
2017-11-26,10000068,12181,350000,350000,350000,3,3
2017-11-26,10000068,12182,325000,325000,325000,4,4
2017-11-26,10000068,12183,275000,275000,275000,4,4
2017-11-26,10000068,12184,250000,250000,250000,4,4
2017-11-26,10000068,12185,225000,225000,225000,1,1
2017-11-26,10000068,12186,200000,200000,200000,1,1
2017-11-26,10000068,12187,175000,175000,175000,3,3
2017-11-26,10000068,12188,150000,150000,150000,2,2
2017-11-26,10000068,12189,400000,400000,400000,3,3
2017-11-26,10000068,12190,125000,125000,125000,3,3
2017-11-26,10000068,12191,75555.56,75000,80000,9,9
2017-11-26,10000068,12192,100000,100000,100000,4,4
2017-11-26,10000068,12193,50000,50000,50000,7,7
2017-11-26,10000068,12194,300000,300000,300000,3,3
2017-11-26,10000068,12195,25000,25000,25000,10,10
2017-11-26,10000068,12196,300000,300000,300000,3,3
2017-11-26,10000068,12201,6400000,6400000,6400000,2,2
2017-11-26,10000068,12202,4300000,4300000,4300000,1,1
2017-11-26,10000068,12204,8100000,8100000,8100000,1,1
2017-11-26,10000068,12206,2999999.75,2999999,3000000,4,4
2017-11-26,10000068,12207,9000000,9000000,9000000,1,1
2017-11-26,10000068,12208,4300000,4300000,4300000,4,1
2017-11-26,10000068,12210,999999.67,999999,1000000,3,3
2017-11-26,10000068,12211,2999999.75,2999999,3000000,4,4
2017-11-26,10000068,12212,9000000,9000000,9000000,2,2
2017-11-26,10000068,12214,8100000,8100000,8100000,1,1
2017-11-26,10000068,12238,39900000,39900000,39900000,1,1
2017-11-26,10000068,12259,4822500,4822500,4822500,2,1
2017-11-26,10000068,12274,124998.98,124998.98,124998.98,6,1
2017-11-26,10000068,12305,100000,100000,100000,32,32
2017-11-26,10000068,12344,150000,150000,150000,10,5
2017-11-26,10000068,12356,4599998.98,4599998.98,4599998.98,12,1
2017-11-26,10000068,12365,120000,120000,120000,14,14
2017-11-26,10000068,12366,120000,120000,120000,10,10
2017-11-26,10000068,12367,120000,120000,120000,10,10
2017-11-26,10000068,12441,4400000,4400000,4400000,2,2
2017-11-26,10000068,12442,250000,250000,250000,5,2
2017-11-26,10000068,12484,5200000,5200000,5200000,1,1
2017-11-26,10000068,12485,5050000,4999999.99,5100000,2,2
2017-11-26,10000068,12486,4333221.67,2999999,5666666,6,6
2017-11-26,10000068,12487,9000000,9000000,9000000,9,2
2017-11-26,10000068,12537,300000,300000,300000,1,1
2017-11-26,10000068,12538,26000,26000,26000,1,1
2017-11-26,10000068,12539,400000,400000,400000,1,1
2017-11-26,10000068,12557,188887.99,188887.99,188887.99,3,1
2017-11-26,10000068,12608,88.98,88.98,88.98,25000,2
2017-11-26,10000068,12612,83.96,65,99,22540,5
2017-11-26,10000068,12614,42.5,42.5,42.5,2300,2
2017-11-26,10000068,12618,188.89,188.89,188.89,4000,1
2017-11-26,10000068,12620,45,45,45,8000,1
2017-11-26,10000068,12625,119.99,119.99,119.99,15000,2
2017-11-26,10000068,12631,98.93,98.93,98.93,10000,1
2017-11-26,10000068,12709,149998.98,149998.98,149998.98,3,1
2017-11-26,10000068,12773,298.87,298.87,298.87,6000,3
2017-11-26,10000068,12787,318,318,318,10000,1
2017-11-26,10000068,12791,272.5,272.5,272.5,10000,1
2017-11-26,10000068,12801,199,199,199,7000,1
2017-11-26,10000068,12803,349.8,349.8,349.8,20,1
2017-11-26,10000068,12807,269.89,269.89,269.89,225000,1
2017-11-26,10000068,12814,399998.95,399998.95,399998.95,18,1
2017-11-26,10000068,12816,499998.98,499998.98,499998.98,1,1
2017-11-26,10000068,12818,399998.99,399998.99,399998.99,14,1
2017-11-26,10000068,13001,2800000,2800000,2800000,2,1
2017-11-26,10000068,13003,2249999.09,2249999,2250000,11,5
2017-11-26,10000068,13119,209,209,209,1000,1
2017-11-26,10000068,13267,125.01,125.01,125.01,20,2
2017-11-26,10000068,13278,99995.56,99973.33,100000,6,6
2017-11-26,10000068,13279,250000,250000,250000,20,15
2017-11-26,10000068,13283,38798.33,8200,99995,9,9
2017-11-26,10000068,13285,450000,50000,850000,2,2
2017-11-26,10000068,13286,22025.81,5051.62,39000,4,4
2017-11-26,10000068,13924,13364998.96,13364998.96,13364998.96,1,1
2017-11-26,10000068,14053,1000000,1000000,1000000,2,2
2017-11-26,10000068,14074,14450000,14450000,14450000,2,1
2017-11-26,10000068,14124,15000000,15000000,15000000,1,1
2017-11-26,10000068,14128,13364993.19,13364993.19,13364993.19,1,1
2017-11-26,10000068,14272,82222,50000,114444,10,6
2017-11-26,10000068,14274,50000,50000,50000,1,1
2017-11-26,10000068,14278,175000.04,175000.04,175000.04,1,1
2017-11-26,10000068,14280,440000,440000,440000,1,1
2017-11-26,10000068,14292,255,10,500,8,5
2017-11-26,10000068,14295,1581128.28,621692.42,3500000,3,3
2017-11-26,10000068,15331,854.01,853.99,854.1,3319,533
2017-11-26,10000068,15508,35695.42,34999.99,38490,35,4
2017-11-26,10000068,15509,1600000,1600000,1600000,1,1
2017-11-26,10000068,15510,38596.06,30038.07,40000,46,12
2017-11-26,10000068,15511,1500000,1500000,1500000,1,1
2017-11-26,10000068,15587,2000.02,2000.02,2000.02,4,2
2017-11-26,10000068,15588,3000.02,3000.02,3000.02,13,9
2017-11-26,10000068,15590,4000.01,4000.01,4000.01,3,1
2017-11-26,10000068,15592,306006.17,306006.17,306006.17,5,2
2017-11-26,10000068,15593,30000,30000,30000,2,2
2017-11-26,10000068,15596,2000.19,2000.19,2000.19,309,38
2017-11-26,10000068,15597,7500.19,7500.19,7500.19,157,40
2017-11-26,10000068,15598,6250,5000,15000,56,14
2017-11-26,10000068,15599,20000,19999.36,20000.01,98,19
2017-11-26,10000068,15600,381042.95,381042.94,381042.95,19,6
2017-11-26,10000068,15601,650002.48,650002.48,650002.48,13,5
2017-11-26,10000068,15602,61380.64,60000.16,100034,29,7
2017-11-26,10000068,15604,2000031.15,2000031.15,2000031.16,9,2
2017-11-26,10000068,15605,1500031.16,1500031.16,1500031.16,8,3
2017-11-26,10000068,15607,2250.02,2250.02,2250.02,108,20
2017-11-26,10000068,15608,4934.07,3500.01,8000,91,19
2017-11-26,10000068,15609,7500.02,7500.02,7500.02,6,2
2017-11-26,10000068,15610,163031,163031,163031,8,5
2017-11-26,10000068,15611,18125.01,12500.01,30000,20,8
2017-11-26,10000068,15612,26923.09,20000.02,50000,26,10
2017-11-26,10000068,15613,208230.03,208230.02,208230.03,47,8
2017-11-26,10000068,15614,100000.01,100000.01,100000.01,24,4
2017-11-26,10000068,15615,1300131.19,1300131.19,1300131.19,8,2
2017-11-26,10000068,15625,1500.01,1500.01,1500.01,17,6
2017-11-26,10000068,15656,95500.01,91000.02,100000,78,7
2017-11-26,10000068,15992,21590.91,10000.02,25000,44,9
2017-11-26,10000068,15996,20500.18,20000.19,30000,80,19
2017-11-26,10000068,15999,47500,25000.01,50000,20,5
2017-11-26,10000068,16000,30000.01,30000.01,30000.01,2,1
2017-11-26,10000068,16002,20000.01,20000.01,20000.01,4,1
2017-11-26,10000068,16069,75607.14,8000,85000,28,24
2017-11-26,10000068,16118,40000,40000,40000,12,4
2017-11-26,10000068,16119,4571.43,4571.43,4571.43,15,4
2017-11-26,10000068,16189,1000000,1000000,1000000,4,2
2017-11-26,10000068,16229,52500000,52500000,52500000,1,1
2017-11-26,10000068,16238,983370.67,600112.01,1175000,3,3
2017-11-26,10000068,16240,873046.35,600000,1150000,33,29
2017-11-26,10000068,16241,7887800,7887800,7887800,3,2
2017-11-26,10000068,16242,933999.5,933999,934000,2,2
2017-11-26,10000068,16272,550,550,550,24100,1
2017-11-26,10000068,16273,260,260,260,15850,6
2017-11-26,10000068,16275,7499.99,7499.99,7499.99,4000,1
2017-11-26,10000068,16278,2494999.95,2494999.95,2494999.95,2,1
2017-11-26,10000068,16281,375000,375000,375000,5,5
2017-11-26,10000068,16301,404905.56,400501.92,411511.01,5,3
2017-11-26,10000068,16303,870955.59,66400.01,940000,13,8
2017-11-26,10000068,16305,100000,100000,100000,1,1
2017-11-26,10000068,16311,575000,500000,650000,2,2
2017-11-26,10000068,16355,90000.01,90000.01,90000.01,1,1
2017-11-26,10000068,16361,154000,154000,154000,1,1
2017-11-26,10000068,16367,276500,154000,399000,2,2
2017-11-26,10000068,16373,130000,130000,130000,1,1
2017-11-26,10000068,16375,490000,490000,490000,1,1
2017-11-26,10000068,16379,124000,124000,124000,1,1
2017-11-26,10000068,16391,926851.67,555,1390000,3,3
2017-11-26,10000068,16421,108000,108000,108000,1,1
2017-11-26,10000068,16431,16000,16000,16000,1,1
2017-11-26,10000068,16433,15344.02,516.03,45000,3,3
2017-11-26,10000068,16435,3165.09,206.36,15000,5,4
2017-11-26,10000068,16439,2876.25,585.01,17500,8,6
2017-11-26,10000068,16441,27140.67,1211,79000,3,3
2017-11-26,10000068,16447,1015,1015,1015,1,1
2017-11-26,10000068,16457,3950000,3950000,3950000,1,1
2017-11-26,10000068,16469,289999.98,289999.98,289999.98,1,1
2017-11-26,10000068,16483,700.01,700.01,700.01,1,1
2017-11-26,10000068,16487,1600000,1600000,1600000,1,1
2017-11-26,10000068,16505,124999.91,45000,164999.87,3,3
2017-11-26,10000068,16513,5,5,5,1,1
2017-11-26,10000068,16521,2534,51,7500,6,5
2017-11-26,10000068,16523,5,5,5,1,1
2017-11-26,10000068,16525,8,8,8,3,2
2017-11-26,10000068,16527,200000.01,200000.01,200000.01,1,1
2017-11-26,10000068,16537,32199190.85,32199190.85,32199190.85,1,1
2017-11-26,10000068,16594,1500000,1500000,1500000,5,3
2017-11-26,10000068,16595,12500000,12500000,12500000,4,4
2017-11-26,10000068,16597,20000000,20000000,20000000,3,3
2017-11-26,10000068,16598,3500000,3500000,3500000,8,8
2017-11-26,10000068,16622,5000000,5000000,5000000,6,6
2017-11-26,10000068,16671,135.31,135.31,135.31,150,1
2017-11-26,10000068,16679,100,100,100,74,1
2017-11-26,10000068,17136,225000,225000,225000,50,1
2017-11-26,10000068,17205,1,1,1,1,1
2017-11-26,10000068,17215,35600,20000,100000,20,14
2017-11-26,10000068,17217,4686812.5,4000000,4999000,16,2
2017-11-26,10000068,17219,3000,3000,3000,4,1
2017-11-26,10000068,17264,2251,2002,2500,6,4
2017-11-26,10000068,17331,5000000,5000000,5000000,1,1
2017-11-26,10000068,17366,25000,25000,25000,335,14
2017-11-26,10000068,17368,15000000,15000000,15000000,3,1
2017-11-26,10000068,17404,2400000,2400000,2400000,4,1
2017-11-26,10000068,17441,455,455,455,10271,6
2017-11-26,10000068,17444,0.1,0.1,0.1,42,1
2017-11-26,10000068,17445,470,470,470,3418,2
2017-11-26,10000068,17448,325,325,325,1136,5
2017-11-26,10000068,17449,300.03,300.03,300.03,542,4
2017-11-26,10000068,17452,120,120,120,20,1
2017-11-26,10000068,17453,161.02,161.02,161.02,543,3
2017-11-26,10000068,17455,56.61,56.5,56.63,12645218,292
2017-11-26,10000068,17456,59.5,59.5,59.51,5858141,241
2017-11-26,10000068,17459,42,42,42,124,3
2017-11-26,10000068,17460,45,45,45,105,2
2017-11-26,10000068,17463,15.12,15.12,15.12,3873475,128
2017-11-26,10000068,17464,16.58,16.58,16.58,1490367,69
2017-11-26,10000068,17470,12.23,12.23,12.24,8425311,145
2017-11-26,10000068,17471,12.76,12.75,12.76,3262254,79
2017-11-26,10000068,17476,27600000,27400000,28000000,3,3
2017-11-26,10000068,17478,21837313.11,19000001.26,23900000,8,8
2017-11-26,10000068,17480,19581778.75,19250000,22824999.97,8,7
2017-11-26,10000068,17482,1877551.37,514161.46,1940000,32,23
2017-11-26,10000068,17621,14900000,14900000,14900000,1,1
2017-11-26,10000068,17715,259999999,259999999,259999999,1,1
2017-11-26,10000068,17728,450000000,450000000,450000000,1,1
2017-11-26,10000068,17812,16000000,16000000,16000000,1,1
2017-11-26,10000068,17841,16900000,16900000,16900000,1,1
2017-11-26,10000068,17843,80374999,70750000.01,89999998,4,4
2017-11-26,10000068,17849,1900000,1900000,1900000,2,2
2017-11-26,10000068,17867,63.06,63.05,63.08,596792,44
2017-11-26,10000068,17868,67,67,67,299035,51
2017-11-26,10000068,17888,1150,1150,1150,36000,1
2017-11-26,10000068,17893,180355.63,158605.02,199000,13,5
2017-11-26,10000068,17894,145261.65,122015.54,215000,8,4
2017-11-26,10000068,17895,405009.74,400013.01,450003.35,10,5
2017-11-26,10000068,17912,3941575.13,2892603.15,4085000,16,10
2017-11-26,10000068,17930,70000000,70000000,70000000,1,1
2017-11-26,10000068,17938,23500,19100,25000,129,87
2017-11-26,10000068,17939,60000,60000,60000,4,4
2017-11-26,10000068,17940,500000,500000,500000,14,14
2017-11-26,10000068,18025,400000,400000,400000,2,2
2017-11-26,10000068,18047,500000,500000,500000,2,1
2017-11-26,10000068,18052,79000,79000,79000,2,1
2017-11-26,10000068,18055,1000000,1000000,1000000,1,1
2017-11-26,10000068,18056,54999.99,54999.99,54999.99,2,1
2017-11-26,10000068,18058,53543.36,51999,54558.9,17,5
2017-11-26,10000068,18059,250000,250000,250000,1,1
2017-11-26,10000068,18060,29000,29000,29000,12,2
2017-11-26,10000068,18061,200000,200000,200000,1,1
2017-11-26,10000068,18062,21999.99,21999.99,22000,8,2
2017-11-26,10000068,18063,150000,150000,150000,1,1
2017-11-26,10000068,18066,14159.22,13980,15000,14,3
2017-11-26,10000068,18067,100000,100000,100000,1,1
2017-11-26,10000068,18068,5999999,5999999,5999999,3,1
2017-11-26,10000068,18610,299999.98,299999.98,299999.98,40,1
2017-11-26,10000068,18612,315000,315000,315000,155,6
2017-11-26,10000068,18616,108728.97,104999.99,124998.54,46,7
2017-11-26,10000068,18618,199999.09,199999,200000,56,7
2017-11-26,10000068,18635,295000.01,295000.01,295000.01,100,1
2017-11-26,10000068,18639,33574.48,26897,39990,21,16
2017-11-26,10000068,19209,2500000,2500000,2500000,2,1
2017-11-26,10000068,19211,3000000,3000000,3000000,2,1
2017-11-26,10000068,19213,3000000,3000000,3000000,2,1
2017-11-26,10000068,19400,11000,11000,11000,189,6
2017-11-26,10000068,19404,176607.14,85000,180000,84,13
2017-11-26,10000068,19405,360000,360000,360000,7,5
2017-11-26,10000068,19406,600000,600000,600000,170,21
2017-11-26,10000068,19407,1200000,1200000,1200000,171,19
2017-11-26,10000068,19408,2092941.18,1800000,2100000,85,14
2017-11-26,10000068,19416,43200000,43200000,43200000,1,1
2017-11-26,10000068,19419,80000000,80000000,80000000,2,1
2017-11-26,10000068,19421,133837000,133837000,133837000,2,1
2017-11-26,10000068,19719,30000000,30000000,30000000,2,2
2017-11-26,10000068,19759,200000,200000,200000,1,1
2017-11-26,10000068,19760,160000,160000,160000,1,1
2017-11-26,10000068,19761,1000000,1000000,1000000,2,2
2017-11-26,10000068,19766,800000,800000,800000,2,2
2017-11-26,10000068,19767,400000,400000,400000,1,1
2017-11-26,10000068,19806,1341997.97,1183996,1499999.93,4,4
2017-11-26,10000068,19812,8391.39,5.01,16777.77,2,2
2017-11-26,10000068,19814,47500,45000,50000,2,2
2017-11-26,10000068,19921,90000,90000,90000,4,4
2017-11-26,10000068,19923,1000.3,1000.3,1000.3,2,2
2017-11-26,10000068,19925,400,400,400.01,3,2
2017-11-26,10000068,19927,1110,1110,1110,3,3
2017-11-26,10000068,19929,2123.08,400.16,9000,10,10
2017-11-26,10000068,19931,602,602,602,1,1
2017-11-26,10000068,19937,2010,2010,2010,1,1
2017-11-26,10000068,19939,8016.33,8016.33,8016.33,1,1
2017-11-26,10000068,19942,800.01,800,800.01,10,9
2017-11-26,10000068,19944,2763.64,2700.01,2800,11,10
2017-11-26,10000068,19946,18407.34,2616.01,49990,3,3
2017-11-26,10000068,19948,1010,1010,1010,1,1
2017-11-26,10000068,19950,1005,1005,1005,1,1
2017-11-26,10000068,19962,46.1,0.1,92.1,2000,2
2017-11-26,10000068,19964,49.97,49.97,49.97,600,2
2017-11-26,10000068,19992,40,40,40,220,2
2017-11-26,10000068,20045,10,10,10,830,1
2017-11-26,10000068,20110,1200000,1200000,1200000,1,1
2017-11-26,10000068,20171,94079,94079,94079,13,1
2017-11-26,10000068,20172,65063,65063,65063,3,1
2017-11-26,10000068,20187,1250000000,1250000000,1250000000,1,1
2017-11-26,10000068,20312,1500000,1500000,1500000,6,1
2017-11-26,10000068,20314,200000,200000,200000,1,1
2017-11-26,10000068,20345,499999.33,499999,500000,3,2
2017-11-26,10000068,20349,1499998.99,1499998.99,1499998.99,2,2
2017-11-26,10000068,20351,2044993,2000000,2089986,2,2
2017-11-26,10000068,20353,3933332.66,3800000,3999998.99,3,3
2017-11-26,10000068,20410,98167.12,55015,140000,99,10
2017-11-26,10000068,20411,118736.55,101017,150000,22,3
2017-11-26,10000068,20412,81493.33,55090,105000,92,14
2017-11-26,10000068,20413,792649.52,129128,999999.99,21,2
2017-11-26,10000068,20414,165625.38,150000,179999.99,78,8
2017-11-26,10000068,20415,89204.67,75062,159900,18,3
2017-11-26,10000068,20416,169085.43,140000,192287.29,31,7
2017-11-26,10000068,20417,123557.27,90065,129999.99,11,3
2017-11-26,10000068,20418,70057,70057,70057,118,5
2017-11-26,10000068,20420,50000.55,50000,50001,100,2
2017-11-26,10000068,20421,30018,30018,30018,10,1
2017-11-26,10000068,20424,33358.57,31215,49000,30,6
2017-11-26,10000068,20494,100000,100000,100000,8,2
2017-11-26,10000068,20527,75000000,75000000,75000000,2,2
2017-11-26,10000068,20945,10,10,10,1590,2
2017-11-26,10000068,20963,760,760,760,6000,1
2017-11-26,10000068,21028,833702400,833702400,833702400,1,1
2017-11-26,10000068,21038,1005494000,1005494000,1005494000,1,1
2017-11-26,10000068,21059,120000,120000,120000,22,22
2017-11-26,10000068,21071,183214.55,167750,198679.09,2,2
2017-11-26,10000068,21085,500000,500000,500000,1,1
2017-11-26,10000068,21096,2663297.99,2494946.99,2999999.99,3,3
2017-11-26,10000068,21568,1,1,1,1,1
2017-11-26,10000068,21587,99,99,99,199,2
2017-11-26,10000068,21588,1,1,1,32,1
2017-11-26,10000068,21595,19,19,19,36,1
2017-11-26,10000068,21603,10000000,10000000,10000000,17,11
2017-11-26,10000068,21610,20000000,20000000,20000000,12,2
2017-11-26,10000068,21611,30000000,30000000,30000000,2,1
2017-11-26,10000068,21638,1454545.45,1000000,1500000,11,2
2017-11-26,10000068,21718,91094.77,83342.92,100000,6,6
2017-11-26,10000068,21790,96732.27,90196.81,100000,3,3
2017-11-26,10000068,21791,149074.07,149000,149222.22,3,3
2017-11-26,10000068,21802,59999999,59999999,59999999,1,1
2017-11-26,10000068,21815,7005714.29,7000000,7010000,7,3
2017-11-26,10000068,21841,724993.5,724987,725000,4,3
2017-11-26,10000068,21853,167370.37,3000,190000,27,24
2017-11-26,10000068,21855,774.25,100.01,999,4,4
2017-11-26,10000068,21857,13742.43,360,25000,78,63
2017-11-26,10000068,21896,948.55,948.55,948.55,15000,2
2017-11-26,10000068,21898,590,590,590,1000,1
2017-11-26,10000068,21904,890,890,919.26,10300,3
2017-11-26,10000068,21914,889.54,889.54,889.54,600,1
2017-11-26,10000068,21918,1390,1390,1390,21,2
2017-11-26,10000068,21922,895.01,895.01,895.01,2000,1
2017-11-26,10000068,21924,600,600,600,600,1
2017-11-26,10000068,22125,11666666.67,11666666.67,11666666.67,1,1
2017-11-26,10000068,22175,62563.5,47000,99999.99,83,66
2017-11-26,10000068,22176,332640,332640,332640,1,1
2017-11-26,10000068,22177,62929.8,50399.5,99999.99,94,69
2017-11-26,10000068,22178,332640,332640,332640,2,2
2017-11-26,10000068,22242,75000000,75000000,75000000,1,1
2017-11-26,10000068,22291,1074762.66,600030.39,1400000,24,9
2017-11-26,10000068,22460,54999999.99,54999999.99,54999999.99,1,1
2017-11-26,10000068,22536,375000,300000,600000,4,4
2017-11-26,10000068,22541,9000000,9000000,9000000,8,8
2017-11-26,10000068,22542,31541.08,380.04,44000,80,48
2017-11-26,10000068,22551,28000000,28000000,28000000,4,4
2017-11-26,10000068,22552,1360000,1200000,2000000,5,5
2017-11-26,10000068,22578,80010.31,80000,81000,97,97
2017-11-26,10000068,22611,25499999,25499999,25499999,3,1
2017-11-26,10000068,22761,32000000,32000000,32000000,1,1
2017-11-26,10000068,22778,202000,202000,202000,26,1
2017-11-26,10000068,22782,1750000.89,1750000.89,1750000.89,1,1
2017-11-26,10000068,22806,120000,120000,120000,23,17
2017-11-26,10000068,22807,120000,120000,120000,23,17
2017-11-26,10000068,22808,120000,120000,120000,28,16
2017-11-26,10000068,22809,120000,120000,120000,19,14
2017-11-26,10000068,22961,464.26,328.65,599.87,800,2
2017-11-26,10000068,22965,800,800,800,6600,4
2017-11-26,10000068,22977,438.7,438.7,438.7,3000,1
2017-11-26,10000068,22979,995.01,995.01,995.01,4000,1
2017-11-26,10000068,22993,1119.72,1119.72,1119.72,3010,2
2017-11-26,10000068,23009,594.9,594.88,594.9,22413,13
2017-11-26,10000068,23025,615.33,435.66,795,88,2
2017-11-26,10000068,23097,627158.59,627158.59,627158.59,5,3
2017-11-26,10000068,23121,99583.74,85000,101204.16,10,4
2017-11-26,10000068,23124,313000,313000,313000,1,1
2017-11-26,10000068,23140,4000.42,4000.42,4000.42,1,1
2017-11-26,10000068,23153,12725.51,300.51,50000.51,4,4
2017-11-26,10000068,23158,1,1,1,304,1
2017-11-26,10000068,23159,1,1,1,336,1
2017-11-26,10000068,23163,1,1,1,214,4
2017-11-26,10000068,23164,1,1,1,144,3
2017-11-26,10000068,23165,1,1,1,53,1
2017-11-26,10000068,23166,1,1,1,46,1
2017-11-26,10000068,23169,150.4,150.4,150.4,1,1
2017-11-26,10000068,23170,50000,50000,50000,1,1
2017-11-26,10000068,23527,276544.89,260000,319997.93,22,15
2017-11-26,10000068,23559,135851.51,108777.78,189998.98,15,2
2017-11-26,10000068,23561,140000,140000,140000,7,1
2017-11-26,10000068,23566,400000,400000,400000,9,9
2017-11-26,10000068,23594,450000,450000,450000,6,6
2017-11-26,10000068,23606,150000,150000,150000,26,26
2017-11-26,10000068,23618,50000,50000,50000,31,31
2017-11-26,10000068,23705,44412.51,44000,44495.01,12,3
2017-11-26,10000068,23707,12367.92,8999.99,15210.23,11,4
2017-11-26,10000068,23711,24999.16,19999.99,25998.99,6,2
2017-11-26,10000068,23713,32500,32500,32500,1,1
2017-11-26,10000068,24241,50000.66,50000,50008.63,81,81
2017-11-26,10000068,24242,1000000,1000000,1000000,17,17
2017-11-26,10000068,24268,7500000,7500000,7500000,4,4
2017-11-26,10000068,24270,7500000,7500000,7500000,7,6
2017-11-26,10000068,24305,4689999.99,4689999.99,4689999.99,2,1
2017-11-26,10000068,24348,1513734.47,1467997.5,1580000,19,18
2017-11-26,10000068,24395,266249.99,240000,274999.99,8,7
2017-11-26,10000068,24417,1800000.5,1600001,1999999.99,2,2
2017-11-26,10000068,24427,1750000,1750000,1750000,3,1
2017-11-26,10000068,24438,1450000,1450000,1450000,1,1
2017-11-26,10000068,24443,1499999.99,1499999.99,1499999.99,1,1
2017-11-26,10000068,24478,147.99,147.99,147.99,1000,1
2017-11-26,10000068,24486,188,188,188,2000,1
2017-11-26,10000068,24495,52.12,52.12,52.12,115227,3
2017-11-26,10000068,24497,198.95,198.95,198.95,5001,2
2017-11-26,10000068,24499,198.99,198.99,198.99,5000,1
2017-11-26,10000068,24507,400,400,400,20000,1
2017-11-26,10000068,24509,623.99,623.99,623.99,2000,1
2017-11-26,10000068,24521,1577,1577,1577,20000,1
2017-11-26,10000068,24531,698.99,698.99,698.99,5000,2
2017-11-26,10000068,24533,799,799,799,10800,3
2017-11-26,10000068,24535,648.97,648.97,648.97,1200,1
2017-11-26,10000068,24562,50000000,50000000,50000000,1,1
2017-11-26,10000068,24571,10000000,10000000,10000000,2,2
2017-11-26,10000068,24613,15000000,15000000,15000000,2,2
2017-11-26,10000068,24624,20000000,20000000,20000000,2,2
2017-11-26,10000068,24625,20000000,20000000,20000000,2,2
2017-11-26,10000068,24663,34000000.01,34000000.01,34000000.01,1,1
2017-11-26,10000068,24698,49795999.79,49795999.79,49795999.79,1,1
2017-11-26,10000068,25233,150000,150000,150000,2,1
2017-11-26,10000068,25235,150000,150000,150000,5,5
2017-11-26,10000068,25266,2259097.98,2185000,2729993.66,40,14
2017-11-26,10000068,25544,27832980,26499497.5,30499945,6,6
2017-11-26,10000068,25569,400,400,400,3,2
2017-11-26,10000068,25571,340.01,340.01,340.01,3,1
2017-11-26,10000068,25588,12512.35,12512.35,12512.35,299,36
2017-11-26,10000068,25589,3551,3551,3551,310,53
2017-11-26,10000068,25590,114101.02,60000.1,114101.02,370,92
2017-11-26,10000068,25591,245083.06,245083.06,245083.06,2379,263
2017-11-26,10000068,25592,8800.01,8800.01,8800.01,72,31
2017-11-26,10000068,25593,11111.01,11111.01,11111.01,209,33
2017-11-26,10000068,25594,30103.01,30103.01,30103.01,225,26
2017-11-26,10000068,25595,21012.97,21012.97,21012.97,204,20
2017-11-26,10000068,25596,36522.56,36522.48,38000,1521,205
2017-11-26,10000068,25597,2250.12,2250.1,2250.16,1104,175
2017-11-26,10000068,25598,5081.18,5081.18,5081.18,1984,163
2017-11-26,10000068,25599,867.63,867.63,867.63,2069,183
2017-11-26,10000068,25600,22100.03,22100.03,22100.03,2193,173
2017-11-26,10000068,25601,2026.57,2026.57,2026.57,1894,145
2017-11-26,10000068,25602,11210.93,11210.93,11210.93,69,2
2017-11-26,10000068,25603,36000.42,36000.41,36000.47,83,15
2017-11-26,10000068,25604,8552.86,8552.86,8552.86,624,140
2017-11-26,10000068,25605,34000.02,34000.01,34000.02,310,40
2017-11-26,10000068,25606,54000.03,54000.03,54000.03,189,11
2017-11-26,10000068,25609,262163,262163,262163,11,1
2017-11-26,10000068,25610,101845.02,101845.02,101845.02,3,1
2017-11-26,10000068,25613,355105,355105,355105,2,1
2017-11-26,10000068,25615,3200000,3200000,3200000,4,2
2017-11-26,10000068,25616,4432,4432,4432.01,15,5
2017-11-26,10000068,25617,172936.23,162117.1,199000.04,26,6
2017-11-26,10000068,25618,13506.64,13506,13508,22,6
2017-11-26,10000068,25619,442427.39,158057.01,525001,39,7
2017-11-26,10000068,25620,41010.91,41010.88,41011.01,83,8
2017-11-26,10000068,25622,555019.61,555019,555020,33,4
2017-11-26,10000068,25623,22705.5,10548,30000,8,2
2017-11-26,10000068,25625,2950001.17,2950001.01,2950002,51,6
2017-11-26,10000068,25713,4.99,4.99,4.99,1,1
2017-11-26,10000068,25715,1775899.35,1775899.35,1775899.35,9,2
2017-11-26,10000068,25718,9000000,9000000,9000000,1,1
2017-11-26,10000068,25719,285000,285000,285000,1,1
2017-11-26,10000068,25736,7999994,7999994,7999994,1,1
2017-11-26,10000068,25739,449857.14,449000,450000,7,7
2017-11-26,10000068,25810,450000,450000,450000,1,1
2017-11-26,10000068,25811,449999.75,449999,450000,4,4
2017-11-26,10000068,25812,4453333.33,4430000,4500000,3,2
2017-11-26,10000068,25861,59993.97,57848.99,59995,142,113
2017-11-26,10000068,25862,332640,332640,332640,3,3
2017-11-26,10000068,25863,983333.33,900000,1000000,6,6
2017-11-26,10000068,25888,9699999.5,9400000,9999999,2,2
2017-11-26,10000068,25896,19619975.65,19240450.35,19999500.95,2,2
2017-11-26,10000068,25898,12999500.95,12999500.95,12999500.95,1,1
2017-11-26,10000068,25914,6400000,6400000,6400000,1,1
2017-11-26,10000068,25918,9000000,9000000,9000000,4,3
2017-11-26,10000068,25920,10999999.5,10999999,11000000,2,2
2017-11-26,10000068,25921,1250000,1250000,1250000,1,1
2017-11-26,10000068,25948,5997125.68,5989999.86,5999500.95,4,2
2017-11-26,10000068,25949,1250000,1250000,1250000,1,1
2017-11-26,10000068,25953,1250000,1250000,1250000,1,1
2017-11-26,10000068,25996,5433332.99,5399999.99,5499998.99,3,2
2017-11-26,10000068,26008,18369870,17997999,29500000,31,3
2017-11-26,10000068,26076,1470000,1470000,1470000,1,1
2017-11-26,10000068,26252,59000,47500,60000,25,25
2017-11-26,10000068,26253,100000,100000,100000,21,14
2017-11-26,10000068,26254,20000.06,20000,20000.82,13,13
2017-11-26,10000068,26255,98448.99,97926.4,100000,16,16
2017-11-26,10000068,26256,100000,100000,100000,10,10
2017-11-26,10000068,26257,100000,100000,100000,3,3
2017-11-26,10000068,26258,100000,100000,100000,2,2
2017-11-26,10000068,26259,98325.58,90000,100000,13,13
2017-11-26,10000068,26260,100000,100000,100000,5,5
2017-11-26,10000068,26261,100000,100000,100000,16,15
2017-11-26,10000068,26420,125000000,125000000,125000000,1,1
2017-11-26,10000068,26913,1799799.92,1700000,1800000,5,5
2017-11-26,10000068,26929,197268.39,195417,199089.99,17,17
2017-11-26,10000068,27015,20000,20000,20000,228,228
2017-11-26,10000068,27149,19500000,19500000,19500000,2,1
2017-11-26,10000068,27170,399999,399999,399999,1,1
2017-11-26,10000068,27175,600000.04,600000.04,600000.04,1,1
2017-11-26,10000068,27315,925,925,925,600,3
2017-11-26,10000068,27327,486.58,486.58,486.58,300,3
2017-11-26,10000068,27333,485.58,485.58,485.58,700,6
2017-11-26,10000068,27339,3395.01,3395.01,3395.01,30000,1
2017-11-26,10000068,27361,579.75,579.75,579.75,600,4
2017-11-26,10000068,27371,582.69,582.69,582.69,100,1
2017-11-26,10000068,27381,578.5,578.5,578.5,100,1
2017-11-26,10000068,27387,582.87,582.87,582.87,100,1
2017-11-26,10000068,27395,3495,3495,3495,5000,1
2017-11-26,10000068,27401,725.84,725.84,725.84,100,1
2017-11-26,10000068,27419,725.68,725.68,725.68,100,1
2017-11-26,10000068,27423,2445.01,2445.01,2445.01,2000,2
2017-11-26,10000068,27441,1587.84,1587.84,1587.84,500,1
2017-11-26,10000068,27447,1590,1590,1590,400,1
2017-11-26,10000068,27453,815.68,815.68,815.68,100,1
2017-11-26,10000068,27604,99000000,99000000,99000000,1,1
2017-11-26,10000068,27902,100000,100000,100000,16,16
2017-11-26,10000068,27912,1842000,1842000,1842000,50,1
2017-11-26,10000068,27914,2400000.89,2400000.89,2400000.89,1,1
2017-11-26,10000068,28073,18500000,18500000,18500000,3,3
2017-11-26,10000068,28164,4500000,4500000,4500000,1,1
2017-11-26,10000068,28209,1687491.43,1687491.43,1687491.43,1,1
2017-11-26,10000068,28211,1483333,1249999,1600000,15,2
2017-11-26,10000068,28213,1567351.71,1567351.71,1567351.71,5,1
2017-11-26,10000068,28215,1499996.63,1299989.89,1600000,15,2
2017-11-26,10000068,28274,899494.5,898989,900000,10,2
2017-11-26,10000068,28286,2589000,2589000,2589000,10,1
2017-11-26,10000068,28302,827875,827875,827875,2,1
2017-11-26,10000068,28361,5000,5000,5000,401,5
2017-11-26,10000068,28362,100001.09,100001.09,100001.09,108,3
2017-11-26,10000068,28363,250000,250000,250000,7,1
2017-11-26,10000068,28416,6725,6725,6725,167,1
2017-11-26,10000068,28421,6100,6100,6100,3697,7
2017-11-26,10000068,28422,5950,5950,5950,5079,3
2017-11-26,10000068,28576,1050536.03,1009999,1119999.5,38,30
2017-11-26,10000068,28585,25000000,25000000,25000000,1,1
2017-11-26,10000068,28606,900000000,900000000,900000000,1,1
2017-11-26,10000068,28609,32000000,32000000,32000000,1,1
2017-11-26,10000068,28656,64000000,64000000,64000000,1,1
2017-11-26,10000068,28667,64000000,64000000,64000000,1,1
2017-11-26,10000068,28668,28500,28500,28949,1938,21
2017-11-26,10000068,28758,38047199.95,35900000,40487999.87,5,5
2017-11-26,10000068,28880,5000000,5000000,5000000,1,1
2017-11-26,10000068,28999,23713.33,20000,44999.96,30,8
2017-11-26,10000068,29001,20837.1,20000,29999,24,7
2017-11-26,10000068,29007,25000,25000,25000,1,1
2017-11-26,10000068,29009,32480,32225,33500,5,4
2017-11-26,10000068,29011,24960.89,24824,25000,9,5
2017-11-26,10000068,29013,24214.13,23250,29998.94,7,2
2017-11-26,10000068,29015,29171.5,34,34999,6,3
2017-11-26,10000068,29248,302000,72000,389999.99,4,4
2017-11-26,10000068,29637,50000000,50000000,50000000,4,4
2017-11-26,10000068,30013,6000,6000,6000,1822,142
2017-11-26,10000068,30014,5000000,5000000,5000000,1,1
2017-11-26,10000068,30028,98718.21,72998.73,100000,64,9
2017-11-26,10000068,30328,191.51,112.26,350,3,3
2017-11-26,10000068,30342,600,600,600,1,1
2017-11-26,10000068,30370,1800,1800,1800,3120,2
2017-11-26,10000068,30373,1000,1000,1000,78,1
2017-11-26,10000068,30374,3000,3000,3000,3000,1
2017-11-26,10000068,30420,100,100,100,1,1
2017-11-26,10000068,30424,100,100,100,1,1
2017-11-26,10000068,30486,548898.05,548885,548899.68,9,2
2017-11-26,10000068,30488,500000,494500,500000,157,17
2017-11-26,10000068,30497,1405,1000,5050,10,2
2017-11-26,10000068,30532,5000000,5000000,5000000,1,1
2017-11-26,10000068,30537,5000000,5000000,5000000,1,1
2017-11-26,10000068,30538,5000000,5000000,5000000,1,1
2017-11-26,10000068,30539,5000000,5000000,5000000,1,1
2017-11-26,10000068,30540,5000000,5000000,5000000,10,3
2017-11-26,10000068,30545,5000000,5000000,5000000,1,1
2017-11-26,10000068,30546,5000000,5000000,5000000,9,2
2017-11-26,10000068,30547,5000000,5000000,5000000,1,1
2017-11-26,10000068,30550,5000000,5000000,5000000,7,2
2017-11-26,10000068,30551,5000000,5000000,5000000,1,1
2017-11-26,10000068,30553,5000000,5000000,5000000,9,3
2017-11-26,10000068,30554,5000000,5000000,5000000,1,1
2017-11-26,10000068,30744,150000,150000,150000,115,4
2017-11-26,10000068,30745,430000.01,430000.01,430000.01,123,5
2017-11-26,10000068,30746,1410001,1410001,1410001,29,3
2017-11-26,10000068,30747,4700060,4700060,4700060,44,3
2017-11-26,10000068,30832,1500110.46,1499998.99,1500221.93,4,4
2017-11-26,10000068,30834,1710623.97,1690935.99,1749999.92,3,3
2017-11-26,10000068,30836,1939922.1,1939922.1,1939922.1,4,2
2017-11-26,10000068,30839,6605.26,100,9000,19,15
2017-11-26,10000068,30987,490534.64,459949.99,750500.95,19,12
2017-11-26,10000068,30997,271988,271988,271988,1,1
2017-11-26,10000068,30999,2492701.12,2139848.79,3198405.8,3,3
2017-11-26,10000068,31009,473918.22,459951,750500.95,12,10
2017-11-26,10000068,31011,1981614.63,1891090.85,1999500.95,36,3
2017-11-26,10000068,31015,9999500.95,9999500.95,9999500.95,1,1
2017-11-26,10000068,31021,965148.53,965148.53,965148.53,1,1
2017-11-26,10000068,31023,2499998.99,2499998.99,2499998.99,1,1
2017-11-26,10000068,31024,1500000,1500000,1500000,1,1
2017-11-26,10000068,31027,14975000,14975000,14975000,1,1
2017-11-26,10000068,31033,999998.96,999998.96,999998.96,2,2
2017-11-26,10000068,31035,2950182.6,2499998.99,3254595.62,13,4
2017-11-26,10000068,31036,1500000,1500000,1500000,1,1
2017-11-26,10000068,31045,735917.91,675000,799993.99,6,5
2017-11-26,10000068,31047,3107691.95,3107691.95,3107691.95,2,2
2017-11-26,10000068,31051,11500398.69,11500398.69,11500398.69,1,1
2017-11-26,10000068,31053,35999999.99,35999999.99,35999999.99,1,1
2017-11-26,10000068,31055,2026030.09,1972684.21,2152245.53,7,5
2017-11-26,10000068,31057,9000500.95,9000500.95,9000500.95,1,1
2017-11-26,10000068,31059,23762247.6,23762247.6,23762247.6,1,1
2017-11-26,10000068,31067,64999500.95,64999500.95,64999500.95,1,1
2017-11-26,10000068,31073,2999998.99,2999998.99,2999998.99,7,2
2017-11-26,10000068,31083,950000,949999.99,950000,5,3
2017-11-26,10000068,31085,2062375.23,1989999.99,2200000,12,5
2017-11-26,10000068,31091,34500000,34500000,34500000,3,1
2017-11-26,10000068,31105,454749.84,429999.96,600000,5,5
2017-11-26,10000068,31111,9885000,9885000,9885000,2,2
2017-11-26,10000068,31117,385971.31,343885.25,400000,8,6
2017-11-26,10000068,31119,1298571.42,1295000,1299999.99,7,5
2017-11-26,10000068,31120,750000,750000,750000,1,1
2017-11-26,10000068,31125,12499999,12499999,12499999,2,2
2017-11-26,10000068,31131,1999998.99,1999998.99,1999998.99,1,1
2017-11-26,10000068,31153,321349.67,241849,400000,6,4
2017-11-26,10000068,31155,1362507.5,1185000,1895030,4,3
2017-11-26,10000068,31161,1598885,1598885,1598885,1,1
2017-11-26,10000068,31165,4495000,4495000,4495000,1,1
2017-11-26,10000068,31167,24999999,24999999,24999999,2,2
2017-11-26,10000068,31177,443076.33,290000,600000,6,4
2017-11-26,10000068,31179,1417497.25,1089995,2399998.99,4,4
2017-11-26,10000068,31185,14499998,14499998,14499998,1,1
2017-11-26,10000068,31201,201029.72,199990.99,239999.99,29,23
2017-11-26,10000068,31213,128636.83,116998.97,149999.76,91,54
2017-11-26,10000068,31215,486998.99,373999,599998.98,2,2
2017-11-26,10000068,31220,3332998.83,3332998.82,3332998.83,4,3
2017-11-26,10000068,31226,130540.5,127770.99,133310,2,2
2017-11-26,10000068,31229,750000,750000,750000,1,1
2017-11-26,10000068,31238,126432.98,78991.99,147996.97,16,8
2017-11-26,10000068,31250,555435,555435,555435,1,1
2017-11-26,10000068,31274,318887.95,318887.95,318887.95,2,2
2017-11-26,10000068,31276,2099999,2099999,2099999,3,1
2017-11-26,10000068,31286,443322,443322,443322,1,1
2017-11-26,10000068,31310,340513,340513,340513,1,1
2017-11-26,10000068,31322,204986,204986,204986,1,1
2017-11-26,10000068,31358,829369.51,750000,999999.91,30,22
2017-11-26,10000068,31359,125000,125000,125000,1,1
2017-11-26,10000068,31360,3206980.77,3182398.87,3400000,12,8
2017-11-26,10000068,31361,750000,750000,750000,1,1
2017-11-26,10000068,31364,6134999.69,6134999.68,6134999.69,3,2
2017-11-26,10000068,31366,29999999.99,29999999.99,29999999.99,1,1
2017-11-26,10000068,31370,341518.9,274990.49,599699.99,31,21
2017-11-26,10000068,31372,2086362.23,1574992.33,2199999.99,11,8
2017-11-26,10000068,31373,750000,750000,750000,2,2
2017-11-26,10000068,31376,8573999.28,8500000,11999998.34,4,4
2017-11-26,10000068,31378,14432992.26,13299998.68,14999489.05,3,2
2017-11-26,10000068,31380,175000000.01,175000000.01,175000000.01,1,1
2017-11-26,10000068,31382,260000,260000,260000,1,1
2017-11-26,10000068,31384,1774442,1774442,1774442,2,2
2017-11-26,10000068,31385,750000,750000,750000,1,1
2017-11-26,10000068,31397,750000,750000,750000,1,1
2017-11-26,10000068,31406,725000,700000,750000,6,4
2017-11-26,10000068,31409,750000,750000,750000,1,1
2017-11-26,10000068,31412,5388333.33,5385000,5390000,3,3
2017-11-26,10000068,31414,36000000,36000000,36000000,1,1
2017-11-26,10000068,31454,290000,290000,290000,2,1
2017-11-26,10000068,31478,90100,90100,90100,1,1
2017-11-26,10000068,31502,1029166.5,1025000,1033333,2,2
2017-11-26,10000068,31503,125000,125000,125000,1,1
2017-11-26,10000068,31505,750000,750000,750000,1,1
2017-11-26,10000068,31514,909998,909998,909998,1,1
2017-11-26,10000068,31515,125000,125000,125000,1,1
2017-11-26,10000068,31517,750000,750000,750000,1,1
2017-11-26,10000068,31526,1233333,1199999,1250000,3,2
2017-11-26,10000068,31527,125000,125000,125000,1,1
2017-11-26,10000068,31529,750000,750000,750000,1,1
2017-11-26,10000068,31534,9300000,9300000,9300000,1,1
2017-11-26,10000068,31538,1032666.63,1000000,1048999.95,6,5
2017-11-26,10000068,31539,125000,125000,125000,1,1
2017-11-26,10000068,31540,3718867.92,3700000,3800000,53,3
2017-11-26,10000068,31541,750000,750000,750000,1,1
2017-11-26,10000068,31546,9694999.99,9694999.99,9694999.99,2,1
2017-11-26,10000068,31551,125000,125000,125000,1,1
2017-11-26,10000068,31553,750000,750000,750000,1,1
2017-11-26,10000068,31562,639998.48,579997.96,699999,2,2
2017-11-26,10000068,31563,125000,125000,125000,1,1
2017-11-26,10000068,31565,750000,750000,750000,1,1
2017-11-26,10000068,31575,125000,125000,125000,1,1
2017-11-26,10000068,31577,750000,750000,750000,1,1
2017-11-26,10000068,31598,270000,270000,270000,3,1
2017-11-26,10000068,31600,2647416,2590000,2666555,4,3
2017-11-26,10000068,31620,863332.66,590000,999998.99,3,2
2017-11-26,10000068,31632,774998.98,549999,999998.95,2,2
2017-11-26,10000068,31638,4974997.51,4974995,4975000.01,2,2
2017-11-26,10000068,31668,181999,181999,181999,8,2
2017-11-26,10000068,31680,187805.09,174060.48,202799.2,23,3
2017-11-26,10000068,31704,205200,205200,205200,16,1
2017-11-26,10000068,31716,96359.11,87767.74,199998.99,30,18
2017-11-26,10000068,31718,499166.49,429999.98,660000,12,6
2017-11-26,10000068,31722,5124998.54,4250000,5999997.08,2,2
2017-11-26,10000068,31724,9750000,7000000,12500000,2,2
2017-11-26,10000068,31728,90500,90500,90500,3,3
2017-11-26,10000068,31730,428508.6,428508.6,428508.6,3,1
2017-11-26,10000068,31740,135844.92,114878.5,177777.77,3,3
2017-11-26,10000068,31752,95685.88,77463.5,99999,26,15
2017-11-26,10000068,31754,300259.43,230389.15,440000,6,4
2017-11-26,10000068,31760,11999999,11999999,11999999,1,1
2017-11-26,10000068,31766,440000,440000,440000,2,2
2017-11-26,10000068,31788,549924.16,534999.82,899427.16,24,18
2017-11-26,10000068,31790,2856577.58,2500000,2899999,19,9
2017-11-26,10000068,31791,2550000,2550000,2550000,1,1
2017-11-26,10000068,31796,24417498.61,23289999.99,27799994.45,4,2
2017-11-26,10000068,31800,324296.18,258420.25,348999.65,11,7
2017-11-26,10000068,31802,1821898.47,1821898.47,1821898.47,3,1
2017-11-26,10000068,31812,35599980.53,35599980.53,35599980.53,6,2
2017-11-26,10000068,31878,5555555.55,5555555.55,5555555.55,2,1
2017-11-26,10000068,31880,1399998.97,1399998.97,1399998.97,11,5
2017-11-26,10000068,31882,2412416.13,2399996.84,2511763.84,9,4
2017-11-26,10000068,31884,2999888.99,2999888.99,2999888.99,5,1
2017-11-26,10000068,31886,3040000,3040000,3040000,1,1
2017-11-26,10000068,31900,56697272.94,56697272.94,56697272.94,1,1
2017-11-26,10000068,31926,14847907.48,14847907.48,14847907.48,1,1
2017-11-26,10000068,31969,35000000,35000000,35000000,2,1
2017-11-26,10000068,31982,48965.01,48965.01,48965.01,20,1
2017-11-26,10000068,31998,27034.98,14.28,28000,29,2
2017-11-26,10000068,32006,156058.65,156058.63,156058.65,61,8
2017-11-26,10000068,32014,10100.01,10100.01,10100.01,23,1
2017-11-26,10000068,32025,317493.67,312999,318991.88,4,3
2017-11-26,10000068,32027,1289999.44,1289999.44,1289999.45,4,2
2017-11-26,10000068,32035,2399999.99,2399999.99,2399999.99,1,1
2017-11-26,10000068,32041,584803.51,554410.52,600000,3,3
2017-11-26,10000068,32043,3196345.65,2999999,3392692.31,4,4
2017-11-26,10000068,32059,1749999.99,1749999.99,1749999.99,1,1
2017-11-26,10000068,32069,620087.84,613999.43,626176.25,2,2
2017-11-26,10000068,32071,2499999.98,2499999.98,2499999.98,1,1
2017-11-26,10000068,32081,788997.47,788995.94,788998.99,2,2
2017-11-26,10000068,32307,674000000,674000000,674000000,1,1
2017-11-26,10000068,32339,100000000,100000000,100000000,2,2
2017-11-26,10000068,32459,100.02,100.02,100.02,2,2
2017-11-26,10000068,32772,750000,750000,750000,2,1
2017-11-26,10000068,32774,79998.87,79998.87,79998.88,9,5
2017-11-26,10000068,32782,0.28,0.28,0.28,200,1
2017-11-26,10000068,32787,18399,18299.99,25000,120,27
2017-11-26,10000068,32797,500000,500000,500000,1,1
2017-11-26,10000068,32819,1399999.99,1399999.99,1399999.99,1,1
2017-11-26,10000068,32858,5000000,5000000,5000000,1,1
2017-11-26,10000068,32867,500000,500000,500000,1,1
2017-11-26,10000068,32872,1189428.56,950000,1425000,45,41
2017-11-26,10000068,32873,8242751,8242751,8242751,2,2
2017-11-26,10000068,32874,1500000,1500000,1500000,1,1
2017-11-26,10000068,32876,105001.01,105001.01,105001.01,1,1
2017-11-26,10000068,32880,187000,113013.19,189000,112,97
2017-11-26,10000068,32881,5247777.77,5247777.77,5247777.77,2,2
2017-11-26,10000068,32918,40000,40000,40000,5,5
2017-11-26,10000068,32999,200000,200000,200000,11,11
2017-11-26,10000068,33000,200000,200000,200000,3,3
2017-11-26,10000068,33001,200000,200000,200000,2,2
2017-11-26,10000068,33002,200000,200000,200000,5,5
2017-11-26,10000068,33003,398000,398000,398000,121,6
2017-11-26,10000068,33005,185166.66,184999.99,209000,24,3
2017-11-26,10000068,33006,1000000,1000000,1000000,1,1
2017-11-26,10000068,33007,88995.01,88995.01,88995.01,718,11
2017-11-26,10000068,33009,54999,54999,54999,208,2
2017-11-26,10000068,33021,10000,10000,10000,1,1
2017-11-26,10000068,33022,250000,250000,250000,1,1
2017-11-26,10000068,33024,10000,10000,10000,1,1
2017-11-26,10000068,33076,323731.57,319999.99,409949.97,19,17
2017-11-26,10000068,33078,1000000,1000000,1000000,27,21
2017-11-26,10000068,33091,100000,100000,100000,10,9
2017-11-26,10000068,33092,100000,100000,100000,5,5
2017-11-26,10000068,33093,62647.8,10000,100000,43,43
2017-11-26,10000068,33094,100000,100000,100000,7,7
2017-11-26,10000068,33095,1000000,1000000,1000000,2,2
2017-11-26,10000068,33096,1000000,1000000,1000000,1,1
2017-11-26,10000068,33097,1000000,1000000,1000000,8,8
2017-11-26,10000068,33098,1000000,1000000,1000000,3,3
2017-11-26,10000068,33101,2015787.31,1994471,2144994.55,5,5
2017-11-26,10000068,33103,337498.63,275000,399997.26,2,2
2017-11-26,10000068,33139,2600000.01,2000000.01,5000000.01,5,2
2017-11-26,10000068,33176,161693.35,143209.95,184999.99,11,10
2017-11-26,10000068,33178,109908.95,109908.95,109908.95,2,2
2017-11-26,10000068,33179,600000,600000,600000,1,1
2017-11-26,10000068,33180,108199.61,88790.65,119985,42,28
2017-11-26,10000068,33181,600000,600000,600000,1,1
2017-11-26,10000068,33195,4117.12,3028.01,9927,19,9
2017-11-26,10000068,33199,2799996.85,2799996.85,2799996.85,1,1
2017-11-26,10000068,33201,1650000,1650000,1650000,1,1
2017-11-26,10000068,33332,19982.5,19964.99,20000,200,2
2017-11-26,10000068,33362,29700,29700,29700,5600,1
2017-11-26,10000068,33393,199999999.98,199999999.98,199999999.98,1,1
2017-11-26,10000068,33394,119015897.25,119015897.25,119015897.25,1,1
2017-11-26,10000068,33399,5000000,5000000,5000000,1,1
2017-11-26,10000068,33440,750000,750000,750000,3,1
2017-11-26,10000068,33467,3000000,3000000,3000000,7,7
2017-11-26,10000068,33468,64734999.24,61979998.99,72999999,4,4
2017-11-26,10000068,33470,230500000,224000000,237000000,2,2
2017-11-26,10000068,33474,2206499.75,2200000,2500000,4,4
2017-11-26,10000068,33475,10583222.24,9250000,12000000,9,9
2017-11-26,10000068,33517,1000000,1000000,1000000,1,1
2017-11-26,10000068,33539,730000.02,150000.09,800000,20,4
2017-11-26,10000068,33569,1,1,1,300,1
2017-11-26,10000068,33571,1,1,1,400,2
2017-11-26,10000068,33572,1,1,1,400,2
2017-11-26,10000068,33573,1,1,1,400,2
2017-11-26,10000068,33577,301000.01,301000.01,301000.01,34,4
2017-11-26,10000068,33681,99999993.71,99999993.71,99999993.71,1,1
2017-11-26,10000068,33697,35999995,35999995,35999995,1,1
2017-11-26,10000068,33699,100000,100000,100000,32,32
2017-11-26,10000068,33700,25699999.34,25699999,25699999.68,2,2
2017-11-26,10000068,33856,4000000,4000000,4000000,1,1
2017-11-26,10000068,33890,799806.83,799500.95,799998,13,5
2017-11-26,10000068,33894,3286337.64,2979776.15,3333500.95,15,2
2017-11-26,10000068,34132,102000003.29,102000003.29,102000003.29,1,1
2017-11-26,10000068,34201,286095.67,161001.01,367500,21,13
2017-11-26,10000068,34202,3910833.34,1965000.01,4300000,6,2
2017-11-26,10000068,34203,419230.77,200000,500000,26,10
2017-11-26,10000068,34204,1057166.5,910000,1249999.5,30,17
2017-11-26,10000068,34205,233023.68,165000,275000,38,18
2017-11-26,10000068,34206,232748.99,150000,350000,66,15
2017-11-26,10000068,34207,2750000,2750000,2750000,2,2
2017-11-26,10000068,34208,3350000,3350000,3350000,1,1
2017-11-26,10000068,34267,125000,125000,125000,1,1
2017-11-26,10000068,34483,150000000,150000000,150000000,1,1
2017-11-26,10000068,34718,99900000,99900000,99900000,1,1
2017-11-26,10000068,35656,94083.35,1000.07,110000,24,22
2017-11-26,10000068,35657,18601.01,3601.01,43601.01,8,4
2017-11-26,10000068,35658,27553.09,3001.17,49000,38,30
2017-11-26,10000068,35659,133166.72,70000,150000,18,5
2017-11-26,10000068,35660,9109.05,272.62,15000,5,5
2017-11-26,10000068,35661,152900.18,36100.28,386500,3,3
2017-11-26,10000068,35662,351874.94,348000,400000,16,5
2017-11-26,10000068,35685,1000000,1000000,1000000,1,1
2017-11-26,10000068,35774,4001,4001,4001,1,1
2017-11-26,10000068,35790,1500000,1500000,1500000,4,1
2017-11-26,10000068,35794,50000,50000,50000,1,1
2017-11-26,10000068,35825,700000000,700000000,700000000,1,1
2017-11-26,10000068,36954,200000000,200000000,200000000,1,1
2017-11-26,10000068,37456,16500000,16500000,16500000,1,1
2017-11-26,10000068,37488,400000,400000,400000,1,1
2017-11-26,10000068,37544,600.05,600.05,600.05,5,5
2017-11-26,10000068,37545,1144.49,525.05,6100,9,9
2017-11-26,10000068,37549,1000000,1000000,1000000,1,1
2017-11-26,10000068,37607,1260000000,1260000000,1260000000,1,1
2017-11-26,10000068,37608,1000000.04,1000000,1000000.05,24,23
2017-11-26,10000068,37610,1400000,1400000,1400000,21,18
2017-11-26,10000068,37611,1350000.04,1350000,1350000.05,19,18
2017-11-26,10000068,37796,5000000,5000000,5000000,5,2
2017-11-26,10000068,37798,5000000,5000000,5000000,3,3
2017-11-26,10000068,37799,5000000,5000000,5000000,2,2
2017-11-26,10000068,40519,315111318.48,315111209.11,315112209.11,27,6
2017-11-26,10000068,40520,797545833.33,793225000,814450000,78,39
2017-11-26,10000068,40572,100000000,100000000,100000000,2,2
2017-11-26,10000068,40573,100000000,100000000,100000000,1,1
2017-11-26,10000068,40584,500000,500000,500000,1,1
2017-11-26,10000068,41031,7089.9,100,69999,10,7
2017-11-26,10000068,41032,2710.6,276,6725,10,9
2017-11-26,10000068,41033,5575.85,1101.13,19000,4,4
2017-11-26,10000068,41034,90176.65,88999.99,158598.93,26,13
2017-11-26,10000068,41054,442961.54,400000,449000,26,4
2017-11-26,10000068,41055,400010,400010,400010,2,2
2017-11-26,10000068,41056,455952.38,395000,459000,21,2
2017-11-26,10000068,41220,74189999.98,74189999.98,74189999.98,2,2
2017-11-26,10000068,41244,32000000,32000000,32000000,1,1
2017-11-26,10000068,41478,650000,650000,650000,1,1
2017-11-26,10000068,41489,30000,30000,30000,10,1
2017-11-26,10000068,41490,1107000,1107000,1107000,18,2
2017-11-26,10000068,42149,3000000,3000000,3000000,1,1
2017-11-26,10000068,42244,60000000,60000000,60000000,1,1
2017-11-26,10000068,42528,1000000,1000000,1000000,1,1
2017-11-26,10000068,42619,1000,1000,1000,1,1
2017-11-26,10000068,42685,36549995.21,36549995.21,36549995.21,1,1
2017-11-26,10000068,42696,1000,1000,1000,200,2
2017-11-26,10000068,42718,97,97,97,1,1
2017-11-26,10000068,42829,749.99,749.99,749.99,6200,3
2017-11-26,10000068,42830,749,748.99,750,12200,5
2017-11-26,10000068,42881,18000000,18000000,18000000,1,1
2017-11-26,10000068,43551,6999995,6999995,6999995,1,1
2017-11-26,10000068,43694,90550000,90000000,91099999.99,10,2
2017-11-26,10000068,43699,110000,110000,110000,1,1
2017-11-26,10000068,43702,80000,80000,80000,7,7
2017-11-26,10000068,43703,18000000,18000000,18000000,6,6
2017-11-26,10000068,43911,30000000,30000000,30000000,1,1
2017-11-26,10000068,44067,250000000,250000000,250000000,1,1
2017-11-26,10000068,44110,276.01,276.01,276.01,300,3
2017-11-26,10000068,44176,500000,500000,500000,1,1
2017-11-26,10000068,44186,10000000,10000000,10000000,1,1
2017-11-26,10000068,44992,3039009.65,3003029.08,3040023.14,16779,49
2017-11-26,10000068,45635,165259553.57,159925000,167150000,56,21
2017-11-26,10000068,45746,1000000,1000000,1000000,29,21
2017-11-26,10000068,45748,5000000,5000000,5000000,11,3
2017-11-26,10000068,45749,25000000,25000000,25000000,10,2
2017-11-26,10000068,45750,15000000,15000000,15000000,10,2
2017-11-26,10000068,45767,2300000,2300000,2300000,1,1
2017-11-26,10000068,45775,1,1,1,1,1
2017-11-26,10000068,45810,300000,300000,300000,1,1
2017-11-26,10000068,45813,1,1,1,1,1
2017-11-26,10000068,45817,100000,100000,100000,1,1
2017-11-26,10000068,45828,1,1,1,1,1
2017-11-26,10000068,45834,300000,300000,300000,1,1
2017-11-26,10000068,45836,49000,49000,49000,1,1
2017-11-26,10000068,45846,100000,100000,100000,1,1
2017-11-26,10000068,45852,1000000,1000000,1000000,1,1
2017-11-26,10000068,45885,1,1,1,1,1
2017-11-26,10000068,45887,1500000,1500000,1500000,1,1
2017-11-26,10000068,45894,1,1,1,2,1
2017-11-26,10000068,45911,4000000,4000000,4000000,1,1
2017-11-26,10000068,45926,550000,550000,550000,1,1
2017-11-26,10000068,45956,1,1,1,1,1
2017-11-26,10000068,45999,3000000.18,3000000.18,3000000.18,1,1
2017-11-26,10000068,46002,4000000,4000000,4000000,1,1
2017-11-26,10000068,46005,4000000,4000000,4000000,1,1
2017-11-26,10000068,46008,5920987.81,5000000,8847500,41,23
2017-11-26,10000068,46152,10000000,10000000,10000000,3,3
2017-11-26,10000068,46153,15000000,15000000,15000000,2,2
2017-11-26,10000068,46154,20000000,20000000,20000000,2,2
2017-11-26,10000068,46155,25000000,25000000,25000000,2,2
2017-11-26,10000068,46156,30000000,30000000,30000000,1,1
2017-11-26,10000068,46166,10000000,10000000,10000000,1,1
2017-11-26,10000068,46167,10000000,10000000,10000000,1,1
2017-11-26,10000068,46168,10000000,10000000,10000000,1,1
2017-11-26,10000068,46169,10000000,10000000,10000000,1,1
2017-11-26,10000068,46170,10000000,10000000,10000000,1,1
2017-11-26,10000068,46172,10000000,10000000,10000000,2,2
2017-11-26,10000068,46173,10000000,10000000,10000000,2,2
2017-11-26,10000068,46174,10000000,10000000,10000000,2,2
2017-11-26,10000068,46175,10000000,10000000,10000000,2,2
2017-11-26,10000068,46176,10000000,10000000,10000000,1,1
2017-11-26,10000068,46177,10000000,10000000,10000000,1,1
2017-11-26,10000068,46178,10000000,10000000,10000000,1,1
2017-11-26,10000068,46179,10000000,10000000,10000000,2,2
2017-11-26,10000068,46180,10000000,10000000,10000000,2,2
2017-11-26,10000068,46181,10000000,10000000,10000000,1,1
2017-11-26,10000068,46182,10000000,10000000,10000000,1,1
2017-11-26,10000068,46183,10000000,10000000,10000000,2,2
2017-11-26,10000068,46184,10000000,10000000,10000000,2,2
2017-11-26,10000068,46185,10000000,10000000,10000000,1,1
2017-11-26,10000068,46204,20000000,20000000,20000000,1,1
2017-11-26,10000068,46205,20000000,20000000,20000000,4,2
2017-11-26,10000068,46206,20000000,20000000,20000000,1,1
2017-11-26,10000068,46207,20000000,20000000,20000000,1,1
2017-11-26,10000068,46208,20000000,20000000,20000000,1,1
2017-11-26,10000068,46209,20000000,20000000,20000000,1,1
2017-11-26,10000068,46210,20000000,20000000,20000000,2,2
2017-11-26,10000068,46211,20000000,20000000,20000000,1,1
2017-11-26,10000068,46212,20000000,20000000,20000000,2,2
2017-11-26,10000068,46213,20000000,20000000,20000000,2,2
2017-11-26,10000068,46214,20000000,20000000,20000000,2,2
2017-11-26,10000068,46215,20000000,20000000,20000000,1,1
2017-11-26,10000068,46216,20000000,20000000,20000000,1,1
2017-11-26,10000068,46217,20000000,20000000,20000000,1,1
2017-11-26,10000068,46218,20000000,20000000,20000000,1,1
2017-11-26,10000068,47030,500000000,500000000,500000000,1,1
2017-11-26,10000069,20,419.99,419.99,419.99,8000,1
2017-11-26,10000069,34,4.9,4.9,4.9,6122674,8
2017-11-26,10000069,35,3.64,3.64,3.64,139370,6
2017-11-26,10000069,36,63.5,63.5,63.5,3013695,7
2017-11-26,10000069,37,44.28,44.28,44.28,3854631,4
2017-11-26,10000069,38,303.63,303.63,303.63,623,2
2017-11-26,10000069,39,250.01,250.01,250.01,1396,4
2017-11-26,10000069,40,250.01,250.01,250.01,717,4
2017-11-26,10000069,178,0.2,0.2,0.2,100,1
2017-11-26,10000069,184,34.89,34.89,34.89,12165,3
2017-11-26,10000069,208,79.57,79.57,79.57,1000,1
2017-11-26,10000069,209,76.66,76.66,76.66,5600,2
2017-11-26,10000069,210,14.8,14.8,14.8,6500,2
2017-11-26,10000069,212,23.99,23.99,23.99,90000,1
2017-11-26,10000069,215,0.3,0.3,0.3,100,1
2017-11-26,10000069,216,0.2,0.2,0.2,300,3
2017-11-26,10000069,217,16.99,16.99,16.99,300,2
2017-11-26,10000069,218,0.2,0.2,0.2,300,2
2017-11-26,10000069,219,0.2,0.2,0.2,100,1
2017-11-26,10000069,220,0.2,0.2,0.2,300,3
2017-11-26,10000069,221,0.2,0.2,0.2,100,1
2017-11-26,10000069,222,25.64,25.64,25.64,48472,9
2017-11-26,10000069,230,109.97,109.97,109.97,1500,1
2017-11-26,10000069,238,200,200,200,10000,1
2017-11-26,10000069,239,50,50,50,3,2
2017-11-26,10000069,243,100,100,100,1,1
2017-11-26,10000069,245,100,100,100,2,1
2017-11-26,10000069,246,94111.11,94111.11,94111.11,8,1
2017-11-26,10000069,247,17500,17500,17500,5,1
2017-11-26,10000069,248,50,50,50,1,1
2017-11-26,10000069,253,50,50,50,1,1
2017-11-26,10000069,266,9.97,9.97,9.97,5871,2
2017-11-26,10000069,377,49000,49000,49000,6,2
2017-11-26,10000069,380,615000,510000,825000,3,3
2017-11-26,10000069,399,69999.21,69999.21,69999.21,1,1
2017-11-26,10000069,400,587500,325000,849999.99,2,2
2017-11-26,10000069,434,105291.58,99729.29,110853.86,4,4
2017-11-26,10000069,438,3144011.32,2874900,3979973.16,44,16
2017-11-26,10000069,439,18490,11980,25000,2,2
2017-11-26,10000069,440,5121799.99,5000000,5554500,5,5
2017-11-26,10000069,447,72400,60000,84800,2,2
2017-11-26,10000069,448,1846084.19,983120.46,1994999.88,39,36
2017-11-26,10000069,453,37500,37500,37500,4,1
2017-11-26,10000069,483,19800,19800,19800,4,2
2017-11-26,10000069,486,121221.21,121221.21,121221.21,3,2
2017-11-26,10000069,489,200000,200000,200000,4,1
2017-11-26,10000069,490,225000,225000,225000,4,1
2017-11-26,10000069,501,67000,67000,67000,3,2
2017-11-26,10000069,519,1336061.17,1259999.98,1999996.03,43,15
2017-11-26,10000069,520,94999.99,94999.99,94999.99,2,2
2017-11-26,10000069,523,40800.1,40800.1,40800.1,1,1
2017-11-26,10000069,526,55000,55000,55000,1,1
2017-11-26,10000069,527,1099688.93,1041075,1258798,36,13
2017-11-26,10000069,562,297000,297000,297000,4,1
2017-11-26,10000069,564,50000,50000,50000,53,2
2017-11-26,10000069,565,36663.1,35268.29,37499.98,8,3
2017-11-26,10000069,566,275000,275000,275000,2,1
2017-11-26,10000069,577,274999.99,274999.99,274999.99,2,1
2017-11-26,10000069,578,139486.19,30000,358458.57,3,2
2017-11-26,10000069,583,447929.66,420170,449000,20,9
2017-11-26,10000069,584,444900,444900,444900,2,1
2017-11-26,10000069,585,461072.45,419275.68,544666,3,3
2017-11-26,10000069,587,559647.94,490000,750000,7,6
2017-11-26,10000069,589,549666.84,500000.26,648999.99,3,3
2017-11-26,10000069,590,459999.5,420000,499999,2,2
2017-11-26,10000069,591,500000,500000,500000,1,1
2017-11-26,10000069,592,390000,390000,390000,1,1
2017-11-26,10000069,593,789157.16,490000,849999.98,19,9
2017-11-26,10000069,594,579200,574000,600000,5,4
2017-11-26,10000069,597,695474.38,503953.81,886994.95,4,4
2017-11-26,10000069,602,615308.02,425000,619999,47,12
2017-11-26,10000069,603,467053.64,320000.1,589933.09,36,14
2017-11-26,10000069,605,1194795.05,750000,1836987.68,5,5
2017-11-26,10000069,606,25000.5,25000.5,25000.5,1,1
2017-11-26,10000069,608,678333.31,600000,799999.95,6,6
2017-11-26,10000069,609,999999,999999,999999,1,1
2017-11-26,10000069,621,10993333.33,10820000,12000000,6,4
2017-11-26,10000069,623,10999998.92,10999998.92,10999998.92,3,3
2017-11-26,10000069,626,13205900,11139750,15000000,5,5
2017-11-26,10000069,628,12500000,12500000,12500000,1,1
2017-11-26,10000069,630,1039400.53,1039400.53,1039400.53,1,1
2017-11-26,10000069,632,8999932.31,8999898.97,8999999,3,2
2017-11-26,10000069,633,9000000,9000000,9000000,3,1
2017-11-26,10000069,639,180000000,180000000,180000000,1,1
2017-11-26,10000069,645,190000000,190000000,190000000,1,1
2017-11-26,10000069,649,3450000,3450000,3450000,1,1
2017-11-26,10000069,652,2057142.85,2057142.85,2057142.85,1,1
2017-11-26,10000069,654,2400000,2400000,2400000,1,1
2017-11-26,10000069,657,2999999.99,2999999.99,2999999.99,2,2
2017-11-26,10000069,672,74946.46,25000,229999.86,19,17
2017-11-26,10000069,949,2850000,2850000,2850000,1,1
2017-11-26,10000069,1135,70000,70000,70000,1,1
2017-11-26,10000069,1183,649999.98,600000,849999.92,5,4
2017-11-26,10000069,1224,33.32,33.32,33.32,16666,1
2017-11-26,10000069,1236,841777.34,840000,849111.11,21,8
2017-11-26,10000069,1276,379999,379999,379999,1,1
2017-11-26,10000069,1304,47777.77,47777.77,47777.77,1,1
2017-11-26,10000069,1306,456555.55,342000,552500,9,9
2017-11-26,10000069,1317,16800,16800,16800,6,4
2017-11-26,10000069,1319,873817.72,202006.18,945000,14,10
2017-11-26,10000069,1335,617358.69,278249.99,1299899.54,11,5
2017-11-26,10000069,1355,950000,950000,950000,1,1
2017-11-26,10000069,1403,110000.02,110000.02,110000.02,4,2
2017-11-26,10000069,1405,1290476.79,1189989.99,1599999.99,38,15
2017-11-26,10000069,1447,800000,800000,800000,1,1
2017-11-26,10000069,1541,1480724.2,1109999.5,2222173.61,3,3
2017-11-26,10000069,1877,1303631.48,1127999.99,1400000,19,6
2017-11-26,10000069,1952,1242469.8,306010.79,1483481.86,8,5
2017-11-26,10000069,1969,2229229.29,2000000,2458458.58,4,2
2017-11-26,10000069,1978,2089700.1,2085319.39,2999995.08,30,5
2017-11-26,10000069,1986,109999,109999,109999,2,1
2017-11-26,10000069,1987,625009.67,250019.34,1000000,2,2
2017-11-26,10000069,1999,2497997.73,2497997.73,2497997.73,2,1
2017-11-26,10000069,2006,11886573.63,10749999.99,12454860.46,3,3
2017-11-26,10000069,2024,835118.22,627008,2500000,9,2
2017-11-26,10000069,2032,717592.23,188009.16,799999,5,3
2017-11-26,10000069,2046,18203.33,18000.01,19219.95,12,3
2017-11-26,10000069,2048,719033.72,703449.95,749755.24,91,61
2017-11-26,10000069,2161,442333,440000,444666,2,2
2017-11-26,10000069,2175,1267589.54,1127698.88,1499999.99,20,7
2017-11-26,10000069,2183,29937.5,3000.01,31500,56,6
2017-11-26,10000069,2185,1021643.87,677029.69,1099997,98,28
2017-11-26,10000069,2195,2600000,2600000,2600000,1,1
2017-11-26,10000069,2203,12426.45,2500,15000,31,4
2017-11-26,10000069,2205,524999.97,500000,574000.11,199,44
2017-11-26,10000069,2281,3467334.71,3254999.99,4190000,18,14
2017-11-26,10000069,2297,2059903.8,2059903.8,2059903.8,1,1
2017-11-26,10000069,2301,3228851.29,2708554.16,3488999.86,3,2
2017-11-26,10000069,2364,1416799.01,1250000,1530000,10,5
2017-11-26,10000069,2403,7500000,7500000,7500000,2,2
2017-11-26,10000069,2404,1196562.98,515007.67,1200000,48,7
2017-11-26,10000069,2406,1000000,1000000,1000000,1,1
2017-11-26,10000069,2436,2550000,2550000,2550000,10,2
2017-11-26,10000069,2444,44100,44100,44100,10,1
2017-11-26,10000069,2446,2056589.4,1979999.99,2237999.87,49,11
2017-11-26,10000069,2454,5200,5200,5200,108,10
2017-11-26,10000069,2456,399999.86,350000,420000,243,53
2017-11-26,10000069,2464,8573.13,4980,15000,67,4
2017-11-26,10000069,2466,627289.66,595000,699999,32,7
2017-11-26,10000069,2486,18335.64,10000,20000,47,8
2017-11-26,10000069,2488,499552.01,429449.96,541000,247,45
2017-11-26,10000069,2539,1026275,1026275,1026275,1,1
2017-11-26,10000069,2553,1015000,585000,1875000,3,3
2017-11-26,10000069,2603,16120,14800,17000,5,2
2017-11-26,10000069,2605,523467.21,407499.99,650000,32,20
2017-11-26,10000069,2613,188,188,188,677,2
2017-11-26,10000069,2647,130.23,130.23,130.23,1500,1
2017-11-26,10000069,2679,170,170,170,32786,2
2017-11-26,10000069,2817,95,95,95,4230,5
2017-11-26,10000069,2873,1299999.34,1299999.34,1299999.34,13,3
2017-11-26,10000069,2881,744000,744000,744000,4,1
2017-11-26,10000069,2889,1218498.78,989999,1699999,14,8
2017-11-26,10000069,2897,1482526.23,1416999.6,1500000,76,3
2017-11-26,10000069,2905,854538.46,714000,975000,26,4
2017-11-26,10000069,2913,2459959.89,2399899.72,2500000,10,3
2017-11-26,10000069,2937,1701552.54,403106.07,2999999,8,2
2017-11-26,10000069,2977,966000,966000,966000,121,6
2017-11-26,10000069,2993,427272.73,100000,550000,11,2
2017-11-26,10000069,3001,697295.08,697295.08,697295.08,2,1
2017-11-26,10000069,3033,1200000,1200000,1200000,12,2
2017-11-26,10000069,3041,1000000,650000,1200000,22,5
2017-11-26,10000069,3057,4989998.99,4989998.99,4989998.99,7,1
2017-11-26,10000069,3074,1069950,1069950,1069950,36,1
2017-11-26,10000069,3082,3199989.89,3199989.89,3199989.89,1,1
2017-11-26,10000069,3098,556867.52,525000,590000,26,6
2017-11-26,10000069,3130,1673977.17,1288508.58,1929900,21,6
2017-11-26,10000069,3138,1492580.66,802104,2034899.98,9,3
2017-11-26,10000069,3146,1688336,1411007.99,1827000,9,2
2017-11-26,10000069,3162,576449.94,576449.94,576449.94,4,1
2017-11-26,10000069,3170,798777.78,778111.11,847000,10,2
2017-11-26,10000069,3178,952621.7,944999.95,1100000,58,17
2017-11-26,10000069,3244,1771245.74,1499999,1999999,42,27
2017-11-26,10000069,3256,8089198.58,8089198.58,8089198.58,1,1
2017-11-26,10000069,3303,20000,20000,20000,1,1
2017-11-26,10000069,3304,100000,100000,100000,3,3
2017-11-26,10000069,3305,100000,100000,100000,2,2
2017-11-26,10000069,3306,100000,100000,100000,3,3
2017-11-26,10000069,3307,2000000,2000000,2000000,1,1
2017-11-26,10000069,3308,2000000,2000000,2000000,1,1
2017-11-26,10000069,3309,2000000,2000000,2000000,1,1
2017-11-26,10000069,3310,40000,40000,40000,1,1
2017-11-26,10000069,3315,1000000,1000000,1000000,1,1
2017-11-26,10000069,3316,70000,70000,70000,1,1
2017-11-26,10000069,3319,20000,20000,20000,1,1
2017-11-26,10000069,3320,10000,10000,10000,2,2
2017-11-26,10000069,3321,20000,20000,20000,2,2
2017-11-26,10000069,3323,30000,30000,30000,1,1
2017-11-26,10000069,3324,100000,100000,100000,3,3
2017-11-26,10000069,3325,400000,400000,400000,2,2
2017-11-26,10000069,3326,350000,350000,350000,4,4
2017-11-26,10000069,3328,1490000,40000,2940000,2,2
2017-11-26,10000069,3329,40000,40000,40000,2,2
2017-11-26,10000069,3330,40000,40000,40000,1,1
2017-11-26,10000069,3332,500000,500000,500000,5,5
2017-11-26,10000069,3333,500000,500000,500000,2,2
2017-11-26,10000069,3334,500000,500000,500000,1,1
2017-11-26,10000069,3335,500000,500000,500000,2,2
2017-11-26,10000069,3336,4000000,4000000,4000000,1,1
2017-11-26,10000069,3337,4000000,4000000,4000000,1,1
2017-11-26,10000069,3338,4000000,4000000,4000000,1,1
2017-11-26,10000069,3339,4000000,4000000,4000000,1,1
2017-11-26,10000069,3343,300000,300000,300000,1,1
2017-11-26,10000069,3348,20000,20000,20000,1,1
2017-11-26,10000069,3351,400000,400000,400000,2,2
2017-11-26,10000069,3352,400000,400000,400000,1,1
2017-11-26,10000069,3354,2500000,2500000,2500000,1,1
2017-11-26,10000069,3356,60000,60000,60000,1,1
2017-11-26,10000069,3357,180000,180000,180000,2,2
2017-11-26,10000069,3385,50000,50000,50000,1,1
2017-11-26,10000069,3388,2500000.01,2500000.01,2500000.01,1,1
2017-11-26,10000069,3389,280000,280000,280000,1,1
2017-11-26,10000069,3392,20000,20000,20000,1,1
2017-11-26,10000069,3393,30000,30000,30000,3,3
2017-11-26,10000069,3394,60000,60000,60000,1,1
2017-11-26,10000069,3396,2000000,2000000,2000000,1,1
2017-11-26,10000069,3397,1000000,1000000,1000000,1,1
2017-11-26,10000069,3403,1300000.01,1300000.01,1300000.01,1,1
2017-11-26,10000069,3405,25000,25000,25000,2,2
2017-11-26,10000069,3406,300000,300000,300000,2,2
2017-11-26,10000069,3409,3500000.01,3500000.01,3500000.01,1,1
2017-11-26,10000069,3417,40000,40000,40000,1,1
2017-11-26,10000069,3418,170000,170000,170000,1,1
2017-11-26,10000069,3421,130000,130000,130000,1,1
2017-11-26,10000069,3422,80000,80000,80000,2,2
2017-11-26,10000069,3428,88000,88000,88000,1,1
2017-11-26,10000069,3429,100000,100000,100000,1,1
2017-11-26,10000069,3430,500000,500000,500000,3,3
2017-11-26,10000069,3431,75000,75000,75000,1,1
2017-11-26,10000069,3432,100000,100000,100000,2,2
2017-11-26,10000069,3433,100000,100000,100000,1,1
2017-11-26,10000069,3434,80000,80000,80000,1,1
2017-11-26,10000069,3436,20000,20000,20000,2,2
2017-11-26,10000069,3437,40000,40000,40000,2,2
2017-11-26,10000069,3439,200000,200000,200000,1,1
2017-11-26,10000069,3440,220000,220000,220000,1,1
2017-11-26,10000069,3441,380000,380000,380000,3,3
2017-11-26,10000069,3442,500000,500000,500000,1,1
2017-11-26,10000069,3444,100000,100000,100000,1,1
2017-11-26,10000069,3446,100000,100000,100000,3,3
2017-11-26,10000069,3451,30000,30000,30000,2,2
2017-11-26,10000069,3452,40000,40000,40000,3,3
2017-11-26,10000069,3453,25000,25000,25000,1,1
2017-11-26,10000069,3455,30000,30000,30000,1,1
2017-11-26,10000069,3496,2995555.56,2991111.11,3000000,2,2
2017-11-26,10000069,3520,2200000,2200000,2200000,1,1
2017-11-26,10000069,3530,1684252.91,1619099.98,1720000,13,5
2017-11-26,10000069,3540,2000000,2000000,2000000,2,1
2017-11-26,10000069,3551,36000,36000,36000,1,1
2017-11-26,10000069,3568,1277500,1260000,1400000,16,7
2017-11-26,10000069,3578,2000420.69,2000420.69,2000420.69,1,1
2017-11-26,10000069,3687,792.64,705,794.99,504,6
2017-11-26,10000069,3810,50.5,1,100,20,2
2017-11-26,10000069,3829,30166.65,500,44999.98,3,2
2017-11-26,10000069,3831,1075022.92,1025000,1112999.97,16,12
2017-11-26,10000069,3839,64800,64800,64800,12,1
2017-11-26,10000069,3841,1663296.26,1495000,2371949.93,21,12
2017-11-26,10000069,3887,118018,118018,118018,1,1
2017-11-26,10000069,3888,1267499.61,1209600,1650000,13,7
2017-11-26,10000069,3898,17113636.32,16500000,29999999,22,3
2017-11-26,10000069,4025,149417.91,10122,298987,32,16
2017-11-26,10000069,4027,115000,115000,115000,117,33
2017-11-26,10000069,4051,21500,21500,21500,25000,3
2017-11-26,10000069,4258,2749999.93,2749999.93,2749999.93,1,1
2017-11-26,10000069,4292,90000000,90000000,90000000,1,1
2017-11-26,10000069,4385,4500000,4500000,4500000,2,2
2017-11-26,10000069,4391,575000,575000,575000,1,1
2017-11-26,10000069,4393,63749.99,60000,74999.97,8,2
2017-11-26,10000069,4395,603407.62,509799.32,611249.97,13,3
2017-11-26,10000069,4403,564180,11000,717500,5,5
2017-11-26,10000069,4405,1812814.04,1798886.46,2000000,38,18
2017-11-26,10000069,4411,600000,600000,600000,1,1
2017-11-26,10000069,4471,75500,1000,150000,2,2
2017-11-26,10000069,4477,50994.94,20160,75000,18,7
2017-11-26,10000069,4573,890000,890000,890000,1,1
2017-11-26,10000069,4833,603380.51,131250,750000,13,8
2017-11-26,10000069,4871,1945000,1945000,1945000,1,1
2017-11-26,10000069,5087,80,80,80,1,1
2017-11-26,10000069,5137,49249.99,49249.99,49249.99,2,2
2017-11-26,10000069,5141,246777.72,30000,463555.44,4,3
2017-11-26,10000069,5302,139000,139000,139000,4,2
2017-11-26,10000069,5320,118999.94,100000,373999.5,17,6
2017-11-26,10000069,5322,450000,450000,450000,2,2
2017-11-26,10000069,5399,109600,57000,199999.99,5,5
2017-11-26,10000069,5403,15420.83,1000,22631.25,3,3
2017-11-26,10000069,5405,361551.5,19999.99,789878.92,5,5
2017-11-26,10000069,5439,59998.96,35000,59999.5,34,14
2017-11-26,10000069,5443,183828.52,104000,247304.1,19,18
2017-11-26,10000069,5445,103653.73,10001,199999.99,15,8
2017-11-26,10000069,5493,889999.99,889999.99,889999.99,1,1
2017-11-26,10000069,5533,413999.79,413999.79,413999.79,3,2
2017-11-26,10000069,5631,141999,141999,141999,3,2
2017-11-26,10000069,5839,1995994.44,1749999.93,2749979.5,15,15
2017-11-26,10000069,5933,271500,95000,448000,4,2
2017-11-26,10000069,5945,530000,530000,530000,1,1
2017-11-26,10000069,5971,49229.91,45127.5,92500,18,17
2017-11-26,10000069,5973,543291.68,150001,740000,48,32
2017-11-26,10000069,5975,1000,1000,1000,2,1
2017-11-26,10000069,6001,185935.37,35000,749999.99,24,24
2017-11-26,10000069,6003,8756.71,500,16599,7,6
2017-11-26,10000069,6005,69700,9250,110000,5,5
2017-11-26,10000069,6073,500000,500000,500000,1,1
2017-11-26,10000069,6159,25000,25000,25000,2,1
2017-11-26,10000069,6160,494123.99,99249.99,1499996,4,3
2017-11-26,10000069,6296,3333.34,0.01,20000,6,3
2017-11-26,10000069,6527,100.04,100.04,100.04,10,5
2017-11-26,10000069,6569,1,1,1,2,2
2017-11-26,10000069,6631,500,500,500,2,2
2017-11-26,10000069,7253,280000,280000,280000,2,1
2017-11-26,10000069,7287,504000,504000,504000,102,2
2017-11-26,10000069,7291,7496,7496,7496,6,2
2017-11-26,10000069,7369,150000,150000,150000,2,2
2017-11-26,10000069,7447,2500000,2500000,2500000,8,1
2017-11-26,10000069,7579,290015.01,290015.01,290015.01,2,2
2017-11-26,10000069,7581,299999,299999,299999,3,1
2017-11-26,10000069,8027,715000,715000,715000,4,4
2017-11-26,10000069,8089,577552.63,434699.98,675000,19,6
2017-11-26,10000069,8091,499999.98,499999.98,499999.98,3,1
2017-11-26,10000069,8117,227994.1,227994.1,227994.1,3,1
2017-11-26,10000069,8177,1501,1501,1501,1,1
2017-11-26,10000069,8427,500,500,500,1,1
2017-11-26,10000069,8433,513665.09,513665.09,513665.09,2,1
2017-11-26,10000069,8517,3839533.6,2850000,4479981.52,14,13
2017-11-26,10000069,8521,473388.96,421000.11,900000,18,7
2017-11-26,10000069,8529,889999,889999,889999,2,2
2017-11-26,10000069,8815,750000,750000,750000,2,1
2017-11-26,10000069,8865,200000,200000,200000,2,1
2017-11-26,10000069,8867,500,500,500,1,1
2017-11-26,10000069,8903,392699.99,392699.99,392699.99,7,1
2017-11-26,10000069,9135,1690000,1690000,1690000,6,1
2017-11-26,10000069,9141,850000,850000,850000,2,1
2017-11-26,10000069,9491,100000,100000,100000,4,1
2017-11-26,10000069,9521,600.03,600.03,600.03,1,1
2017-11-26,10000069,9582,250000,250000,250000,1,1
2017-11-26,10000069,9632,206000.98,32001,380000.95,6,3
2017-11-26,10000069,9944,58458.58,58458.58,58458.58,10,1
2017-11-26,10000069,9950,3727121.52,3724999.72,4512000,41,10
2017-11-26,10000069,10155,12222498,11999999.99,12444996,2,2
2017-11-26,10000069,10190,1471920.75,1306199.98,1748992.76,33,16
2017-11-26,10000069,10208,21950000,21950000,21950000,1,1
2017-11-26,10000069,10212,23200000,23200000,23200000,1,1
2017-11-26,10000069,10216,24500000,24500000,24500000,1,1
2017-11-26,10000069,10221,24500000,24500000,24500000,1,1
2017-11-26,10000069,10246,49513.05,34995.45,80000,62,3
2017-11-26,10000069,10629,68003.26,68003.26,68003.26,3,1
2017-11-26,10000069,10631,560026.65,534356.27,684999.96,51,10
2017-11-26,10000069,10680,707633.62,690924.48,766124.99,9,4
2017-11-26,10000069,10688,260000,260000,260000,5,1
2017-11-26,10000069,10694,283500,283500,283500,1,1
2017-11-26,10000069,10850,1195999.45,1195999.45,1195999.45,1,1
2017-11-26,10000069,10884,750000,750000,750000,1,1
2017-11-26,10000069,10998,173333.05,40000,399983.65,38,14
2017-11-26,10000069,11082,1000000,1000000,1000000,3,3
2017-11-26,10000069,11083,4900000,4899999.99,4900000,3,3
2017-11-26,10000069,11084,6800000,6800000,6800000,1,1
2017-11-26,10000069,11105,522395.94,448875.48,550000,66,4
2017-11-26,10000069,11129,182128.57,77450,250000,21,21
2017-11-26,10000069,11132,39199.98,20000,143599.83,8,6
2017-11-26,10000069,11134,371432.63,264293.16,500000,11,7
2017-11-26,10000069,11176,37375000,37000000,38500000,4,2
2017-11-26,10000069,11186,42000000,42000000,42000000,1,1
2017-11-26,10000069,11196,40000000,40000000,40000000,1,1
2017-11-26,10000069,11200,36989589,36989589,36989589,2,2
2017-11-26,10000069,11202,40000000,40000000,40000000,1,1
2017-11-26,10000069,11207,500000,500000,500000,1,1
2017-11-26,10000069,11229,672507.73,125029.96,1219985.5,2,2
2017-11-26,10000069,11269,901139.86,869400,977642.89,38,22
2017-11-26,10000069,11289,7834.22,7834.22,7834.22,126,6
2017-11-26,10000069,11297,374999.98,374999.98,374999.98,1,1
2017-11-26,10000069,11309,214090.86,10001,342475,21,13
2017-11-26,10000069,11311,1000,1000,1000,8,1
2017-11-26,10000069,11317,305000.5,10001,599999.99,2,2
2017-11-26,10000069,11319,1000,1000,1000,1,1
2017-11-26,10000069,11325,1939579.58,712999,2000000,5,4
2017-11-26,10000069,11349,48111.11,1000,425000,9,2
2017-11-26,10000069,11351,1000,1000,1000,9,1
2017-11-26,10000069,11370,2256275.93,1960000,2899439.83,5,5
2017-11-26,10000069,11381,41399000,40000000,42798000,2,2
2017-11-26,10000069,11400,24500000,24500000,24500000,1,1
2017-11-26,10000069,11448,10000000,10000000,10000000,2,1
2017-11-26,10000069,11563,345152.01,248458.58,399999.99,12,12
2017-11-26,10000069,11566,120000,120000,120000,4,4
2017-11-26,10000069,11569,400000,400000,400000,1,1
2017-11-26,10000069,11574,2000000,2000000,2000000,1,1
2017-11-26,10000069,11577,4800000,4800000,4800000,1,1
2017-11-26,10000069,11578,7849974.12,6699949.49,8999998.74,4,4
2017-11-26,10000069,11579,3500000,3500000,3500000,1,1
2017-11-26,10000069,11584,75000,75000,75000,1,1
2017-11-26,10000069,11640,1399995.03,1399995.03,1399995.03,12,4
2017-11-26,10000069,12042,31949000,31949000,31949000,3,3
2017-11-26,10000069,12052,320000,320000,320000,1,1
2017-11-26,10000069,12058,3362730.91,3287787.08,3465000,11,9
2017-11-26,10000069,12076,6989991.7,6989991.7,6989991.7,1,1
2017-11-26,10000069,12084,12000000,12000000,12000000,1,1
2017-11-26,10000069,12092,1000000,1000000,1000000,2,2
2017-11-26,10000069,12093,4000000,4000000,4000000,1,1
2017-11-26,10000069,12096,28000000,28000000,28000000,2,2
2017-11-26,10000069,12098,20000000,20000000,20000000,2,2
2017-11-26,10000069,12186,200000,200000,200000,1,1
2017-11-26,10000069,12201,8000000,8000000,8000000,1,1
2017-11-26,10000069,12202,8099999.99,8099999.99,8099999.99,1,1
2017-11-26,10000069,12204,5400000,5400000,5400000,1,1
2017-11-26,10000069,12205,18999998.5,18999997.99,18999999,2,2
2017-11-26,10000069,12206,3000000,3000000,3000000,3,3
2017-11-26,10000069,12208,8100000,8100000,8100000,1,1
2017-11-26,10000069,12210,5750000,5500000,5999999.99,2,2
2017-11-26,10000069,12211,8099999.99,8099999.99,8099999.99,3,3
2017-11-26,10000069,12213,8099998.99,8099998.99,8099999,3,3
2017-11-26,10000069,12214,5399999.99,5399999.99,5399999.99,1,1
2017-11-26,10000069,12215,14554991,14554991,14554991,1,1
2017-11-26,10000069,12259,4384952,4327428,4500000,3,3
2017-11-26,10000069,12267,2529529,350087,3619250,3,3
2017-11-26,10000069,12274,84229.29,83458.58,85000,2,2
2017-11-26,10000069,12305,100000,100000,100000,2,2
2017-11-26,10000069,12344,179458.58,179458.58,179458.58,1,1
2017-11-26,10000069,12365,120000,120000,120000,4,4
2017-11-26,10000069,12366,120000,120000,120000,4,4
2017-11-26,10000069,12367,120000,120000,120000,3,3
2017-11-26,10000069,12441,80000,80000,80000,2,2
2017-11-26,10000069,12442,100000,100000,100000,3,3
2017-11-26,10000069,12487,4500000,4500000,4500000,1,1
2017-11-26,10000069,12557,115000,115000,115000,8,1
2017-11-26,10000069,12559,198000,198000,198000,8,1
2017-11-26,10000069,12563,185462.65,180000,187890.5,26,4
2017-11-26,10000069,12565,160439.57,150000,178998.8,25,4
2017-11-26,10000069,12608,59.22,59.22,59.22,13500,4
2017-11-26,10000069,12612,50.14,50.14,50.14,136158,16
2017-11-26,10000069,12614,34.11,28.89,37.78,36726,21
2017-11-26,10000069,12618,49,48.67,62,7000,3
2017-11-26,10000069,12620,75.99,75.99,75.99,21396,4
2017-11-26,10000069,12625,35,35,35,6740,6
2017-11-26,10000069,12631,52.5,52.5,52.5,101973,6
2017-11-26,10000069,12633,88.5,62.58,98.84,4289,8
2017-11-26,10000069,12767,350,350,350,2500,1
2017-11-26,10000069,12773,149,149,149,17825,4
2017-11-26,10000069,12777,159.84,159.84,159.84,20338,4
2017-11-26,10000069,12785,100,100,100,5500,3
2017-11-26,10000069,12789,105,102,128.9,24775,10
2017-11-26,10000069,12820,599998,599998,599998,8,1
2017-11-26,10000069,13001,2507142.83,2310000,2999999.92,7,3
2017-11-26,10000069,13003,2683200,2436000,2745000,5,5
2017-11-26,10000069,13119,344,344,344,1000,1
2017-11-26,10000069,13216,24850000,24850000,24850000,1,1
2017-11-26,10000069,13261,21999999.98,21999999.98,21999999.98,1,1
2017-11-26,10000069,13267,67,1,100,30,2
2017-11-26,10000069,13278,100000,100000,100000,1,1
2017-11-26,10000069,14001,15000000,15000000,15000000,1,1
2017-11-26,10000069,14003,12900000,12900000,12900000,1,1
2017-11-26,10000069,15331,6.19,6.19,6.19,182,11
2017-11-26,10000069,15466,3214583.32,2887500,4849999.94,6,2
2017-11-26,10000069,15479,4476076.92,3900000,5500000,13,9
2017-11-26,10000069,15480,17332996.67,15999995,19999000,3,2
2017-11-26,10000069,15588,8000,8000,8000,1,1
2017-11-26,10000069,15589,15000,15000,15000,4,1
2017-11-26,10000069,15590,20000,20000,20000,10,2
2017-11-26,10000069,15592,180000.4,180000.4,180000.4,8,2
2017-11-26,10000069,15593,100000,100000,100000,7,1
2017-11-26,10000069,15594,800006.16,800006.16,800006.16,3,1
2017-11-26,10000069,15601,341000.03,341000.03,341000.03,1,1
2017-11-26,10000069,15602,30000,30000,30000,9,3
2017-11-26,10000069,15625,4500,4500,4500,10,1
2017-11-26,10000069,15626,8000,8000,8000,14,1
2017-11-26,10000069,15628,20000,20000,20000,2,1
2017-11-26,10000069,15629,25000,25000,25000,2,1
2017-11-26,10000069,15656,50000,50000,50000,1,1
2017-11-26,10000069,15673,751000.03,751000.03,751000.03,5,2
2017-11-26,10000069,15790,21000000,21000000,21000000,1,1
2017-11-26,10000069,15887,72424923.5,69899898,79999999.99,4,3
2017-11-26,10000069,15994,25000,25000,25000,1,1
2017-11-26,10000069,16002,30000.68,30000,30000.99,16,2
2017-11-26,10000069,16069,85000,85000,85000,5,5
2017-11-26,10000069,16229,42500000,5000000,80000000,2,2
2017-11-26,10000069,16236,1543800,1500000,1749000,5,4
2017-11-26,10000069,16238,1642061.83,1307250,3999999,14,12
2017-11-26,10000069,16240,1158624.98,1120349.98,1350000,36,4
2017-11-26,10000069,16242,1915673.77,1425000,2000000,23,9
2017-11-26,10000069,16266,450000,450000,450000,27,2
2017-11-26,10000069,16273,200,180,382,61899,55
2017-11-26,10000069,16274,998.98,998.98,998.98,130000,6
2017-11-26,10000069,16275,6436.9,6436.9,6436.9,500,1
2017-11-26,10000069,16297,50000,50000,50000,8,2
2017-11-26,10000069,16301,435000,434999.99,435000,6,2
2017-11-26,10000069,16303,720000.96,720000.96,720000.96,3,2
2017-11-26,10000069,16311,250000,250000,250000,2,2
2017-11-26,10000069,16369,133000,133000,133000,1,1
2017-11-26,10000069,16391,378000,378000,378000,1,1
2017-11-26,10000069,16467,220000,220000,220000,3,1
2017-11-26,10000069,16469,374471.16,98942.31,650000,2,2
2017-11-26,10000069,16505,296997.99,296997.99,296997.99,1,1
2017-11-26,10000069,16521,114111.11,114111.11,114111.11,2,1
2017-11-26,10000069,16527,320625,300000,341250,2,2
2017-11-26,10000069,16591,32000000,32000000,32000000,1,1
2017-11-26,10000069,16595,12500000,12500000,12500000,1,1
2017-11-26,10000069,16598,3500000,3500000,3500000,1,1
2017-11-26,10000069,16622,5000000,5000000,5000000,2,2
2017-11-26,10000069,17192,2500000,2500000,2500000,1,1
2017-11-26,10000069,17366,346875,150000,400000,16,7
2017-11-26,10000069,17455,38.09,38.09,38.09,182094,1
2017-11-26,10000069,17456,52.29,52.29,52.29,353159,2
2017-11-26,10000069,17459,39.03,39.03,39.03,4050,1
2017-11-26,10000069,17460,39.86,39.86,39.86,3968,1
2017-11-26,10000069,17559,99800000,99800000,99800000,2,2
2017-11-26,10000069,17619,17000000,15000000,19000000,2,2
2017-11-26,10000069,17634,98000000,98000000,98000000,1,1
2017-11-26,10000069,17646,4499999,4499999,4499999,2,2
2017-11-26,10000069,17647,900000,900000,900000,8,1
2017-11-26,10000069,17703,31000000,31000000,31000000,1,1
2017-11-26,10000069,17709,99999999.99,99999999.99,99999999.99,3,1
2017-11-26,10000069,17715,220000000,220000000,220000000,2,2
2017-11-26,10000069,17720,193049999.91,193049999.91,193049999.91,1,1
2017-11-26,10000069,17726,390000000,390000000,390000000,1,1
2017-11-26,10000069,17765,50000,50000,50000,10,1
2017-11-26,10000069,17812,16087498.57,16087498.57,16087498.57,1,1
2017-11-26,10000069,17841,15520833.33,15224999.99,17000000,6,5
2017-11-26,10000069,17887,984.84,984.84,984.84,150532,5
2017-11-26,10000069,17888,999.99,999.99,999.99,28228,1
2017-11-26,10000069,17889,1200,1200,1200,73000,6
2017-11-26,10000069,17930,79824999.99,79809999.96,79830000,4,4
2017-11-26,10000069,17932,48825000,48825000,48825000,2,2
2017-11-26,10000069,17938,41334.76,24900,57769.51,4,4
2017-11-26,10000069,18025,400000,400000,400000,1,1
2017-11-26,10000069,18639,125000,125000,125000,1,1
2017-11-26,10000069,19029,121799999.99,121799999.99,121799999.99,1,1
2017-11-26,10000069,19325,64999476.57,64999214.88,64999999.96,3,3
2017-11-26,10000069,19722,1800000000,1800000000,1800000000,1,1
2017-11-26,10000069,19761,1000000,1000000,1000000,3,3
2017-11-26,10000069,19766,800000,800000,800000,2,2
2017-11-26,10000069,19767,400000,400000,400000,2,2
2017-11-26,10000069,19806,1122000,1122000,1122000,1,1
2017-11-26,10000069,19814,191464.27,185928.55,196999.99,2,2
2017-11-26,10000069,19922,600000,600000,600000,2,2
2017-11-26,10000069,19927,450000,450000,450000,4,1
2017-11-26,10000069,19992,3511.8,3511.8,3511.8,1500,2
2017-11-26,10000069,20210,1000000,1000000,1000000,2,2
2017-11-26,10000069,20211,3000000,3000000,3000000,3,3
2017-11-26,10000069,20212,9000000,9000000,9000000,2,2
2017-11-26,10000069,20308,108.97,108.97,108.97,120000,1
2017-11-26,10000069,20312,500000,500000,500000,2,2
2017-11-26,10000069,20314,60000,60000,60000,3,3
2017-11-26,10000069,20315,1000000,1000000,1000000,3,3
2017-11-26,10000069,20342,50000000,50000000,50000000,1,1
2017-11-26,10000069,20347,847500,630000,1500000,4,2
2017-11-26,10000069,20349,1669999.5,840000,2499999,4,4
2017-11-26,10000069,20351,1706250,1706250,1706250,1,1
2017-11-26,10000069,20353,3000420.69,3000420.69,3000420.69,1,1
2017-11-26,10000069,20420,50000,50000,50000,152,3
2017-11-26,10000069,20494,1000000,1000000,1000000,1,1
2017-11-26,10000069,20530,100000000,100000000,100000000,2,2
2017-11-26,10000069,20533,400000000,400000000,400000000,1,1
2017-11-26,10000069,21059,120000,120000,120000,4,4
2017-11-26,10000069,21071,40000,40000,40000,3,3
2017-11-26,10000069,21096,3132917.28,2018346.58,3500000,31,30
2017-11-26,10000069,21603,10000000,10000000,10000000,2,2
2017-11-26,10000069,21610,23000000,20000000,25999999.99,2,2
2017-11-26,10000069,21611,30000000,30000000,30000000,1,1
2017-11-26,10000069,21638,1290000,1100000,1425000,10,3
2017-11-26,10000069,21640,1019287.65,1000000,1189999.8,14,5
2017-11-26,10000069,21668,15000000,15000000,15000000,1,1
2017-11-26,10000069,21718,100000,100000,100000,3,3
2017-11-26,10000069,21740,755.87,755.87,755.87,132,1
2017-11-26,10000069,21802,25000000,25000000,25000000,2,2
2017-11-26,10000069,21894,1499.64,1499.64,1499.64,11352,4
2017-11-26,10000069,21896,775,761,775,32151,9
2017-11-26,10000069,21898,490.35,490.35,490.35,9987,7
2017-11-26,10000069,21902,1198,1198,1198,11000,3
2017-11-26,10000069,21904,798,798,798,16207,7
2017-11-26,10000069,21906,504,504,504,51625,13
2017-11-26,10000069,21918,1499.74,1499.48,1500,20000,2
2017-11-26,10000069,21922,719,719,719,10000,1
2017-11-26,10000069,21924,567,567,567,28499,19
2017-11-26,10000069,21937,729,729,729,11500,2
2017-11-26,10000069,21939,876.85,876.85,876.85,1750,3
2017-11-26,10000069,22175,66900,64000,69800,2,2
2017-11-26,10000069,22291,2023318.37,1339997,2999999,15,9
2017-11-26,10000069,22542,48800,48800,48800,2,1
2017-11-26,10000069,22578,80000,80000,80000,2,2
2017-11-26,10000069,22761,32000000,32000000,32000000,1,1
2017-11-26,10000069,22806,133333.33,120000,200000,6,6
2017-11-26,10000069,22807,133333.33,120000,200000,6,6
2017-11-26,10000069,22808,120000,120000,120000,6,6
2017-11-26,10000069,22809,120000,120000,120000,5,5
2017-11-26,10000069,22961,520.8,520.8,520.8,12558,6
2017-11-26,10000069,23007,1398.55,1398.55,1398.55,10000,1
2017-11-26,10000069,23009,550,485.1,574.97,50254,30
2017-11-26,10000069,23023,720,720,720,3700,4
2017-11-26,10000069,23025,785.4,785.4,785.4,14500,6
2017-11-26,10000069,23053,1331.11,1331.11,1331.11,4000,1
2017-11-26,10000069,23061,3000000,3000000,3000000,27,1
2017-11-26,10000069,23069,50000000,50000000,50000000,1,1
2017-11-26,10000069,23071,325000,325000,325000,1,1
2017-11-26,10000069,23079,285600,285600,285600,29,2
2017-11-26,10000069,23089,803124.38,475000,999999,8,2
2017-11-26,10000069,23527,328333.33,328000,330000,6,3
2017-11-26,10000069,23559,245000,245000,245000,1,1
2017-11-26,10000069,23566,400000,400000,400000,4,4
2017-11-26,10000069,23594,450000,450000,450000,1,1
2017-11-26,10000069,23606,150000,150000,150000,2,2
2017-11-26,10000069,23618,50000,50000,50000,2,2
2017-11-26,10000069,23707,100000,95000,100000,101,20
2017-11-26,10000069,23911,1380000000,1380000000,1380000000,1,1
2017-11-26,10000069,24241,50000,50000,50000,4,4
2017-11-26,10000069,24242,1000000,1000000,1000000,3,3
2017-11-26,10000069,24268,7500000,7500000,7500000,1,1
2017-11-26,10000069,24270,7500000,7500000,7500000,1,1
2017-11-26,10000069,24348,1340000,1340000,1340000,2,1
2017-11-26,10000069,24417,2549995.77,2100000,2999991.54,2,2
2017-11-26,10000069,24427,1973999.31,1448000,2499998.61,2,2
2017-11-26,10000069,24438,1549000,1549000,1549000,1,1
2017-11-26,10000069,24471,90,90,90,8780,8
2017-11-26,10000069,24473,87,87,87,5940,7
2017-11-26,10000069,24475,109,109,109,3100,4
2017-11-26,10000069,24477,90,90,90,5774,5
2017-11-26,10000069,24478,75,75,75,3091,5
2017-11-26,10000069,24479,599.99,599.99,599.99,2,1
2017-11-26,10000069,24492,20,20,20,13560,1
2017-11-26,10000069,24495,150,148,150,25202,9
2017-11-26,10000069,24497,137,137,137,1500,1
2017-11-26,10000069,24499,200,200,200,2035,3
2017-11-26,10000069,24507,495,495,495,1600,2
2017-11-26,10000069,24535,594,594,594,10000,1
2017-11-26,10000069,24571,10000000,10000000,10000000,2,2
2017-11-26,10000069,24572,10000000,10000000,10000000,1,1
2017-11-26,10000069,24613,15000000,15000000,15000000,1,1
2017-11-26,10000069,24624,20000000,20000000,20000000,2,2
2017-11-26,10000069,24625,24999999.99,24999999.99,24999999.99,1,1
2017-11-26,10000069,24700,64999999.99,64999999.99,64999999.99,1,1
2017-11-26,10000069,25233,150000,150000,150000,1,1
2017-11-26,10000069,25235,150000,150000,150000,2,2
2017-11-26,10000069,25349,35000000,35000000,35000000,1,1
2017-11-26,10000069,25588,2001.71,2001.71,2001.71,123,6
2017-11-26,10000069,25589,1221.05,1221.05,1221.05,42,6
2017-11-26,10000069,25590,42301.17,42301.16,42301.18,18,7
2017-11-26,10000069,25591,41001.57,41001.57,41001.58,35,6
2017-11-26,10000069,25592,101.14,101.14,101.14,137,2
2017-11-26,10000069,25593,3155.23,3155.21,3155.23,41,2
2017-11-26,10000069,25594,29017.01,29017.01,29017.02,28,4
2017-11-26,10000069,25595,17001.2,17001.2,17001.2,5,1
2017-11-26,10000069,25596,11956.03,11956.03,11956.03,12,5
2017-11-26,10000069,25597,886.16,886.16,886.18,36,9
2017-11-26,10000069,25598,8016.14,8016.13,8016.15,249,11
2017-11-26,10000069,25599,1050.22,1050.22,1050.22,195,8
2017-11-26,10000069,25600,13226.8,13226.8,13226.8,335,13
2017-11-26,10000069,25601,5002.19,5002.19,5002.19,132,10
2017-11-26,10000069,25602,3001.56,3001.56,3001.56,26,1
2017-11-26,10000069,25603,2501.16,2501.15,2501.16,17,4
2017-11-26,10000069,25604,2002.63,2002.62,2002.64,27,7
2017-11-26,10000069,25605,10516.21,10516.2,10516.21,49,6
2017-11-26,10000069,25606,32176.51,32176.5,32176.53,61,6
2017-11-26,10000069,25608,111001.3,111001.3,111001.3,1,1
2017-11-26,10000069,25618,228.72,100.01,1001,7,2
2017-11-26,10000069,25620,27505.49,27505.49,27505.49,2,2
2017-11-26,10000069,25625,2106121.51,2106121.51,2106121.51,1,1
2017-11-26,10000069,25707,152400,152400,152400,6,2
2017-11-26,10000069,25715,1674998.99,1499999,1849998.97,2,2
2017-11-26,10000069,25718,3000000,3000000,3000000,4,4
2017-11-26,10000069,25719,100000,100000,100000,4,4
2017-11-26,10000069,25810,450000,450000,450000,2,2
2017-11-26,10000069,25811,450000,450000,450000,2,2
2017-11-26,10000069,25861,109700,89800,149499.99,3,2
2017-11-26,10000069,25863,1000000,1000000,1000000,1,1
2017-11-26,10000069,26254,20000,20000,20000,1,1
2017-11-26,10000069,26255,100000,100000,100000,9,3
2017-11-26,10000069,26256,100000,100000,100000,1,1
2017-11-26,10000069,26257,100000,100000,100000,2,2
2017-11-26,10000069,26258,100000,100000,100000,1,1
2017-11-26,10000069,26259,100000,100000,100000,2,2
2017-11-26,10000069,26260,100000,100000,100000,1,1
2017-11-26,10000069,26929,190510.01,99877.51,365699.99,12,7
2017-11-26,10000069,26931,4549999.91,4549999.91,4549999.91,1,1
2017-11-26,10000069,27127,1144338.46,816900,1425000,13,5
2017-11-26,10000069,27143,1174200,798000,1425000,10,3
2017-11-26,10000069,27315,950,950,950,1500,2
2017-11-26,10000069,27321,887.11,887.11,887.11,12336,3
2017-11-26,10000069,27327,750,750,750,320,2
2017-11-26,10000069,27333,884.99,884.99,900,3765,4
2017-11-26,10000069,27345,3221,3221,3221,400,1
2017-11-26,10000069,27351,2399,2399,2399,3534,2
2017-11-26,10000069,27361,929.99,929.99,929.99,27294,16
2017-11-26,10000069,27371,1290,1290,1290,4917,5
2017-11-26,10000069,27381,1053.09,1027.17,1148.01,3000,3
2017-11-26,10000069,27387,1176,1176,1176,4688,5
2017-11-26,10000069,27413,1310,1310,1310,10000,2
2017-11-26,10000069,27441,1399,806,1399,29927,5
2017-11-26,10000069,27902,100000,100000,100000,1,1
2017-11-26,10000069,27911,12000000,12000000,12000000,1,1
2017-11-26,10000069,27936,10000000,10000000,10000000,1,1
2017-11-26,10000069,28073,8000000,8000000,8000000,1,1
2017-11-26,10000069,28164,4500000,4500000,4500000,2,2
2017-11-26,10000069,28209,1425000,1425000,1425000,3,1
2017-11-26,10000069,28262,920000,920000,920000,2,1
2017-11-26,10000069,28334,651,651,651,10000,1
2017-11-26,10000069,28336,498.75,498.75,498.75,11346,3
2017-11-26,10000069,28585,25000000,25000000,25000000,1,1
2017-11-26,10000069,28667,64000000,64000000,64000000,1,1
2017-11-26,10000069,28668,28152.18,28152.18,28987,8196,66
2017-11-26,10000069,28674,2500000,2500000,2500000,5,2
2017-11-26,10000069,28758,41085996.16,41085996.16,41085996.16,1,1
2017-11-26,10000069,28879,1000000,1000000,1000000,2,2
2017-11-26,10000069,28880,5750000,5000000,7999999.98,4,4
2017-11-26,10000069,28999,30645.16,15000,500000,31,2
2017-11-26,10000069,29001,262500,25000,500000,2,2
2017-11-26,10000069,29003,129999,129999,129999,1,1
2017-11-26,10000069,29005,16099.99,14999.99,20000,5,4
2017-11-26,10000069,29007,12300,9499.99,16500,5,4
2017-11-26,10000069,29009,398749.01,32499.5,764998.51,4,4
2017-11-26,10000069,29011,70190.58,12498.8,269610.6,18,7
2017-11-26,10000069,29013,23999,23999,23999,4,2
2017-11-26,10000069,29015,284637.95,20000,725701.21,8,4
2017-11-26,10000069,29248,275000.28,5000.56,545000,2,2
2017-11-26,10000069,29336,70000000,70000000,70000000,1,1
2017-11-26,10000069,29337,60300000.26,60300000.26,60300000.26,1,1
2017-11-26,10000069,29984,178000000,178000000,178000000,1,1
2017-11-26,10000069,30013,8000,6500,12000,32,3
2017-11-26,10000069,30028,74800,74800,74800,24,2
2017-11-26,10000069,30486,668340.13,577500,749597.78,17,3
2017-11-26,10000069,30488,668759.98,608000,898989.89,42,6
2017-11-26,10000069,30532,5000000,5000000,5000000,1,1
2017-11-26,10000069,30537,5000000,5000000,5000000,1,1
2017-11-26,10000069,30538,5000000,5000000,5000000,1,1
2017-11-26,10000069,30539,5000000,5000000,5000000,1,1
2017-11-26,10000069,30544,5000000,5000000,5000000,2,2
2017-11-26,10000069,30545,5000000,5000000,5000000,2,2
2017-11-26,10000069,30547,5000000,5000000,5000000,2,2
2017-11-26,10000069,30548,5000000,5000000,5000000,2,2
2017-11-26,10000069,30549,5000000,5000000,5000000,2,2
2017-11-26,10000069,30551,5000000,5000000,5000000,2,2
2017-11-26,10000069,30552,5000000,5000000,5000000,2,2
2017-11-26,10000069,30554,5000000,5000000,5000000,2,2
2017-11-26,10000069,30650,1500000,1500000,1500000,2,2
2017-11-26,10000069,30651,1500000,1500000,1500000,2,2
2017-11-26,10000069,30653,1487999.99,1449999.95,1500000,5,5
2017-11-26,10000069,30832,1549999.99,1549999.99,1549999.99,2,2
2017-11-26,10000069,30834,1435000,1435000,1435000,2,2
2017-11-26,10000069,30836,1625000,1625000,1625000,1,1
2017-11-26,10000069,30987,660653.96,577999.72,1999999,48,15
2017-11-26,10000069,31009,626163.41,499999,699999.97,19,8
2017-11-26,10000069,31011,2332666.66,1999000,3000000,3,3
2017-11-26,10000069,31021,554182.46,439999.99,588364.92,4,4
2017-11-26,10000069,31045,902222.2,699999.92,997500,9,7
2017-11-26,10000069,31047,3545683.92,2950500,4499961.79,13,6
2017-11-26,10000069,31051,12500000,12500000,12500000,1,1
2017-11-26,10000069,31053,49999999.19,49999999.19,49999999.19,1,1
2017-11-26,10000069,31055,2587836.6,2300000,2709000,17,9
2017-11-26,10000069,31057,13999999.9,13999999.89,13999999.9,4,3
2017-11-26,10000069,31063,770998.27,599999,998996.98,7,6
2017-11-26,10000069,31065,4603349.3,3291750,4999999,10,6
2017-11-26,10000069,31071,44941495.53,44941495.53,44941495.53,1,1
2017-11-26,10000069,31105,345454.41,325000,599998.96,22,5
2017-11-26,10000069,31111,4179000,4179000,4179000,1,1
2017-11-26,10000069,31119,1600000,1600000,1600000,3,3
2017-11-26,10000069,31153,431777.57,230000,649999.53,9,4
2017-11-26,10000069,31159,599999.98,599999.95,599999.99,4,2
2017-11-26,10000069,31177,332368.3,314999.91,399999.75,19,6
2017-11-26,10000069,31179,769999.99,769999.99,769999.99,4,1
2017-11-26,10000069,31183,2955777.84,22052,5889503.68,2,2
2017-11-26,10000069,31201,499499.91,499499.91,499499.91,1,1
2017-11-26,10000069,31238,299999.9,299999.9,299999.9,1,1
2017-11-26,10000069,31244,3000000,3000000,3000000,1,1
2017-11-26,10000069,31262,499999.99,499999.99,499999.99,1,1
2017-11-26,10000069,31274,181650,181650,181650,2,2
2017-11-26,10000069,31298,399999.99,399999.99,399999.99,1,1
2017-11-26,10000069,31322,644444.44,644444.44,644444.44,1,1
2017-11-26,10000069,31358,759306.13,655200,799999,45,21
2017-11-26,10000069,31360,3821331.96,3499999,3981998.44,3,3
2017-11-26,10000069,31364,4900000,4900000,4900000,1,1
2017-11-26,10000069,31370,429999.9,295000,699999.7,9,3
2017-11-26,10000069,31372,1959748.7,1950000,1988994.8,4,3
2017-11-26,10000069,31378,15000000,15000000,15000000,1,1
2017-11-26,10000069,31406,730666.65,730666.65,730666.65,6,2
2017-11-26,10000069,31442,347999.99,347999.99,347999.99,1,1
2017-11-26,10000069,31454,328750,210000,447500,4,3
2017-11-26,10000069,31526,875714.29,840000,1090000,7,3
2017-11-26,10000069,31532,5966632.93,5899898.79,6000000,3,3
2017-11-26,10000069,31538,1385241.21,1292876.93,1399999.57,16,3
2017-11-26,10000069,31562,690000,550000,725000,5,2
2017-11-26,10000069,31586,408999.96,290000,425000,10,6
2017-11-26,10000069,31598,450000,450000,450000,1,1
2017-11-26,10000069,31600,2425000,2425000,2425000,1,1
2017-11-26,10000069,31620,621312.29,475000,913936.86,3,3
2017-11-26,10000069,31632,624999.97,624999.97,624999.97,1,1
2017-11-26,10000069,31644,549999.99,350000,749999.97,2,2
2017-11-26,10000069,31650,3449999.99,3449999.99,3449999.99,2,1
2017-11-26,10000069,31668,242499.95,225000,399999.79,4,4
2017-11-26,10000069,31680,411094.36,145000,499688.94,4,4
2017-11-26,10000069,31692,370000,140000,599999.99,2,2
2017-11-26,10000069,31698,4500000,4500000,4500000,1,1
2017-11-26,10000069,31716,111662.78,54000,114995.95,23,13
2017-11-26,10000069,31718,488251.99,269999.97,706504,4,3
2017-11-26,10000069,31722,6321666.16,2499999.98,9999999,18,6
2017-11-26,10000069,31724,7899999.42,5299999,10499999.84,2,2
2017-11-26,10000069,31740,99999.97,99999.97,99999.97,2,2
2017-11-26,10000069,31742,248999.75,248999.75,248999.75,1,1
2017-11-26,10000069,31752,70000,70000,70000,204,7
2017-11-26,10000069,31754,297159.54,297159.54,297159.54,1,1
2017-11-26,10000069,31758,6500000,6500000,6500000,1,1
2017-11-26,10000069,31760,7100000,7100000,7100000,2,1
2017-11-26,10000069,31788,573805.82,498873.86,605021.34,26,13
2017-11-26,10000069,31790,2406879.4,2286966,2999999,10,6
2017-11-26,10000069,31791,750000,750000,750000,1,1
2017-11-26,10000069,31794,10084764.25,9773852.35,15000000,8,3
2017-11-26,10000069,31796,25000000,25000000,25000000,2,1
2017-11-26,10000069,31816,250000,250000,250000,5,1
2017-11-26,10000069,31874,2000000,2000000,2000000,1,1
2017-11-26,10000069,31882,6499998.99,6499998.99,6499999,7,3
2017-11-26,10000069,31884,3889994.35,3889994.35,3889994.35,1,1
2017-11-26,10000069,31890,3129989.89,3129989.89,3129989.89,5,1
2017-11-26,10000069,31892,2000000,2000000,2000000,3,1
2017-11-26,10000069,31894,2500420.69,2500420.69,2500420.69,1,1
2017-11-26,10000069,31928,21106041.5,6068125,30000000,6,5
2017-11-26,10000069,31936,20999999.95,20999999.95,20999999.95,1,1
2017-11-26,10000069,31990,87999,87999,87999,40,1
2017-11-26,10000069,31998,64000,64000,64000,30,2
2017-11-26,10000069,32006,124950,70000,138000,810,27
2017-11-26,10000069,32014,250000,201600,288243.9,635,26
2017-11-26,10000069,32435,15000000,15000000,15000000,1,1
2017-11-26,10000069,32772,690750,648500,699999.99,18,9
2017-11-26,10000069,32780,2999998.93,2999998.93,2999998.93,2,1
2017-11-26,10000069,32787,134999.99,134999.99,134999.99,32,4
2017-11-26,10000069,32797,500000,500000,500000,1,1
2017-11-26,10000069,32872,1680999.78,1470000,2199999.31,20,11
2017-11-26,10000069,32874,1430504.17,1164612.5,1563450,3,3
2017-11-26,10000069,32876,1499000,1499000,1499000,2,2
2017-11-26,10000069,32880,360437.75,340000,399991.33,17,15
2017-11-26,10000069,32999,200000,200000,200000,4,4
2017-11-26,10000069,33000,200000,200000,200000,5,5
2017-11-26,10000069,33001,200000,200000,200000,4,4
2017-11-26,10000069,33002,200000,200000,200000,5,5
2017-11-26,10000069,33076,315299.76,294000,399878,69,20
2017-11-26,10000069,33078,1000000,1000000,1000000,4,4
2017-11-26,10000069,33092,100000,100000,100000,1,1
2017-11-26,10000069,33093,100000,100000,100000,1,1
2017-11-26,10000069,33094,100000,100000,100000,1,1
2017-11-26,10000069,33095,1000000,1000000,1000000,1,1
2017-11-26,10000069,33096,1000000,1000000,1000000,3,3
2017-11-26,10000069,33097,1000000,1000000,1000000,2,2
2017-11-26,10000069,33098,1000000,1000000,1000000,3,3
2017-11-26,10000069,33101,898333,895000,899999.5,3,3
2017-11-26,10000069,33178,249000,249000,249000,1,1
2017-11-26,10000069,33180,266666.66,249999.99,275000,3,3
2017-11-26,10000069,33332,25500,25500,25500,2144,21
2017-11-26,10000069,33399,5000000,5000000,5000000,3,3
2017-11-26,10000069,33450,2950000,2950000,2950000,6,3
2017-11-26,10000069,33467,3000000,3000000,3000000,1,1
2017-11-26,10000069,33470,308999998.79,308999998.79,308999998.79,1,1
2017-11-26,10000069,33474,2954285.57,1840000,3450000,7,7
2017-11-26,10000069,33475,15995000,9240000,22749999.99,2,2
2017-11-26,10000069,33681,67712696.95,41405005.18,98405004.03,13,4
2017-11-26,10000069,33699,112500,100000,125000,2,2
2017-11-26,10000069,33816,77500000,77500000,77500000,1,1
2017-11-26,10000069,33824,1520244.23,1520244.23,1520244.23,2,2
2017-11-26,10000069,33856,4000000,4000000,4000000,2,2
2017-11-26,10000069,33890,1140686.35,951300,1199999.99,44,19
2017-11-26,10000069,33892,3456306.54,3045000,3599999.99,50,7
2017-11-26,10000069,33894,3780000,3780000,3780000,3,1
2017-11-26,10000069,33896,9344999.99,9344999.99,9344999.99,3,1
2017-11-26,10000069,34201,104000.01,104000.01,104000.01,2,2
2017-11-26,10000069,34205,150778.33,150778.33,150778.33,2,1
2017-11-26,10000069,34206,53463.85,53463.85,53463.85,2,1
2017-11-26,10000069,34272,2500000,2500000,2500000,1,1
2017-11-26,10000069,34496,2999999.99,2999999.99,2999999.99,1,1
2017-11-26,10000069,35656,58857.14,20000,300000,7,3
2017-11-26,10000069,35658,172667.3,152092.11,360000,21,12
2017-11-26,10000069,35659,575260.46,78600,989970.92,16,9
2017-11-26,10000069,35660,96000,24000,168000,2,2
2017-11-26,10000069,35662,400000,400000,400000,1,1
2017-11-26,10000069,35789,2346321.66,2300965,2368999.99,3,3
2017-11-26,10000069,35794,75000,75000,75000,1,1
2017-11-26,10000069,35795,37999.98,37999.98,37999.98,1,1
2017-11-26,10000069,36909,11900000,11900000,11900000,1,1
2017-11-26,10000069,36910,7683162.55,7249994.83,8549498,3,3
2017-11-26,10000069,37454,24282467.68,18673701.54,35499999.95,3,3
2017-11-26,10000069,37457,31999999.99,31999999.99,31999999.99,1,1
2017-11-26,10000069,37544,49969.56,14828,85111.11,2,2
2017-11-26,10000069,37608,1000000,1000000,1000000,1,1
2017-11-26,10000069,37610,800000.01,800000.01,800000.01,6,2
2017-11-26,10000069,37615,20000000,20000000,20000000,1,1
2017-11-26,10000069,40328,5960000,4000000,9880000,3,3
2017-11-26,10000069,40520,810700000,810700000,810700000,1,1
2017-11-26,10000069,40572,100000000,100000000,100000000,2,2
2017-11-26,10000069,40573,100000000,100000000,100000000,1,1
2017-11-26,10000069,41034,133185.04,99999.82,299111.11,12,2
2017-11-26,10000069,41155,49999.98,49999.98,49999.98,1,1
2017-11-26,10000069,41220,62000000,62000000,62000000,2,1
2017-11-26,10000069,41409,27000000,27000000,27000000,1,1
2017-11-26,10000069,41410,27000000,27000000,27000000,1,1
2017-11-26,10000069,41486,18000000,18000000,18000000,1,1
2017-11-26,10000069,41490,825349,13283.23,1100000,84,7
2017-11-26,10000069,41537,250000000,250000000,250000000,1,1
2017-11-26,10000069,42530,999999,999999,999999,1,1
2017-11-26,10000069,42832,1150,1150,1150,300,1
2017-11-26,10000069,42839,998.97,998.97,998.97,300,1
2017-11-26,10000069,43556,2899999,2899999,2899999,1,1
2017-11-26,10000069,43702,80000,80000,80000,1,1
2017-11-26,10000069,44992,3020070.2,3020070.2,3020070.2,1869,9
2017-11-26,10000069,45010,199999,199999,199999,3,2
2017-11-26,10000069,45635,174799999.99,174799999.98,174800000,4,4
2017-11-26,10000069,45746,1000000,1000000,1000000,7,4
2017-11-26,10000069,45748,5000000,5000000,5000000,4,4
2017-11-26,10000069,45749,25000000,25000000,25000000,4,4
2017-11-26,10000069,45937,34999999.99,34999999.99,34999999.99,1,1
2017-11-26,10000069,46001,3833333.33,1500000,4999999.99,3,2
2017-11-26,10000069,46003,25000000,25000000,25000000,1,1
2017-11-26,10000069,46004,200000,200000,200000,1,1
2017-11-26,10000069,46005,5940000,4900000,9999999.99,5,3
2017-11-26,10000069,46006,18000000,18000000,18000000,1,1
2017-11-26,10000069,46008,10337499.85,9000000,14499999.98,20,15
2017-11-26,10000069,46154,20000000,20000000,20000000,1,1
2017-11-26,10000069,46155,25000000,25000000,25000000,1,1
2017-11-26,10000069,46156,30000000,30000000,30000000,1,1
2017-11-26,11000001,2454,4000,4000,4000,8,1
2017-11-26,11000003,655,1200000,1200000,1200000,1,1
2017-11-26,11000003,1319,450000,450000,450000,4,1
2017-11-26,11000003,2550,100000,100000,100000,1,1
2017-11-26,11000004,2389,540,540,540,3640,1
2017-11-26,11000004,2396,375,375,375,5780,2
2017-11-26,11000004,2463,63000,63000,63000,555,1
2017-11-26,11000004,2881,510000,510000,510000,1,1
2017-11-26,11000004,3683,360,360,360,37180,1
2017-11-26,11000004,9828,810,810,810,3380,1
2017-11-26,11000004,9832,9000,9000,9000,2065,1
2017-11-26,11000004,9848,82800,82800,82800,1557,2
2017-11-26,11000004,20411,102000,102000,102000,15,1
2017-11-26,11000004,30488,490000,490000,490000,8,1
2017-11-26,11000004,31213,45000,45000,45000,3,1
2017-11-26,11000004,33009,49500,49500,49500,6,1
2017-11-26,11000004,34201,380000,380000,380000,2,1
2017-11-26,11000004,34205,425000,425000,425000,1,1
2017-11-26,11000005,654,1000000,1000000,1000000,1,1
2017-11-26,11000005,2183,40000,40000,40000,6,1
2017-11-26,11000005,2319,8200,8200,8200,200,1
2017-11-26,11000005,2328,9700,9700,9700,200,1
2017-11-26,11000005,2524,133333.33,125000,150000,3,3
2017-11-26,11000005,2534,150000,150000,150000,2,2
2017-11-26,11000005,2550,150000,150000,150000,1,1
2017-11-26,11000005,3691,9750,9750,9750,200,1
2017-11-26,11000005,8433,400000,400000,400000,1,1
2017-11-26,11000005,8529,150000,150000,150000,2,1
2017-11-26,11000005,10998,50000,50000,50000,2,1
2017-11-26,11000005,17366,200000,200000,200000,1,1
2017-11-26,11000005,22175,80000,80000,80000,1,1
2017-11-26,11000005,22177,80000,80000,80000,1,1
2017-11-26,11000005,23009,500,500,500,2000,2
2017-11-26,11000005,25266,2200000,2200000,2200000,2,1
2017-11-26,11000005,28668,29145,29145,29145,60,1
2017-11-26,11000005,30373,9000,9000,9000,1500,1
2017-11-26,11000005,30488,500000,500000,500000,8,1
2017-11-26,11000005,30744,180000,180000,180000,40,2
2017-11-26,11000005,30745,450000,450000,450000,41,4
2017-11-26,11000005,31742,300000,300000,300000,1,1
2017-11-26,11000005,31754,300000,300000,300000,1,1
2017-11-26,11000005,31790,1625000,1625000,1625000,1,1
2017-11-26,11000005,32880,250000,250000,250000,1,1
2017-11-26,11000005,33474,2000000,2000000,2000000,1,1
2017-11-26,11000005,35658,45000,45000,45000,1,1
2017-11-26,11000005,35659,60000,60000,60000,4,2
2017-11-26,11000007,2048,539999.97,539999.97,539999.97,1,1
2017-11-26,11000007,2185,1999999.17,1999999,2000000,18,4
2017-11-26,11000007,2446,2000000,2000000,2000000,10,1
2017-11-26,11000007,2456,441428.57,420000,450000,35,3
2017-11-26,11000007,2488,625000,600000,650000,10,2
2017-11-26,11000007,4051,23100,23100,23100,50,1
2017-11-26,11000007,16229,49000000,49000000,49000000,2,1
2017-11-26,11000007,16231,48000000,48000000,48000000,1,1
2017-11-26,11000007,16233,48000000,48000000,48000000,2,2
2017-11-26,11000007,17715,210000000,210000000,210000000,1,1
2017-11-26,11000007,21640,1400000,1400000,1400000,3,1
2017-11-26,11000007,21740,1500,1500,1500,2000,1
2017-11-26,11000007,21937,1100,1100,1100,4000,2
2017-11-26,11000007,23705,50000,50000,50000,30,2
2017-11-26,11000007,23707,27941.18,20000,200000,68,3
2017-11-26,11000007,24698,49909090.91,49000000,50000000,22,3
2017-11-26,11000007,24702,46000000,46000000,46000000,5,1
2017-11-26,11000007,28668,29750,29750,29750,3614,1
2017-11-26,11000007,31866,3000000,3000000,3000000,20,1
2017-11-26,11000007,31882,3000000,3000000,3000000,20,1
2017-11-26,11000007,33476,75000000,75000000,75000000,1,1
2017-11-26,11000014,605,509996,509996,509996,1,1
2017-11-26,11000014,4051,21500,21500,21500,10000,1
2017-11-26,11000014,4246,21500,21500,21500,3188,2
2017-11-26,11000014,4312,21500,21500,21500,5000,2
2017-11-26,11000014,17938,150000,150000,150000,1,1
2017-11-26,11000014,30832,2190000,2190000,2190000,2,1
2017-11-26,11000014,30834,2594000,2594000,2594000,2,1
2017-11-26,11000016,27315,977,977,977,700,1
2017-11-26,11000016,29984,100000000,100000000,100000000,1,1
2017-11-26,11000016,30488,560000,560000,560000,100,1
2017-11-26,11000019,448,2500001,2500001,2500001,1,1
2017-11-26,11000019,519,1500001,1500001,1500001,3,2
2017-11-26,11000019,1978,1302000.99,1302000.99,1302000.99,1,1
2017-11-26,11000019,2486,40000.99,40000.99,40000.99,24,1
2017-11-26,11000019,2488,500000.99,500000.99,500000.99,24,1
2017-11-26,11000019,4435,40000.99,40000.99,40000.99,1,1
2017-11-26,11000019,5533,60000,60000,60000,2,1
2017-11-26,11000019,5973,450000,450000,450000,3,1
2017-11-26,11000019,8117,260000.98,260000.98,260000.98,3,1
2017-11-26,11000019,8529,300000.99,300000.99,300000.99,1,1
2017-11-26,11000019,11174,22000000.99,22000000.99,22000000.99,1,1
2017-11-26,11000019,11377,25000000.99,25000000.99,25000000.99,1,1
2017-11-26,11000019,17912,4000000,4000000,4000000,2,1
2017-11-26,11000019,21902,1000,1000,1000,1000,1
2017-11-26,11000019,23711,11000.98,11000.98,11000.98,4,1
2017-11-26,11000019,25861,150000,150000,150000,4,1
2017-11-26,11000019,29009,30000.99,30000.99,30000.99,1,1
2017-11-26,11000019,30373,18200,18200,18200,3000,1
2017-11-26,11000019,30374,4900,4900,4900,1500,1
2017-11-26,11000019,30744,180000,180000,180000,56,1
2017-11-26,11000019,30745,450000,450000,450000,56,1
2017-11-26,11000019,30746,1350000,1350000,1350000,16,1
2017-11-26,11000019,31718,400000,400000,400000,1,1
2017-11-26,11000019,33474,1700000,1700000,1700000,3,1
2017-11-26,11000019,34317,55000000,55000000,55000000,1,1
2017-11-26,11000019,35656,14999.99,14999.99,14999.99,1,1
2017-11-26,11000019,43552,2500000.99,2500000.99,2500000.99,1,1
2017-11-26,11000021,19,3065.65,3065.65,3065.65,306,1
2017-11-26,11000021,22,4570.45,4570.45,4570.45,5984,14
2017-11-26,11000021,448,2000000,2000000,2000000,1,1
2017-11-26,11000021,620,9000000,9000000,9000000,1,1
2017-11-26,11000021,641,172000000,172000000,172000000,1,1
2017-11-26,11000021,657,1500000,1500000,1500000,1,1
2017-11-26,11000021,672,30000,30000,30000,2,2
2017-11-26,11000021,1225,3377.25,3377.25,3377.25,3042,9
2017-11-26,11000021,1229,1353.75,1353.75,1353.75,25159,4
2017-11-26,11000021,2046,12319.97,12319.97,12319.97,1,1
2017-11-26,11000021,2185,1250000,1250000,1250000,3,2
2017-11-26,11000021,2281,2500000,2500000,2500000,1,1
2017-11-26,11000021,2393,410,410,410,4540,1
2017-11-26,11000021,2396,390,390,390,33420,2
2017-11-26,11000021,2398,425,425,425,14360,1
2017-11-26,11000021,2399,560,560,560,30420,2
2017-11-26,11000021,2446,1850000,1850000,1850000,3,1
2017-11-26,11000021,2524,3000000,3000000,3000000,1,1
2017-11-26,11000021,3683,381,381,381,5520,1
2017-11-26,11000021,3779,832,832,832,13880,1
2017-11-26,11000021,4051,20500,20500,20500,133,1
2017-11-26,11000021,5945,810000,810000,810000,1,1
2017-11-26,11000021,9828,893,893,893,5520,1
2017-11-26,11000021,10246,6500,6500,6500,1,1
2017-11-26,11000021,11640,750000,750000,750000,1,1
2017-11-26,11000021,12709,75000,75000,75000,2,2
2017-11-26,11000021,17366,33000,33000,33000,15,3
2017-11-26,11000021,17368,2000000,2000000,2000000,3,3
2017-11-26,11000021,20171,88350,88350,88350,9,1
2017-11-26,11000021,20172,76353,76353,76353,9,1
2017-11-26,11000021,20414,110200,110200,110200,6,1
2017-11-26,11000021,20415,85000,85000,85000,54,1
2017-11-26,11000021,20416,152000,152000,152000,12,1
2017-11-26,11000021,20417,90200,90200,90200,29,1
2017-11-26,11000021,20418,92150,92150,92150,36,1
2017-11-26,11000021,20419,118750,118750,118750,12,1
2017-11-26,11000021,20420,108110,108110,108110,14,1
2017-11-26,11000021,20421,53295,53295,53295,13,1
2017-11-26,11000021,20423,82745,82745,82745,37,1
2017-11-26,11000021,20424,40417,40417,40417,34,1
2017-11-26,11000021,23707,6000,6000,6000,5,1
2017-11-26,11000021,24499,777,777,777,7000,1
2017-11-26,11000021,25544,27000000,27000000,27000000,1,1
2017-11-26,11000021,25597,4500,4500,4500,46,1
2017-11-26,11000021,25604,17800,17800,17800,26,1
2017-11-26,11000021,25616,9800,9800,9800,3,1
2017-11-26,11000021,25623,47000,47000,47000,6,1
2017-11-26,11000021,25861,100000,100000,100000,1,1
2017-11-26,11000021,30372,2400,2400,2400,10480,2
2017-11-26,11000021,30373,15492.47,15492.47,15492.47,360,1
2017-11-26,11000021,30377,52000,52000,52000,6616,1
2017-11-26,11000021,30744,180000,180000,180000,708,2
2017-11-26,11000021,30745,450000,450000,450000,700,3
2017-11-26,11000021,30746,1350000,1350000,1350000,201,1
2017-11-26,11000021,30747,4500000,4500000,4500000,44,2
2017-11-26,11000021,34205,462000,462000,462000,1,1
2017-11-26,11000021,44992,3000000,3000000,3000000,73,1
2017-11-26,11000022,2183,120000,120000,120000,7,1
2017-11-26,11000022,2436,2775150,2775150,2775150,3,1
2017-11-26,11000022,2446,2101009,2101009,2101009,5,1
2017-11-26,11000022,2486,6000,6000,6000,10,1
2017-11-26,11000022,11134,13000,13000,13000,1,1
2017-11-26,11000022,17366,1000000,1000000,1000000,2,2
2017-11-26,11000022,20306,300,300,300,500,1
2017-11-26,11000022,20308,300,300,300,800,1
2017-11-26,11000022,24486,180,180,180,10000,1
2017-11-26,11000022,30013,90000,90000,90000,7,1
2017-11-26,11000022,30377,54391,54391,54391,891,2
2017-11-26,11000022,30378,54830,54830,54830,272,1
2017-11-26,11000022,30744,184000,184000,184000,2726,12
2017-11-26,11000022,30745,460000,460000,460000,3294,13
2017-11-26,11000022,30746,1380000,1380000,1380000,1249,11
2017-11-26,11000022,30747,4600000,4600000,4600000,430,9
2017-11-26,11000022,33474,2020000,2020000,2020000,3,1
2017-11-26,11000022,33475,15000000,15000000,15000000,1,1
2017-11-26,11000022,35795,300000,300000,300000,2,1
2017-11-26,11000022,42832,3046,3046,3046,264,2
2017-11-26,11000022,42833,1050,1050,1050,264,2
2017-11-26,11000022,42839,964.97,964.97,964.97,304,3
2017-11-26,11000023,19,4000,4000,4000,96,1
2017-11-26,11000023,656,1250000,1250000,1250000,1,1
2017-11-26,11000023,27413,1700,1700,1700,1000,1
2017-11-26,11000023,27419,1700,1700,1700,1000,1
2017-11-26,11000024,448,1600000,1600000,1600000,1,1
2017-11-26,11000024,1877,874158.67,76908,1272784,6,3
2017-11-26,11000024,2032,555480,555480,555480,1,1
2017-11-26,11000024,2446,2970000,2970000,2970000,1,1
2017-11-26,11000024,2456,440000,440000,440000,25,3
2017-11-26,11000024,2679,190,190,190,2500,1
2017-11-26,11000024,2897,1400000,1400000,1400000,5,1
2017-11-26,11000024,2913,2000000,2000000,2000000,5,1
2017-11-26,11000024,3244,1500000,1500000,1500000,1,1
2017-11-26,11000024,3256,5000000,5000000,5000000,2,1
2017-11-26,11000024,5973,400000,400000,400000,1,1
2017-11-26,11000024,8639,180000,180000,180000,5,2
2017-11-26,11000024,9451,3250000,3250000,3250000,3,1
2017-11-26,11000024,9950,3500000,3500000,3500000,6,1
2017-11-26,11000024,11134,30000,30000,30000,1,1
2017-11-26,11000024,11192,32000001,32000001,32000001,1,1
2017-11-26,11000024,11269,1000000,1000000,1000000,1,1
2017-11-26,11000024,11325,814000,814000,814000,1,1
2017-11-26,11000024,11578,5000000,5000000,5000000,1,1
2017-11-26,11000024,12777,200,200,200,5500,1
2017-11-26,11000024,13216,25000000,25000000,25000000,1,1
2017-11-26,11000024,13261,29000000,29000000,29000000,1,1
2017-11-26,11000024,16275,6299.99,6299.99,6299.99,720,1
2017-11-26,11000024,17938,50000,50000,50000,1,1
2017-11-26,11000024,18639,15000,15000,15000,1,1
2017-11-26,11000024,19814,20000,20000,20000,1,1
2017-11-26,11000024,24471,60,60,60,6000,1
2017-11-26,11000024,24486,154,154,154,1500,1
2017-11-26,11000024,24521,3000,3000,3000,2000,1
2017-11-26,11000024,27351,2600,2600,2600,108,1
2017-11-26,11000024,28286,2000000,2000000,2000000,5,1
2017-11-26,11000024,30013,10000,10000,10000,16,1
2017-11-26,11000024,30488,500000,500000,500000,8,1
2017-11-26,11000024,30745,450000,450000,450000,8,1
2017-11-26,11000024,30746,1350000,1350000,1350000,4,1
2017-11-26,11000024,30747,4500000,4500000,4500000,1,1
2017-11-26,11000024,31213,100000.01,100000.01,100000.01,2,1
2017-11-26,11000024,32787,25000,25000,25000,5,1
2017-11-26,11000024,33176,100000,100000,100000,1,1
2017-11-26,11000024,33178,100000,100000,100000,1,1
2017-11-26,11000024,33475,12000000,12000000,12000000,1,1
2017-11-26,11000024,33476,78888888,78888888,78888888,1,1
2017-11-26,11000024,35790,1881000,1881000,1881000,1,1
2017-11-26,11000024,42696,1000,1000,1000,150,1
2017-11-26,11000025,672,10000,10000,10000,5,1
2017-11-26,11000025,2185,1000000,1000000,1000000,5,1
2017-11-26,11000025,2488,500000,500000,500000,20,1
2017-11-26,11000025,2679,145,145,145,2500,1
2017-11-26,11000025,12767,300,300,300,2000,2
2017-11-26,11000025,12771,300,300,300,2000,2
2017-11-26,11000025,21896,700,700,700,2000,2
2017-11-26,11000025,21904,700,700,700,2000,1
2017-11-26,11000025,21922,700,700,700,2000,2
2017-11-26,11000025,23707,54500,9000,100000,20,2
2017-11-26,11000025,24486,130,130,130,21500,7
2017-11-26,11000025,24488,155,155,155,1500,1
2017-11-26,11000025,24490,140,140,140,13000,3
2017-11-26,11000025,24492,110,110,110,2000,1
2017-11-26,11000025,27127,2000000,2000000,2000000,13,1
2017-11-26,11000025,27351,4500,4500,4500,2000,1
2017-11-26,11000025,27405,1500,1500,1500,3000,1
2017-11-26,11000025,27413,1500,1500,1500,1500,1
2017-11-26,11000025,27419,1500,1500,1500,2000,1
2017-11-26,11000025,30374,4478,4478,4478,120,1
2017-11-26,11000025,30377,55000,55000,55000,3075,3
2017-11-26,11000025,31878,4000000,4000000,4000000,1,1
2017-11-26,11000025,32014,250000,250000,250000,130,2
2017-11-26,11000025,41490,830000,830000,830000,120,1
2017-11-26,11000027,20,222,222,222,100000,1
2017-11-26,11000027,672,100000,100000,100000,1,1
2017-11-26,11000027,1226,405,405,405,80000,1
2017-11-26,11000027,2389,560,560,560,90000,2
2017-11-26,11000027,2392,900,900,900,60000,1
2017-11-26,11000027,2393,480,480,480,52480,1
2017-11-26,11000027,2396,490,490,490,144260,3
2017-11-26,11000027,2398,490,490,490,244160,6
2017-11-26,11000027,2399,620,620,620,40000,1
2017-11-26,11000027,2400,505,505,505,224735,4
2017-11-26,11000027,2446,2000000,2000000,2000000,4,1
2017-11-26,11000027,3645,480,480,480,100000,3
2017-11-26,11000027,3683,430,430,430,30000,1
2017-11-26,11000027,3779,850,850,850,70000,1
2017-11-26,11000027,9828,1200,1200,1200,17720,1
2017-11-26,11000027,11129,100000,100000,100000,3,3
2017-11-26,11000027,17938,50000,50000,50000,1,1
2017-11-26,11000027,30013,25442,25442,25442,16,1
2017-11-26,11000027,30371,1515,1515,1515,3000,2
2017-11-26,11000027,30372,2224,2224,2224,1500,1
2017-11-26,11000027,30376,17778,17778,17778,2972,2
2017-11-26,11000027,30377,56484,56484,56484,380,1
2017-11-26,11000027,30378,47649,47649,47649,5494,7
2017-11-26,11000027,30744,180000,180000,180000,502,10
2017-11-26,11000027,30745,450000,450000,450000,492,5
2017-11-26,11000027,30746,1350000,1350000,1350000,226,5
2017-11-26,11000027,30747,4500000,4500000,4500000,93,5
2017-11-26,11000028,1952,1344999.85,1344999.85,1344999.85,4,1
2017-11-26,11000028,2048,600999.99,600999.99,600999.99,1,1
2017-11-26,11000028,2364,1199999.99,1199999.99,1199999.99,8,1
2017-11-26,11000028,2404,1199787.99,1199787.99,1199787.99,20,1
2017-11-26,11000028,2575,1749785.45,1749785.45,1749785.45,4,1
2017-11-26,11000028,2605,449998.99,449998.99,449998.99,5,1
2017-11-26,11000028,3033,1200000,1200000,1200000,27,2
2017-11-26,11000028,3244,1459989.26,1459989.26,1459989.26,8,1
2017-11-26,11000028,3504,2279996.98,2279996.98,2279996.98,4,1
2017-11-26,11000028,4405,1273332.94,1273332.94,1273332.94,10,1
2017-11-26,11000028,5443,99999,99999,99999,1,1
2017-11-26,11000028,5839,1397998.99,1397998.99,1397998.99,1,1
2017-11-26,11000028,10155,14734283.86,14734283.86,14734283.86,3,1
2017-11-26,11000028,12271,6715383.34,6629998.96,6999997.96,13,2
2017-11-26,11000028,12557,94999.36,94999.36,94999.36,48,2
2017-11-26,11000028,12787,1000,1000,1000,4000,1
2017-11-26,11000028,12791,1000,1000,1000,4000,1
2017-11-26,11000028,14152,4000000,4000000,4000000,4,1
2017-11-26,11000028,16281,1000000,1000000,1000000,1,1
2017-11-26,11000028,18676,52000000.03,52000000.03,52000000.03,7,2
2017-11-26,11000028,18857,48989799.99,48989799.99,48989799.99,1,1
2017-11-26,11000028,21924,520,520,520,500,1
2017-11-26,11000028,23079,346999.59,346999.59,346999.59,34,1
2017-11-26,11000028,23705,37783.85,37783.85,37783.85,10,1
2017-11-26,11000028,23707,6598.91,6598.91,6598.91,10,1
2017-11-26,11000028,23789,39000000,39000000,39000000,8,3
2017-11-26,11000028,24427,1300000,1300000,1300000,5,1
2017-11-26,11000028,27387,989.89,989.89,989.89,5000,1
2017-11-26,11000028,28197,2168999.83,2168999.83,2168999.83,5,1
2017-11-26,11000028,28199,2149998.98,2149998.98,2149998.98,5,1
2017-11-26,11000028,28201,559992.37,559992.37,559992.37,5,1
2017-11-26,11000028,28205,1098999.97,1098999.97,1098999.97,5,1
2017-11-26,11000028,28207,1098799.99,1098799.99,1098799.99,5,1
2017-11-26,11000028,28668,26897.92,26897.92,26897.92,2200,3
2017-11-26,11000028,29009,8380.79,8380.79,8380.79,4,1
2017-11-26,11000028,29011,8000,8000,8000,4,1
2017-11-26,11000028,30018,7956,7956,7956,62,1
2017-11-26,11000028,30019,1802.57,1802.57,1802.57,46,1
2017-11-26,11000028,30022,58625,58625,58625,42,1
2017-11-26,11000028,30024,11997.95,11997.95,11997.95,8,1
2017-11-26,11000028,30248,52528,52528,52528,10,1
2017-11-26,11000028,30251,4083,4083,4083,330,1
2017-11-26,11000028,30252,71465,71465,71465,8,1
2017-11-26,11000028,30254,1975,1975,1975,277,1
2017-11-26,11000028,30258,24489.91,24489.91,24489.91,18,1
2017-11-26,11000028,30268,66382,66382,66382,10,1
2017-11-26,11000028,30744,180000,180000,180000,138,1
2017-11-26,11000028,30745,450000,450000,450000,138,1
2017-11-26,11000028,30746,1363636.56,1363636.54,1363636.56,88,2
2017-11-26,11000028,31884,2348999.81,2348999.81,2348999.81,8,1
2017-11-26,11000028,31900,39999998.63,39999998.63,39999998.63,4,1
2017-11-26,11000028,31932,32999999.96,32999999.96,32999999.96,4,1
2017-11-26,11000028,32014,193000,193000,193000,80,1
2017-11-26,11000028,41155,12994.63,12994.63,12994.63,4,1
2017-11-26,11000028,41212,18000000,18000000,18000000,5,1
2017-11-26,11000028,42829,800,800,800,300,1
2017-11-26,11000028,45660,2521,2521,2521,101,1
2017-11-26,11000028,45661,4819,4819,4819,7,1
2017-11-26,11000028,45662,4454,4454,4454,6,1
2017-11-26,11000028,45663,45677,45677,45677,8,1
2017-11-26,11000030,44,12000,12000,12000,14865,2
2017-11-26,11000030,2185,910000,910000,910000,5,1
2017-11-26,11000030,9832,8300.06,8300.06,8300.06,1805,1
2017-11-26,11000030,25715,1500000,1500000,1500000,5,1
2017-11-26,11000030,26913,3000000,3000000,3000000,3,1
2017-11-26,11000030,33700,10000000,10000000,10000000,1,1
2017-11-26,11000031,210,10.5,10.5,10.5,180,2
2017-11-26,11000031,527,2500000,2500000,2500000,1,1
2017-11-26,11000031,585,1200000,1200000,1200000,1,1
2017-11-26,11000031,605,1498998.99,1498998.99,1498998.99,1,1
2017-11-26,11000031,607,1445000,1440000,1450000,2,2
2017-11-26,11000031,672,1000000,1000000,1000000,4,4
2017-11-26,11000031,1353,999999.99,999999.99,999999.99,1,1
2017-11-26,11000031,1355,3499981.99,3499981.99,3499981.99,1,1
2017-11-26,11000031,1405,1313927.9,1313927.9,1313927.9,3,2
2017-11-26,11000031,1952,1477023.84,1477023.84,1477023.84,2,1
2017-11-26,11000031,2038,2999998.01,2999998.01,2999998.01,1,1
2017-11-26,11000031,2048,549993.94,549993.94,549993.94,1,1
2017-11-26,11000031,2185,1090018.58,1090018.58,1090018.58,10,1
2017-11-26,11000031,2404,372806,372806,372806,1,1
2017-11-26,11000031,2454,24176.46,23999.99,25000,34,2
2017-11-26,11000031,2456,600000,600000,600000,5,1
2017-11-26,11000031,2466,550000,550000,550000,5,1
2017-11-26,11000031,2488,484999.98,484999.98,484999.98,5,2
2017-11-26,11000031,2553,1595999.5,1595999.5,1595999.5,1,1
2017-11-26,11000031,2605,598966.87,598966.82,598966.9,3,2
2017-11-26,11000031,2613,249.99,249.99,249.99,1200,1
2017-11-26,11000031,2679,394.98,394.98,394.98,5000,1
2017-11-26,11000031,3831,2499999.99,2499999.99,2499999.99,1,1
2017-11-26,11000031,3841,1499999.99,1499999.99,1499999.99,2,2
2017-11-26,11000031,3898,20400066.67,19200200,21000000,6,2
2017-11-26,11000031,4391,999999.99,999999.99,999999.99,2,1
2017-11-26,11000031,5399,500000,500000,500000,1,1
2017-11-26,11000031,5971,100504.95,100504.95,100504.95,1,1
2017-11-26,11000031,5973,900000,500000,1100000,3,3
2017-11-26,11000031,8433,1999998.99,1999998.99,1999998.99,1,1
2017-11-26,11000031,8529,177539.96,177539.96,177539.96,1,1
2017-11-26,11000031,10190,1589321.01,1589321.01,1589321.01,2,1
2017-11-26,11000031,10998,353571.42,94999.99,999999.99,7,3
2017-11-26,11000031,11129,1000000,1000000,1000000,1,1
2017-11-26,11000031,11202,45500000,45500000,45500000,1,1
2017-11-26,11000031,11370,3874999.99,2749999.99,4999999.99,2,2
2017-11-26,11000031,11577,7489999.99,7489999.99,7490000,3,3
2017-11-26,11000031,13216,29999998.5,29999998.5,29999998.5,1,1
2017-11-26,11000031,15464,14999999.98,14999999.98,14999999.98,3,1
2017-11-26,11000031,17366,1549000,1549000,1549000,1,1
2017-11-26,11000031,17938,22833.3,10000,23999.97,12,9
2017-11-26,11000031,21096,2307682.45,2307682.45,2307682.45,1,1
2017-11-26,11000031,22175,232500,150000,275000,6,5
2017-11-26,11000031,22177,128599.6,127999.01,129000,5,4
2017-11-26,11000031,23525,999999,999999,999999,3,2
2017-11-26,11000031,23705,479999.99,479999.99,479999.99,3,1
2017-11-26,11000031,24511,898,898,898,2000,1
2017-11-26,11000031,25715,4000000,4000000,4000000,6,1
2017-11-26,11000031,25861,249899,249899,249899,1,1
2017-11-26,11000031,27361,1423.5,1423.5,1423.5,400,1
2017-11-26,11000031,27371,1447.98,1447.98,1447.98,300,1
2017-11-26,11000031,27387,1292.2,1292.2,1292.2,700,1
2017-11-26,11000031,27435,1599.45,1599.45,1599.45,2000,1
2017-11-26,11000031,27441,1281.99,1281.99,1281.99,2000,2
2017-11-26,11000031,27912,1200000,1200000,1200000,1,1
2017-11-26,11000031,27916,1500000,1500000,1500000,1,1
2017-11-26,11000031,28668,30000,30000,30000,8160,4
2017-11-26,11000031,30013,6986.98,6986.98,6986.98,144,7
2017-11-26,11000031,30488,449999.91,449999.91,449999.91,8,1
2017-11-26,11000031,31159,539999.94,539999.94,539999.94,2,1
2017-11-26,11000031,31213,616000,450000,699000,3,2
2017-11-26,11000031,31238,439998.94,439998.94,439998.94,1,1
2017-11-26,11000031,31990,231249.99,200000,299999.96,64,2
2017-11-26,11000031,33180,1999998.99,1999998.99,1999999,3,2
2017-11-26,11000031,33199,2833331.34,2500000,2999997.01,3,3
2017-11-26,11000031,33474,2999997.97,2999997.97,2999997.97,1,1
2017-11-26,11000031,33476,74999999.95,74999999.95,74999999.95,1,1
2017-11-26,11000031,41155,1749999.99,1749999.99,1749999.99,2,1
2017-11-26,11000031,42695,2000,2000,2000,236,1
2017-11-26,11000031,42696,2000,2000,2000,897,1
2017-11-26,11000031,42832,1990.55,1990.55,1990.55,100,1
2017-11-26,11000031,43556,9999999,9999999,9999999,1,1
2017-11-26,11000031,44992,3050000,3000000,3100000,4,3
